1	0.084306	-2.603609	0.176335	0.032285	0.003720	-0.179626	0.047574	-0.004775	0.478101	0.000000	0.051465	inf	0.000000	0.000000
2	0.084306	-2.221418	0.289724	0.092250	0.017703	-0.269975	0.043699	-0.007200	0.290988	0.000000	0.149061	inf	0.000000	0.000000
3	0.084306	-1.972663	0.391810	0.158282	0.041177	-0.368073	0.046156	-0.009834	0.215170	0.000000	0.256386	inf	0.000000	0.000000
4	0.084306	-1.778526	0.476276	0.230215	0.072903	-0.437787	0.043340	-0.011705	0.177011	0.000000	0.373421	inf	0.000000	0.000000
5	0.084306	-1.614028	0.547806	0.308110	0.112309	-0.499390	0.040170	-0.013351	0.153898	0.000000	0.500159	inf	0.000000	0.000000
6	0.084306	-1.468556	0.609998	0.391799	0.159080	-0.571151	0.040488	-0.015270	0.138207	0.000000	0.636244	inf	0.000000	0.000000
7	0.084306	-1.336442	0.664780	0.480777	0.212767	-0.650513	0.044009	-0.017399	0.126818	0.000000	0.780857	inf	0.000000	0.000000
8	0.084306	-1.214237	0.713343	0.574190	0.272708	-0.725315	0.047060	-0.019411	0.118184	0.000000	0.932695	inf	0.000000	0.000000
9	0.084306	-1.099654	0.756511	0.670968	0.338024	-0.786958	0.046853	-0.021073	0.111440	0.000000	1.090075	inf	0.000000	0.000000
10	0.084306	-0.991091	0.794872	0.769836	0.407599	-0.831634	0.042454	-0.022281	0.106062	0.000000	1.250945	inf	0.000000	0.000000
11	0.084306	-0.887362	0.828856	0.869306	0.480078	-0.857471	0.033834	-0.022985	0.101714	0.000000	1.412886	inf	0.000000	0.000000
12	0.084306	-0.787559	0.858801	0.967686	0.553884	-0.862765	0.021207	-0.023140	0.098167	0.000000	1.573142	inf	0.000000	0.000000
13	0.084306	-0.690964	0.884961	1.063126	0.627245	-0.846009	0.005005	-0.022704	0.095265	0.000000	1.728694	inf	0.000000	0.000000
14	0.084306	-0.596994	0.907538	1.153664	0.698249	-0.806290	-0.014027	-0.021650	0.092895	0.000000	1.876337	inf	0.000000	0.000000
15	0.084306	-0.505159	0.926701	1.237304	0.764920	-0.743460	-0.034877	-0.019974	0.090974	0.000000	2.012802	inf	0.000000	0.000000
16	0.084306	-0.415046	0.942577	1.312087	0.825284	-0.658244	-0.056206	-0.017693	0.089442	0.000000	2.134873	inf	0.000000	0.000000
17	0.084306	-0.326286	0.955275	1.376169	0.877476	-0.552499	-0.076504	-0.014857	0.088253	0.000000	2.239523	inf	0.000000	0.000000
18	0.084306	-0.238557	0.964878	1.427903	0.919808	-0.428837	-0.094377	-0.011536	0.087375	0.000000	2.324040	inf	0.000000	0.000000
19	0.084306	-0.151558	0.971441	1.465923	0.950874	-0.291045	-0.108303	-0.007833	0.086784	0.000000	2.386169	inf	0.000000	0.000000
20	0.084306	-0.065013	0.975013	1.489193	0.969618	-0.142894	-0.117383	-0.003847	0.086467	0.000000	2.424207	inf	0.000000	0.000000
21	0.084306	0.021347	0.975573	1.497078	0.975344	0.010860	-0.120547	0.000293	0.086417	0.000000	2.437098	inf	0.000000	0.000000
22	0.084306	0.107793	0.973131	1.489211	0.967747	0.163875	-0.116651	0.004411	0.086634	0.000000	2.424220	inf	0.000000	0.000000
23	0.084306	0.194588	0.967704	1.465947	0.947215	0.310946	-0.107255	0.008367	0.087120	0.000000	2.386185	inf	0.000000	0.000000
24	0.084306	0.282008	0.959247	1.427936	0.914442	0.447635	-0.092959	0.012041	0.087888	0.000000	2.324062	inf	0.000000	0.000000
25	0.084306	0.370344	0.947710	1.376209	0.870527	0.569616	-0.074787	0.015316	0.088958	0.000000	2.239550	inf	0.000000	0.000000
26	0.084306	0.459910	0.933012	1.312131	0.816911	0.673365	-0.054293	0.018098	0.090359	0.000000	2.134904	inf	0.000000	0.000000
27	0.084306	0.551057	0.915053	1.237351	0.755307	0.756179	-0.032898	0.020314	0.092132	0.000000	2.012834	inf	0.000000	0.000000
28	0.084306	0.644182	0.893702	1.153709	0.687606	0.816404	-0.012125	0.021920	0.094333	0.000000	1.876368	inf	0.000000	0.000000
29	0.084306	0.739750	0.868797	1.063166	0.615791	0.853219	0.006702	0.022895	0.097038	0.000000	1.728722	inf	0.000000	0.000000
30	0.084306	0.838309	0.840142	0.967717	0.541850	0.866814	0.022511	0.023247	0.100347	0.000000	1.573163	inf	0.000000	0.000000
31	0.084306	0.940533	0.807477	0.869321	0.467693	0.857971	0.034525	0.022997	0.104407	0.000000	1.412895	inf	0.000000	0.000000
32	0.084306	1.047265	0.770481	0.769825	0.395083	0.827723	0.042147	0.022175	0.109420	0.000000	1.250934	inf	0.000000	0.000000
33	0.084306	1.159600	0.728726	0.670916	0.325592	0.777306	0.044957	0.020812	0.115690	0.000000	1.090032	inf	0.000000	0.000000
34	0.084306	1.279005	0.681634	0.574092	0.260563	0.709507	0.043385	0.018983	0.123682	0.000000	0.932616	inf	0.000000	0.000000
35	0.084306	1.407550	0.628394	0.480675	0.201104	0.632839	0.040155	0.016920	0.134161	0.000000	0.780776	inf	0.000000	0.000000
36	0.084306	1.548324	0.567825	0.391798	0.148090	0.563594	0.040097	0.015066	0.148472	0.000000	0.636250	inf	0.000000	0.000000
37	0.084306	1.706320	0.498044	0.308285	0.102142	0.512566	0.046509	0.013708	0.169274	0.000000	0.500305	inf	0.000000	0.000000
38	0.084306	1.890651	0.415415	0.230529	0.063632	0.464023	0.055130	0.012407	0.202944	0.000000	0.373675	inf	0.000000	0.000000
39	0.084306	2.122151	0.313727	0.158624	0.033008	0.379781	0.059002	0.010137	0.268724	0.000000	0.256662	inf	0.000000	0.000000
40	0.084306	2.466395	0.193564	0.093010	0.011876	0.315711	0.072315	0.008411	0.435547	0.000000	0.149674	inf	0.000000	0.000000
