1	0.016862	-1.993528	0.074967	0.828050	0.038972	117.489238	26.399032	16.346261	0.224927	0.000000	1.280801	inf	0.000000	0.000000
2	0.016862	-1.808422	0.127210	0.304093	0.024359	106.614109	8.963511	15.211634	0.132553	0.000000	0.472183	inf	0.000000	0.000000
3	0.016862	-1.696011	0.182605	0.240426	0.027801	99.996274	6.140940	14.370393	0.092341	0.000000	0.375679	inf	0.000000	0.000000
4	0.016862	-1.614083	0.236734	0.257636	0.038708	95.172322	6.163848	13.748876	0.071228	0.000000	0.403606	inf	0.000000	0.000000
5	0.016862	-1.549347	0.289775	0.278053	0.051194	91.358966	6.360725	13.239500	0.058190	0.000000	0.436318	inf	0.000000	0.000000
6	0.016862	-1.495574	0.340994	0.288193	0.062500	88.189392	6.302113	12.793201	0.049450	0.000000	0.452953	inf	0.000000	0.000000
7	0.016862	-1.449298	0.389206	0.287963	0.071387	85.459876	5.931646	12.388585	0.043324	0.000000	0.453502	inf	0.000000	0.000000
8	0.016862	-1.408298	0.433353	0.282990	0.078290	83.040425	5.368975	12.017700	0.038911	0.000000	0.446816	inf	0.000000	0.000000
9	0.016862	-1.371119	0.473404	0.278804	0.084504	80.846023	4.765573	11.676793	0.035619	0.000000	0.441511	inf	0.000000	0.000000
10	0.016862	-1.336834	0.510163	0.278559	0.091262	78.822507	4.233221	11.362824	0.033052	0.000000	0.442438	inf	0.000000	0.000000
11	0.016862	-1.304854	0.544571	0.283012	0.099247	76.935244	3.825863	11.072386	0.030964	0.000000	0.450694	inf	0.000000	0.000000
12	0.016862	-1.274784	0.577294	0.291570	0.108636	75.160965	3.545980	10.801995	0.029209	0.000000	0.465307	inf	0.000000	0.000000
13	0.016862	-1.246341	0.608693	0.303272	0.119348	73.482820	3.370448	10.548335	0.027702	0.000000	0.484773	inf	0.000000	0.000000
14	0.016862	-1.219304	0.638924	0.317291	0.131240	71.887804	3.270945	10.308715	0.026391	0.000000	0.507819	inf	0.000000	0.000000
15	0.016862	-1.193497	0.668077	0.333042	0.144185	70.365395	3.227590	10.081001	0.025240	0.000000	0.533539	inf	0.000000	0.000000
16	0.016862	-1.168774	0.696218	0.350108	0.158082	68.907053	3.224463	9.863505	0.024219	0.000000	0.561299	inf	0.000000	0.000000
17	0.016862	-1.145016	0.723392	0.368212	0.172852	67.505609	3.250872	9.654906	0.023310	0.000000	0.590674	inf	0.000000	0.000000
18	0.016862	-1.122120	0.749658	0.387163	0.188439	66.155054	3.299322	9.454151	0.022493	0.000000	0.621370	inf	0.000000	0.000000
19	0.016862	-1.100000	0.775065	0.406831	0.204805	64.850310	3.364607	9.260383	0.021756	0.000000	0.653190	inf	0.000000	0.000000
20	0.016862	-1.078583	0.799665	0.427111	0.221912	63.587013	3.443059	9.072878	0.021086	0.000000	0.685974	inf	0.000000	0.000000
21	0.016862	-1.057805	0.823495	0.447932	0.239732	62.361441	3.532008	8.891049	0.020476	0.000000	0.719610	inf	0.000000	0.000000
22	0.016862	-1.037610	0.846595	0.469240	0.258242	61.170304	3.629374	8.714374	0.019917	0.000000	0.754018	inf	0.000000	0.000000
23	0.016862	-1.017952	0.869000	0.490990	0.277419	60.010784	3.733608	8.542414	0.019404	0.000000	0.789128	inf	0.000000	0.000000
24	0.016862	-0.998787	0.890744	0.513145	0.297245	58.880344	3.843622	8.374784	0.018930	0.000000	0.824880	inf	0.000000	0.000000
25	0.016862	-0.980078	0.911858	0.535678	0.317703	57.776799	3.958343	8.211158	0.018492	0.000000	0.861237	inf	0.000000	0.000000
26	0.016862	-0.961791	0.932362	0.558568	0.338775	56.698155	4.077086	8.051234	0.018085	0.000000	0.898163	inf	0.000000	0.000000
27	0.016862	-0.943896	0.952290	0.581786	0.360445	55.642652	4.199377	7.894759	0.017707	0.000000	0.935616	inf	0.000000	0.000000
28	0.016862	-0.926367	0.971655	0.605325	0.382699	54.608718	4.324693	7.741498	0.017354	0.000000	0.973581	inf	0.000000	0.000000
29	0.016862	-0.909179	0.990482	0.629158	0.405516	53.594899	4.452659	7.591238	0.017024	0.000000	1.012018	inf	0.000000	0.000000
30	0.016862	-0.892310	1.008784	0.653278	0.428886	52.599929	4.582865	7.443803	0.016715	0.000000	1.050917	inf	0.000000	0.000000
31	0.016862	-0.875740	1.026585	0.677664	0.452788	51.622589	4.715009	7.299011	0.016425	0.000000	1.090243	inf	0.000000	0.000000
32	0.016862	-0.859452	1.043898	0.702302	0.477206	50.661852	4.848874	7.156727	0.016153	0.000000	1.129975	inf	0.000000	0.000000
33	0.016862	-0.843428	1.060735	0.727181	0.502122	49.716689	4.984293	7.016797	0.015897	0.000000	1.170095	inf	0.000000	0.000000
34	0.016862	-0.827653	1.077116	0.752278	0.527514	48.786232	5.121040	6.879104	0.015655	0.000000	1.210565	inf	0.000000	0.000000
35	0.016862	-0.812112	1.093046	0.777589	0.553369	47.869624	5.258826	6.743525	0.015427	0.000000	1.251383	inf	0.000000	0.000000
36	0.016862	-0.796794	1.108543	0.803090	0.579662	46.966114	5.397544	6.609959	0.015211	0.000000	1.292505	inf	0.000000	0.000000
37	0.016862	-0.781685	1.123609	0.828774	0.606374	46.074980	5.536999	6.478305	0.015007	0.000000	1.333925	inf	0.000000	0.000000
38	0.016862	-0.766775	1.138264	0.854620	0.633483	45.195562	5.676696	6.348471	0.014814	0.000000	1.375605	inf	0.000000	0.000000
39	0.016862	-0.752052	1.152514	0.880612	0.660966	44.327252	5.817151	6.220380	0.014631	0.000000	1.417523	inf	0.000000	0.000000
40	0.016862	-0.737509	1.166368	0.906734	0.688799	43.469471	5.957866	6.093949	0.014457	0.000000	1.459651	inf	0.000000	0.000000
41	0.016862	-0.723134	1.179834	0.932972	0.716960	42.621695	6.098693	5.969108	0.014292	0.000000	1.501967	inf	0.000000	0.000000
42	0.016862	-0.708921	1.192919	0.959308	0.745422	41.783410	6.239459	5.845787	0.014135	0.000000	1.544443	inf	0.000000	0.000000
43	0.016862	-0.694860	1.205631	0.985726	0.774161	40.954158	6.380019	5.723926	0.013986	0.000000	1.587052	inf	0.000000	0.000000
44	0.016862	-0.680945	1.217978	1.012206	0.803150	40.133486	6.520198	5.603463	0.013844	0.000000	1.629764	inf	0.000000	0.000000
45	0.016862	-0.667168	1.229968	1.038729	0.832362	39.320992	6.659910	5.484348	0.013709	0.000000	1.672546	inf	0.000000	0.000000
46	0.016862	-0.653523	1.241608	1.065278	0.861768	38.516274	6.799000	5.366524	0.013581	0.000000	1.715373	inf	0.000000	0.000000
47	0.016862	-0.640003	1.252904	1.091833	0.891342	37.718973	6.937304	5.249946	0.013458	0.000000	1.758211	inf	0.000000	0.000000
48	0.016862	-0.626603	1.263861	1.118377	0.921054	36.928734	7.074745	5.134565	0.013342	0.000000	1.801033	inf	0.000000	0.000000
49	0.016862	-0.613316	1.274486	1.144888	0.950874	36.145230	7.211149	5.020339	0.013230	0.000000	1.843805	inf	0.000000	0.000000
50	0.016862	-0.600139	1.284785	1.171351	0.980774	35.368146	7.346395	4.907227	0.013124	0.000000	1.886500	inf	0.000000	0.000000
51	0.016862	-0.587064	1.294763	1.197743	1.010725	34.597187	7.480358	4.795189	0.013023	0.000000	1.929084	inf	0.000000	0.000000
52	0.016862	-0.574089	1.304429	1.224046	1.040696	33.832071	7.612869	4.684187	0.012927	0.000000	1.971526	inf	0.000000	0.000000
53	0.016862	-0.561208	1.313786	1.250235	1.070655	33.072531	7.743893	4.574187	0.012835	0.000000	2.013788	inf	0.000000	0.000000
54	0.016862	-0.548417	1.322841	1.276294	1.100574	32.318313	7.873274	4.465156	0.012747	0.000000	2.055842	inf	0.000000	0.000000
55	0.016862	-0.535712	1.331599	1.302204	1.130421	31.569173	8.000878	4.357060	0.012663	0.000000	2.097658	inf	0.000000	0.000000
56	0.016862	-0.523088	1.340063	1.327944	1.160167	30.824881	8.126670	4.249869	0.012583	0.000000	2.139202	inf	0.000000	0.000000
57	0.016862	-0.510543	1.348242	1.353491	1.189777	30.085214	8.250562	4.143552	0.012507	0.000000	2.180436	inf	0.000000	0.000000
58	0.016862	-0.498072	1.356140	1.378825	1.219224	29.349964	8.372384	4.038081	0.012434	0.000000	2.221330	inf	0.000000	0.000000
59	0.016862	-0.485673	1.363763	1.403925	1.248475	28.618926	8.492060	3.933428	0.012364	0.000000	2.261848	inf	0.000000	0.000000
60	0.016862	-0.473341	1.371118	1.428770	1.277500	27.891913	8.609468	3.829568	0.012298	0.000000	2.301957	inf	0.000000	0.000000
61	0.016862	-0.461074	1.378207	1.453339	1.306269	27.168736	8.724635	3.726473	0.012235	0.000000	2.341623	inf	0.000000	0.000000
62	0.016862	-0.448869	1.385037	1.477613	1.334751	26.449223	8.837461	3.624120	0.012174	0.000000	2.380815	inf	0.000000	0.000000
63	0.016862	-0.436723	1.391612	1.501575	1.362919	25.733202	8.947772	3.522484	0.012117	0.000000	2.419506	inf	0.000000	0.000000
64	0.016862	-0.424633	1.397939	1.525199	1.390740	25.020512	9.055661	3.421541	0.012062	0.000000	2.457654	inf	0.000000	0.000000
65	0.016862	-0.412597	1.404021	1.548468	1.418187	24.310997	9.160980	3.321267	0.012010	0.000000	2.495230	inf	0.000000	0.000000
66	0.016862	-0.400611	1.409866	1.571360	1.445231	23.604509	9.263679	3.221641	0.011960	0.000000	2.532201	inf	0.000000	0.000000
67	0.016862	-0.388674	1.415476	1.593858	1.471846	22.900904	9.363652	3.122642	0.011913	0.000000	2.568538	inf	0.000000	0.000000
68	0.016862	-0.376784	1.420859	1.615943	1.498003	22.200046	9.460861	3.024247	0.011867	0.000000	2.604209	inf	0.000000	0.000000
69	0.016862	-0.364937	1.426019	1.637591	1.523674	21.501802	9.555396	2.926436	0.011825	0.000000	2.639177	inf	0.000000	0.000000
70	0.016862	-0.353132	1.430960	1.658788	1.548832	20.806045	9.647156	2.829189	0.011784	0.000000	2.673417	inf	0.000000	0.000000
71	0.016862	-0.341367	1.435688	1.679513	1.573454	20.112653	9.736114	2.732484	0.011745	0.000000	2.706898	inf	0.000000	0.000000
72	0.016862	-0.329640	1.440207	1.699753	1.597517	19.421510	9.822179	2.636303	0.011708	0.000000	2.739596	inf	0.000000	0.000000
73	0.016862	-0.317949	1.444522	1.719486	1.620993	18.732500	9.905347	2.540624	0.011673	0.000000	2.771479	inf	0.000000	0.000000
74	0.016862	-0.306292	1.448638	1.738695	1.643860	18.045517	9.985605	2.445431	0.011640	0.000000	2.802516	inf	0.000000	0.000000
75	0.016862	-0.294667	1.452559	1.757363	1.666095	17.360453	10.062909	2.350702	0.011608	0.000000	2.832680	inf	0.000000	0.000000
76	0.016862	-0.283073	1.456292	1.775469	1.687672	16.677209	10.137343	2.256420	0.011579	0.000000	2.861939	inf	0.000000	0.000000
77	0.016862	-0.271507	1.459839	1.793001	1.708572	15.995687	10.208872	2.162567	0.011551	0.000000	2.890269	inf	0.000000	0.000000
78	0.016862	-0.259969	1.463205	1.809944	1.728777	15.315794	10.277456	2.069124	0.011524	0.000000	2.917650	inf	0.000000	0.000000
79	0.016862	-0.248457	1.466392	1.826286	1.748268	14.637437	10.343047	1.976072	0.011499	0.000000	2.944062	inf	0.000000	0.000000
80	0.016862	-0.236969	1.469405	1.842013	1.767026	13.960527	10.405648	1.883393	0.011475	0.000000	2.969480	inf	0.000000	0.000000
81	0.016862	-0.225504	1.472249	1.857106	1.785030	13.284980	10.465299	1.791069	0.011453	0.000000	2.993875	inf	0.000000	0.000000
82	0.016862	-0.214060	1.474929	1.871549	1.802262	12.610714	10.522003	1.699083	0.011432	0.000000	3.017221	inf	0.000000	0.000000
83	0.016862	-0.202637	1.477447	1.885330	1.818706	11.937648	10.575717	1.607418	0.011413	0.000000	3.039497	inf	0.000000	0.000000
84	0.016862	-0.191232	1.479807	1.898440	1.834348	11.265706	10.626366	1.516057	0.011395	0.000000	3.060690	inf	0.000000	0.000000
85	0.016862	-0.179845	1.482011	1.910864	1.849170	10.594810	10.674011	1.424981	0.011378	0.000000	3.080774	inf	0.000000	0.000000
86	0.016862	-0.168475	1.484061	1.922593	1.863159	9.924891	10.718690	1.334176	0.011362	0.000000	3.099736	inf	0.000000	0.000000
87	0.016862	-0.157119	1.485962	1.933614	1.876301	9.255872	10.760447	1.243622	0.011348	0.000000	3.117554	inf	0.000000	0.000000
88	0.016862	-0.145777	1.487714	1.943923	1.888586	8.587689	10.799178	1.153305	0.011334	0.000000	3.134222	inf	0.000000	0.000000
89	0.016862	-0.134448	1.489320	1.953508	1.900001	7.920266	10.835006	1.063204	0.011322	0.000000	3.149718	inf	0.000000	0.000000
90	0.016862	-0.123131	1.490783	1.962358	1.910535	7.253542	10.867919	0.973305	0.011311	0.000000	3.164029	inf	0.000000	0.000000
91	0.016862	-0.111825	1.492107	1.970463	1.920177	6.587447	10.897991	0.883589	0.011301	0.000000	3.177134	inf	0.000000	0.000000
92	0.016862	-0.100527	1.493294	1.977816	1.928919	5.921923	10.925198	0.794041	0.011292	0.000000	3.189023	inf	0.000000	0.000000
93	0.016862	-0.089239	1.494347	1.984412	1.936754	5.256902	10.949561	0.704640	0.011284	0.000000	3.199688	inf	0.000000	0.000000
94	0.016862	-0.077958	1.495267	1.990245	1.943676	4.592329	10.971100	0.615374	0.011277	0.000000	3.209119	inf	0.000000	0.000000
95	0.016862	-0.066683	1.496054	1.995315	1.949683	3.928139	10.989746	0.526221	0.011271	0.000000	3.217318	inf	0.000000	0.000000
96	0.016862	-0.055413	1.496711	1.999616	1.954769	3.264275	11.005571	0.437167	0.011266	0.000000	3.224273	inf	0.000000	0.000000
97	0.016862	-0.044149	1.497237	2.003147	1.958931	2.600677	11.018494	0.348193	0.011262	0.000000	3.229983	inf	0.000000	0.000000
98	0.016862	-0.032887	1.497637	2.005899	1.962162	1.937287	11.028612	0.259283	0.011259	0.000000	3.234432	inf	0.000000	0.000000
99	0.016862	-0.021628	1.497911	2.007870	1.964460	1.274049	11.035851	0.170421	0.011257	0.000000	3.237620	inf	0.000000	0.000000
100	0.016862	-0.010371	1.498061	2.009054	1.965822	0.610905	11.040258	0.081588	0.011256	0.000000	3.239534	inf	0.000000	0.000000
101	0.016862	0.000886	1.498087	2.009451	1.966246	-0.052198	11.041770	-0.007229	0.011256	0.000000	3.240175	inf	0.000000	0.000000
102	0.016862	0.012143	1.497991	2.009057	1.965733	-0.715318	11.040452	-0.096050	0.011256	0.000000	3.239538	inf	0.000000	0.000000
103	0.016862	0.023401	1.497771	2.007878	1.964283	-1.378507	11.036258	-0.184889	0.011258	0.000000	3.237631	inf	0.000000	0.000000
104	0.016862	0.034661	1.497427	2.005914	1.961900	-2.041823	11.029174	-0.273764	0.011261	0.000000	3.234456	inf	0.000000	0.000000
105	0.016862	0.045924	1.496957	2.003172	1.958586	-2.705321	11.019211	-0.362691	0.011264	0.000000	3.230022	inf	0.000000	0.000000
106	0.016862	0.057191	1.496359	1.999653	1.954343	-3.369061	11.006405	-0.451687	0.011269	0.000000	3.224330	inf	0.000000	0.000000
107	0.016862	0.068464	1.495632	1.995359	1.949175	-4.033096	10.990734	-0.540769	0.011274	0.000000	3.217387	inf	0.000000	0.000000
108	0.016862	0.079742	1.494776	1.990293	1.943083	-4.697490	10.972249	-0.629954	0.011281	0.000000	3.209194	inf	0.000000	0.000000
109	0.016862	0.091027	1.493789	1.984457	1.936072	-5.362297	10.950925	-0.719259	0.011288	0.000000	3.199759	inf	0.000000	0.000000
110	0.016862	0.102320	1.492667	1.977861	1.928148	-6.027582	10.926752	-0.808701	0.011297	0.000000	3.189092	inf	0.000000	0.000000
111	0.016862	0.113622	1.491409	1.970509	1.919320	-6.693402	10.899700	-0.898297	0.011306	0.000000	3.177204	inf	0.000000	0.000000
112	0.016862	0.124935	1.490011	1.962412	1.909594	-7.359825	10.869732	-0.988065	0.011317	0.000000	3.164112	inf	0.000000	0.000000
113	0.016862	0.136258	1.488472	1.953571	1.898978	-8.026913	10.836929	-1.078021	0.011328	0.000000	3.149817	inf	0.000000	0.000000
114	0.016862	0.147594	1.486790	1.943998	1.887481	-8.694732	10.801191	-1.168184	0.011341	0.000000	3.134337	inf	0.000000	0.000000
115	0.016862	0.158943	1.484963	1.933693	1.875110	-9.363351	10.762632	-1.258571	0.011355	0.000000	3.117676	inf	0.000000	0.000000
116	0.016862	0.170306	1.482987	1.922672	1.861882	-10.032836	10.721037	-1.349198	0.011370	0.000000	3.099859	inf	0.000000	0.000000
117	0.016862	0.181685	1.480861	1.910943	1.847806	-10.703262	10.676509	-1.440084	0.011387	0.000000	3.080896	inf	0.000000	0.000000
118	0.016862	0.193082	1.478581	1.898521	1.832900	-11.374694	10.628901	-1.531243	0.011404	0.000000	3.060814	inf	0.000000	0.000000
119	0.016862	0.204496	1.476145	1.885412	1.817176	-12.047214	10.578308	-1.622695	0.011423	0.000000	3.039624	inf	0.000000	0.000000
120	0.016862	0.215930	1.473549	1.871632	1.800650	-12.720891	10.524727	-1.714454	0.011443	0.000000	3.017348	inf	0.000000	0.000000
121	0.016862	0.227384	1.470791	1.857190	1.783336	-13.395811	10.468181	-1.806543	0.011465	0.000000	2.994005	inf	0.000000	0.000000
122	0.016862	0.238861	1.467866	1.842101	1.765253	-14.072045	10.408659	-1.898972	0.011487	0.000000	2.969617	inf	0.000000	0.000000
123	0.016862	0.250361	1.464770	1.826382	1.746419	-14.749687	10.346125	-1.991766	0.011512	0.000000	2.944210	inf	0.000000	0.000000
124	0.016862	0.261887	1.461500	1.810042	1.726850	-15.428815	10.280659	-2.084938	0.011537	0.000000	2.917802	inf	0.000000	0.000000
125	0.016862	0.273439	1.458050	1.793101	1.706567	-16.109525	10.212147	-2.178510	0.011565	0.000000	2.890424	inf	0.000000	0.000000
126	0.016862	0.285018	1.454418	1.775567	1.685586	-16.791903	10.140783	-2.272496	0.011594	0.000000	2.862089	inf	0.000000	0.000000
127	0.016862	0.296628	1.450598	1.757462	1.663931	-17.476051	10.066438	-2.366918	0.011624	0.000000	2.832833	inf	0.000000	0.000000
128	0.016862	0.308269	1.446587	1.738799	1.641623	-18.162064	9.989161	-2.461793	0.011656	0.000000	2.802676	inf	0.000000	0.000000
129	0.016862	0.319943	1.442379	1.719596	1.618684	-18.850047	9.908962	-2.557141	0.011690	0.000000	2.771649	inf	0.000000	0.000000
130	0.016862	0.331652	1.437972	1.699867	1.595137	-19.540105	9.825891	-2.652981	0.011726	0.000000	2.739773	inf	0.000000	0.000000
131	0.016862	0.343398	1.433359	1.679632	1.571005	-20.232349	9.739916	-2.749332	0.011764	0.000000	2.707083	inf	0.000000	0.000000
132	0.016862	0.355182	1.428536	1.658908	1.546313	-20.926894	9.651027	-2.846215	0.011804	0.000000	2.673603	inf	0.000000	0.000000
133	0.016862	0.367008	1.423499	1.637712	1.521084	-21.623858	9.559378	-2.943648	0.011845	0.000000	2.639363	inf	0.000000	0.000000
134	0.016862	0.378876	1.418241	1.616061	1.495344	-22.323367	9.464945	-3.041653	0.011889	0.000000	2.604391	inf	0.000000	0.000000
135	0.016862	0.390789	1.412758	1.593979	1.469122	-23.025546	9.367710	-3.140250	0.011936	0.000000	2.568725	inf	0.000000	0.000000
136	0.016862	0.402749	1.407043	1.571482	1.442442	-23.730536	9.267829	-3.239462	0.011984	0.000000	2.532389	inf	0.000000	0.000000
137	0.016862	0.414759	1.401092	1.548591	1.415333	-24.438471	9.165244	-3.339309	0.012035	0.000000	2.495421	inf	0.000000	0.000000
138	0.016862	0.426821	1.394900	1.525325	1.387824	-25.149503	9.060019	-3.439815	0.012088	0.000000	2.457849	inf	0.000000	0.000000
139	0.016862	0.438938	1.388462	1.501703	1.359942	-25.863778	8.952200	-3.541000	0.012144	0.000000	2.419704	inf	0.000000	0.000000
140	0.016862	0.451112	1.381773	1.477744	1.331715	-26.581460	8.841899	-3.642891	0.012203	0.000000	2.381018	inf	0.000000	0.000000
141	0.016862	0.463347	1.374829	1.453467	1.303173	-27.302708	8.729173	-3.745508	0.012265	0.000000	2.341820	inf	0.000000	0.000000
142	0.016862	0.475644	1.367621	1.428898	1.274349	-28.027698	8.614028	-3.848878	0.012329	0.000000	2.302154	inf	0.000000	0.000000
143	0.016862	0.488008	1.360148	1.404052	1.245269	-28.756609	8.496655	-3.953027	0.012397	0.000000	2.262043	inf	0.000000	0.000000
144	0.016862	0.500441	1.352400	1.378955	1.215968	-29.489628	8.377020	-4.057979	0.012468	0.000000	2.221530	inf	0.000000	0.000000
145	0.016862	0.512947	1.344374	1.353623	1.186472	-30.226955	8.255328	-4.163765	0.012543	0.000000	2.180639	inf	0.000000	0.000000
146	0.016862	0.525529	1.336064	1.328079	1.156814	-30.968793	8.131559	-4.270410	0.012621	0.000000	2.139409	inf	0.000000	0.000000
147	0.016862	0.538191	1.327466	1.302343	1.127026	-31.715360	8.005806	-4.377946	0.012702	0.000000	2.097872	inf	0.000000	0.000000
148	0.016862	0.550937	1.318572	1.276435	1.097135	-32.466878	7.878227	-4.486401	0.012788	0.000000	2.056059	inf	0.000000	0.000000
149	0.016862	0.563770	1.309377	1.250375	1.067175	-33.223590	7.748887	-4.595808	0.012878	0.000000	2.014004	inf	0.000000	0.000000
150	0.016862	0.576696	1.299876	1.224186	1.037175	-33.985737	7.617969	-4.706198	0.012972	0.000000	1.971741	inf	0.000000	0.000000
151	0.016862	0.589717	1.290060	1.197890	1.007170	-34.753589	7.485466	-4.817609	0.013071	0.000000	1.929310	inf	0.000000	0.000000
152	0.016862	0.602840	1.279927	1.171502	0.977185	-35.527415	7.351605	-4.930077	0.013174	0.000000	1.886733	inf	0.000000	0.000000
153	0.016862	0.616069	1.269471	1.145041	0.947251	-36.307510	7.216505	-5.043640	0.013283	0.000000	1.844039	inf	0.000000	0.000000
154	0.016862	0.629409	1.258685	1.118529	0.917400	-37.094171	7.080230	-5.158337	0.013397	0.000000	1.801267	inf	0.000000	0.000000
155	0.016862	0.642865	1.247563	1.091985	0.887659	-37.887729	6.942936	-5.274213	0.013516	0.000000	1.758444	inf	0.000000	0.000000
156	0.016862	0.656444	1.236096	1.065434	0.858062	-38.688512	6.804734	-5.391310	0.013641	0.000000	1.715612	inf	0.000000	0.000000
157	0.016862	0.670151	1.224280	1.038888	0.828632	-39.496895	6.665799	-5.509680	0.013773	0.000000	1.672790	inf	0.000000	0.000000
158	0.016862	0.683993	1.212106	1.012371	0.799402	-40.313241	6.526248	-5.629367	0.013911	0.000000	1.630017	inf	0.000000	0.000000
159	0.016862	0.697978	1.199568	0.985897	0.770396	-41.137977	6.386220	-5.750434	0.014057	0.000000	1.587315	inf	0.000000	0.000000
160	0.016862	0.712111	1.186659	0.959488	0.741644	-41.971507	6.245838	-5.872927	0.014210	0.000000	1.544720	inf	0.000000	0.000000
161	0.016862	0.726401	1.173371	0.933160	0.713170	-42.814315	6.105286	-5.996919	0.014371	0.000000	1.502257	inf	0.000000	0.000000
162	0.016862	0.740856	1.159698	0.906929	0.685000	-43.666860	5.964699	-6.122463	0.014540	0.000000	1.459950	inf	0.000000	0.000000
163	0.016862	0.755486	1.145627	0.880814	0.657161	-44.529687	5.824236	-6.249640	0.014719	0.000000	1.417834	inf	0.000000	0.000000
164	0.016862	0.770298	1.131151	0.854829	0.629672	-45.403331	5.684135	-6.378518	0.014907	0.000000	1.375928	inf	0.000000	0.000000
165	0.016862	0.785304	1.116262	0.828994	0.602561	-46.288411	5.544731	-6.509186	0.015106	0.000000	1.334262	inf	0.000000	0.000000
166	0.016862	0.800515	1.100948	0.803320	0.575849	-47.185544	5.405673	-6.641724	0.015316	0.000000	1.292860	inf	0.000000	0.000000
167	0.016862	0.815942	1.085198	0.777828	0.549558	-48.095442	5.267407	-6.776230	0.015538	0.000000	1.251750	inf	0.000000	0.000000
168	0.016862	0.831597	1.069001	0.752535	0.523711	-49.018831	5.130022	-6.912806	0.015774	0.000000	1.210961	inf	0.000000	0.000000
169	0.016862	0.847495	1.052343	0.727450	0.498325	-49.956538	4.993885	-7.051566	0.016023	0.000000	1.170508	inf	0.000000	0.000000
170	0.016862	0.863650	1.035214	0.702591	0.473422	-50.909418	4.859136	-7.192628	0.016288	0.000000	1.130420	inf	0.000000	0.000000
171	0.016862	0.880079	1.017596	0.677978	0.449023	-51.878439	4.725929	-7.336133	0.016570	0.000000	1.090727	inf	0.000000	0.000000
172	0.016862	0.896799	0.999475	0.653617	0.425140	-52.864626	4.594639	-7.482223	0.016871	0.000000	1.051439	inf	0.000000	0.000000
173	0.016862	0.913829	0.980835	0.629528	0.401794	-53.869132	4.465421	-7.631060	0.017191	0.000000	1.012589	inf	0.000000	0.000000
174	0.016862	0.931191	0.961656	0.605726	0.379001	-54.893189	4.338706	-7.782826	0.017534	0.000000	0.974198	inf	0.000000	0.000000
175	0.016862	0.948908	0.941917	0.582225	0.356776	-55.938197	4.214896	-7.937720	0.017902	0.000000	0.936290	inf	0.000000	0.000000
176	0.016862	0.967006	0.921600	0.559050	0.335141	-57.005660	4.094424	-8.095963	0.018296	0.000000	0.898905	inf	0.000000	0.000000
177	0.016862	0.985513	0.900676	0.536220	0.314110	-58.097294	3.977802	-8.257810	0.018721	0.000000	0.862070	inf	0.000000	0.000000
178	0.016862	1.004462	0.879123	0.513759	0.293702	-59.214980	3.865745	-8.423537	0.019180	0.000000	0.825823	inf	0.000000	0.000000
179	0.016862	1.023889	0.856910	0.491696	0.273935	-60.360855	3.759132	-8.593468	0.019678	0.000000	0.790212	inf	0.000000	0.000000
180	0.016862	1.043834	0.834002	0.470060	0.254824	-61.537303	3.659294	-8.767965	0.020218	0.000000	0.755277	inf	0.000000	0.000000
181	0.016862	1.064344	0.810366	0.448899	0.236395	-62.747077	3.567617	-8.947455	0.020808	0.000000	0.721093	inf	0.000000	0.000000
182	0.016862	1.085471	0.785971	0.428268	0.218675	-63.993260	3.485906	-9.132426	0.021454	0.000000	0.687748	inf	0.000000	0.000000
183	0.016862	1.107276	0.760763	0.408238	0.201688	-65.279423	3.416964	-9.323454	0.022165	0.000000	0.655349	inf	0.000000	0.000000
184	0.016862	1.129829	0.734701	0.388897	0.185467	-66.609731	3.364282	-9.521220	0.022951	0.000000	0.624029	inf	0.000000	0.000000
185	0.016862	1.153211	0.707728	0.370387	0.170059	-67.988973	3.332833	-9.726536	0.023826	0.000000	0.594006	inf	0.000000	0.000000
186	0.016862	1.177519	0.679798	0.352884	0.155518	-69.422906	3.329536	-9.940419	0.024804	0.000000	0.565552	inf	0.000000	0.000000
187	0.016862	1.202867	0.650857	0.336650	0.141917	-70.918194	3.364601	-10.164108	0.025907	0.000000	0.539065	inf	0.000000	0.000000
188	0.016862	1.229392	0.620831	0.322075	0.129353	-72.483003	3.453043	-10.399210	0.027160	0.000000	0.515144	inf	0.000000	0.000000
189	0.016862	1.257259	0.589649	0.309704	0.117953	-74.127146	3.612705	-10.647750	0.028597	0.000000	0.494630	inf	0.000000	0.000000
190	0.016862	1.286673	0.557139	0.300303	0.107848	-75.862785	3.869259	-10.912278	0.030265	0.000000	0.478704	inf	0.000000	0.000000
191	0.016862	1.317902	0.522946	0.294736	0.099106	-77.705683	4.243111	-11.195892	0.032244	0.000000	0.468720	inf	0.000000	0.000000
192	0.016862	1.351308	0.486382	0.293518	0.091543	-79.677386	4.729140	-11.501899	0.034668	0.000000	0.465530	inf	0.000000	0.000000
193	0.016862	1.387443	0.446423	0.295872	0.084474	-81.810144	5.274250	-11.833359	0.037771	0.000000	0.467999	inf	0.000000	0.000000
194	0.016862	1.427174	0.402129	0.298719	0.076667	-84.154705	5.769565	-12.192955	0.041932	0.000000	0.471396	inf	0.000000	0.000000
195	0.016862	1.471876	0.353416	0.296751	0.066848	-86.791410	6.078029	-12.583809	0.047711	0.000000	0.467428	inf	0.000000	0.000000
196	0.016862	1.523649	0.301347	0.284621	0.054629	-89.843041	6.080225	-13.012667	0.055955	0.000000	0.447697	inf	0.000000	0.000000
197	0.016862	1.585743	0.247041	0.262737	0.041306	-93.500519	5.843123	-13.499036	0.068256	0.000000	0.412700	inf	0.000000	0.000000
198	0.016862	1.664050	0.190824	0.244386	0.029620	-98.111062	5.782955	-14.090136	0.088364	0.000000	0.383009	inf	0.000000	0.000000
199	0.016862	1.771696	0.132280	0.305556	0.025522	-104.448115	8.485972	-14.893680	0.127472	0.000000	0.475750	inf	0.000000	0.000000
200	0.016862	1.951804	0.077418	0.800340	0.038947	-115.029203	24.933799	-15.992553	0.217805	0.000000	1.239389	inf	0.000000	0.000000
