1	0.084306	-2.809965	0.212743	0.163559	0.022370	-0.597729	0.182176	-0.424614	0.396280	0.000000	0.258378	inf	0.000000	0.000000
2	0.084306	-2.482642	0.366548	0.209330	0.049686	-0.642772	0.162679	-0.507179	0.230000	0.000000	0.333621	inf	0.000000	0.000000
3	0.084306	-2.293443	0.510434	0.271805	0.090600	-0.615866	0.124896	-0.586553	0.165165	0.000000	0.436791	inf	0.000000	0.000000
4	0.084306	-2.143781	0.614006	0.339689	0.137382	-0.529950	0.078187	-0.634593	0.137305	0.000000	0.549127	inf	0.000000	0.000000
5	0.084306	-2.016169	0.691871	0.403813	0.185394	-0.430515	0.023685	-0.659731	0.121852	0.000000	0.655674	inf	0.000000	0.000000
6	0.084306	-1.899850	0.738780	0.467145	0.230265	-0.350874	-0.022598	-0.667726	0.114115	0.000000	0.760589	inf	0.000000	0.000000
7	0.084306	-1.788413	0.757896	0.531962	0.270069	-0.288881	-0.059979	-0.664530	0.111237	0.000000	0.867550	inf	0.000000	0.000000
8	0.084306	-1.677873	0.756093	0.596791	0.303209	-0.235089	-0.091698	-0.651444	0.111502	0.000000	0.974294	inf	0.000000	0.000000
9	0.084306	-1.565684	0.741648	0.659491	0.329468	-0.190511	-0.119538	-0.629483	0.113674	0.000000	1.077414	inf	0.000000	0.000000
10	0.084306	-1.450564	0.721663	0.718564	0.349974	-0.154471	-0.145369	-0.600142	0.116822	0.000000	1.174552	inf	0.000000	0.000000
11	0.084306	-1.331939	0.700212	0.773404	0.366047	-0.124752	-0.169920	-0.564374	0.120401	0.000000	1.264754	inf	0.000000	0.000000
12	0.084306	-1.209592	0.679310	0.823966	0.378803	-0.100468	-0.193213	-0.523004	0.124105	0.000000	1.347945	inf	0.000000	0.000000
13	0.084306	-1.083530	0.659933	0.870266	0.389065	-0.080731	-0.215031	-0.476759	0.127749	0.000000	1.424146	inf	0.000000	0.000000
14	0.084306	-0.953890	0.642507	0.912222	0.397377	-0.064516	-0.235063	-0.426215	0.131214	0.000000	1.493208	inf	0.000000	0.000000
15	0.084306	-0.820903	0.627230	0.949615	0.404098	-0.051012	-0.253033	-0.371886	0.134410	0.000000	1.554762	inf	0.000000	0.000000
16	0.084306	-0.684882	0.614208	0.982126	0.409475	-0.039741	-0.268662	-0.314279	0.137260	0.000000	1.608283	inf	0.000000	0.000000
17	0.084306	-0.546209	0.603496	1.009407	0.413683	-0.030081	-0.281769	-0.253899	0.139696	0.000000	1.653192	inf	0.000000	0.000000
18	0.084306	-0.405329	0.595113	1.031116	0.416841	-0.021573	-0.292170	-0.191261	0.141664	0.000000	1.688927	inf	0.000000	0.000000
19	0.084306	-0.262733	0.589062	1.046956	0.419032	-0.013853	-0.299716	-0.126907	0.143119	0.000000	1.715000	inf	0.000000	0.000000
20	0.084306	-0.118952	0.585336	1.056697	0.420309	-0.006597	-0.304299	-0.061398	0.144030	0.000000	1.731031	inf	0.000000	0.000000
21	0.084306	0.025458	0.583927	1.060189	0.420699	0.000478	-0.305861	0.004695	0.144378	0.000000	1.736774	inf	0.000000	0.000000
22	0.084306	0.169931	0.584822	1.057373	0.420205	0.007650	-0.304392	0.070796	0.144157	0.000000	1.732134	inf	0.000000	0.000000
23	0.084306	0.313901	0.588009	1.048290	0.418810	0.015218	-0.299952	0.136334	0.143375	0.000000	1.717179	inf	0.000000	0.000000
24	0.084306	0.456816	0.593465	1.033072	0.416469	0.023535	-0.292653	0.200755	0.142057	0.000000	1.692127	inf	0.000000	0.000000
25	0.084306	0.598156	0.601158	1.011926	0.413107	0.033026	-0.282648	0.263529	0.140239	0.000000	1.657325	inf	0.000000	0.000000
26	0.084306	0.737445	0.611032	0.985119	0.408609	0.044178	-0.270126	0.324157	0.137973	0.000000	1.613211	inf	0.000000	0.000000
27	0.084306	0.874262	0.623003	0.952943	0.402809	0.057567	-0.255299	0.382173	0.135322	0.000000	1.560270	inf	0.000000	0.000000
28	0.084306	1.008256	0.636933	0.915671	0.395472	0.073915	-0.238376	0.437131	0.132362	0.000000	1.498955	inf	0.000000	0.000000
29	0.084306	1.139157	0.652602	0.873494	0.386255	0.093778	-0.219652	0.488568	0.129184	0.000000	1.429587	inf	0.000000	0.000000
30	0.084306	1.266791	0.669641	0.826462	0.374666	0.117966	-0.199418	0.536017	0.125897	0.000000	1.352263	inf	0.000000	0.000000
31	0.084306	1.391096	0.687270	0.774496	0.359955	0.147556	-0.177877	0.578901	0.122668	0.000000	1.266860	inf	0.000000	0.000000
32	0.084306	1.512213	0.703842	0.717549	0.341063	0.183156	-0.155014	0.616484	0.119780	0.000000	1.173303	inf	0.000000	0.000000
33	0.084306	1.630624	0.716106	0.656094	0.316735	0.226155	-0.130328	0.648045	0.117728	0.000000	1.072340	inf	0.000000	0.000000
34	0.084306	1.747426	0.718086	0.591758	0.285819	0.278637	-0.102137	0.672512	0.117404	0.000000	0.966545	inf	0.000000	0.000000
35	0.084306	1.864949	0.701908	0.527214	0.248191	0.338988	-0.068072	0.688813	0.120110	0.000000	0.860166	inf	0.000000	0.000000
36	0.084306	1.987166	0.661499	0.465040	0.205519	0.412893	-0.026173	0.697082	0.127447	0.000000	0.757315	inf	0.000000	0.000000
37	0.084306	2.119891	0.592237	0.404987	0.159356	0.510157	0.027946	0.693441	0.142352	0.000000	0.657404	inf	0.000000	0.000000
38	0.084306	2.274215	0.500581	0.341739	0.112875	0.617298	0.083257	0.673974	0.168416	0.000000	0.552248	inf	0.000000	0.000000
39	0.084306	2.463453	0.369110	0.284200	0.068774	0.689030	0.133976	0.630154	0.228403	0.000000	0.456568	inf	0.000000	0.000000
40	0.084306	2.777499	0.218506	0.242318	0.034550	0.698801	0.167278	0.592414	0.385829	0.000000	0.387074	inf	0.000000	0.000000
