0.001106	8.901117	15383.283952	90781.406578	1525729.072491	1070751531.524728	-1.079432	0.000225	1.216755	4.273761	-0.057000	-0.896976	-6.116758	0.000000
0.003327	8.184706	15612.023784	84213.647357	1817395.920931	1214058643.886283	-2.554657	0.000244	1.216755	4.247258	-0.094909	-0.759080	-6.116575	0.000000
0.006019	6.661246	17243.045571	75574.896599	3132792.787740	1513625804.250529	-4.475423	0.000300	1.216755	4.322270	-0.187282	-0.891894	-6.175424	0.000000
0.009541	4.584499	21299.258950	64188.706138	11182573.202203	2444682807.450614	-9.046543	0.000436	1.216755	4.431932	-0.352982	-0.986346	-6.258966	0.000000
0.016259	2.704797	28996.953122	51498.724505	18700397.095709	3711249489.286407	-19.044731	0.000739	1.216755	4.581647	-0.583382	-1.088282	-6.348707	0.000000
0.027014	1.730112	31392.049270	34642.659591	22162884.694838	4435419099.616362	-31.184304	0.001156	1.216755	4.633785	-0.774429	-1.238008	-6.449258	0.000000
0.041980	1.268356	19437.773559	15247.315885	16057673.579732	3418057632.663609	-42.539336	0.001577	1.216755	4.430307	-0.904564	-1.287626	-6.514986	0.000000
0.060068	1.079943	9404.861512	6425.287755	6377743.387991	1192786392.022088	-48.853669	0.001852	1.216755	4.115109	-0.969844	-1.288700	-6.558705	0.000000
0.079559	1.019602	6627.920967	4444.777476	1673597.719086	214893324.847416	-50.948866	0.001962	1.216755	3.963134	-0.992520	-1.288701	-6.574692	0.000000
0.099453	1.004115	6189.091942	4134.022614	337928.178480	29793535.390057	-51.442900	0.001992	1.216755	3.933383	-0.998436	-1.288701	-6.577512	0.000000
0.119435	1.000812	6128.464781	4087.540222	57418.647407	4393986.332937	-51.536103	0.001998	1.216755	3.929108	-0.999690	-1.288701	-6.577950	0.000000
0.139433	1.000212	6119.444258	4080.263699	8224.046440	690631.911717	-51.550927	0.002000	1.216755	3.928469	-0.999915	-1.288701	-6.578018	0.000000
0.159432	1.000118	6118.037475	4079.135416	1008.587155	107973.651447	-51.552919	0.002000	1.216755	3.928369	-0.999950	-1.288701	-6.578028	0.000000
0.179432	1.000106	6117.823802	4078.971542	105.015445	15816.289311	-51.553147	0.002000	1.216755	3.928354	-0.999954	-1.288701	-6.578030	0.000000
0.199432	1.000104	6117.793688	4078.949867	8.987400	2118.922501	-51.553169	0.002000	1.216755	3.928351	-0.999955	-1.288701	-6.578030	0.000000
0.219432	1.000104	6117.789828	4078.947288	0.595166	257.044678	-51.553170	0.002000	1.216755	3.928351	-0.999955	-1.288701	-6.578030	0.000000
0.239432	1.000104	6117.789383	4078.947015	0.030318	28.065292	-51.553170	0.002000	1.216755	3.928351	-0.999955	-1.288701	-6.578030	0.000000
0.259432	1.000104	6117.789337	4078.946989	0.003062	2.754644	-51.553170	0.002000	1.216755	3.928351	-0.999955	-1.288701	-6.578030	0.000000
0.279432	1.000104	6117.789333	4078.946987	0.000939	0.247389	-51.553170	0.002000	1.216755	3.928351	-0.999955	-1.288701	-6.578030	0.000000
0.299432	1.000104	6117.789333	4078.946987	0.000244	0.022066	-51.553170	0.002000	1.216755	3.928351	-0.999955	-1.288701	-6.578030	0.000000
0.319432	1.000104	6117.789333	4078.946987	0.000048	0.002369	-51.553170	0.002000	1.216755	3.928351	-0.999955	-1.288701	-6.578030	0.000000
0.339432	1.000104	6117.789333	4078.946987	0.000008	0.000345	-51.553170	0.002000	1.216755	3.928351	-0.999955	-1.288701	-6.578030	0.000000
0.359432	1.000104	6117.789333	4078.946987	0.000001	0.000058	-51.553170	0.002000	1.216755	3.928351	-0.999955	-1.288701	-6.578030	0.000000
0.379432	1.000104	6117.789333	4078.946987	0.000000	0.000009	-51.553170	0.002000	1.216755	3.928351	-0.999955	-1.288701	-6.578030	0.000000
0.399432	1.000104	6117.789333	4078.946987	0.000000	0.000001	-51.553170	0.002000	1.216755	3.928351	-0.999955	-1.288701	-6.578030	0.000000
0.419432	1.000104	6117.789333	4078.946987	-0.000000	0.000000	-51.553170	0.002000	1.216755	3.928351	-0.999955	-1.288701	-6.578030	0.000000
0.439432	1.000104	6117.789333	4078.946987	-0.000000	0.000000	-51.553170	0.002000	1.216755	3.928351	-0.999955	-1.288701	-6.578030	0.000000
0.459432	1.000104	6117.789333	4078.946987	0.000000	0.000000	-51.553170	0.002000	1.216755	3.928351	-0.999955	-1.288701	-6.578030	0.000000
0.479432	1.000104	6117.789333	4078.946987	0.000000	0.000000	-51.553170	0.002000	1.216755	3.928351	-0.999955	-1.288701	-6.578030	0.000000
0.499432	1.000104	6117.789333	4078.946987	0.000000	0.000000	-51.553170	0.002000	1.216755	3.928351	-0.999955	-1.288701	-6.578030	0.000000
0.519432	1.000104	6117.789333	4078.946987	-0.000000	0.000000	-51.553170	0.002000	1.216755	3.928351	-0.999955	-1.288701	-6.578030	0.000000
0.539432	1.000104	6117.789333	4078.946987	-0.000000	-0.000001	-51.553170	0.002000	1.216755	3.928351	-0.999955	-1.288701	-6.578030	0.000000
0.559432	1.000104	6117.789333	4078.946987	0.000000	-0.000000	-51.553170	0.002000	1.216755	3.928351	-0.999955	-1.288701	-6.578030	0.000000
0.579432	1.000104	6117.789333	4078.946987	0.000000	0.000000	-51.553170	0.002000	1.216755	3.928351	-0.999955	-1.288701	-6.578030	0.000000
0.599432	1.000104	6117.789333	4078.946987	-0.000000	-0.000000	-51.553170	0.002000	1.216755	3.928351	-0.999955	-1.288701	-6.578030	0.000000
0.619432	1.000104	6117.789333	4078.946987	0.000000	-0.000000	-51.553170	0.002000	1.216755	3.928351	-0.999955	-1.288701	-6.578030	0.000000
0.639432	1.000104	6117.789333	4078.946987	0.000000	0.000000	-51.553170	0.002000	1.216755	3.928351	-0.999955	-1.288701	-6.578030	0.000000
0.659432	1.000104	6117.789333	4078.946987	-0.000000	-0.000000	-51.553170	0.002000	1.216755	3.928351	-0.999955	-1.288701	-6.578030	0.000000
0.679432	1.000104	6117.789333	4078.946987	-0.000000	-0.000000	-51.553170	0.002000	1.216755	3.928351	-0.999955	-1.288701	-6.578030	0.000000
0.699432	1.000104	6117.789333	4078.946987	-0.000000	-0.000000	-51.553170	0.002000	1.216755	3.928351	-0.999955	-1.288701	-6.578030	0.000000
0.719432	1.000104	6117.789333	4078.946987	-0.000000	-0.000000	-51.553170	0.002000	1.216755	3.928351	-0.999955	-1.288701	-6.578030	0.000000
0.739432	1.000104	6117.789333	4078.946987	-0.000000	-0.000000	-51.553170	0.002000	1.216755	3.928351	-0.999955	-1.288701	-6.578030	0.000000
0.759432	1.000104	6117.789333	4078.946987	-0.000000	-0.000000	-51.553170	0.002000	1.216755	3.928351	-0.999955	-1.288701	-6.578030	0.000000
0.779432	1.000104	6117.789333	4078.946987	-0.000000	0.000000	-51.553170	0.002000	1.216755	3.928351	-0.999955	-1.288701	-6.578030	0.000000
0.799432	1.000104	6117.789333	4078.946987	-0.000000	-0.000000	-51.553170	0.002000	1.216755	3.928351	-0.999955	-1.288701	-6.578030	0.000000
0.819432	1.000104	6117.789333	4078.946987	-0.000000	-0.000000	-51.553170	0.002000	1.216755	3.928351	-0.999955	-1.288701	-6.578030	0.000000
0.839432	1.000104	6117.789333	4078.946987	-0.000000	-0.000000	-51.553170	0.002000	1.216755	3.928351	-0.999955	-1.288701	-6.578030	0.000000
0.859432	1.000104	6117.789333	4078.946987	-0.000000	-0.000000	-51.553170	0.002000	1.216755	3.928351	-0.999955	-1.288701	-6.578030	0.000000
0.879432	1.000104	6117.789333	4078.946987	-0.000000	-0.000000	-51.553170	0.002000	1.216755	3.928351	-0.999955	-1.288701	-6.578030	0.000000
0.899432	1.000104	6117.789333	4078.946987	-0.000000	-0.000000	-51.553170	0.002000	1.216755	3.928351	-0.999955	-1.288701	-6.578030	0.000000
0.919432	1.000104	6117.789333	4078.946987	-0.000000	-0.000000	-51.553170	0.002000	1.216755	3.928351	-0.999955	-1.288701	-6.578030	0.000000
0.939432	1.000104	6117.789333	4078.946987	-0.000000	-0.000000	-51.553170	0.002000	1.216755	3.928351	-0.999955	-1.288701	-6.578030	0.000000
0.959432	1.000104	6117.789333	4078.946987	-0.000000	-0.000000	-51.553170	0.002000	1.216755	3.928351	-0.999955	-1.288701	-6.578030	0.000000
0.979432	1.000104	6117.789333	4078.946987	-0.000000	-0.000000	-51.553170	0.002000	1.216755	3.928351	-0.999955	-1.288701	-6.578030	0.000000
0.999432	1.000104	6117.789333	4078.946987	-0.000000	0.000000	-51.553170	0.002000	1.216755	3.928351	-0.999955	-1.288701	-6.578030	0.000000
1.019432	1.000104	6117.789333	4078.946987	-0.000000	0.000000	-51.553170	0.002000	1.216755	3.928351	-0.999955	-1.288701	-6.578030	0.000000
1.039432	1.000104	6117.789333	4078.946987	-0.000000	0.000000	-51.553170	0.002000	1.216755	3.928351	-0.999955	-1.288701	-6.578030	0.000000
1.059432	1.000104	6117.789333	4078.946987	-0.000000	0.000000	-51.553170	0.002000	1.216755	3.928351	-0.999955	-1.288701	-6.578030	0.000000
1.079432	1.000104	6117.789333	4078.946987	-0.000000	0.000000	-51.553170	0.002000	1.216755	3.928351	-0.999955	-1.288701	-6.578030	0.000000
1.099432	1.000104	6117.789333	4078.946987	0.000000	0.000000	-51.553170	0.002000	1.216755	3.928351	-0.999955	-1.288701	-6.578030	0.000000
1.119432	1.000104	6117.789333	4078.946987	0.000000	0.000000	-51.553170	0.002000	1.216755	3.928351	-0.999955	-1.288701	-6.578030	0.000000
1.139432	1.000104	6117.789333	4078.946987	0.000000	0.000000	-51.553170	0.002000	1.216755	3.928351	-0.999955	-1.288701	-6.578030	0.000000
1.159432	1.000104	6117.789333	4078.946987	-0.000000	0.000001	-51.553170	0.002000	1.216755	3.928351	-0.999955	-1.288701	-6.578030	0.000000
1.179432	1.000104	6117.789333	4078.946987	-0.000000	-0.000000	-51.553170	0.002000	1.216755	3.928351	-0.999955	-1.288701	-6.578030	0.000000
1.199432	1.000104	6117.789333	4078.946987	-0.000000	-0.000001	-51.553170	0.002000	1.216755	3.928351	-0.999955	-1.288701	-6.578030	0.000000
1.219432	1.000104	6117.789333	4078.946987	0.000000	-0.000000	-51.553170	0.002000	1.216755	3.928351	-0.999955	-1.288701	-6.578030	0.000000
1.239432	1.000104	6117.789333	4078.946987	0.000000	0.000000	-51.553170	0.002000	1.216755	3.928351	-0.999955	-1.288701	-6.578030	0.000000
1.259432	1.000104	6117.789333	4078.946987	0.000000	-0.000000	-51.553170	0.002000	1.216755	3.928351	-0.999955	-1.288701	-6.578030	0.000000
1.279432	1.000104	6117.789333	4078.946987	0.000000	0.000000	-51.553170	0.002000	1.216755	3.928351	-0.999955	-1.288701	-6.578030	0.000000
1.299432	1.000104	6117.789333	4078.946987	-0.000000	-0.000000	-51.553170	0.002000	1.216755	3.928351	-0.999955	-1.288701	-6.578030	0.000000
1.319432	1.000104	6117.789333	4078.946987	-0.000000	-0.000000	-51.553170	0.002000	1.216755	3.928351	-0.999955	-1.288701	-6.578030	0.000000
1.339432	1.000104	6117.789333	4078.946987	-0.000000	-0.000000	-51.553170	0.002000	1.216755	3.928351	-0.999955	-1.288701	-6.578030	0.000000
1.359432	1.000104	6117.789333	4078.946987	-0.000000	-0.000000	-51.553170	0.002000	1.216755	3.928351	-0.999955	-1.288701	-6.578030	0.000000
1.379432	1.000104	6117.789333	4078.946987	-0.000000	-0.000000	-51.553170	0.002000	1.216755	3.928351	-0.999955	-1.288701	-6.578030	0.000000
1.399432	1.000104	6117.789333	4078.946987	-0.000000	-0.000000	-51.553170	0.002000	1.216755	3.928351	-0.999955	-1.288701	-6.578030	0.000000
1.419432	1.000104	6117.789333	4078.946987	-0.000000	0.000000	-51.553170	0.002000	1.216755	3.928351	-0.999955	-1.288701	-6.578030	0.000000
1.439432	1.000104	6117.789333	4078.946987	-0.000000	-0.000000	-51.553170	0.002000	1.216755	3.928351	-0.999955	-1.288701	-6.578030	0.000000
1.459432	1.000104	6117.789333	4078.946987	-0.000000	-0.000000	-51.553170	0.002000	1.216755	3.928351	-0.999955	-1.288701	-6.578030	0.000000
1.479432	1.000104	6117.789333	4078.946987	-0.000000	-0.000000	-51.553170	0.002000	1.216755	3.928351	-0.999955	-1.288701	-6.578030	0.000000
1.499432	1.000104	6117.789333	4078.946987	-0.000000	-0.000000	-51.553170	0.002000	1.216755	3.928351	-0.999955	-1.288701	-6.578030	0.000000
1.519432	1.000104	6117.789333	4078.946987	-0.000000	-0.000000	-51.553170	0.002000	1.216755	3.928351	-0.999955	-1.288701	-6.578030	0.000000
1.539432	1.000104	6117.789333	4078.946987	-0.000000	-0.000000	-51.553170	0.002000	1.216755	3.928351	-0.999955	-1.288701	-6.578030	0.000000
1.559432	1.000104	6117.789333	4078.946987	-0.000000	-0.000000	-51.553170	0.002000	1.216755	3.928351	-0.999955	-1.288701	-6.578030	0.000000
1.579432	1.000104	6117.789333	4078.946987	-0.000000	-0.000000	-51.553170	0.002000	1.216755	3.928351	-0.999955	-1.288701	-6.578030	0.000000
1.599432	1.000104	6117.789333	4078.946987	-0.000000	-0.000000	-51.553170	0.002000	1.216755	3.928351	-0.999955	-1.288701	-6.578030	0.000000
1.619432	1.000104	6117.789333	4078.946987	-0.000000	-0.000000	-51.553170	0.002000	1.216755	3.928351	-0.999955	-1.288701	-6.578030	0.000000
1.639432	1.000104	6117.789333	4078.946987	-0.000000	-0.000000	-51.553170	0.002000	1.216755	3.928351	-0.999955	-1.288701	-6.578030	0.000000
1.659432	1.000104	6117.789333	4078.946987	-0.000000	-0.000000	-51.553170	0.002000	1.216755	3.928351	-0.999955	-1.288701	-6.578030	0.000000
1.679432	1.000104	6117.789333	4078.946987	-0.000000	-0.000000	-51.553170	0.002000	1.216755	3.928351	-0.999955	-1.288701	-6.578030	0.000000
1.699432	1.000104	6117.789333	4078.946987	-0.000000	-0.000000	-51.553170	0.002000	1.216755	3.928351	-0.999955	-1.288701	-6.578030	0.000000
1.719432	1.000104	6117.789333	4078.946987	-0.000000	-0.000000	-51.553170	0.002000	1.216755	3.928351	-0.999955	-1.288701	-6.578030	0.000000
1.739432	1.000104	6117.789333	4078.946987	-0.000000	-0.000000	-51.553170	0.002000	1.216755	3.928351	-0.999955	-1.288701	-6.578030	0.000000
1.759432	1.000104	6117.789333	4078.946987	-0.000000	-0.000000	-51.553170	0.002000	1.216755	3.928351	-0.999955	-1.288701	-6.578030	0.000000
1.779432	1.000104	6117.789333	4078.946987	-0.000000	-0.000000	-51.553170	0.002000	1.216755	3.928351	-0.999955	-1.288701	-6.578030	0.000000
1.799432	1.000104	6117.789333	4078.946987	-0.000000	-0.000000	-51.553170	0.002000	1.216755	3.928351	-0.999955	-1.288701	-6.578030	0.000000
1.819432	1.000104	6117.789333	4078.946987	-0.000000	-0.000000	-51.553170	0.002000	1.216755	3.928351	-0.999955	-1.288701	-6.578030	0.000000
1.839432	1.000104	6117.789333	4078.946987	-0.000000	-0.000000	-51.553170	0.002000	1.216755	3.928351	-0.999955	-1.288701	-6.578030	0.000000
1.859432	1.000104	6117.789333	4078.946987	-0.000000	-0.000000	-51.553170	0.002000	1.216755	3.928351	-0.999955	-1.288701	-6.578030	0.000000
1.879432	1.000104	6117.789333	4078.946987	-0.000000	-0.000000	-51.553170	0.002000	1.216755	3.928351	-0.999955	-1.288701	-6.578030	0.000000
1.899432	1.000104	6117.789333	4078.946987	-0.000000	-0.000000	-51.553170	0.002000	1.216755	3.928351	-0.999955	-1.288701	-6.578030	0.000000
1.919432	1.000104	6117.789333	4078.946987	-0.000000	-0.000000	-51.553170	0.002000	1.216755	3.928351	-0.999955	-1.288701	-6.578030	0.000000
1.939432	1.000104	6117.789333	4078.946987	-0.000000	-0.000000	-51.553170	0.002000	1.216755	3.928351	-0.999955	-1.288701	-6.578030	0.000000
1.959432	1.000104	6117.789333	4078.946987	-0.000000	-0.000000	-51.553170	0.002000	1.216755	3.928351	-0.999955	-1.288701	-6.578030	0.000000
1.979432	1.000104	6117.789333	4078.946987	-0.000000	-0.000000	-51.553170	0.002000	1.216755	3.928351	-0.999955	-1.288701	-6.578030	0.000000
1.999432	1.000104	6117.789333	4078.946987	-0.000000	-0.000000	-51.553170	0.002000	1.216755	3.928351	-0.999955	-1.288701	-6.578030	0.000000
2.019432	1.000104	6117.789333	4078.946987	-0.000000	-0.000000	-51.553170	0.002000	1.216755	3.928351	-0.999955	-1.288701	-6.578030	0.000000
2.039432	1.000104	6117.789333	4078.946987	-0.000000	-0.000000	-51.553170	0.002000	1.216755	3.928351	-0.999955	-1.288701	-6.578030	0.000000
2.059432	1.000104	6117.789333	4078.946987	-0.000000	-0.000000	-51.553170	0.002000	1.216755	3.928351	-0.999955	-1.288701	-6.578030	0.000000
2.079432	1.000104	6117.789333	4078.946987	-0.000000	-0.000000	-51.553170	0.002000	1.216755	3.928351	-0.999955	-1.288701	-6.578030	0.000000
2.099432	1.000104	6117.789333	4078.946987	-0.000000	-0.000000	-51.553170	0.002000	1.216755	3.928351	-0.999955	-1.288701	-6.578030	0.000000
2.119432	1.000104	6117.789333	4078.946987	-0.000000	-0.000000	-51.553170	0.002000	1.216755	3.928351	-0.999955	-1.288701	-6.578030	0.000000
2.139432	1.000104	6117.789333	4078.946987	-0.000000	-0.000000	-51.553170	0.002000	1.216755	3.928351	-0.999955	-1.288701	-6.578030	0.000000
2.159432	1.000104	6117.789333	4078.946987	-0.000000	-0.000000	-51.553170	0.002000	1.216755	3.928351	-0.999955	-1.288701	-6.578030	0.000000
2.179432	1.000104	6117.789333	4078.946987	-0.000000	-0.000000	-51.553170	0.002000	1.216755	3.928351	-0.999955	-1.288701	-6.578030	0.000000
2.199432	1.000104	6117.789333	4078.946987	-0.000000	-0.000000	-51.553170	0.002000	1.216755	3.928351	-0.999955	-1.288701	-6.578030	0.000000
2.219432	1.000104	6117.789333	4078.946987	-0.000000	0.000000	-51.553170	0.002000	1.216755	3.928351	-0.999955	-1.288701	-6.578030	0.000000
2.239432	1.000104	6117.789333	4078.946987	-0.000000	0.000000	-51.553170	0.002000	1.216755	3.928351	-0.999955	-1.288701	-6.578030	0.000000
2.259432	1.000104	6117.789333	4078.946987	-0.000000	0.000000	-51.553170	0.002000	1.216755	3.928351	-0.999955	-1.288701	-6.578030	0.000000
2.279432	1.000104	6117.789333	4078.946987	-0.000000	0.000000	-51.553170	0.002000	1.216755	3.928351	-0.999955	-1.288701	-6.578030	0.000000
2.299432	1.000104	6117.789333	4078.946987	-0.000000	0.000000	-51.553170	0.002000	1.216755	3.928351	-0.999955	-1.288701	-6.578030	0.000000
2.319432	1.000104	6117.789333	4078.946987	0.000000	0.000000	-51.553170	0.002000	1.216755	3.928351	-0.999955	-1.288701	-6.578030	0.000000
2.339432	1.000104	6117.789333	4078.946987	0.000000	0.000000	-51.553170	0.002000	1.216755	3.928351	-0.999955	-1.288701	-6.578030	0.000000
2.359432	1.000104	6117.789333	4078.946987	0.000000	0.000000	-51.553170	0.002000	1.216755	3.928351	-0.999955	-1.288701	-6.578030	0.000000
2.379432	1.000104	6117.789333	4078.946987	-0.000000	0.000000	-51.553170	0.002000	1.216755	3.928351	-0.999955	-1.288701	-6.578030	0.000000
2.399432	1.000104	6117.789333	4078.946987	-0.000000	-0.000001	-51.553170	0.002000	1.216755	3.928351	-0.999955	-1.288701	-6.578030	0.000000
2.419432	1.000104	6117.789333	4078.946987	0.000000	-0.000001	-51.553170	0.002000	1.216755	3.928351	-0.999955	-1.288701	-6.578030	0.000000
2.439432	1.000104	6117.789333	4078.946987	0.000000	0.000000	-51.553170	0.002000	1.216755	3.928351	-0.999955	-1.288701	-6.578030	0.000000
2.459432	1.000104	6117.789333	4078.946987	0.000000	0.000001	-51.553170	0.002000	1.216755	3.928351	-0.999955	-1.288701	-6.578030	0.000000
2.479432	1.000104	6117.789333	4078.946987	0.000000	0.000001	-51.553170	0.002000	1.216755	3.928351	-0.999955	-1.288701	-6.578030	0.000000
2.499432	1.000104	6117.789333	4078.946987	-0.000000	0.000001	-51.553170	0.002000	1.216755	3.928351	-0.999955	-1.288701	-6.578030	0.000000
2.519432	1.000104	6117.789333	4078.946987	-0.000000	-0.000001	-51.553170	0.002000	1.216755	3.928351	-0.999955	-1.288701	-6.578030	0.000000
2.539432	1.000104	6117.789333	4078.946987	0.000000	-0.000001	-51.553170	0.002000	1.216755	3.928351	-0.999955	-1.288701	-6.578030	0.000000
2.559432	1.000104	6117.789333	4078.946987	0.000000	-0.000000	-51.553170	0.002000	1.216755	3.928351	-0.999955	-1.288701	-6.578030	0.000000
2.579432	1.000104	6117.789333	4078.946987	0.000000	-0.000000	-51.553170	0.002000	1.216755	3.928351	-0.999955	-1.288701	-6.578030	0.000000
2.599432	1.000104	6117.789333	4078.946987	0.000000	-0.000000	-51.553170	0.002000	1.216755	3.928351	-0.999955	-1.288701	-6.578030	0.000000
2.619432	1.000104	6117.789333	4078.946987	-0.000000	-0.000000	-51.553170	0.002000	1.216755	3.928351	-0.999955	-1.288701	-6.578030	0.000000
2.639432	1.000104	6117.789333	4078.946987	-0.000000	-0.000000	-51.553170	0.002000	1.216755	3.928351	-0.999955	-1.288701	-6.578030	0.000000
2.659432	1.000104	6117.789333	4078.946987	-0.000000	-0.000000	-51.553170	0.002000	1.216755	3.928351	-0.999955	-1.288701	-6.578030	0.000000
2.679432	1.000104	6117.789333	4078.946987	-0.000000	-0.000000	-51.553170	0.002000	1.216755	3.928351	-0.999955	-1.288701	-6.578030	0.000000
2.699432	1.000104	6117.789333	4078.946987	-0.000000	-0.000000	-51.553170	0.002000	1.216755	3.928351	-0.999955	-1.288701	-6.578030	0.000000
2.719432	1.000104	6117.789333	4078.946987	-0.000000	-0.000000	-51.553170	0.002000	1.216755	3.928351	-0.999955	-1.288701	-6.578030	0.000000
2.739432	1.000104	6117.789333	4078.946987	-0.000000	-0.000000	-51.553170	0.002000	1.216755	3.928351	-0.999955	-1.288701	-6.578030	0.000000
2.759432	1.000104	6117.789333	4078.946987	-0.000000	-0.000000	-51.553170	0.002000	1.216755	3.928351	-0.999955	-1.288701	-6.578030	0.000000
2.779432	1.000104	6117.789333	4078.946987	-0.000000	-0.000000	-51.553170	0.002000	1.216755	3.928351	-0.999955	-1.288701	-6.578030	0.000000
2.799432	1.000104	6117.789333	4078.946987	-0.000000	-0.000000	-51.553170	0.002000	1.216755	3.928351	-0.999955	-1.288701	-6.578030	0.000000
2.819432	1.000104	6117.789333	4078.946987	-0.000000	-0.000000	-51.553170	0.002000	1.216755	3.928351	-0.999955	-1.288701	-6.578030	0.000000
2.839432	1.000104	6117.789333	4078.946987	-0.000000	-0.000000	-51.553170	0.002000	1.216755	3.928351	-0.999955	-1.288701	-6.578030	0.000000
2.859432	1.000104	6117.789333	4078.946987	-0.000000	-0.000000	-51.553170	0.002000	1.216755	3.928351	-0.999955	-1.288701	-6.578030	0.000000
2.879432	1.000104	6117.789333	4078.946987	-0.000000	-0.000000	-51.553170	0.002000	1.216755	3.928351	-0.999955	-1.288701	-6.578030	0.000000
2.899432	1.000104	6117.789333	4078.946987	-0.000000	-0.000000	-51.553170	0.002000	1.216755	3.928351	-0.999955	-1.288701	-6.578030	0.000000
2.919432	1.000104	6117.789333	4078.946987	-0.000000	-0.000000	-51.553170	0.002000	1.216755	3.928351	-0.999955	-1.288701	-6.578030	0.000000
2.939432	1.000104	6117.789333	4078.946987	-0.000000	-0.000000	-51.553170	0.002000	1.216755	3.928351	-0.999955	-1.288701	-6.578030	0.000000
2.959432	1.000104	6117.789333	4078.946987	-0.000000	-0.000000	-51.553170	0.002000	1.216755	3.928351	-0.999955	-1.288701	-6.578030	0.000000
2.979432	1.000104	6117.789333	4078.946987	-0.000000	-0.000000	-51.553170	0.002000	1.216755	3.928351	-0.999955	-1.288701	-6.578030	0.000000
2.999432	1.000104	6117.789333	4078.946987	-0.000000	-0.000000	-51.553170	0.002000	1.216755	3.928351	-0.999955	-1.288701	-6.578030	0.000000
3.019432	1.000104	6117.789333	4078.946987	-0.000000	-0.000000	-51.553170	0.002000	1.216755	3.928351	-0.999955	-1.288701	-6.578030	0.000000
3.039432	1.000104	6117.789333	4078.946987	-0.000000	-0.000000	-51.553170	0.002000	1.216755	3.928351	-0.999955	-1.288701	-6.578030	0.000000
3.059432	1.000104	6117.789333	4078.946987	-0.000000	-0.000000	-51.553170	0.002000	1.216755	3.928351	-0.999955	-1.288701	-6.578030	0.000000
3.079432	1.000104	6117.789333	4078.946987	-0.000000	-0.000000	-51.553170	0.002000	1.216755	3.928351	-0.999955	-1.288701	-6.578030	0.000000
3.099432	1.000104	6117.789333	4078.946987	-0.000000	-0.000000	-51.553170	0.002000	1.216755	3.928351	-0.999955	-1.288701	-6.578030	0.000000
3.119432	1.000104	6117.789333	4078.946987	-0.000000	-0.000000	-51.553170	0.002000	1.216755	3.928351	-0.999955	-1.288701	-6.578030	0.000000
3.139432	1.000104	6117.789333	4078.946987	-0.000000	-0.000000	-51.553170	0.002000	1.216755	3.928351	-0.999955	-1.288701	-6.578030	0.000000
3.159432	1.000104	6117.789333	4078.946987	-0.000000	-0.000000	-51.553170	0.002000	1.216755	3.928351	-0.999955	-1.288701	-6.578030	0.000000
3.179432	1.000104	6117.789333	4078.946987	-0.000000	-0.000000	-51.553170	0.002000	1.216755	3.928351	-0.999955	-1.288701	-6.578030	0.000000
3.199432	1.000104	6117.789333	4078.946987	-0.000000	-0.000000	-51.553170	0.002000	1.216755	3.928351	-0.999955	-1.288701	-6.578030	0.000000
3.219432	1.000104	6117.789333	4078.946987	-0.000000	-0.000000	-51.553170	0.002000	1.216755	3.928351	-0.999955	-1.288701	-6.578030	0.000000
3.239432	1.000104	6117.789333	4078.946987	-0.000000	-0.000000	-51.553170	0.002000	1.216755	3.928351	-0.999955	-1.288701	-6.578030	0.000000
3.259432	1.000104	6117.789333	4078.946987	-0.000000	-0.000000	-51.553170	0.002000	1.216755	3.928351	-0.999955	-1.288701	-6.578030	0.000000
3.279432	1.000104	6117.789333	4078.946987	-0.000000	-0.000000	-51.553170	0.002000	1.216755	3.928351	-0.999955	-1.288701	-6.578030	0.000000
3.299432	1.000104	6117.789333	4078.946987	-0.000000	-0.000000	-51.553170	0.002000	1.216755	3.928351	-0.999955	-1.288701	-6.578030	0.000000
3.319432	1.000104	6117.789333	4078.946987	-0.000000	-0.000000	-51.553170	0.002000	1.216755	3.928351	-0.999955	-1.288701	-6.578030	0.000000
3.339432	1.000104	6117.789333	4078.946987	-0.000000	-0.000000	-51.553170	0.002000	1.216755	3.928351	-0.999955	-1.288701	-6.578030	0.000000
3.359432	1.000104	6117.789333	4078.946987	-0.000000	-0.000000	-51.553170	0.002000	1.216755	3.928351	-0.999955	-1.288701	-6.578030	0.000000
3.379432	1.000104	6117.789333	4078.946987	-0.000000	-0.000000	-51.553170	0.002000	1.216755	3.928351	-0.999955	-1.288701	-6.578030	0.000000
3.399432	1.000104	6117.789333	4078.946987	-0.000000	-0.000000	-51.553170	0.002000	1.216755	3.928351	-0.999955	-1.288701	-6.578030	0.000000
3.419432	1.000104	6117.789333	4078.946987	-0.000000	-0.000000	-51.553170	0.002000	1.216755	3.928351	-0.999955	-1.288701	-6.578030	0.000000
3.439432	1.000104	6117.789333	4078.946987	-0.000000	-0.000000	-51.553170	0.002000	1.216755	3.928351	-0.999955	-1.288701	-6.578030	0.000000
3.459432	1.000104	6117.789333	4078.946987	-0.000000	-0.000000	-51.553170	0.002000	1.216755	3.928351	-0.999955	-1.288701	-6.578030	0.000000
3.479432	1.000104	6117.789333	4078.946987	-0.000000	-0.000000	-51.553170	0.002000	1.216755	3.928351	-0.999955	-1.288701	-6.578030	0.000000
3.499432	1.000104	6117.789333	4078.946987	-0.000000	-0.000000	-51.553170	0.002000	1.216755	3.928351	-0.999955	-1.288701	-6.578030	0.000000
3.519432	1.000104	6117.789333	4078.946987	-0.000000	-0.000000	-51.553170	0.002000	1.216755	3.928351	-0.999955	-1.288701	-6.578030	0.000000
3.539432	1.000104	6117.789333	4078.946987	-0.000000	-0.000000	-51.553170	0.002000	1.216755	3.928351	-0.999955	-1.288701	-6.578030	0.000000
3.559432	1.000104	6117.789333	4078.946987	-0.000000	-0.000000	-51.553170	0.002000	1.216755	3.928351	-0.999955	-1.288701	-6.578030	0.000000
3.579432	1.000104	6117.789333	4078.946987	-0.000000	-0.000000	-51.553170	0.002000	1.216755	3.928351	-0.999955	-1.288701	-6.578030	0.000000
3.599432	1.000104	6117.789333	4078.946987	-0.000000	-0.000000	-51.553170	0.002000	1.216755	3.928351	-0.999955	-1.288701	-6.578030	0.000000
3.619432	1.000104	6117.789333	4078.946987	-0.000000	-0.000000	-51.553170	0.002000	1.216755	3.928351	-0.999955	-1.288701	-6.578030	0.000000
3.639432	1.000104	6117.789333	4078.946987	-0.000000	-0.000000	-51.553170	0.002000	1.216755	3.928351	-0.999955	-1.288701	-6.578030	0.000000
3.659432	1.000104	6117.789333	4078.946987	-0.000000	-0.000000	-51.553170	0.002000	1.216755	3.928351	-0.999955	-1.288701	-6.578030	0.000000
3.679432	1.000104	6117.789333	4078.946987	-0.000000	-0.000000	-51.553170	0.002000	1.216755	3.928351	-0.999955	-1.288701	-6.578030	0.000000
3.699432	1.000104	6117.789333	4078.946987	-0.000000	-0.000000	-51.553170	0.002000	1.216755	3.928351	-0.999955	-1.288701	-6.578030	0.000000
3.719432	1.000104	6117.789333	4078.946987	-0.000000	-0.000000	-51.553170	0.002000	1.216755	3.928351	-0.999955	-1.288701	-6.578030	0.000000
3.739432	1.000104	6117.789333	4078.946987	-0.000000	-0.000000	-51.553170	0.002000	1.216755	3.928351	-0.999955	-1.288701	-6.578030	0.000000
3.759432	1.000104	6117.789333	4078.946987	-0.000000	-0.000000	-51.553170	0.002000	1.216755	3.928351	-0.999955	-1.288701	-6.578030	0.000000
3.779432	1.000104	6117.789333	4078.946987	-0.000000	-0.000000	-51.553170	0.002000	1.216755	3.928351	-0.999955	-1.288701	-6.578030	0.000000
3.799432	1.000104	6117.789333	4078.946987	-0.000000	-0.000000	-51.553170	0.002000	1.216755	3.928351	-0.999955	-1.288701	-6.578030	0.000000
3.819432	1.000104	6117.789333	4078.946987	-0.000000	-0.000000	-51.553170	0.002000	1.216755	3.928351	-0.999955	-1.288701	-6.578030	0.000000
3.839432	1.000104	6117.789333	4078.946987	-0.000000	-0.000000	-51.553170	0.002000	1.216755	3.928351	-0.999955	-1.288701	-6.578030	0.000000
3.859432	1.000104	6117.789333	4078.946987	-0.000000	-0.000000	-51.553170	0.002000	1.216755	3.928351	-0.999955	-1.288701	-6.578030	0.000000
3.879432	1.000104	6117.789333	4078.946987	-0.000000	-0.000000	-51.553170	0.002000	1.216755	3.928351	-0.999955	-1.288701	-6.578030	0.000000
3.899432	1.000104	6117.789333	4078.946987	-0.000000	-0.000000	-51.553170	0.002000	1.216755	3.928351	-0.999955	-1.288701	-6.578030	0.000000
3.919432	1.000104	6117.789333	4078.946987	-0.000000	-0.000000	-51.553170	0.002000	1.216755	3.928351	-0.999955	-1.288701	-6.578030	0.000000
3.939432	1.000104	6117.789333	4078.946987	-0.000000	-0.000000	-51.553170	0.002000	1.216755	3.928351	-0.999955	-1.288701	-6.578030	0.000000
3.959432	1.000104	6117.789333	4078.946987	-0.000000	-0.000000	-51.553170	0.002000	1.216755	3.928351	-0.999955	-1.288701	-6.578030	0.000000
3.979432	1.000104	6117.789333	4078.946987	-0.000000	-0.000000	-51.553170	0.002000	1.216755	3.928351	-0.999955	-1.288701	-6.578030	0.000000
3.999432	1.000104	6117.789333	4078.946987	-0.000000	-0.000000	-51.553170	0.002000	1.216755	3.928351	-0.999955	-1.288701	-6.578030	0.000000
4.019432	1.000104	6117.789333	4078.946987	-0.000000	-0.000000	-51.553170	0.002000	1.216755	3.928351	-0.999955	-1.288701	-6.578030	0.000000
4.039432	1.000104	6117.789333	4078.946987	-0.000000	-0.000000	-51.553170	0.002000	1.216755	3.928351	-0.999955	-1.288701	-6.578030	0.000000
4.059432	1.000104	6117.789333	4078.946987	-0.000000	-0.000000	-51.553170	0.002000	1.216755	3.928351	-0.999955	-1.288701	-6.578030	0.000000
4.079432	1.000104	6117.789333	4078.946987	-0.000000	-0.000000	-51.553170	0.002000	1.216755	3.928351	-0.999955	-1.288701	-6.578030	0.000000
4.099432	1.000104	6117.789333	4078.946987	-0.000000	-0.000000	-51.553170	0.002000	1.216755	3.928351	-0.999955	-1.288701	-6.578030	0.000000
4.119432	1.000104	6117.789333	4078.946987	-0.000000	-0.000000	-51.553170	0.002000	1.216755	3.928351	-0.999955	-1.288701	-6.578030	0.000000
4.139432	1.000104	6117.789333	4078.946987	-0.000000	-0.000000	-51.553170	0.002000	1.216755	3.928351	-0.999955	-1.288701	-6.578030	0.000000
4.159432	1.000104	6117.789333	4078.946987	-0.000000	-0.000000	-51.553170	0.002000	1.216755	3.928351	-0.999955	-1.288701	-6.578030	0.000000
4.179432	1.000104	6117.789333	4078.946987	-0.000000	-0.000000	-51.553170	0.002000	1.216755	3.928351	-0.999955	-1.288701	-6.578030	0.000000
4.199432	1.000104	6117.789333	4078.946987	-0.000000	-0.000000	-51.553170	0.002000	1.216755	3.928351	-0.999955	-1.288701	-6.578030	0.000000
4.219432	1.000104	6117.789333	4078.946987	-0.000000	-0.000000	-51.553170	0.002000	1.216755	3.928351	-0.999955	-1.288701	-6.578030	0.000000
4.239432	1.000104	6117.789333	4078.946987	-0.000000	-0.000000	-51.553170	0.002000	1.216755	3.928351	-0.999955	-1.288701	-6.578030	0.000000
4.259432	1.000104	6117.789333	4078.946987	-0.000000	-0.000000	-51.553170	0.002000	1.216755	3.928351	-0.999955	-1.288701	-6.578030	0.000000
4.279432	1.000104	6117.789333	4078.946987	-0.000000	-0.000000	-51.553170	0.002000	1.216755	3.928351	-0.999955	-1.288701	-6.578030	0.000000
4.299432	1.000104	6117.789333	4078.946987	-0.000000	-0.000000	-51.553170	0.002000	1.216755	3.928351	-0.999955	-1.288701	-6.578030	0.000000
4.319432	1.000104	6117.789333	4078.946987	-0.000000	-0.000000	-51.553170	0.002000	1.216755	3.928351	-0.999955	-1.288701	-6.578030	0.000000
4.339432	1.000104	6117.789333	4078.946987	-0.000000	-0.000000	-51.553170	0.002000	1.216755	3.928351	-0.999955	-1.288701	-6.578030	0.000000
4.359432	1.000104	6117.789333	4078.946987	-0.000000	-0.000000	-51.553170	0.002000	1.216755	3.928351	-0.999955	-1.288701	-6.578030	0.000000
4.379432	1.000104	6117.789333	4078.946987	-0.000000	-0.000000	-51.553170	0.002000	1.216755	3.928351	-0.999955	-1.288701	-6.578030	0.000000
4.399432	1.000104	6117.789333	4078.946987	-0.000000	-0.000000	-51.553170	0.002000	1.216755	3.928351	-0.999955	-1.288701	-6.578030	0.000000
4.419432	1.000104	6117.789333	4078.946987	-0.000000	-0.000000	-51.553170	0.002000	1.216755	3.928351	-0.999955	-1.288701	-6.578030	0.000000
4.439432	1.000104	6117.789333	4078.946987	-0.000000	-0.000000	-51.553170	0.002000	1.216755	3.928351	-0.999955	-1.288701	-6.578030	0.000000
4.459432	1.000104	6117.789333	4078.946987	-0.000000	-0.000000	-51.553170	0.002000	1.216755	3.928351	-0.999955	-1.288701	-6.578030	0.000000
4.479432	1.000104	6117.789333	4078.946987	-0.000000	-0.000000	-51.553170	0.002000	1.216755	3.928351	-0.999955	-1.288701	-6.578030	0.000000
4.499432	1.000104	6117.789333	4078.946987	-0.000000	-0.000000	-51.553170	0.002000	1.216755	3.928351	-0.999955	-1.288701	-6.578030	0.000000
4.519432	1.000104	6117.789333	4078.946987	-0.000000	-0.000000	-51.553170	0.002000	1.216755	3.928351	-0.999955	-1.288701	-6.578030	0.000000
4.539432	1.000104	6117.789333	4078.946987	-0.000000	-0.000000	-51.553170	0.002000	1.216755	3.928351	-0.999955	-1.288701	-6.578030	0.000000
4.559432	1.000104	6117.789333	4078.946987	-0.000000	-0.000000	-51.553170	0.002000	1.216755	3.928351	-0.999955	-1.288701	-6.578030	0.000000
4.579432	1.000104	6117.789333	4078.946987	-0.000000	-0.000000	-51.553170	0.002000	1.216755	3.928351	-0.999955	-1.288701	-6.578030	0.000000
4.599432	1.000104	6117.789333	4078.946987	-0.000000	-0.000000	-51.553170	0.002000	1.216755	3.928351	-0.999955	-1.288701	-6.578030	0.000000
4.619432	1.000104	6117.789333	4078.946987	-0.000000	-0.000000	-51.553170	0.002000	1.216755	3.928351	-0.999955	-1.288701	-6.578030	0.000000
4.639432	1.000104	6117.789333	4078.946987	-0.000000	-0.000000	-51.553170	0.002000	1.216755	3.928351	-0.999955	-1.288701	-6.578030	0.000000
4.659432	1.000104	6117.789333	4078.946987	-0.000000	-0.000000	-51.553170	0.002000	1.216755	3.928351	-0.999955	-1.288701	-6.578030	0.000000
4.679432	1.000104	6117.789333	4078.946987	-0.000000	-0.000000	-51.553170	0.002000	1.216755	3.928351	-0.999955	-1.288701	-6.578030	0.000000
4.699432	1.000104	6117.789333	4078.946987	-0.000000	-0.000000	-51.553170	0.002000	1.216755	3.928351	-0.999955	-1.288701	-6.578030	0.000000
4.719432	1.000104	6117.789333	4078.946987	-0.000000	-0.000000	-51.553170	0.002000	1.216755	3.928351	-0.999955	-1.288701	-6.578030	0.000000
4.739432	1.000104	6117.789333	4078.946987	-0.000000	-0.000000	-51.553170	0.002000	1.216755	3.928351	-0.999955	-1.288701	-6.578030	0.000000
4.759432	1.000104	6117.789333	4078.946987	-0.000000	-0.000000	-51.553170	0.002000	1.216755	3.928351	-0.999955	-1.288701	-6.578030	0.000000
4.779432	1.000104	6117.789333	4078.946987	-0.000000	-0.000000	-51.553170	0.002000	1.216755	3.928351	-0.999955	-1.288701	-6.578030	0.000000
4.799432	1.000104	6117.789333	4078.946987	-0.000000	-0.000000	-51.553170	0.002000	1.216755	3.928351	-0.999955	-1.288701	-6.578030	0.000000
4.819432	1.000104	6117.789333	4078.946987	-0.000000	-0.000000	-51.553170	0.002000	1.216755	3.928351	-0.999955	-1.288701	-6.578030	0.000000
4.839432	1.000104	6117.789333	4078.946987	-0.000000	-0.000000	-51.553170	0.002000	1.216755	3.928351	-0.999955	-1.288701	-6.578030	0.000000
4.859432	1.000104	6117.789333	4078.946987	0.000000	-0.000000	-51.553170	0.002000	1.216755	3.928351	-0.999955	-1.288701	-6.578030	0.000000
4.879432	1.000104	6117.789333	4078.946987	0.000000	0.000001	-51.553170	0.002000	1.216755	3.928351	-0.999955	-1.288701	-6.578030	0.000000
4.899432	1.000104	6117.789333	4078.946987	-0.000000	0.000002	-51.553170	0.002000	1.216755	3.928351	-0.999955	-1.288701	-6.578030	0.000000
4.919432	1.000104	6117.789333	4078.946987	-0.000000	-0.000002	-51.553170	0.002000	1.216755	3.928351	-0.999955	-1.288701	-6.578030	0.000000
4.939432	1.000104	6117.789333	4078.946987	0.000000	-0.000003	-51.553170	0.002000	1.216755	3.928351	-0.999955	-1.288701	-6.578030	0.000000
4.959432	1.000104	6117.789333	4078.946987	0.000000	0.000002	-51.553170	0.002000	1.216755	3.928351	-0.999955	-1.288701	-6.578030	0.000000
4.979432	1.000104	6117.789333	4078.946987	-0.000000	0.000001	-51.553170	0.002000	1.216755	3.928351	-0.999955	-1.288701	-6.578030	0.000000
4.999432	1.000104	6117.789333	4078.946987	0.000000	-0.000001	-51.553170	0.002000	1.216755	3.928351	-0.999955	-1.288701	-6.578030	0.000000
5.019432	1.000104	6117.789333	4078.946987	0.000000	-0.000000	-51.553170	0.002000	1.216755	3.928351	-0.999955	-1.288701	-6.578030	0.000000
5.039432	1.000104	6117.789333	4078.946987	0.000000	0.000000	-51.553170	0.002000	1.216755	3.928351	-0.999955	-1.288701	-6.578030	0.000000
5.059432	1.000104	6117.789333	4078.946987	-0.000000	0.000000	-51.553170	0.002000	1.216755	3.928351	-0.999955	-1.288701	-6.578030	0.000000
5.079432	1.000104	6117.789333	4078.946987	-0.000000	0.000000	-51.553170	0.002000	1.216755	3.928351	-0.999955	-1.288701	-6.578030	0.000000
5.099432	1.000104	6117.789333	4078.946987	-0.000000	0.000000	-51.553170	0.002000	1.216755	3.928351	-0.999955	-1.288701	-6.578030	0.000000
5.119432	1.000104	6117.789333	4078.946987	-0.000000	0.000000	-51.553170	0.002000	1.216755	3.928351	-0.999955	-1.288701	-6.578030	0.000000
5.139432	1.000104	6117.789333	4078.946987	-0.000000	0.000000	-51.553170	0.002000	1.216755	3.928351	-0.999955	-1.288701	-6.578030	0.000000
5.159432	1.000104	6117.789333	4078.946987	-0.000000	0.000000	-51.553170	0.002000	1.216755	3.928351	-0.999955	-1.288701	-6.578030	0.000000
5.179432	1.000104	6117.789333	4078.946987	-0.000000	0.000000	-51.553170	0.002000	1.216755	3.928351	-0.999955	-1.288701	-6.578030	0.000000
5.199432	1.000104	6117.789333	4078.946987	-0.000000	-0.000000	-51.553170	0.002000	1.216755	3.928351	-0.999955	-1.288701	-6.578030	0.000000
5.219432	1.000104	6117.789333	4078.946987	-0.000000	-0.000000	-51.553170	0.002000	1.216755	3.928351	-0.999955	-1.288701	-6.578030	0.000000
5.239432	1.000104	6117.789333	4078.946987	-0.000000	-0.000000	-51.553170	0.002000	1.216755	3.928351	-0.999955	-1.288701	-6.578030	0.000000
5.259432	1.000104	6117.789333	4078.946987	-0.000000	-0.000000	-51.553170	0.002000	1.216755	3.928351	-0.999955	-1.288701	-6.578030	0.000000
5.279432	1.000104	6117.789333	4078.946987	-0.000000	-0.000000	-51.553170	0.002000	1.216755	3.928351	-0.999955	-1.288701	-6.578030	0.000000
5.299432	1.000104	6117.789333	4078.946987	-0.000000	-0.000000	-51.553170	0.002000	1.216755	3.928351	-0.999955	-1.288701	-6.578030	0.000000
5.319432	1.000104	6117.789333	4078.946987	-0.000000	-0.000000	-51.553170	0.002000	1.216755	3.928351	-0.999955	-1.288701	-6.578030	0.000000
5.339432	1.000104	6117.789333	4078.946987	-0.000000	-0.000000	-51.553170	0.002000	1.216755	3.928351	-0.999955	-1.288701	-6.578030	0.000000
5.359432	1.000104	6117.789333	4078.946987	-0.000000	-0.000000	-51.553170	0.002000	1.216755	3.928351	-0.999955	-1.288701	-6.578030	0.000000
5.379432	1.000104	6117.789333	4078.946987	-0.000000	-0.000000	-51.553170	0.002000	1.216755	3.928351	-0.999955	-1.288701	-6.578030	0.000000
5.399432	1.000104	6117.789333	4078.946987	-0.000000	-0.000000	-51.553170	0.002000	1.216755	3.928351	-0.999955	-1.288701	-6.578030	0.000000
5.419432	1.000104	6117.789333	4078.946987	-0.000000	-0.000000	-51.553170	0.002000	1.216755	3.928351	-0.999955	-1.288701	-6.578030	0.000000
5.439432	1.000104	6117.789333	4078.946987	-0.000000	-0.000000	-51.553170	0.002000	1.216755	3.928351	-0.999955	-1.288701	-6.578030	0.000000
5.459432	1.000104	6117.789333	4078.946987	-0.000000	-0.000000	-51.553170	0.002000	1.216755	3.928351	-0.999955	-1.288701	-6.578030	0.000000
5.479432	1.000104	6117.789333	4078.946987	-0.000000	-0.000000	-51.553170	0.002000	1.216755	3.928351	-0.999955	-1.288701	-6.578030	0.000000
5.499432	1.000104	6117.789333	4078.946987	-0.000000	-0.000000	-51.553170	0.002000	1.216755	3.928351	-0.999955	-1.288701	-6.578030	0.000000
5.519432	1.000104	6117.789333	4078.946987	-0.000000	-0.000000	-51.553170	0.002000	1.216755	3.928351	-0.999955	-1.288701	-6.578030	0.000000
5.539432	1.000104	6117.789333	4078.946987	-0.000000	-0.000000	-51.553170	0.002000	1.216755	3.928351	-0.999955	-1.288701	-6.578030	0.000000
5.559432	1.000104	6117.789333	4078.946987	-0.000000	-0.000000	-51.553170	0.002000	1.216755	3.928351	-0.999955	-1.288701	-6.578030	0.000000
5.579432	1.000104	6117.789333	4078.946987	-0.000000	-0.000000	-51.553170	0.002000	1.216755	3.928351	-0.999955	-1.288701	-6.578030	0.000000
5.599432	1.000104	6117.789333	4078.946987	-0.000000	-0.000000	-51.553170	0.002000	1.216755	3.928351	-0.999955	-1.288701	-6.578030	0.000000
5.619432	1.000104	6117.789333	4078.946987	-0.000000	-0.000000	-51.553170	0.002000	1.216755	3.928351	-0.999955	-1.288701	-6.578030	0.000000
5.639432	1.000104	6117.789333	4078.946987	-0.000000	-0.000000	-51.553170	0.002000	1.216755	3.928351	-0.999955	-1.288701	-6.578030	0.000000
5.659432	1.000104	6117.789333	4078.946987	-0.000000	-0.000000	-51.553170	0.002000	1.216755	3.928351	-0.999955	-1.288701	-6.578030	0.000000
5.679432	1.000104	6117.789333	4078.946987	-0.000000	-0.000000	-51.553170	0.002000	1.216755	3.928351	-0.999955	-1.288701	-6.578030	0.000000
5.699432	1.000104	6117.789333	4078.946987	-0.000000	-0.000000	-51.553170	0.002000	1.216755	3.928351	-0.999955	-1.288701	-6.578030	0.000000
5.719432	1.000104	6117.789333	4078.946987	-0.000000	-0.000000	-51.553170	0.002000	1.216755	3.928351	-0.999955	-1.288701	-6.578030	0.000000
5.739432	1.000104	6117.789333	4078.946987	-0.000000	-0.000000	-51.553170	0.002000	1.216755	3.928351	-0.999955	-1.288701	-6.578030	0.000000
5.759432	1.000104	6117.789333	4078.946987	-0.000000	-0.000000	-51.553170	0.002000	1.216755	3.928351	-0.999955	-1.288701	-6.578030	0.000000
5.779432	1.000104	6117.789333	4078.946987	-0.000000	-0.000000	-51.553170	0.002000	1.216755	3.928351	-0.999955	-1.288701	-6.578030	0.000000
5.799432	1.000104	6117.789333	4078.946987	-0.000000	-0.000000	-51.553170	0.002000	1.216755	3.928351	-0.999955	-1.288701	-6.578030	0.000000
5.819432	1.000104	6117.789333	4078.946987	-0.000000	-0.000000	-51.553170	0.002000	1.216755	3.928351	-0.999955	-1.288701	-6.578030	0.000000
5.839432	1.000104	6117.789333	4078.946987	-0.000000	-0.000000	-51.553170	0.002000	1.216755	3.928351	-0.999955	-1.288701	-6.578030	0.000000
5.859432	1.000104	6117.789333	4078.946987	-0.000000	-0.000000	-51.553170	0.002000	1.216755	3.928351	-0.999955	-1.288701	-6.578030	0.000000
5.879432	1.000104	6117.789333	4078.946987	-0.000000	-0.000000	-51.553170	0.002000	1.216755	3.928351	-0.999955	-1.288701	-6.578030	0.000000
5.899432	1.000104	6117.789333	4078.946987	-0.000000	-0.000000	-51.553170	0.002000	1.216755	3.928351	-0.999955	-1.288701	-6.578030	0.000000
5.919432	1.000104	6117.789333	4078.946987	-0.000000	-0.000000	-51.553170	0.002000	1.216755	3.928351	-0.999955	-1.288701	-6.578030	0.000000
5.939432	1.000104	6117.789333	4078.946987	-0.000000	-0.000000	-51.553170	0.002000	1.216755	3.928351	-0.999955	-1.288701	-6.578030	0.000000
5.959432	1.000104	6117.789333	4078.946987	-0.000000	-0.000000	-51.553170	0.002000	1.216755	3.928351	-0.999955	-1.288701	-6.578030	0.000000
5.979432	1.000104	6117.789333	4078.946987	-0.000000	-0.000000	-51.553170	0.002000	1.216755	3.928351	-0.999955	-1.288701	-6.578030	0.000000
5.999432	1.000104	6117.789333	4078.946987	-0.000000	-0.000000	-51.553170	0.002000	1.216755	3.928351	-0.999955	-1.288701	-6.578030	0.000000
6.019432	1.000104	6117.789333	4078.946987	-0.000000	-0.000000	-51.553170	0.002000	1.216755	3.928351	-0.999955	-1.288701	-6.578030	0.000000
6.039432	1.000104	6117.789333	4078.946987	-0.000000	-0.000000	-51.553170	0.002000	1.216755	3.928351	-0.999955	-1.288701	-6.578030	0.000000
6.059432	1.000104	6117.789333	4078.946987	-0.000000	-0.000000	-51.553170	0.002000	1.216755	3.928351	-0.999955	-1.288701	-6.578030	0.000000
6.079432	1.000104	6117.789333	4078.946987	-0.000000	-0.000000	-51.553170	0.002000	1.216755	3.928351	-0.999955	-1.288701	-6.578030	0.000000
6.099432	1.000104	6117.789333	4078.946987	-0.000000	-0.000000	-51.553170	0.002000	1.216755	3.928351	-0.999955	-1.288701	-6.578030	0.000000
6.119432	1.000104	6117.789333	4078.946987	-0.000000	-0.000000	-51.553170	0.002000	1.216755	3.928351	-0.999955	-1.288701	-6.578030	0.000000
6.139432	1.000104	6117.789333	4078.946987	-0.000000	-0.000000	-51.553170	0.002000	1.216755	3.928351	-0.999955	-1.288701	-6.578030	0.000000
6.159432	1.000104	6117.789333	4078.946987	-0.000000	-0.000000	-51.553170	0.002000	1.216755	3.928351	-0.999955	-1.288701	-6.578030	0.000000
6.179432	1.000104	6117.789333	4078.946987	-0.000000	-0.000000	-51.553170	0.002000	1.216755	3.928351	-0.999955	-1.288701	-6.578030	0.000000
6.199432	1.000104	6117.789333	4078.946987	-0.000000	-0.000000	-51.553170	0.002000	1.216755	3.928351	-0.999955	-1.288701	-6.578030	0.000000
6.219432	1.000104	6117.789333	4078.946987	-0.000000	-0.000000	-51.553170	0.002000	1.216755	3.928351	-0.999955	-1.288701	-6.578030	0.000000
6.239432	1.000104	6117.789333	4078.946987	-0.000000	-0.000000	-51.553170	0.002000	1.216755	3.928351	-0.999955	-1.288701	-6.578030	0.000000
6.259432	1.000104	6117.789333	4078.946987	-0.000000	-0.000000	-51.553170	0.002000	1.216755	3.928351	-0.999955	-1.288701	-6.578030	0.000000
6.279432	1.000104	6117.789333	4078.946987	-0.000000	-0.000000	-51.553170	0.002000	1.216755	3.928351	-0.999955	-1.288701	-6.578030	0.000000
6.299432	1.000104	6117.789333	4078.946987	-0.000000	-0.000000	-51.553170	0.002000	1.216755	3.928351	-0.999955	-1.288701	-6.578030	0.000000
6.319432	1.000104	6117.789333	4078.946987	-0.000000	-0.000000	-51.553170	0.002000	1.216755	3.928351	-0.999955	-1.288701	-6.578030	0.000000
6.339432	1.000104	6117.789333	4078.946987	-0.000000	-0.000000	-51.553170	0.002000	1.216755	3.928351	-0.999955	-1.288701	-6.578030	0.000000
6.359432	1.000104	6117.789333	4078.946987	-0.000000	-0.000000	-51.553170	0.002000	1.216755	3.928351	-0.999955	-1.288701	-6.578030	0.000000
6.379432	1.000104	6117.789333	4078.946987	-0.000000	-0.000000	-51.553170	0.002000	1.216755	3.928351	-0.999955	-1.288701	-6.578030	0.000000
6.399432	1.000104	6117.789333	4078.946987	-0.000000	-0.000000	-51.553170	0.002000	1.216755	3.928351	-0.999955	-1.288701	-6.578030	0.000000
6.419432	1.000104	6117.789333	4078.946987	-0.000000	-0.000000	-51.553170	0.002000	1.216755	3.928351	-0.999955	-1.288701	-6.578030	0.000000
6.439432	1.000104	6117.789333	4078.946987	-0.000000	-0.000000	-51.553170	0.002000	1.216755	3.928351	-0.999955	-1.288701	-6.578030	0.000000
6.459432	1.000104	6117.789333	4078.946987	-0.000000	-0.000000	-51.553170	0.002000	1.216755	3.928351	-0.999955	-1.288701	-6.578030	0.000000
6.479432	1.000104	6117.789333	4078.946987	-0.000000	-0.000000	-51.553170	0.002000	1.216755	3.928351	-0.999955	-1.288701	-6.578030	0.000000
6.499432	1.000104	6117.789333	4078.946987	-0.000000	-0.000000	-51.553170	0.002000	1.216755	3.928351	-0.999955	-1.288701	-6.578030	0.000000
6.519432	1.000104	6117.789333	4078.946987	-0.000000	-0.000000	-51.553170	0.002000	1.216755	3.928351	-0.999955	-1.288701	-6.578030	0.000000
6.539432	1.000104	6117.789333	4078.946987	-0.000000	-0.000000	-51.553170	0.002000	1.216755	3.928351	-0.999955	-1.288701	-6.578030	0.000000
6.559432	1.000104	6117.789333	4078.946987	-0.000000	-0.000000	-51.553170	0.002000	1.216755	3.928351	-0.999955	-1.288701	-6.578030	0.000000
6.579432	1.000104	6117.789333	4078.946987	-0.000000	-0.000000	-51.553170	0.002000	1.216755	3.928351	-0.999955	-1.288701	-6.578030	0.000000
6.599432	1.000104	6117.789333	4078.946987	-0.000000	-0.000000	-51.553170	0.002000	1.216755	3.928351	-0.999955	-1.288701	-6.578030	0.000000
6.619432	1.000104	6117.789333	4078.946987	-0.000000	-0.000000	-51.553170	0.002000	1.216755	3.928351	-0.999955	-1.288701	-6.578030	0.000000
6.639432	1.000104	6117.789333	4078.946987	-0.000000	-0.000000	-51.553170	0.002000	1.216755	3.928351	-0.999955	-1.288701	-6.578030	0.000000
6.659432	1.000104	6117.789333	4078.946987	-0.000000	-0.000000	-51.553170	0.002000	1.216755	3.928351	-0.999955	-1.288701	-6.578030	0.000000
6.679432	1.000104	6117.789333	4078.946987	-0.000000	-0.000000	-51.553170	0.002000	1.216755	3.928351	-0.999955	-1.288701	-6.578030	0.000000
6.699432	1.000104	6117.789333	4078.946987	-0.000000	-0.000000	-51.553170	0.002000	1.216755	3.928351	-0.999955	-1.288701	-6.578030	0.000000
6.719432	1.000104	6117.789333	4078.946987	-0.000000	-0.000000	-51.553170	0.002000	1.216755	3.928351	-0.999955	-1.288701	-6.578030	0.000000
6.739432	1.000104	6117.789333	4078.946987	-0.000000	-0.000000	-51.553170	0.002000	1.216755	3.928351	-0.999955	-1.288701	-6.578030	0.000000
6.759432	1.000104	6117.789333	4078.946987	-0.000000	-0.000000	-51.553170	0.002000	1.216755	3.928351	-0.999955	-1.288701	-6.578030	0.000000
6.779432	1.000104	6117.789333	4078.946987	-0.000000	-0.000000	-51.553170	0.002000	1.216755	3.928351	-0.999955	-1.288701	-6.578030	0.000000
6.799432	1.000104	6117.789333	4078.946987	-0.000000	-0.000000	-51.553170	0.002000	1.216755	3.928351	-0.999955	-1.288701	-6.578030	0.000000
6.819432	1.000104	6117.789333	4078.946987	-0.000000	-0.000000	-51.553170	0.002000	1.216755	3.928351	-0.999955	-1.288701	-6.578030	0.000000
6.839432	1.000104	6117.789333	4078.946987	-0.000000	-0.000000	-51.553170	0.002000	1.216755	3.928351	-0.999955	-1.288701	-6.578030	0.000000
6.859432	1.000104	6117.789333	4078.946987	-0.000000	-0.000000	-51.553170	0.002000	1.216755	3.928351	-0.999955	-1.288701	-6.578030	0.000000
6.879432	1.000104	6117.789333	4078.946987	-0.000000	-0.000000	-51.553170	0.002000	1.216755	3.928351	-0.999955	-1.288701	-6.578030	0.000000
6.899432	1.000104	6117.789333	4078.946987	-0.000000	-0.000000	-51.553170	0.002000	1.216755	3.928351	-0.999955	-1.288701	-6.578030	0.000000
6.919432	1.000104	6117.789333	4078.946987	-0.000000	-0.000000	-51.553170	0.002000	1.216755	3.928351	-0.999955	-1.288701	-6.578030	0.000000
6.939432	1.000104	6117.789333	4078.946987	-0.000000	-0.000000	-51.553170	0.002000	1.216755	3.928351	-0.999955	-1.288701	-6.578030	0.000000
6.959432	1.000104	6117.789333	4078.946987	-0.000000	-0.000000	-51.553170	0.002000	1.216755	3.928351	-0.999955	-1.288701	-6.578030	0.000000
6.979432	1.000104	6117.789333	4078.946987	-0.000000	-0.000000	-51.553170	0.002000	1.216755	3.928351	-0.999955	-1.288701	-6.578030	0.000000
6.999432	1.000104	6117.789333	4078.946987	-0.000000	-0.000000	-51.553170	0.002000	1.216755	3.928351	-0.999955	-1.288701	-6.578030	0.000000
7.019432	1.000104	6117.789333	4078.946987	-0.000000	-0.000000	-51.553170	0.002000	1.216755	3.928351	-0.999955	-1.288701	-6.578030	0.000000
7.039432	1.000104	6117.789333	4078.946987	-0.000000	-0.000000	-51.553170	0.002000	1.216755	3.928351	-0.999955	-1.288701	-6.578030	0.000000
7.059432	1.000104	6117.789333	4078.946987	-0.000000	-0.000000	-51.553170	0.002000	1.216755	3.928351	-0.999955	-1.288701	-6.578030	0.000000
7.079432	1.000104	6117.789333	4078.946987	-0.000000	-0.000000	-51.553170	0.002000	1.216755	3.928351	-0.999955	-1.288701	-6.578030	0.000000
7.099432	1.000104	6117.789333	4078.946987	-0.000000	-0.000000	-51.553170	0.002000	1.216755	3.928351	-0.999955	-1.288701	-6.578030	0.000000
7.119432	1.000104	6117.789333	4078.946987	-0.000000	-0.000000	-51.553170	0.002000	1.216755	3.928351	-0.999955	-1.288701	-6.578030	0.000000
7.139432	1.000104	6117.789333	4078.946987	-0.000000	-0.000000	-51.553170	0.002000	1.216755	3.928351	-0.999955	-1.288701	-6.578030	0.000000
7.159432	1.000104	6117.789333	4078.946987	-0.000000	-0.000000	-51.553170	0.002000	1.216755	3.928351	-0.999955	-1.288701	-6.578030	0.000000
7.179432	1.000104	6117.789333	4078.946987	-0.000000	-0.000000	-51.553170	0.002000	1.216755	3.928351	-0.999955	-1.288701	-6.578030	0.000000
7.199432	1.000104	6117.789333	4078.946987	-0.000000	-0.000000	-51.553170	0.002000	1.216755	3.928351	-0.999955	-1.288701	-6.578030	0.000000
7.219432	1.000104	6117.789333	4078.946987	-0.000000	-0.000000	-51.553170	0.002000	1.216755	3.928351	-0.999955	-1.288701	-6.578030	0.000000
7.239432	1.000104	6117.789333	4078.946987	-0.000000	-0.000000	-51.553170	0.002000	1.216755	3.928351	-0.999955	-1.288701	-6.578030	0.000000
7.259432	1.000104	6117.789333	4078.946987	-0.000000	-0.000000	-51.553170	0.002000	1.216755	3.928351	-0.999955	-1.288701	-6.578030	0.000000
7.279432	1.000104	6117.789333	4078.946987	-0.000000	-0.000000	-51.553170	0.002000	1.216755	3.928351	-0.999955	-1.288701	-6.578030	0.000000
7.299432	1.000104	6117.789333	4078.946987	-0.000000	0.000000	-51.553170	0.002000	1.216755	3.928351	-0.999955	-1.288701	-6.578030	0.000000
7.319432	1.000104	6117.789333	4078.946987	-0.000000	0.000000	-51.553170	0.002000	1.216755	3.928351	-0.999955	-1.288701	-6.578030	0.000000
7.339432	1.000104	6117.789333	4078.946987	-0.000000	0.000000	-51.553170	0.002000	1.216755	3.928351	-0.999955	-1.288701	-6.578030	0.000000
7.359432	1.000104	6117.789333	4078.946987	-0.000000	0.000000	-51.553170	0.002000	1.216755	3.928351	-0.999955	-1.288701	-6.578030	0.000000
7.379432	1.000104	6117.789333	4078.946987	-0.000000	0.000000	-51.553170	0.002000	1.216755	3.928351	-0.999955	-1.288701	-6.578030	0.000000
7.399432	1.000104	6117.789333	4078.946987	-0.000000	0.000000	-51.553170	0.002000	1.216755	3.928351	-0.999955	-1.288701	-6.578030	0.000000
7.419432	1.000104	6117.789333	4078.946987	0.000000	0.000000	-51.553170	0.002000	1.216755	3.928351	-0.999955	-1.288701	-6.578030	0.000000
7.439432	1.000104	6117.789333	4078.946987	0.000000	0.000000	-51.553170	0.002000	1.216755	3.928351	-0.999955	-1.288701	-6.578030	0.000000
7.459432	1.000104	6117.789333	4078.946987	-0.000000	0.000002	-51.553170	0.002000	1.216755	3.928351	-0.999955	-1.288701	-6.578030	0.000000
7.479432	1.000104	6117.789333	4078.946987	-0.000000	0.000009	-51.553170	0.002000	1.216755	3.928351	-0.999955	-1.288701	-6.578030	0.000000
7.499432	1.000104	6117.789333	4078.946987	-0.000001	0.000048	-51.553170	0.002000	1.216755	3.928351	-0.999955	-1.288701	-6.578030	0.000000
7.519432	1.000104	6117.789333	4078.946987	-0.000004	0.000267	-51.553170	0.002000	1.216755	3.928351	-0.999955	-1.288701	-6.578030	0.000000
7.539432	1.000104	6117.789333	4078.946987	-0.000024	0.001542	-51.553170	0.002000	1.216755	3.928351	-0.999955	-1.288701	-6.578030	0.000000
7.559432	1.000104	6117.789333	4078.946987	-0.000117	0.010073	-51.553170	0.002000	1.216755	3.928351	-0.999955	-1.288701	-6.578030	0.000000
7.579432	1.000104	6117.789333	4078.946987	-0.000530	0.071753	-51.553170	0.002000	1.216755	3.928351	-0.999955	-1.288701	-6.578030	0.000000
7.599432	1.000104	6117.789334	4078.946988	-0.002430	0.517204	-51.553170	0.002000	1.216755	3.928351	-0.999955	-1.288701	-6.578030	0.000000
7.619432	1.000104	6117.789346	4078.946996	-0.012599	3.542069	-51.553170	0.002000	1.216755	3.928351	-0.999955	-1.288701	-6.578030	0.000000
7.639432	1.000104	6117.789429	4078.947055	-0.079830	22.282060	-51.553170	0.002000	1.216755	3.928351	-0.999955	-1.288701	-6.578030	0.000000
7.659432	1.000104	6117.789937	4078.947445	-0.555078	126.716811	-51.553170	0.002000	1.216755	3.928351	-0.999955	-1.288701	-6.578030	0.000000
7.679432	1.000104	6117.792737	4078.949773	-3.600592	642.405640	-51.553172	0.002000	1.216755	3.928351	-0.999955	-1.288701	-6.578030	0.000000
7.699432	1.000105	6117.806379	4078.962082	-20.938313	2855.301119	-51.553184	0.002000	1.216755	3.928352	-0.999955	-1.288701	-6.578030	0.000000
7.719432	1.000111	6117.864173	4079.019237	-107.725714	10886.592038	-51.553255	0.002000	1.216755	3.928356	-0.999952	-1.288701	-6.578028	0.000000
7.739432	1.000136	6118.068417	4079.248178	-461.634690	33932.503577	-51.553610	0.002000	1.216755	3.928371	-0.999942	-1.288701	-6.578023	0.000000
7.759431	1.000234	6118.615008	4079.990380	-1597.942393	75379.907860	-51.555130	0.002000	1.216755	3.928410	-0.999901	-1.288701	-6.578001	0.000000
7.779428	1.000529	6119.370612	4081.671174	-4418.902655	51688.828028	-51.560621	0.001999	1.216755	3.928463	-0.999776	-1.288701	-6.577937	0.000000
7.799416	1.001138	6117.147267	4082.772341	-7213.366997	-479492.532219	-51.574316	0.001998	1.216755	3.928305	-0.999514	-1.288701	-6.577819	0.000000
7.819385	1.000963	6098.101704	4070.032655	8743.434589	-2666310.108514	-51.591562	0.001998	1.216755	3.926951	-0.999571	-1.288702	-6.577964	0.000000
7.839356	0.992902	6035.279785	3997.778634	84855.670765	-7409727.565077	-51.563354	0.002014	1.216755	3.922454	-1.002972	-1.288702	-6.580079	0.000000
7.859610	0.965862	5908.085490	3811.018881	242819.966504	-13027200.531753	-51.227121	0.002071	1.216755	3.913203	-1.014646	-1.288701	-6.587578	0.000000
7.880767	0.921347	5779.216170	3559.984579	551832.369719	-14628778.416927	-50.001499	0.002171	1.216755	3.903625	-1.034710	-1.288701	-6.603375	0.000000
7.902735	0.641805	5984.424214	2566.826562	1164622.746320	-2206893.957653	-47.851291	0.003116	1.216755	3.918778	-1.191590	-1.288696	-6.739735	0.000000
-0.001106	8.901117	15383.283952	90781.406578	1525729.072491	0.070000	1.079432	0.000225	1.000000	4.273761	-0.057000	-313.648483	-inf	0.000000
-0.003327	8.184706	15612.023784	84213.647357	1817395.920931	0.070000	2.554657	0.000244	1.000000	4.247258	-0.094909	-313.648483	-inf	0.000000
-0.006019	6.661246	17243.045571	75574.896599	3132792.787740	0.070000	4.475423	0.000300	1.000000	4.322270	-0.187282	-313.648483	-inf	0.000000
-0.009541	4.584499	21299.258950	64188.706138	11182573.202203	0.070000	9.046543	0.000436	1.000000	4.431932	-0.352982	-313.648483	-inf	0.000000
-0.016259	2.704797	28996.953122	51498.724505	18700397.095709	0.070000	19.044731	0.000739	1.000000	4.581647	-0.583382	-313.648483	-inf	0.000000
-0.027014	1.730112	31392.049270	34642.659591	22162884.694838	0.070000	31.184304	0.001156	1.000000	4.633785	-0.774429	-313.648483	-inf	0.000000
-0.041980	1.268356	19437.773559	15247.315885	16057673.579732	0.070000	42.539336	0.001577	1.000000	4.430307	-0.904564	-313.648483	-inf	0.000000
-0.060068	1.079943	9404.861512	6425.287755	6377743.387991	0.070000	48.853669	0.001852	1.000000	4.115109	-0.969844	-313.648483	-inf	0.000000
-0.079559	1.019602	6627.920967	4444.777476	1673597.719086	0.070000	50.948866	0.001962	1.000000	3.963134	-0.992520	-313.648483	-inf	0.000000
-0.099453	1.004115	6189.091942	4134.022614	337928.178480	0.070000	51.442900	0.001992	1.000000	3.933383	-0.998436	-313.648483	-inf	0.000000
-0.119435	1.000812	6128.464781	4087.540222	57418.647407	0.070000	51.536103	0.001998	1.000000	3.929108	-0.999690	-313.648483	-inf	0.000000
-0.139433	1.000212	6119.444258	4080.263699	8224.046440	0.070000	51.550927	0.002000	1.000000	3.928469	-0.999915	-313.648483	-inf	0.000000
-0.159432	1.000118	6118.037475	4079.135416	1008.587155	0.070000	51.552919	0.002000	1.000000	3.928369	-0.999950	-313.648483	-inf	0.000000
-0.179432	1.000106	6117.823802	4078.971542	105.015445	0.070000	51.553147	0.002000	1.000000	3.928354	-0.999954	-313.648483	-inf	0.000000
-0.199432	1.000104	6117.793688	4078.949867	8.987400	0.070000	51.553169	0.002000	1.000000	3.928351	-0.999955	-313.648483	-inf	0.000000
-0.219432	1.000104	6117.789828	4078.947288	0.595166	0.070000	51.553170	0.002000	1.000000	3.928351	-0.999955	-313.648483	-inf	0.000000
-0.239432	1.000104	6117.789383	4078.947015	0.030318	0.070000	51.553170	0.002000	1.000000	3.928351	-0.999955	-313.648483	-inf	0.000000
-0.259432	1.000104	6117.789337	4078.946989	0.003062	0.070000	51.553170	0.002000	1.000000	3.928351	-0.999955	-313.648483	-inf	0.000000
-0.279432	1.000104	6117.789333	4078.946987	0.000939	0.070000	51.553170	0.002000	1.000000	3.928351	-0.999955	-313.648483	-inf	0.000000
-0.299432	1.000104	6117.789333	4078.946987	0.000244	0.070000	51.553170	0.002000	1.000000	3.928351	-0.999955	-313.648483	-inf	0.000000
-0.319432	1.000104	6117.789333	4078.946987	0.000048	0.070000	51.553170	0.002000	1.000000	3.928351	-0.999955	-313.648483	-inf	0.000000
-0.339432	1.000104	6117.789333	4078.946987	0.000008	0.070000	51.553170	0.002000	1.000000	3.928351	-0.999955	-313.648483	-inf	0.000000
-0.359432	1.000104	6117.789333	4078.946987	0.000001	0.070000	51.553170	0.002000	1.000000	3.928351	-0.999955	-313.648483	-inf	0.000000
