0.000557	17.517447	10993.926500	128235.298472	99210.686352	143566115.370445	-0.166396	0.000114	1.216755	4.126399	0.241910	-0.889935	-5.897644	0.000000
0.001713	16.481201	11379.885296	124689.003402	230798.154787	181919618.333996	-0.524196	0.000121	1.216755	4.108397	0.214693	-0.753475	-5.911361	0.000000
0.002985	14.658587	12032.669463	117171.071540	453619.750255	290375393.370636	-0.988125	0.000136	1.216755	4.163099	0.163269	-0.878117	-5.965660	0.000000
0.004468	12.325246	13045.767400	106707.480814	878623.603794	468143523.084754	-1.668977	0.000162	1.216755	4.212109	0.087352	-0.947576	-6.033088	0.000000
0.006304	9.921993	14332.755999	94307.963795	1235110.934155	721472099.779782	-2.693153	0.000202	1.216755	4.256414	-0.007464	-0.966458	-6.095800	0.000000
0.008632	7.594976	16194.884749	81484.797750	2586466.482079	1097623729.229122	-4.183427	0.000263	1.216755	4.311619	-0.124810	-0.978673	-6.161666	0.000000
0.011865	5.347760	19178.065589	67823.618803	6918566.329046	1774005679.366756	-7.484222	0.000374	1.216755	4.388434	-0.278955	-0.998516	-6.227221	0.000000
0.016886	3.526594	23687.564824	55242.970627	11767518.706453	2624811475.047644	-13.678667	0.000567	1.216755	4.487390	-0.460650	-1.043939	-6.287375	0.000000
0.024656	2.328532	29482.041206	45317.700499	16448365.059939	3332703969.782709	-22.359868	0.000859	1.216755	4.595627	-0.640486	-1.140119	-6.343320	0.000000
0.036014	1.616727	28689.534179	30110.014317	19407826.014778	3826892022.974818	-33.425897	0.001237	1.216755	4.596672	-0.797682	-1.258305	-6.358078	0.000000
0.051380	1.234006	16926.157520	13359.461599	13649080.175815	2770000683.431901	-43.717944	0.001621	1.216755	4.370277	-0.912663	-1.288276	-6.328158	0.000000
0.069671	1.070369	8665.100174	6027.139346	5266795.685493	901976552.002805	-49.232812	0.001869	1.216755	4.079531	-0.972119	-1.288711	-6.331788	0.000000
0.089217	1.017407	6528.749073	4400.489137	1388168.680005	162839894.720993	-51.025848	0.001966	1.216755	3.956588	-0.992989	-1.288711	-6.337706	0.000000
0.109121	1.003738	6180.385201	4131.217342	287361.317668	24265289.004913	-51.453866	0.001993	1.216755	3.932773	-0.998493	-1.288711	-6.338945	0.000000
0.129104	1.000768	6128.137022	4087.817146	50618.195972	3836715.257979	-51.537018	0.001998	1.216755	3.929086	-0.999689	-1.288711	-6.339158	0.000000
0.149102	1.000210	6119.744613	4080.560869	7704.744178	643250.328226	-51.550867	0.002000	1.216755	3.928491	-0.999913	-1.288711	-6.339193	0.000000
0.169101	1.000119	6118.342602	4079.358745	1039.053883	106888.889261	-51.552876	0.002000	1.216755	3.928391	-0.999949	-1.288711	-6.339199	0.000000
0.189101	1.000106	6118.114915	4079.170392	126.568346	16781.864812	-51.553136	0.002000	1.216755	3.928375	-0.999954	-1.288711	-6.339200	0.000000
0.209101	1.000104	6118.080205	4079.142942	14.322227	2456.855057	-51.553166	0.002000	1.216755	3.928373	-0.999955	-1.288711	-6.339200	0.000000
0.229101	1.000104	6118.075275	4079.139215	1.594077	336.182142	-51.553170	0.002000	1.216755	3.928372	-0.999955	-1.288711	-6.339200	0.000000
0.249101	1.000104	6118.074620	4079.138739	0.192007	43.492090	-51.553170	0.002000	1.216755	3.928372	-0.999955	-1.288711	-6.339200	0.000000
0.269101	1.000104	6118.074538	4079.138680	0.027038	5.433082	-51.553170	0.002000	1.216755	3.928372	-0.999955	-1.288711	-6.339200	0.000000
0.289101	1.000104	6118.074528	4079.138673	0.004323	0.676348	-51.553170	0.002000	1.216755	3.928372	-0.999955	-1.288711	-6.339200	0.000000
0.309101	1.000104	6118.074526	4079.138672	0.000713	0.086977	-51.553170	0.002000	1.216755	3.928372	-0.999955	-1.288711	-6.339200	0.000000
0.329101	1.000104	6118.074526	4079.138672	0.000113	0.011825	-51.553170	0.002000	1.216755	3.928372	-0.999955	-1.288711	-6.339200	0.000000
0.349101	1.000104	6118.074526	4079.138672	0.000017	0.001690	-51.553170	0.002000	1.216755	3.928372	-0.999955	-1.288711	-6.339200	0.000000
0.369101	1.000104	6118.074526	4079.138672	0.000002	0.000247	-51.553170	0.002000	1.216755	3.928372	-0.999955	-1.288711	-6.339200	0.000000
0.389101	1.000104	6118.074526	4079.138672	0.000000	0.000035	-51.553170	0.002000	1.216755	3.928372	-0.999955	-1.288711	-6.339200	0.000000
0.409101	1.000104	6118.074526	4079.138672	0.000000	0.000005	-51.553170	0.002000	1.216755	3.928372	-0.999955	-1.288711	-6.339200	0.000000
0.429101	1.000104	6118.074526	4079.138672	0.000000	0.000001	-51.553170	0.002000	1.216755	3.928372	-0.999955	-1.288711	-6.339200	0.000000
0.449101	1.000104	6118.074526	4079.138672	-0.000000	0.000000	-51.553170	0.002000	1.216755	3.928372	-0.999955	-1.288711	-6.339200	0.000000
0.469101	1.000104	6118.074526	4079.138672	-0.000000	-0.000001	-51.553170	0.002000	1.216755	3.928372	-0.999955	-1.288711	-6.339200	0.000000
0.489101	1.000104	6118.074526	4079.138672	0.000000	-0.000000	-51.553170	0.002000	1.216755	3.928372	-0.999955	-1.288711	-6.339200	0.000000
0.509101	1.000104	6118.074526	4079.138672	0.000000	0.000000	-51.553170	0.002000	1.216755	3.928372	-0.999955	-1.288711	-6.339200	0.000000
0.529101	1.000104	6118.074526	4079.138672	-0.000000	-0.000000	-51.553170	0.002000	1.216755	3.928372	-0.999955	-1.288711	-6.339200	0.000000
0.549101	1.000104	6118.074526	4079.138672	0.000000	0.000000	-51.553170	0.002000	1.216755	3.928372	-0.999955	-1.288711	-6.339200	0.000000
0.569101	1.000104	6118.074526	4079.138672	-0.000000	0.000000	-51.553170	0.002000	1.216755	3.928372	-0.999955	-1.288711	-6.339200	0.000000
0.589101	1.000104	6118.074526	4079.138672	-0.000000	-0.000000	-51.553170	0.002000	1.216755	3.928372	-0.999955	-1.288711	-6.339200	0.000000
0.609101	1.000104	6118.074526	4079.138672	0.000000	0.000000	-51.553170	0.002000	1.216755	3.928372	-0.999955	-1.288711	-6.339200	0.000000
0.629101	1.000104	6118.074526	4079.138672	0.000000	0.000000	-51.553170	0.002000	1.216755	3.928372	-0.999955	-1.288711	-6.339200	0.000000
0.649101	1.000104	6118.074526	4079.138672	-0.000000	0.000000	-51.553170	0.002000	1.216755	3.928372	-0.999955	-1.288711	-6.339200	0.000000
0.669101	1.000104	6118.074526	4079.138672	-0.000000	0.000000	-51.553170	0.002000	1.216755	3.928372	-0.999955	-1.288711	-6.339200	0.000000
0.689101	1.000104	6118.074526	4079.138672	0.000000	0.000000	-51.553170	0.002000	1.216755	3.928372	-0.999955	-1.288711	-6.339200	0.000000
0.709101	1.000104	6118.074526	4079.138672	-0.000000	0.000000	-51.553170	0.002000	1.216755	3.928372	-0.999955	-1.288711	-6.339200	0.000000
0.729101	1.000104	6118.074526	4079.138672	-0.000000	0.000000	-51.553170	0.002000	1.216755	3.928372	-0.999955	-1.288711	-6.339200	0.000000
0.749101	1.000104	6118.074526	4079.138672	-0.000000	0.000000	-51.553170	0.002000	1.216755	3.928372	-0.999955	-1.288711	-6.339200	0.000000
0.769101	1.000104	6118.074526	4079.138672	-0.000000	0.000000	-51.553170	0.002000	1.216755	3.928372	-0.999955	-1.288711	-6.339200	0.000000
0.789101	1.000104	6118.074526	4079.138672	-0.000000	0.000000	-51.553170	0.002000	1.216755	3.928372	-0.999955	-1.288711	-6.339200	0.000000
0.809101	1.000104	6118.074526	4079.138672	-0.000000	0.000000	-51.553170	0.002000	1.216755	3.928372	-0.999955	-1.288711	-6.339200	0.000000
0.829101	1.000104	6118.074526	4079.138672	-0.000000	0.000000	-51.553170	0.002000	1.216755	3.928372	-0.999955	-1.288711	-6.339200	0.000000
0.849101	1.000104	6118.074526	4079.138672	-0.000000	0.000000	-51.553170	0.002000	1.216755	3.928372	-0.999955	-1.288711	-6.339200	0.000000
0.869101	1.000104	6118.074526	4079.138672	-0.000000	0.000000	-51.553170	0.002000	1.216755	3.928372	-0.999955	-1.288711	-6.339200	0.000000
0.889101	1.000104	6118.074526	4079.138672	-0.000000	0.000000	-51.553170	0.002000	1.216755	3.928372	-0.999955	-1.288711	-6.339200	0.000000
0.909101	1.000104	6118.074526	4079.138672	-0.000000	0.000000	-51.553170	0.002000	1.216755	3.928372	-0.999955	-1.288711	-6.339200	0.000000
0.929101	1.000104	6118.074526	4079.138672	-0.000000	0.000000	-51.553170	0.002000	1.216755	3.928372	-0.999955	-1.288711	-6.339200	0.000000
0.949101	1.000104	6118.074526	4079.138672	-0.000000	0.000000	-51.553170	0.002000	1.216755	3.928372	-0.999955	-1.288711	-6.339200	0.000000
0.969101	1.000104	6118.074526	4079.138672	-0.000000	0.000000	-51.553170	0.002000	1.216755	3.928372	-0.999955	-1.288711	-6.339200	0.000000
0.989101	1.000104	6118.074526	4079.138672	-0.000000	0.000000	-51.553170	0.002000	1.216755	3.928372	-0.999955	-1.288711	-6.339200	0.000000
1.009101	1.000104	6118.074526	4079.138672	-0.000000	0.000000	-51.553170	0.002000	1.216755	3.928372	-0.999955	-1.288711	-6.339200	0.000000
1.029101	1.000104	6118.074526	4079.138672	0.000000	0.000000	-51.553170	0.002000	1.216755	3.928372	-0.999955	-1.288711	-6.339200	0.000000
1.049101	1.000104	6118.074526	4079.138672	0.000000	0.000000	-51.553170	0.002000	1.216755	3.928372	-0.999955	-1.288711	-6.339200	0.000000
1.069101	1.000104	6118.074526	4079.138672	0.000000	0.000000	-51.553170	0.002000	1.216755	3.928372	-0.999955	-1.288711	-6.339200	0.000000
1.089101	1.000104	6118.074526	4079.138672	-0.000000	0.000001	-51.553170	0.002000	1.216755	3.928372	-0.999955	-1.288711	-6.339200	0.000000
1.109101	1.000104	6118.074526	4079.138672	-0.000000	-0.000000	-51.553170	0.002000	1.216755	3.928372	-0.999955	-1.288711	-6.339200	0.000000
1.129101	1.000104	6118.074526	4079.138672	-0.000000	-0.000001	-51.553170	0.002000	1.216755	3.928372	-0.999955	-1.288711	-6.339200	0.000000
1.149101	1.000104	6118.074526	4079.138672	0.000000	-0.000000	-51.553170	0.002000	1.216755	3.928372	-0.999955	-1.288711	-6.339200	0.000000
1.169101	1.000104	6118.074526	4079.138672	-0.000000	0.000000	-51.553170	0.002000	1.216755	3.928372	-0.999955	-1.288711	-6.339200	0.000000
1.189101	1.000104	6118.074526	4079.138672	0.000000	-0.000000	-51.553170	0.002000	1.216755	3.928372	-0.999955	-1.288711	-6.339200	0.000000
1.209101	1.000104	6118.074526	4079.138672	0.000000	-0.000000	-51.553170	0.002000	1.216755	3.928372	-0.999955	-1.288711	-6.339200	0.000000
1.229101	1.000104	6118.074526	4079.138672	0.000000	0.000000	-51.553170	0.002000	1.216755	3.928372	-0.999955	-1.288711	-6.339200	0.000000
1.249101	1.000104	6118.074526	4079.138672	-0.000000	0.000000	-51.553170	0.002000	1.216755	3.928372	-0.999955	-1.288711	-6.339200	0.000000
1.269101	1.000104	6118.074526	4079.138672	-0.000000	-0.000000	-51.553170	0.002000	1.216755	3.928372	-0.999955	-1.288711	-6.339200	0.000000
1.289101	1.000104	6118.074526	4079.138672	-0.000000	-0.000000	-51.553170	0.002000	1.216755	3.928372	-0.999955	-1.288711	-6.339200	0.000000
1.309101	1.000104	6118.074526	4079.138672	0.000000	0.000000	-51.553170	0.002000	1.216755	3.928372	-0.999955	-1.288711	-6.339200	0.000000
1.329101	1.000104	6118.074526	4079.138672	0.000000	0.000000	-51.553170	0.002000	1.216755	3.928372	-0.999955	-1.288711	-6.339200	0.000000
1.349101	1.000104	6118.074526	4079.138672	0.000000	0.000000	-51.553170	0.002000	1.216755	3.928372	-0.999955	-1.288711	-6.339200	0.000000
1.369101	1.000104	6118.074526	4079.138672	-0.000000	0.000000	-51.553170	0.002000	1.216755	3.928372	-0.999955	-1.288711	-6.339200	0.000000
1.389101	1.000104	6118.074526	4079.138672	-0.000000	0.000000	-51.553170	0.002000	1.216755	3.928372	-0.999955	-1.288711	-6.339200	0.000000
1.409101	1.000104	6118.074526	4079.138672	-0.000000	0.000000	-51.553170	0.002000	1.216755	3.928372	-0.999955	-1.288711	-6.339200	0.000000
1.429101	1.000104	6118.074526	4079.138672	-0.000000	0.000000	-51.553170	0.002000	1.216755	3.928372	-0.999955	-1.288711	-6.339200	0.000000
1.449101	1.000104	6118.074526	4079.138672	-0.000000	0.000000	-51.553170	0.002000	1.216755	3.928372	-0.999955	-1.288711	-6.339200	0.000000
1.469101	1.000104	6118.074526	4079.138672	-0.000000	0.000000	-51.553170	0.002000	1.216755	3.928372	-0.999955	-1.288711	-6.339200	0.000000
1.489101	1.000104	6118.074526	4079.138672	-0.000000	0.000000	-51.553170	0.002000	1.216755	3.928372	-0.999955	-1.288711	-6.339200	0.000000
1.509101	1.000104	6118.074526	4079.138672	-0.000000	0.000000	-51.553170	0.002000	1.216755	3.928372	-0.999955	-1.288711	-6.339200	0.000000
1.529101	1.000104	6118.074526	4079.138672	-0.000000	0.000000	-51.553170	0.002000	1.216755	3.928372	-0.999955	-1.288711	-6.339200	0.000000
1.549101	1.000104	6118.074526	4079.138672	-0.000000	0.000000	-51.553170	0.002000	1.216755	3.928372	-0.999955	-1.288711	-6.339200	0.000000
1.569101	1.000104	6118.074526	4079.138672	-0.000000	0.000000	-51.553170	0.002000	1.216755	3.928372	-0.999955	-1.288711	-6.339200	0.000000
1.589101	1.000104	6118.074526	4079.138672	-0.000000	0.000000	-51.553170	0.002000	1.216755	3.928372	-0.999955	-1.288711	-6.339200	0.000000
1.609101	1.000104	6118.074526	4079.138672	-0.000000	0.000000	-51.553170	0.002000	1.216755	3.928372	-0.999955	-1.288711	-6.339200	0.000000
1.629101	1.000104	6118.074526	4079.138672	-0.000000	0.000000	-51.553170	0.002000	1.216755	3.928372	-0.999955	-1.288711	-6.339200	0.000000
1.649101	1.000104	6118.074526	4079.138672	-0.000000	0.000000	-51.553170	0.002000	1.216755	3.928372	-0.999955	-1.288711	-6.339200	0.000000
1.669101	1.000104	6118.074526	4079.138672	-0.000000	0.000000	-51.553170	0.002000	1.216755	3.928372	-0.999955	-1.288711	-6.339200	0.000000
1.689101	1.000104	6118.074526	4079.138672	-0.000000	0.000000	-51.553170	0.002000	1.216755	3.928372	-0.999955	-1.288711	-6.339200	0.000000
1.709101	1.000104	6118.074526	4079.138672	-0.000000	0.000000	-51.553170	0.002000	1.216755	3.928372	-0.999955	-1.288711	-6.339200	0.000000
1.729101	1.000104	6118.074526	4079.138672	-0.000000	0.000000	-51.553170	0.002000	1.216755	3.928372	-0.999955	-1.288711	-6.339200	0.000000
1.749101	1.000104	6118.074526	4079.138672	-0.000000	0.000000	-51.553170	0.002000	1.216755	3.928372	-0.999955	-1.288711	-6.339200	0.000000
1.769101	1.000104	6118.074526	4079.138672	-0.000000	0.000000	-51.553170	0.002000	1.216755	3.928372	-0.999955	-1.288711	-6.339200	0.000000
1.789101	1.000104	6118.074526	4079.138672	-0.000000	0.000000	-51.553170	0.002000	1.216755	3.928372	-0.999955	-1.288711	-6.339200	0.000000
1.809101	1.000104	6118.074526	4079.138672	-0.000000	0.000000	-51.553170	0.002000	1.216755	3.928372	-0.999955	-1.288711	-6.339200	0.000000
1.829101	1.000104	6118.074526	4079.138672	-0.000000	0.000000	-51.553170	0.002000	1.216755	3.928372	-0.999955	-1.288711	-6.339200	0.000000
1.849101	1.000104	6118.074526	4079.138672	-0.000000	0.000000	-51.553170	0.002000	1.216755	3.928372	-0.999955	-1.288711	-6.339200	0.000000
1.869101	1.000104	6118.074526	4079.138672	-0.000000	0.000000	-51.553170	0.002000	1.216755	3.928372	-0.999955	-1.288711	-6.339200	0.000000
1.889101	1.000104	6118.074526	4079.138672	-0.000000	0.000000	-51.553170	0.002000	1.216755	3.928372	-0.999955	-1.288711	-6.339200	0.000000
1.909101	1.000104	6118.074526	4079.138672	-0.000000	0.000000	-51.553170	0.002000	1.216755	3.928372	-0.999955	-1.288711	-6.339200	0.000000
1.929101	1.000104	6118.074526	4079.138672	-0.000000	0.000000	-51.553170	0.002000	1.216755	3.928372	-0.999955	-1.288711	-6.339200	0.000000
1.949101	1.000104	6118.074526	4079.138672	-0.000000	0.000000	-51.553170	0.002000	1.216755	3.928372	-0.999955	-1.288711	-6.339200	0.000000
1.969101	1.000104	6118.074526	4079.138672	-0.000000	0.000000	-51.553170	0.002000	1.216755	3.928372	-0.999955	-1.288711	-6.339200	0.000000
1.989101	1.000104	6118.074526	4079.138672	-0.000000	0.000000	-51.553170	0.002000	1.216755	3.928372	-0.999955	-1.288711	-6.339200	0.000000
2.009101	1.000104	6118.074526	4079.138672	-0.000000	0.000000	-51.553170	0.002000	1.216755	3.928372	-0.999955	-1.288711	-6.339200	0.000000
2.029101	1.000104	6118.074526	4079.138672	-0.000000	0.000000	-51.553170	0.002000	1.216755	3.928372	-0.999955	-1.288711	-6.339200	0.000000
2.049101	1.000104	6118.074526	4079.138672	-0.000000	0.000000	-51.553170	0.002000	1.216755	3.928372	-0.999955	-1.288711	-6.339200	0.000000
2.069101	1.000104	6118.074526	4079.138672	-0.000000	0.000000	-51.553170	0.002000	1.216755	3.928372	-0.999955	-1.288711	-6.339200	0.000000
2.089101	1.000104	6118.074526	4079.138672	-0.000000	0.000000	-51.553170	0.002000	1.216755	3.928372	-0.999955	-1.288711	-6.339200	0.000000
2.109101	1.000104	6118.074526	4079.138672	-0.000000	0.000000	-51.553170	0.002000	1.216755	3.928372	-0.999955	-1.288711	-6.339200	0.000000
2.129101	1.000104	6118.074526	4079.138672	-0.000000	0.000000	-51.553170	0.002000	1.216755	3.928372	-0.999955	-1.288711	-6.339200	0.000000
2.149101	1.000104	6118.074526	4079.138672	-0.000000	0.000000	-51.553170	0.002000	1.216755	3.928372	-0.999955	-1.288711	-6.339200	0.000000
2.169101	1.000104	6118.074526	4079.138672	-0.000000	0.000000	-51.553170	0.002000	1.216755	3.928372	-0.999955	-1.288711	-6.339200	0.000000
2.189101	1.000104	6118.074526	4079.138672	-0.000000	0.000000	-51.553170	0.002000	1.216755	3.928372	-0.999955	-1.288711	-6.339200	0.000000
2.209101	1.000104	6118.074526	4079.138672	-0.000000	0.000000	-51.553170	0.002000	1.216755	3.928372	-0.999955	-1.288711	-6.339200	0.000000
2.229101	1.000104	6118.074526	4079.138672	-0.000000	0.000000	-51.553170	0.002000	1.216755	3.928372	-0.999955	-1.288711	-6.339200	0.000000
2.249101	1.000104	6118.074526	4079.138672	0.000000	0.000000	-51.553170	0.002000	1.216755	3.928372	-0.999955	-1.288711	-6.339200	0.000000
2.269101	1.000104	6118.074526	4079.138672	0.000000	0.000000	-51.553170	0.002000	1.216755	3.928372	-0.999955	-1.288711	-6.339200	0.000000
2.289101	1.000104	6118.074526	4079.138672	0.000000	0.000000	-51.553170	0.002000	1.216755	3.928372	-0.999955	-1.288711	-6.339200	0.000000
2.309101	1.000104	6118.074526	4079.138672	-0.000000	-0.000000	-51.553170	0.002000	1.216755	3.928372	-0.999955	-1.288711	-6.339200	0.000000
2.329101	1.000104	6118.074526	4079.138672	-0.000000	-0.000001	-51.553170	0.002000	1.216755	3.928372	-0.999955	-1.288711	-6.339200	0.000000
2.349101	1.000104	6118.074526	4079.138672	0.000000	-0.000001	-51.553170	0.002000	1.216755	3.928372	-0.999955	-1.288711	-6.339200	0.000000
2.369101	1.000104	6118.074526	4079.138672	0.000000	0.000001	-51.553170	0.002000	1.216755	3.928372	-0.999955	-1.288711	-6.339200	0.000000
2.389101	1.000104	6118.074526	4079.138672	0.000000	0.000000	-51.553170	0.002000	1.216755	3.928372	-0.999955	-1.288711	-6.339200	0.000000
2.409101	1.000104	6118.074526	4079.138672	0.000000	0.000001	-51.553170	0.002000	1.216755	3.928372	-0.999955	-1.288711	-6.339200	0.000000
2.429101	1.000104	6118.074526	4079.138672	-0.000000	0.000000	-51.553170	0.002000	1.216755	3.928372	-0.999955	-1.288711	-6.339200	0.000000
2.449101	1.000104	6118.074526	4079.138672	0.000000	0.000000	-51.553170	0.002000	1.216755	3.928372	-0.999955	-1.288711	-6.339200	0.000000
2.469101	1.000104	6118.074526	4079.138672	-0.000000	0.000001	-51.553170	0.002000	1.216755	3.928372	-0.999955	-1.288711	-6.339200	0.000000
2.489101	1.000104	6118.074526	4079.138672	-0.000000	-0.000001	-51.553170	0.002000	1.216755	3.928372	-0.999955	-1.288711	-6.339200	0.000000
2.509101	1.000104	6118.074526	4079.138672	0.000000	-0.000001	-51.553170	0.002000	1.216755	3.928372	-0.999955	-1.288711	-6.339200	0.000000
2.529101	1.000104	6118.074526	4079.138672	0.000000	-0.000000	-51.553170	0.002000	1.216755	3.928372	-0.999955	-1.288711	-6.339200	0.000000
2.549101	1.000104	6118.074526	4079.138672	0.000000	0.000000	-51.553170	0.002000	1.216755	3.928372	-0.999955	-1.288711	-6.339200	0.000000
2.569101	1.000104	6118.074526	4079.138672	-0.000000	0.000000	-51.553170	0.002000	1.216755	3.928372	-0.999955	-1.288711	-6.339200	0.000000
2.589101	1.000104	6118.074526	4079.138672	-0.000000	0.000000	-51.553170	0.002000	1.216755	3.928372	-0.999955	-1.288711	-6.339200	0.000000
2.609101	1.000104	6118.074526	4079.138672	-0.000000	0.000000	-51.553170	0.002000	1.216755	3.928372	-0.999955	-1.288711	-6.339200	0.000000
2.629101	1.000104	6118.074526	4079.138672	-0.000000	0.000000	-51.553170	0.002000	1.216755	3.928372	-0.999955	-1.288711	-6.339200	0.000000
2.649101	1.000104	6118.074526	4079.138672	-0.000000	0.000000	-51.553170	0.002000	1.216755	3.928372	-0.999955	-1.288711	-6.339200	0.000000
2.669101	1.000104	6118.074526	4079.138672	-0.000000	0.000000	-51.553170	0.002000	1.216755	3.928372	-0.999955	-1.288711	-6.339200	0.000000
2.689101	1.000104	6118.074526	4079.138672	-0.000000	0.000000	-51.553170	0.002000	1.216755	3.928372	-0.999955	-1.288711	-6.339200	0.000000
2.709101	1.000104	6118.074526	4079.138672	-0.000000	0.000000	-51.553170	0.002000	1.216755	3.928372	-0.999955	-1.288711	-6.339200	0.000000
2.729101	1.000104	6118.074526	4079.138672	-0.000000	0.000000	-51.553170	0.002000	1.216755	3.928372	-0.999955	-1.288711	-6.339200	0.000000
2.749101	1.000104	6118.074526	4079.138672	-0.000000	0.000000	-51.553170	0.002000	1.216755	3.928372	-0.999955	-1.288711	-6.339200	0.000000
2.769101	1.000104	6118.074526	4079.138672	-0.000000	0.000000	-51.553170	0.002000	1.216755	3.928372	-0.999955	-1.288711	-6.339200	0.000000
2.789101	1.000104	6118.074526	4079.138672	-0.000000	0.000000	-51.553170	0.002000	1.216755	3.928372	-0.999955	-1.288711	-6.339200	0.000000
2.809101	1.000104	6118.074526	4079.138672	-0.000000	0.000000	-51.553170	0.002000	1.216755	3.928372	-0.999955	-1.288711	-6.339200	0.000000
2.829101	1.000104	6118.074526	4079.138672	-0.000000	0.000000	-51.553170	0.002000	1.216755	3.928372	-0.999955	-1.288711	-6.339200	0.000000
2.849101	1.000104	6118.074526	4079.138672	-0.000000	0.000000	-51.553170	0.002000	1.216755	3.928372	-0.999955	-1.288711	-6.339200	0.000000
2.869101	1.000104	6118.074526	4079.138672	-0.000000	0.000000	-51.553170	0.002000	1.216755	3.928372	-0.999955	-1.288711	-6.339200	0.000000
2.889101	1.000104	6118.074526	4079.138672	-0.000000	0.000000	-51.553170	0.002000	1.216755	3.928372	-0.999955	-1.288711	-6.339200	0.000000
2.909101	1.000104	6118.074526	4079.138672	-0.000000	0.000000	-51.553170	0.002000	1.216755	3.928372	-0.999955	-1.288711	-6.339200	0.000000
2.929101	1.000104	6118.074526	4079.138672	-0.000000	0.000000	-51.553170	0.002000	1.216755	3.928372	-0.999955	-1.288711	-6.339200	0.000000
2.949101	1.000104	6118.074526	4079.138672	-0.000000	0.000000	-51.553170	0.002000	1.216755	3.928372	-0.999955	-1.288711	-6.339200	0.000000
2.969101	1.000104	6118.074526	4079.138672	-0.000000	0.000000	-51.553170	0.002000	1.216755	3.928372	-0.999955	-1.288711	-6.339200	0.000000
2.989101	1.000104	6118.074526	4079.138672	-0.000000	0.000000	-51.553170	0.002000	1.216755	3.928372	-0.999955	-1.288711	-6.339200	0.000000
3.009101	1.000104	6118.074526	4079.138672	-0.000000	0.000000	-51.553170	0.002000	1.216755	3.928372	-0.999955	-1.288711	-6.339200	0.000000
3.029101	1.000104	6118.074526	4079.138672	-0.000000	0.000000	-51.553170	0.002000	1.216755	3.928372	-0.999955	-1.288711	-6.339200	0.000000
3.049101	1.000104	6118.074526	4079.138672	-0.000000	0.000000	-51.553170	0.002000	1.216755	3.928372	-0.999955	-1.288711	-6.339200	0.000000
3.069101	1.000104	6118.074526	4079.138672	-0.000000	0.000000	-51.553170	0.002000	1.216755	3.928372	-0.999955	-1.288711	-6.339200	0.000000
3.089101	1.000104	6118.074526	4079.138672	-0.000000	0.000000	-51.553170	0.002000	1.216755	3.928372	-0.999955	-1.288711	-6.339200	0.000000
3.109101	1.000104	6118.074526	4079.138672	-0.000000	0.000000	-51.553170	0.002000	1.216755	3.928372	-0.999955	-1.288711	-6.339200	0.000000
3.129101	1.000104	6118.074526	4079.138672	-0.000000	0.000000	-51.553170	0.002000	1.216755	3.928372	-0.999955	-1.288711	-6.339200	0.000000
3.149101	1.000104	6118.074526	4079.138672	-0.000000	0.000000	-51.553170	0.002000	1.216755	3.928372	-0.999955	-1.288711	-6.339200	0.000000
3.169101	1.000104	6118.074526	4079.138672	-0.000000	0.000000	-51.553170	0.002000	1.216755	3.928372	-0.999955	-1.288711	-6.339200	0.000000
3.189101	1.000104	6118.074526	4079.138672	-0.000000	0.000000	-51.553170	0.002000	1.216755	3.928372	-0.999955	-1.288711	-6.339200	0.000000
3.209101	1.000104	6118.074526	4079.138672	-0.000000	0.000000	-51.553170	0.002000	1.216755	3.928372	-0.999955	-1.288711	-6.339200	0.000000
3.229101	1.000104	6118.074526	4079.138672	-0.000000	0.000000	-51.553170	0.002000	1.216755	3.928372	-0.999955	-1.288711	-6.339200	0.000000
3.249101	1.000104	6118.074526	4079.138672	-0.000000	0.000000	-51.553170	0.002000	1.216755	3.928372	-0.999955	-1.288711	-6.339200	0.000000
3.269101	1.000104	6118.074526	4079.138672	-0.000000	0.000000	-51.553170	0.002000	1.216755	3.928372	-0.999955	-1.288711	-6.339200	0.000000
3.289101	1.000104	6118.074526	4079.138672	-0.000000	0.000000	-51.553170	0.002000	1.216755	3.928372	-0.999955	-1.288711	-6.339200	0.000000
3.309101	1.000104	6118.074526	4079.138672	-0.000000	0.000000	-51.553170	0.002000	1.216755	3.928372	-0.999955	-1.288711	-6.339200	0.000000
3.329101	1.000104	6118.074526	4079.138672	-0.000000	0.000000	-51.553170	0.002000	1.216755	3.928372	-0.999955	-1.288711	-6.339200	0.000000
3.349101	1.000104	6118.074526	4079.138672	-0.000000	0.000000	-51.553170	0.002000	1.216755	3.928372	-0.999955	-1.288711	-6.339200	0.000000
3.369101	1.000104	6118.074526	4079.138672	-0.000000	0.000000	-51.553170	0.002000	1.216755	3.928372	-0.999955	-1.288711	-6.339200	0.000000
3.389101	1.000104	6118.074526	4079.138672	-0.000000	0.000000	-51.553170	0.002000	1.216755	3.928372	-0.999955	-1.288711	-6.339200	0.000000
3.409101	1.000104	6118.074526	4079.138672	-0.000000	0.000000	-51.553170	0.002000	1.216755	3.928372	-0.999955	-1.288711	-6.339200	0.000000
3.429101	1.000104	6118.074526	4079.138672	-0.000000	0.000000	-51.553170	0.002000	1.216755	3.928372	-0.999955	-1.288711	-6.339200	0.000000
3.449101	1.000104	6118.074526	4079.138672	-0.000000	0.000000	-51.553170	0.002000	1.216755	3.928372	-0.999955	-1.288711	-6.339200	0.000000
3.469101	1.000104	6118.074526	4079.138672	-0.000000	0.000000	-51.553170	0.002000	1.216755	3.928372	-0.999955	-1.288711	-6.339200	0.000000
3.489101	1.000104	6118.074526	4079.138672	-0.000000	0.000000	-51.553170	0.002000	1.216755	3.928372	-0.999955	-1.288711	-6.339200	0.000000
3.509101	1.000104	6118.074526	4079.138672	-0.000000	0.000000	-51.553170	0.002000	1.216755	3.928372	-0.999955	-1.288711	-6.339200	0.000000
3.529101	1.000104	6118.074526	4079.138672	-0.000000	0.000000	-51.553170	0.002000	1.216755	3.928372	-0.999955	-1.288711	-6.339200	0.000000
3.549101	1.000104	6118.074526	4079.138672	-0.000000	0.000000	-51.553170	0.002000	1.216755	3.928372	-0.999955	-1.288711	-6.339200	0.000000
3.569101	1.000104	6118.074526	4079.138672	-0.000000	0.000000	-51.553170	0.002000	1.216755	3.928372	-0.999955	-1.288711	-6.339200	0.000000
3.589101	1.000104	6118.074526	4079.138672	-0.000000	0.000000	-51.553170	0.002000	1.216755	3.928372	-0.999955	-1.288711	-6.339200	0.000000
3.609101	1.000104	6118.074526	4079.138672	-0.000000	0.000000	-51.553170	0.002000	1.216755	3.928372	-0.999955	-1.288711	-6.339200	0.000000
3.629101	1.000104	6118.074526	4079.138672	-0.000000	0.000000	-51.553170	0.002000	1.216755	3.928372	-0.999955	-1.288711	-6.339200	0.000000
3.649101	1.000104	6118.074526	4079.138672	-0.000000	0.000000	-51.553170	0.002000	1.216755	3.928372	-0.999955	-1.288711	-6.339200	0.000000
3.669101	1.000104	6118.074526	4079.138672	-0.000000	0.000000	-51.553170	0.002000	1.216755	3.928372	-0.999955	-1.288711	-6.339200	0.000000
3.689101	1.000104	6118.074526	4079.138672	-0.000000	0.000000	-51.553170	0.002000	1.216755	3.928372	-0.999955	-1.288711	-6.339200	0.000000
3.709101	1.000104	6118.074526	4079.138672	-0.000000	0.000000	-51.553170	0.002000	1.216755	3.928372	-0.999955	-1.288711	-6.339200	0.000000
3.729101	1.000104	6118.074526	4079.138672	-0.000000	0.000000	-51.553170	0.002000	1.216755	3.928372	-0.999955	-1.288711	-6.339200	0.000000
3.749101	1.000104	6118.074526	4079.138672	-0.000000	0.000000	-51.553170	0.002000	1.216755	3.928372	-0.999955	-1.288711	-6.339200	0.000000
3.769101	1.000104	6118.074526	4079.138672	-0.000000	0.000000	-51.553170	0.002000	1.216755	3.928372	-0.999955	-1.288711	-6.339200	0.000000
3.789101	1.000104	6118.074526	4079.138672	-0.000000	0.000000	-51.553170	0.002000	1.216755	3.928372	-0.999955	-1.288711	-6.339200	0.000000
3.809101	1.000104	6118.074526	4079.138672	-0.000000	0.000000	-51.553170	0.002000	1.216755	3.928372	-0.999955	-1.288711	-6.339200	0.000000
3.829101	1.000104	6118.074526	4079.138672	-0.000000	0.000000	-51.553170	0.002000	1.216755	3.928372	-0.999955	-1.288711	-6.339200	0.000000
3.849101	1.000104	6118.074526	4079.138672	-0.000000	0.000000	-51.553170	0.002000	1.216755	3.928372	-0.999955	-1.288711	-6.339200	0.000000
3.869101	1.000104	6118.074526	4079.138672	-0.000000	0.000000	-51.553170	0.002000	1.216755	3.928372	-0.999955	-1.288711	-6.339200	0.000000
3.889101	1.000104	6118.074526	4079.138672	-0.000000	0.000000	-51.553170	0.002000	1.216755	3.928372	-0.999955	-1.288711	-6.339200	0.000000
3.909101	1.000104	6118.074526	4079.138672	-0.000000	0.000000	-51.553170	0.002000	1.216755	3.928372	-0.999955	-1.288711	-6.339200	0.000000
3.929101	1.000104	6118.074526	4079.138672	-0.000000	0.000000	-51.553170	0.002000	1.216755	3.928372	-0.999955	-1.288711	-6.339200	0.000000
3.949101	1.000104	6118.074526	4079.138672	-0.000000	0.000000	-51.553170	0.002000	1.216755	3.928372	-0.999955	-1.288711	-6.339200	0.000000
3.969101	1.000104	6118.074526	4079.138672	-0.000000	0.000000	-51.553170	0.002000	1.216755	3.928372	-0.999955	-1.288711	-6.339200	0.000000
3.989101	1.000104	6118.074526	4079.138672	-0.000000	0.000000	-51.553170	0.002000	1.216755	3.928372	-0.999955	-1.288711	-6.339200	0.000000
4.009101	1.000104	6118.074526	4079.138672	-0.000000	0.000000	-51.553170	0.002000	1.216755	3.928372	-0.999955	-1.288711	-6.339200	0.000000
4.029101	1.000104	6118.074526	4079.138672	-0.000000	0.000000	-51.553170	0.002000	1.216755	3.928372	-0.999955	-1.288711	-6.339200	0.000000
4.049101	1.000104	6118.074526	4079.138672	-0.000000	0.000000	-51.553170	0.002000	1.216755	3.928372	-0.999955	-1.288711	-6.339200	0.000000
4.069101	1.000104	6118.074526	4079.138672	-0.000000	0.000000	-51.553170	0.002000	1.216755	3.928372	-0.999955	-1.288711	-6.339200	0.000000
4.089101	1.000104	6118.074526	4079.138672	-0.000000	0.000000	-51.553170	0.002000	1.216755	3.928372	-0.999955	-1.288711	-6.339200	0.000000
4.109101	1.000104	6118.074526	4079.138672	-0.000000	0.000000	-51.553170	0.002000	1.216755	3.928372	-0.999955	-1.288711	-6.339200	0.000000
4.129101	1.000104	6118.074526	4079.138672	-0.000000	0.000000	-51.553170	0.002000	1.216755	3.928372	-0.999955	-1.288711	-6.339200	0.000000
4.149101	1.000104	6118.074526	4079.138672	-0.000000	0.000000	-51.553170	0.002000	1.216755	3.928372	-0.999955	-1.288711	-6.339200	0.000000
4.169101	1.000104	6118.074526	4079.138672	-0.000000	0.000000	-51.553170	0.002000	1.216755	3.928372	-0.999955	-1.288711	-6.339200	0.000000
4.189101	1.000104	6118.074526	4079.138672	-0.000000	0.000000	-51.553170	0.002000	1.216755	3.928372	-0.999955	-1.288711	-6.339200	0.000000
4.209101	1.000104	6118.074526	4079.138672	-0.000000	0.000000	-51.553170	0.002000	1.216755	3.928372	-0.999955	-1.288711	-6.339200	0.000000
4.229101	1.000104	6118.074526	4079.138672	-0.000000	0.000000	-51.553170	0.002000	1.216755	3.928372	-0.999955	-1.288711	-6.339200	0.000000
4.249101	1.000104	6118.074526	4079.138672	-0.000000	0.000000	-51.553170	0.002000	1.216755	3.928372	-0.999955	-1.288711	-6.339200	0.000000
4.269101	1.000104	6118.074526	4079.138672	-0.000000	0.000000	-51.553170	0.002000	1.216755	3.928372	-0.999955	-1.288711	-6.339200	0.000000
4.289101	1.000104	6118.074526	4079.138672	-0.000000	0.000000	-51.553170	0.002000	1.216755	3.928372	-0.999955	-1.288711	-6.339200	0.000000
4.309101	1.000104	6118.074526	4079.138672	-0.000000	0.000000	-51.553170	0.002000	1.216755	3.928372	-0.999955	-1.288711	-6.339200	0.000000
4.329101	1.000104	6118.074526	4079.138672	-0.000000	0.000000	-51.553170	0.002000	1.216755	3.928372	-0.999955	-1.288711	-6.339200	0.000000
4.349101	1.000104	6118.074526	4079.138672	-0.000000	0.000000	-51.553170	0.002000	1.216755	3.928372	-0.999955	-1.288711	-6.339200	0.000000
4.369101	1.000104	6118.074526	4079.138672	-0.000000	0.000000	-51.553170	0.002000	1.216755	3.928372	-0.999955	-1.288711	-6.339200	0.000000
4.389101	1.000104	6118.074526	4079.138672	-0.000000	0.000000	-51.553170	0.002000	1.216755	3.928372	-0.999955	-1.288711	-6.339200	0.000000
4.409101	1.000104	6118.074526	4079.138672	-0.000000	0.000000	-51.553170	0.002000	1.216755	3.928372	-0.999955	-1.288711	-6.339200	0.000000
4.429101	1.000104	6118.074526	4079.138672	-0.000000	0.000000	-51.553170	0.002000	1.216755	3.928372	-0.999955	-1.288711	-6.339200	0.000000
4.449101	1.000104	6118.074526	4079.138672	-0.000000	0.000000	-51.553170	0.002000	1.216755	3.928372	-0.999955	-1.288711	-6.339200	0.000000
4.469101	1.000104	6118.074526	4079.138672	-0.000000	0.000000	-51.553170	0.002000	1.216755	3.928372	-0.999955	-1.288711	-6.339200	0.000000
4.489101	1.000104	6118.074526	4079.138672	-0.000000	0.000000	-51.553170	0.002000	1.216755	3.928372	-0.999955	-1.288711	-6.339200	0.000000
4.509101	1.000104	6118.074526	4079.138672	-0.000000	0.000000	-51.553170	0.002000	1.216755	3.928372	-0.999955	-1.288711	-6.339200	0.000000
4.529101	1.000104	6118.074526	4079.138672	-0.000000	0.000000	-51.553170	0.002000	1.216755	3.928372	-0.999955	-1.288711	-6.339200	0.000000
4.549101	1.000104	6118.074526	4079.138672	-0.000000	0.000000	-51.553170	0.002000	1.216755	3.928372	-0.999955	-1.288711	-6.339200	0.000000
4.569101	1.000104	6118.074526	4079.138672	-0.000000	0.000000	-51.553170	0.002000	1.216755	3.928372	-0.999955	-1.288711	-6.339200	0.000000
4.589101	1.000104	6118.074526	4079.138672	-0.000000	0.000000	-51.553170	0.002000	1.216755	3.928372	-0.999955	-1.288711	-6.339200	0.000000
4.609101	1.000104	6118.074526	4079.138672	-0.000000	0.000000	-51.553170	0.002000	1.216755	3.928372	-0.999955	-1.288711	-6.339200	0.000000
4.629101	1.000104	6118.074526	4079.138672	-0.000000	0.000000	-51.553170	0.002000	1.216755	3.928372	-0.999955	-1.288711	-6.339200	0.000000
4.649101	1.000104	6118.074526	4079.138672	-0.000000	0.000000	-51.553170	0.002000	1.216755	3.928372	-0.999955	-1.288711	-6.339200	0.000000
4.669101	1.000104	6118.074526	4079.138672	-0.000000	0.000000	-51.553170	0.002000	1.216755	3.928372	-0.999955	-1.288711	-6.339200	0.000000
4.689101	1.000104	6118.074526	4079.138672	-0.000000	0.000000	-51.553170	0.002000	1.216755	3.928372	-0.999955	-1.288711	-6.339200	0.000000
4.709101	1.000104	6118.074526	4079.138672	-0.000000	0.000000	-51.553170	0.002000	1.216755	3.928372	-0.999955	-1.288711	-6.339200	0.000000
4.729101	1.000104	6118.074526	4079.138672	-0.000000	0.000000	-51.553170	0.002000	1.216755	3.928372	-0.999955	-1.288711	-6.339200	0.000000
4.749101	1.000104	6118.074526	4079.138672	-0.000000	0.000000	-51.553170	0.002000	1.216755	3.928372	-0.999955	-1.288711	-6.339200	0.000000
4.769101	1.000104	6118.074526	4079.138672	-0.000000	-0.000000	-51.553170	0.002000	1.216755	3.928372	-0.999955	-1.288711	-6.339200	0.000000
4.789101	1.000104	6118.074526	4079.138672	0.000000	-0.000000	-51.553170	0.002000	1.216755	3.928372	-0.999955	-1.288711	-6.339200	0.000000
4.809101	1.000104	6118.074526	4079.138672	0.000000	0.000001	-51.553170	0.002000	1.216755	3.928372	-0.999955	-1.288711	-6.339200	0.000000
4.829101	1.000104	6118.074526	4079.138672	-0.000000	0.000001	-51.553170	0.002000	1.216755	3.928372	-0.999955	-1.288711	-6.339200	0.000000
4.849101	1.000104	6118.074526	4079.138672	-0.000000	-0.000002	-51.553170	0.002000	1.216755	3.928372	-0.999955	-1.288711	-6.339200	0.000000
4.869101	1.000104	6118.074526	4079.138672	0.000000	-0.000002	-51.553170	0.002000	1.216755	3.928372	-0.999955	-1.288711	-6.339200	0.000000
4.889101	1.000104	6118.074526	4079.138672	0.000000	0.000002	-51.553170	0.002000	1.216755	3.928372	-0.999955	-1.288711	-6.339200	0.000000
4.909101	1.000104	6118.074526	4079.138672	-0.000000	0.000001	-51.553170	0.002000	1.216755	3.928372	-0.999955	-1.288711	-6.339200	0.000000
4.929101	1.000104	6118.074526	4079.138672	0.000000	-0.000001	-51.553170	0.002000	1.216755	3.928372	-0.999955	-1.288711	-6.339200	0.000000
4.949101	1.000104	6118.074526	4079.138672	0.000000	-0.000001	-51.553170	0.002000	1.216755	3.928372	-0.999955	-1.288711	-6.339200	0.000000
4.969101	1.000104	6118.074526	4079.138672	0.000000	0.000002	-51.553170	0.002000	1.216755	3.928372	-0.999955	-1.288711	-6.339200	0.000000
4.989101	1.000104	6118.074526	4079.138672	-0.000000	0.000001	-51.553170	0.002000	1.216755	3.928372	-0.999955	-1.288711	-6.339200	0.000000
5.009101	1.000104	6118.074526	4079.138672	-0.000000	-0.000002	-51.553170	0.002000	1.216755	3.928372	-0.999955	-1.288711	-6.339200	0.000000
5.029101	1.000104	6118.074526	4079.138672	0.000000	-0.000000	-51.553170	0.002000	1.216755	3.928372	-0.999955	-1.288711	-6.339200	0.000000
5.049101	1.000104	6118.074526	4079.138672	0.000000	0.000000	-51.553170	0.002000	1.216755	3.928372	-0.999955	-1.288711	-6.339200	0.000000
5.069101	1.000104	6118.074526	4079.138672	-0.000000	0.000000	-51.553170	0.002000	1.216755	3.928372	-0.999955	-1.288711	-6.339200	0.000000
5.089101	1.000104	6118.074526	4079.138672	-0.000000	0.000000	-51.553170	0.002000	1.216755	3.928372	-0.999955	-1.288711	-6.339200	0.000000
5.109101	1.000104	6118.074526	4079.138672	-0.000000	0.000000	-51.553170	0.002000	1.216755	3.928372	-0.999955	-1.288711	-6.339200	0.000000
5.129101	1.000104	6118.074526	4079.138672	-0.000000	0.000000	-51.553170	0.002000	1.216755	3.928372	-0.999955	-1.288711	-6.339200	0.000000
5.149101	1.000104	6118.074526	4079.138672	-0.000000	0.000000	-51.553170	0.002000	1.216755	3.928372	-0.999955	-1.288711	-6.339200	0.000000
5.169101	1.000104	6118.074526	4079.138672	-0.000000	0.000000	-51.553170	0.002000	1.216755	3.928372	-0.999955	-1.288711	-6.339200	0.000000
5.189101	1.000104	6118.074526	4079.138672	-0.000000	0.000000	-51.553170	0.002000	1.216755	3.928372	-0.999955	-1.288711	-6.339200	0.000000
5.209101	1.000104	6118.074526	4079.138672	-0.000000	0.000000	-51.553170	0.002000	1.216755	3.928372	-0.999955	-1.288711	-6.339200	0.000000
5.229101	1.000104	6118.074526	4079.138672	-0.000000	0.000000	-51.553170	0.002000	1.216755	3.928372	-0.999955	-1.288711	-6.339200	0.000000
5.249101	1.000104	6118.074526	4079.138672	-0.000000	0.000000	-51.553170	0.002000	1.216755	3.928372	-0.999955	-1.288711	-6.339200	0.000000
5.269101	1.000104	6118.074526	4079.138672	-0.000000	0.000000	-51.553170	0.002000	1.216755	3.928372	-0.999955	-1.288711	-6.339200	0.000000
5.289101	1.000104	6118.074526	4079.138672	-0.000000	0.000000	-51.553170	0.002000	1.216755	3.928372	-0.999955	-1.288711	-6.339200	0.000000
5.309101	1.000104	6118.074526	4079.138672	-0.000000	0.000000	-51.553170	0.002000	1.216755	3.928372	-0.999955	-1.288711	-6.339200	0.000000
5.329101	1.000104	6118.074526	4079.138672	-0.000000	0.000000	-51.553170	0.002000	1.216755	3.928372	-0.999955	-1.288711	-6.339200	0.000000
5.349101	1.000104	6118.074526	4079.138672	-0.000000	0.000000	-51.553170	0.002000	1.216755	3.928372	-0.999955	-1.288711	-6.339200	0.000000
5.369101	1.000104	6118.074526	4079.138672	-0.000000	0.000000	-51.553170	0.002000	1.216755	3.928372	-0.999955	-1.288711	-6.339200	0.000000
5.389101	1.000104	6118.074526	4079.138672	-0.000000	0.000000	-51.553170	0.002000	1.216755	3.928372	-0.999955	-1.288711	-6.339200	0.000000
5.409101	1.000104	6118.074526	4079.138672	-0.000000	0.000000	-51.553170	0.002000	1.216755	3.928372	-0.999955	-1.288711	-6.339200	0.000000
5.429101	1.000104	6118.074526	4079.138672	-0.000000	0.000000	-51.553170	0.002000	1.216755	3.928372	-0.999955	-1.288711	-6.339200	0.000000
5.449101	1.000104	6118.074526	4079.138672	-0.000000	0.000000	-51.553170	0.002000	1.216755	3.928372	-0.999955	-1.288711	-6.339200	0.000000
5.469101	1.000104	6118.074526	4079.138672	-0.000000	0.000000	-51.553170	0.002000	1.216755	3.928372	-0.999955	-1.288711	-6.339200	0.000000
5.489101	1.000104	6118.074526	4079.138672	-0.000000	0.000000	-51.553170	0.002000	1.216755	3.928372	-0.999955	-1.288711	-6.339200	0.000000
5.509101	1.000104	6118.074526	4079.138672	-0.000000	0.000000	-51.553170	0.002000	1.216755	3.928372	-0.999955	-1.288711	-6.339200	0.000000
5.529101	1.000104	6118.074526	4079.138672	-0.000000	0.000000	-51.553170	0.002000	1.216755	3.928372	-0.999955	-1.288711	-6.339200	0.000000
5.549101	1.000104	6118.074526	4079.138672	-0.000000	0.000000	-51.553170	0.002000	1.216755	3.928372	-0.999955	-1.288711	-6.339200	0.000000
5.569101	1.000104	6118.074526	4079.138672	-0.000000	0.000000	-51.553170	0.002000	1.216755	3.928372	-0.999955	-1.288711	-6.339200	0.000000
5.589101	1.000104	6118.074526	4079.138672	-0.000000	0.000000	-51.553170	0.002000	1.216755	3.928372	-0.999955	-1.288711	-6.339200	0.000000
5.609101	1.000104	6118.074526	4079.138672	-0.000000	0.000000	-51.553170	0.002000	1.216755	3.928372	-0.999955	-1.288711	-6.339200	0.000000
5.629101	1.000104	6118.074526	4079.138672	-0.000000	0.000000	-51.553170	0.002000	1.216755	3.928372	-0.999955	-1.288711	-6.339200	0.000000
5.649101	1.000104	6118.074526	4079.138672	-0.000000	0.000000	-51.553170	0.002000	1.216755	3.928372	-0.999955	-1.288711	-6.339200	0.000000
5.669101	1.000104	6118.074526	4079.138672	-0.000000	0.000000	-51.553170	0.002000	1.216755	3.928372	-0.999955	-1.288711	-6.339200	0.000000
5.689101	1.000104	6118.074526	4079.138672	-0.000000	0.000000	-51.553170	0.002000	1.216755	3.928372	-0.999955	-1.288711	-6.339200	0.000000
5.709101	1.000104	6118.074526	4079.138672	-0.000000	0.000000	-51.553170	0.002000	1.216755	3.928372	-0.999955	-1.288711	-6.339200	0.000000
5.729101	1.000104	6118.074526	4079.138672	-0.000000	0.000000	-51.553170	0.002000	1.216755	3.928372	-0.999955	-1.288711	-6.339200	0.000000
5.749101	1.000104	6118.074526	4079.138672	-0.000000	0.000000	-51.553170	0.002000	1.216755	3.928372	-0.999955	-1.288711	-6.339200	0.000000
5.769101	1.000104	6118.074526	4079.138672	-0.000000	0.000000	-51.553170	0.002000	1.216755	3.928372	-0.999955	-1.288711	-6.339200	0.000000
5.789101	1.000104	6118.074526	4079.138672	-0.000000	0.000000	-51.553170	0.002000	1.216755	3.928372	-0.999955	-1.288711	-6.339200	0.000000
5.809101	1.000104	6118.074526	4079.138672	-0.000000	0.000000	-51.553170	0.002000	1.216755	3.928372	-0.999955	-1.288711	-6.339200	0.000000
5.829101	1.000104	6118.074526	4079.138672	-0.000000	0.000000	-51.553170	0.002000	1.216755	3.928372	-0.999955	-1.288711	-6.339200	0.000000
5.849101	1.000104	6118.074526	4079.138672	-0.000000	0.000000	-51.553170	0.002000	1.216755	3.928372	-0.999955	-1.288711	-6.339200	0.000000
5.869101	1.000104	6118.074526	4079.138672	-0.000000	0.000000	-51.553170	0.002000	1.216755	3.928372	-0.999955	-1.288711	-6.339200	0.000000
5.889101	1.000104	6118.074526	4079.138672	-0.000000	0.000000	-51.553170	0.002000	1.216755	3.928372	-0.999955	-1.288711	-6.339200	0.000000
5.909101	1.000104	6118.074526	4079.138672	-0.000000	0.000000	-51.553170	0.002000	1.216755	3.928372	-0.999955	-1.288711	-6.339200	0.000000
5.929101	1.000104	6118.074526	4079.138672	-0.000000	0.000000	-51.553170	0.002000	1.216755	3.928372	-0.999955	-1.288711	-6.339200	0.000000
5.949101	1.000104	6118.074526	4079.138672	-0.000000	0.000000	-51.553170	0.002000	1.216755	3.928372	-0.999955	-1.288711	-6.339200	0.000000
5.969101	1.000104	6118.074526	4079.138672	-0.000000	0.000000	-51.553170	0.002000	1.216755	3.928372	-0.999955	-1.288711	-6.339200	0.000000
5.989101	1.000104	6118.074526	4079.138672	-0.000000	0.000000	-51.553170	0.002000	1.216755	3.928372	-0.999955	-1.288711	-6.339200	0.000000
6.009101	1.000104	6118.074526	4079.138672	-0.000000	0.000000	-51.553170	0.002000	1.216755	3.928372	-0.999955	-1.288711	-6.339200	0.000000
6.029101	1.000104	6118.074526	4079.138672	-0.000000	0.000000	-51.553170	0.002000	1.216755	3.928372	-0.999955	-1.288711	-6.339200	0.000000
6.049101	1.000104	6118.074526	4079.138672	-0.000000	0.000000	-51.553170	0.002000	1.216755	3.928372	-0.999955	-1.288711	-6.339200	0.000000
6.069101	1.000104	6118.074526	4079.138672	-0.000000	0.000000	-51.553170	0.002000	1.216755	3.928372	-0.999955	-1.288711	-6.339200	0.000000
6.089101	1.000104	6118.074526	4079.138672	-0.000000	0.000000	-51.553170	0.002000	1.216755	3.928372	-0.999955	-1.288711	-6.339200	0.000000
6.109101	1.000104	6118.074526	4079.138672	-0.000000	0.000000	-51.553170	0.002000	1.216755	3.928372	-0.999955	-1.288711	-6.339200	0.000000
6.129101	1.000104	6118.074526	4079.138672	-0.000000	0.000000	-51.553170	0.002000	1.216755	3.928372	-0.999955	-1.288711	-6.339200	0.000000
6.149101	1.000104	6118.074526	4079.138672	-0.000000	0.000000	-51.553170	0.002000	1.216755	3.928372	-0.999955	-1.288711	-6.339200	0.000000
6.169101	1.000104	6118.074526	4079.138672	-0.000000	0.000000	-51.553170	0.002000	1.216755	3.928372	-0.999955	-1.288711	-6.339200	0.000000
6.189101	1.000104	6118.074526	4079.138672	-0.000000	0.000000	-51.553170	0.002000	1.216755	3.928372	-0.999955	-1.288711	-6.339200	0.000000
6.209101	1.000104	6118.074526	4079.138672	-0.000000	0.000000	-51.553170	0.002000	1.216755	3.928372	-0.999955	-1.288711	-6.339200	0.000000
6.229101	1.000104	6118.074526	4079.138672	-0.000000	0.000000	-51.553170	0.002000	1.216755	3.928372	-0.999955	-1.288711	-6.339200	0.000000
6.249101	1.000104	6118.074526	4079.138672	-0.000000	0.000000	-51.553170	0.002000	1.216755	3.928372	-0.999955	-1.288711	-6.339200	0.000000
6.269101	1.000104	6118.074526	4079.138672	-0.000000	0.000000	-51.553170	0.002000	1.216755	3.928372	-0.999955	-1.288711	-6.339200	0.000000
6.289101	1.000104	6118.074526	4079.138672	-0.000000	0.000000	-51.553170	0.002000	1.216755	3.928372	-0.999955	-1.288711	-6.339200	0.000000
6.309101	1.000104	6118.074526	4079.138672	-0.000000	0.000000	-51.553170	0.002000	1.216755	3.928372	-0.999955	-1.288711	-6.339200	0.000000
6.329101	1.000104	6118.074526	4079.138672	-0.000000	0.000000	-51.553170	0.002000	1.216755	3.928372	-0.999955	-1.288711	-6.339200	0.000000
6.349101	1.000104	6118.074526	4079.138672	-0.000000	0.000000	-51.553170	0.002000	1.216755	3.928372	-0.999955	-1.288711	-6.339200	0.000000
6.369101	1.000104	6118.074526	4079.138672	-0.000000	0.000000	-51.553170	0.002000	1.216755	3.928372	-0.999955	-1.288711	-6.339200	0.000000
6.389101	1.000104	6118.074526	4079.138672	-0.000000	0.000000	-51.553170	0.002000	1.216755	3.928372	-0.999955	-1.288711	-6.339200	0.000000
6.409101	1.000104	6118.074526	4079.138672	-0.000000	0.000000	-51.553170	0.002000	1.216755	3.928372	-0.999955	-1.288711	-6.339200	0.000000
6.429101	1.000104	6118.074526	4079.138672	-0.000000	0.000000	-51.553170	0.002000	1.216755	3.928372	-0.999955	-1.288711	-6.339200	0.000000
6.449101	1.000104	6118.074526	4079.138672	-0.000000	0.000000	-51.553170	0.002000	1.216755	3.928372	-0.999955	-1.288711	-6.339200	0.000000
6.469101	1.000104	6118.074526	4079.138672	-0.000000	0.000000	-51.553170	0.002000	1.216755	3.928372	-0.999955	-1.288711	-6.339200	0.000000
6.489101	1.000104	6118.074526	4079.138672	-0.000000	0.000000	-51.553170	0.002000	1.216755	3.928372	-0.999955	-1.288711	-6.339200	0.000000
6.509101	1.000104	6118.074526	4079.138672	-0.000000	0.000000	-51.553170	0.002000	1.216755	3.928372	-0.999955	-1.288711	-6.339200	0.000000
6.529101	1.000104	6118.074526	4079.138672	-0.000000	0.000000	-51.553170	0.002000	1.216755	3.928372	-0.999955	-1.288711	-6.339200	0.000000
6.549101	1.000104	6118.074526	4079.138672	-0.000000	0.000000	-51.553170	0.002000	1.216755	3.928372	-0.999955	-1.288711	-6.339200	0.000000
6.569101	1.000104	6118.074526	4079.138672	-0.000000	0.000000	-51.553170	0.002000	1.216755	3.928372	-0.999955	-1.288711	-6.339200	0.000000
6.589101	1.000104	6118.074526	4079.138672	-0.000000	0.000000	-51.553170	0.002000	1.216755	3.928372	-0.999955	-1.288711	-6.339200	0.000000
6.609101	1.000104	6118.074526	4079.138672	-0.000000	0.000000	-51.553170	0.002000	1.216755	3.928372	-0.999955	-1.288711	-6.339200	0.000000
6.629101	1.000104	6118.074526	4079.138672	-0.000000	0.000000	-51.553170	0.002000	1.216755	3.928372	-0.999955	-1.288711	-6.339200	0.000000
6.649101	1.000104	6118.074526	4079.138672	-0.000000	0.000000	-51.553170	0.002000	1.216755	3.928372	-0.999955	-1.288711	-6.339200	0.000000
6.669101	1.000104	6118.074526	4079.138672	-0.000000	0.000000	-51.553170	0.002000	1.216755	3.928372	-0.999955	-1.288711	-6.339200	0.000000
6.689101	1.000104	6118.074526	4079.138672	-0.000000	0.000000	-51.553170	0.002000	1.216755	3.928372	-0.999955	-1.288711	-6.339200	0.000000
6.709101	1.000104	6118.074526	4079.138672	-0.000000	0.000000	-51.553170	0.002000	1.216755	3.928372	-0.999955	-1.288711	-6.339200	0.000000
6.729101	1.000104	6118.074526	4079.138672	-0.000000	0.000000	-51.553170	0.002000	1.216755	3.928372	-0.999955	-1.288711	-6.339200	0.000000
6.749101	1.000104	6118.074526	4079.138672	-0.000000	0.000000	-51.553170	0.002000	1.216755	3.928372	-0.999955	-1.288711	-6.339200	0.000000
6.769101	1.000104	6118.074526	4079.138672	-0.000000	0.000000	-51.553170	0.002000	1.216755	3.928372	-0.999955	-1.288711	-6.339200	0.000000
6.789101	1.000104	6118.074526	4079.138672	-0.000000	0.000000	-51.553170	0.002000	1.216755	3.928372	-0.999955	-1.288711	-6.339200	0.000000
6.809101	1.000104	6118.074526	4079.138672	-0.000000	0.000000	-51.553170	0.002000	1.216755	3.928372	-0.999955	-1.288711	-6.339200	0.000000
6.829101	1.000104	6118.074526	4079.138672	-0.000000	0.000000	-51.553170	0.002000	1.216755	3.928372	-0.999955	-1.288711	-6.339200	0.000000
6.849101	1.000104	6118.074526	4079.138672	-0.000000	0.000000	-51.553170	0.002000	1.216755	3.928372	-0.999955	-1.288711	-6.339200	0.000000
6.869101	1.000104	6118.074526	4079.138672	-0.000000	0.000000	-51.553170	0.002000	1.216755	3.928372	-0.999955	-1.288711	-6.339200	0.000000
6.889101	1.000104	6118.074526	4079.138672	-0.000000	0.000000	-51.553170	0.002000	1.216755	3.928372	-0.999955	-1.288711	-6.339200	0.000000
6.909101	1.000104	6118.074526	4079.138672	-0.000000	0.000000	-51.553170	0.002000	1.216755	3.928372	-0.999955	-1.288711	-6.339200	0.000000
6.929101	1.000104	6118.074526	4079.138672	-0.000000	0.000000	-51.553170	0.002000	1.216755	3.928372	-0.999955	-1.288711	-6.339200	0.000000
6.949101	1.000104	6118.074526	4079.138672	-0.000000	0.000000	-51.553170	0.002000	1.216755	3.928372	-0.999955	-1.288711	-6.339200	0.000000
6.969101	1.000104	6118.074526	4079.138672	-0.000000	0.000000	-51.553170	0.002000	1.216755	3.928372	-0.999955	-1.288711	-6.339200	0.000000
6.989101	1.000104	6118.074526	4079.138672	-0.000000	0.000000	-51.553170	0.002000	1.216755	3.928372	-0.999955	-1.288711	-6.339200	0.000000
7.009101	1.000104	6118.074526	4079.138672	-0.000000	0.000000	-51.553170	0.002000	1.216755	3.928372	-0.999955	-1.288711	-6.339200	0.000000
7.029101	1.000104	6118.074526	4079.138672	-0.000000	0.000000	-51.553170	0.002000	1.216755	3.928372	-0.999955	-1.288711	-6.339200	0.000000
7.049101	1.000104	6118.074526	4079.138672	-0.000000	0.000000	-51.553170	0.002000	1.216755	3.928372	-0.999955	-1.288711	-6.339200	0.000000
7.069101	1.000104	6118.074526	4079.138672	-0.000000	0.000000	-51.553170	0.002000	1.216755	3.928372	-0.999955	-1.288711	-6.339200	0.000000
7.089101	1.000104	6118.074526	4079.138672	-0.000000	0.000000	-51.553170	0.002000	1.216755	3.928372	-0.999955	-1.288711	-6.339200	0.000000
7.109101	1.000104	6118.074526	4079.138672	-0.000000	0.000000	-51.553170	0.002000	1.216755	3.928372	-0.999955	-1.288711	-6.339200	0.000000
7.129101	1.000104	6118.074526	4079.138672	-0.000000	0.000000	-51.553170	0.002000	1.216755	3.928372	-0.999955	-1.288711	-6.339200	0.000000
7.149101	1.000104	6118.074526	4079.138672	-0.000000	0.000000	-51.553170	0.002000	1.216755	3.928372	-0.999955	-1.288711	-6.339200	0.000000
7.169101	1.000104	6118.074526	4079.138672	-0.000000	0.000000	-51.553170	0.002000	1.216755	3.928372	-0.999955	-1.288711	-6.339200	0.000000
7.189101	1.000104	6118.074526	4079.138672	-0.000000	0.000000	-51.553170	0.002000	1.216755	3.928372	-0.999955	-1.288711	-6.339200	0.000000
7.209101	1.000104	6118.074526	4079.138672	-0.000000	0.000000	-51.553170	0.002000	1.216755	3.928372	-0.999955	-1.288711	-6.339200	0.000000
7.229101	1.000104	6118.074526	4079.138672	-0.000000	0.000000	-51.553170	0.002000	1.216755	3.928372	-0.999955	-1.288711	-6.339200	0.000000
7.249101	1.000104	6118.074526	4079.138672	-0.000000	0.000000	-51.553170	0.002000	1.216755	3.928372	-0.999955	-1.288711	-6.339200	0.000000
7.269101	1.000104	6118.074526	4079.138672	-0.000000	0.000000	-51.553170	0.002000	1.216755	3.928372	-0.999955	-1.288711	-6.339200	0.000000
7.289101	1.000104	6118.074526	4079.138672	0.000000	0.000000	-51.553170	0.002000	1.216755	3.928372	-0.999955	-1.288711	-6.339200	0.000000
7.309101	1.000104	6118.074526	4079.138672	0.000000	0.000000	-51.553170	0.002000	1.216755	3.928372	-0.999955	-1.288711	-6.339200	0.000000
7.329101	1.000104	6118.074526	4079.138672	0.000000	0.000002	-51.553170	0.002000	1.216755	3.928372	-0.999955	-1.288711	-6.339200	0.000000
7.349101	1.000104	6118.074526	4079.138672	-0.000000	0.000012	-51.553170	0.002000	1.216755	3.928372	-0.999955	-1.288711	-6.339200	0.000000
7.369101	1.000104	6118.074526	4079.138672	-0.000001	0.000056	-51.553170	0.002000	1.216755	3.928372	-0.999955	-1.288711	-6.339200	0.000000
7.389101	1.000104	6118.074526	4079.138672	-0.000003	0.000277	-51.553170	0.002000	1.216755	3.928372	-0.999955	-1.288711	-6.339200	0.000000
7.409101	1.000104	6118.074526	4079.138672	-0.000013	0.001413	-51.553170	0.002000	1.216755	3.928372	-0.999955	-1.288711	-6.339200	0.000000
7.429101	1.000104	6118.074526	4079.138672	-0.000070	0.007026	-51.553170	0.002000	1.216755	3.928372	-0.999955	-1.288711	-6.339200	0.000000
7.449101	1.000104	6118.074526	4079.138672	-0.000352	0.034167	-51.553170	0.002000	1.216755	3.928372	-0.999955	-1.288711	-6.339200	0.000000
7.469101	1.000104	6118.074527	4079.138672	-0.001675	0.165598	-51.553170	0.002000	1.216755	3.928372	-0.999955	-1.288711	-6.339200	0.000000
7.489101	1.000104	6118.074530	4079.138675	-0.007716	0.802660	-51.553170	0.002000	1.216755	3.928372	-0.999955	-1.288711	-6.339200	0.000000
7.509101	1.000104	6118.074546	4079.138689	-0.034668	3.856830	-51.553170	0.002000	1.216755	3.928372	-0.999955	-1.288711	-6.339200	0.000000
7.529101	1.000104	6118.074628	4079.138758	-0.153808	18.073470	-51.553170	0.002000	1.216755	3.928372	-0.999955	-1.288711	-6.339200	0.000000
7.549101	1.000104	6118.075035	4079.139103	-0.675083	80.983988	-51.553171	0.002000	1.216755	3.928372	-0.999955	-1.288711	-6.339200	0.000000
7.569101	1.000104	6118.076928	4079.140760	-2.881209	339.639270	-51.553172	0.002000	1.216755	3.928373	-0.999955	-1.288711	-6.339200	0.000000
7.589101	1.000105	6118.085039	4079.148170	-11.786689	1304.318659	-51.553180	0.002000	1.216755	3.928373	-0.999955	-1.288711	-6.339200	0.000000
7.609101	1.000107	6118.116448	4079.178551	-45.196673	4476.595557	-51.553215	0.002000	1.216755	3.928375	-0.999954	-1.288711	-6.339199	0.000000
7.629101	1.000118	6118.223149	4079.290282	-155.119709	13215.386505	-51.553353	0.002000	1.216755	3.928383	-0.999949	-1.288711	-6.339197	0.000000
7.649101	1.000156	6118.526126	4079.644417	-461.034871	30970.399641	-51.553863	0.002000	1.216755	3.928404	-0.999933	-1.288711	-6.339190	0.000000
7.669099	1.000277	6119.162758	4080.555649	-1124.299244	43813.930679	-51.555485	0.001999	1.216755	3.928450	-0.999881	-1.288711	-6.339166	0.000000
7.689095	1.000590	6119.620029	4082.139203	-1703.601526	-51020.754823	-51.559516	0.001999	1.216755	3.928482	-0.999746	-1.288711	-6.339103	0.000000
7.709081	1.001059	6115.853568	4081.632638	1067.828118	-626359.716293	-51.566721	0.001998	1.216755	3.928215	-0.999541	-1.288711	-6.339001	0.000000
7.729054	1.000567	6092.990066	4064.772205	17302.444837	-2499466.658087	-51.567912	0.001999	1.216755	3.926588	-0.999740	-1.288711	-6.339087	0.000000
7.749047	0.994777	6019.626852	3993.561302	73138.288934	-6350821.868855	-51.503351	0.002011	1.216755	3.921327	-1.002213	-1.288711	-6.340486	0.000000
7.769208	0.970314	5872.762858	3801.857238	199487.320364	-10948744.670605	-51.236548	0.002061	1.216755	3.910600	-1.012923	-1.288711	-6.346721	0.000000
7.790170	0.907810	5669.508140	3435.859253	357120.237806	-14005741.191791	-50.541311	0.002203	1.216755	3.895303	-1.041641	-1.288711	-6.362948	0.000000
7.813378	0.819935	5522.786877	3025.072894	509344.768868	-14422543.164205	-48.824951	0.002439	1.216755	3.883916	-1.085566	-1.288710	-6.387967	0.000000
7.839082	0.560033	5900.800337	2207.491888	885189.152744	-6398114.634147	-45.601049	0.003571	1.216755	3.912667	-1.251018	-1.288701	-6.524626	0.000000
-0.000557	17.517447	10993.926500	128235.298472	99210.686352	0.070000	0.166396	0.000114	1.000000	4.126399	0.241910	-313.648483	-inf	0.000000
-0.001713	16.481201	11379.885296	124689.003402	230798.154787	0.070000	0.524196	0.000121	1.000000	4.108397	0.214693	-313.648483	-inf	0.000000
-0.002985	14.658587	12032.669463	117171.071540	453619.750255	0.070000	0.988125	0.000136	1.000000	4.163099	0.163269	-313.648483	-inf	0.000000
-0.004468	12.325246	13045.767400	106707.480814	878623.603794	0.070000	1.668977	0.000162	1.000000	4.212109	0.087352	-313.648483	-inf	0.000000
-0.006304	9.921993	14332.755999	94307.963795	1235110.934155	0.070000	2.693153	0.000202	1.000000	4.256414	-0.007464	-313.648483	-inf	0.000000
-0.008632	7.594976	16194.884749	81484.797750	2586466.482079	0.070000	4.183427	0.000263	1.000000	4.311619	-0.124810	-313.648483	-inf	0.000000
-0.011865	5.347760	19178.065589	67823.618803	6918566.329046	0.070000	7.484222	0.000374	1.000000	4.388434	-0.278955	-313.648483	-inf	0.000000
-0.016886	3.526594	23687.564824	55242.970627	11767518.706453	0.070000	13.678667	0.000567	1.000000	4.487390	-0.460650	-313.648483	-inf	0.000000
-0.024656	2.328532	29482.041206	45317.700499	16448365.059939	0.070000	22.359868	0.000859	1.000000	4.595627	-0.640486	-313.648483	-inf	0.000000
-0.036014	1.616727	28689.534179	30110.014317	19407826.014778	0.070000	33.425897	0.001237	1.000000	4.596672	-0.797682	-313.648483	-inf	0.000000
-0.051380	1.234006	16926.157520	13359.461599	13649080.175815	0.070000	43.717944	0.001621	1.000000	4.370277	-0.912663	-313.648483	-inf	0.000000
-0.069671	1.070369	8665.100174	6027.139346	5266795.685493	0.070000	49.232812	0.001869	1.000000	4.079531	-0.972119	-313.648483	-inf	0.000000
-0.089217	1.017407	6528.749073	4400.489137	1388168.680005	0.070000	51.025848	0.001966	1.000000	3.956588	-0.992989	-313.648483	-inf	0.000000
-0.109121	1.003738	6180.385201	4131.217342	287361.317668	0.070000	51.453866	0.001993	1.000000	3.932773	-0.998493	-313.648483	-inf	0.000000
-0.129104	1.000768	6128.137022	4087.817146	50618.195972	0.070000	51.537018	0.001998	1.000000	3.929086	-0.999689	-313.648483	-inf	0.000000
-0.149102	1.000210	6119.744613	4080.560869	7704.744178	0.070000	51.550867	0.002000	1.000000	3.928491	-0.999913	-313.648483	-inf	0.000000
-0.169101	1.000119	6118.342602	4079.358745	1039.053883	0.070000	51.552876	0.002000	1.000000	3.928391	-0.999949	-313.648483	-inf	0.000000
-0.189101	1.000106	6118.114915	4079.170392	126.568346	0.070000	51.553136	0.002000	1.000000	3.928375	-0.999954	-313.648483	-inf	0.000000
-0.209101	1.000104	6118.080205	4079.142942	14.322227	0.070000	51.553166	0.002000	1.000000	3.928373	-0.999955	-313.648483	-inf	0.000000
-0.229101	1.000104	6118.075275	4079.139215	1.594077	0.070000	51.553170	0.002000	1.000000	3.928372	-0.999955	-313.648483	-inf	0.000000
-0.249101	1.000104	6118.074620	4079.138739	0.192007	0.070000	51.553170	0.002000	1.000000	3.928372	-0.999955	-313.648483	-inf	0.000000
-0.269101	1.000104	6118.074538	4079.138680	0.027038	0.070000	51.553170	0.002000	1.000000	3.928372	-0.999955	-313.648483	-inf	0.000000
-0.289101	1.000104	6118.074528	4079.138673	0.004323	0.070000	51.553170	0.002000	1.000000	3.928372	-0.999955	-313.648483	-inf	0.000000
-0.309101	1.000104	6118.074526	4079.138672	0.000713	0.070000	51.553170	0.002000	1.000000	3.928372	-0.999955	-313.648483	-inf	0.000000
-0.329101	1.000104	6118.074526	4079.138672	0.000113	0.070000	51.553170	0.002000	1.000000	3.928372	-0.999955	-313.648483	-inf	0.000000
-0.349101	1.000104	6118.074526	4079.138672	0.000017	0.070000	51.553170	0.002000	1.000000	3.928372	-0.999955	-313.648483	-inf	0.000000
