0.000422	23.425903	9714.006224	151602.656404	29807.968011	66543018.973477	-0.067957	0.000085	1.216755	4.072578	0.368995	-0.889618	-5.767818	0.000000
0.001281	22.799775	9903.634471	150333.533396	101875.596596	63921178.617988	-0.219176	0.000088	1.216755	4.048046	0.356884	-0.753448	-5.769006	0.000000
0.002174	21.608086	10194.184946	146609.932007	190618.592884	92037406.422374	-0.402751	0.000093	1.216755	4.090847	0.333333	-0.876988	-5.817615	0.000000
0.003133	19.895433	10655.774499	141044.498872	322423.395161	128336089.613248	-0.648886	0.000101	1.216755	4.123663	0.297152	-0.944563	-5.875320	0.000000
0.004192	17.778866	11264.552796	133167.277010	515433.081666	193337624.908000	-0.994946	0.000112	1.216755	4.150688	0.247919	-0.960290	-5.927681	0.000000
0.005402	15.391059	12034.492953	123080.628052	776774.091178	298735615.555160	-1.479703	0.000130	1.216755	4.180491	0.184830	-0.966341	-5.981019	0.000000
0.006828	12.861243	12995.778798	110971.931309	1259233.680219	464649141.446593	-2.191587	0.000156	1.216755	4.214857	0.106320	-0.971912	-6.035275	0.000000
0.008584	10.372087	14178.596069	97571.425886	1827924.365383	695064026.181326	-3.246817	0.000193	1.216755	4.254384	0.012417	-0.981607	-6.091233	0.000000
0.010810	8.040727	15781.630875	84136.892009	2911659.243931	1003714945.257130	-4.747061	0.000249	1.216755	4.303136	-0.098889	-0.994676	-6.151261	0.000000
0.013796	5.838951	18241.614401	70544.555431	5960797.027234	1516433147.571568	-7.476665	0.000343	1.216755	4.369218	-0.238946	-1.013868	-6.213116	0.000000
0.018230	3.972363	21918.876647	57649.412124	10033898.947718	2219431561.513121	-12.533895	0.000503	1.216755	4.454291	-0.406935	-1.047930	-6.269873	0.000000
0.024994	2.658881	26996.223590	47540.083283	13746608.865726	2870707599.400480	-19.849432	0.000752	1.216755	4.554437	-0.581143	-1.116941	-6.314795	0.000000
0.034911	1.833082	29648.699017	35702.209832	17884130.514674	3445679030.405137	-29.555635	0.001091	1.216755	4.607956	-0.742021	-1.227955	-6.311169	0.000000
0.048734	1.350746	21316.786238	18642.826525	16077772.650048	3213339748.039705	-40.339655	0.001481	1.216755	4.470202	-0.873232	-1.285619	-6.232885	0.000000
0.066061	1.117019	10737.286878	7785.523555	7822239.510748	1446669413.352926	-47.700090	0.001790	1.216755	4.172653	-0.953837	-1.288714	-6.198059	0.000000
0.085254	1.031444	6965.840546	4746.966029	2358923.862470	318283251.908216	-50.578130	0.001939	1.216755	3.984732	-0.987190	-1.288720	-6.200410	0.000000
0.105066	1.007199	6250.338996	4189.776851	540345.639801	50167554.252127	-51.353183	0.001986	1.216755	3.937662	-0.997048	-1.288720	-6.201812	0.000000
0.125030	1.001498	6139.803950	4098.134006	103009.934272	7907172.532816	-51.517940	0.001997	1.216755	3.929913	-0.999385	-1.288720	-6.202086	0.000000
0.145024	1.000345	6121.993192	4082.527394	16984.524529	1337087.493509	-51.547726	0.001999	1.216755	3.928651	-0.999857	-1.288720	-6.202134	0.000000
0.165023	1.000141	6118.950899	4079.839277	2477.799082	230860.553708	-51.552415	0.002000	1.216755	3.928435	-0.999940	-1.288720	-6.202142	0.000000
0.185023	1.000109	6118.432789	4079.393342	327.988615	38260.429609	-51.553074	0.002000	1.216755	3.928399	-0.999953	-1.288720	-6.202143	0.000000
0.205023	1.000105	6118.348926	4079.323934	40.524031	5956.293627	-51.553158	0.002000	1.216755	3.928393	-0.999955	-1.288720	-6.202143	0.000000
0.225023	1.000104	6118.336191	4079.313809	4.896564	871.080034	-51.553169	0.002000	1.216755	3.928392	-0.999955	-1.288720	-6.202143	0.000000
0.245023	1.000104	6118.334371	4079.312410	0.620392	120.941035	-51.553170	0.002000	1.216755	3.928392	-0.999955	-1.288720	-6.202143	0.000000
0.265023	1.000104	6118.334123	4079.312224	0.087612	16.243727	-51.553170	0.002000	1.216755	3.928392	-0.999955	-1.288720	-6.202143	0.000000
0.285023	1.000104	6118.334090	4079.312199	0.013761	2.166220	-51.553170	0.002000	1.216755	3.928392	-0.999955	-1.288720	-6.202143	0.000000
0.305023	1.000104	6118.334085	4079.312196	0.002265	0.295012	-51.553170	0.002000	1.216755	3.928392	-0.999955	-1.288720	-6.202143	0.000000
0.325023	1.000104	6118.334085	4079.312196	0.000368	0.041812	-51.553170	0.002000	1.216755	3.928392	-0.999955	-1.288720	-6.202143	0.000000
0.345023	1.000104	6118.334085	4079.312195	0.000057	0.006165	-51.553170	0.002000	1.216755	3.928392	-0.999955	-1.288720	-6.202143	0.000000
0.365023	1.000104	6118.334085	4079.312195	0.000008	0.000929	-51.553170	0.002000	1.216755	3.928392	-0.999955	-1.288720	-6.202143	0.000000
0.385023	1.000104	6118.334085	4079.312195	0.000001	0.000140	-51.553170	0.002000	1.216755	3.928392	-0.999955	-1.288720	-6.202143	0.000000
0.405023	1.000104	6118.334085	4079.312195	0.000000	0.000020	-51.553170	0.002000	1.216755	3.928392	-0.999955	-1.288720	-6.202143	0.000000
0.425023	1.000104	6118.334085	4079.312195	0.000000	0.000003	-51.553170	0.002000	1.216755	3.928392	-0.999955	-1.288720	-6.202143	0.000000
0.445023	1.000104	6118.334085	4079.312195	0.000000	0.000001	-51.553170	0.002000	1.216755	3.928392	-0.999955	-1.288720	-6.202143	0.000000
0.465023	1.000104	6118.334085	4079.312195	-0.000000	-0.000000	-51.553170	0.002000	1.216755	3.928392	-0.999955	-1.288720	-6.202143	0.000000
0.485023	1.000104	6118.334085	4079.312195	0.000000	0.000000	-51.553170	0.002000	1.216755	3.928392	-0.999955	-1.288720	-6.202143	0.000000
0.505023	1.000104	6118.334085	4079.312195	0.000000	0.000000	-51.553170	0.002000	1.216755	3.928392	-0.999955	-1.288720	-6.202143	0.000000
0.525023	1.000104	6118.334085	4079.312195	-0.000000	0.000000	-51.553170	0.002000	1.216755	3.928392	-0.999955	-1.288720	-6.202143	0.000000
0.545023	1.000104	6118.334085	4079.312195	-0.000000	0.000000	-51.553170	0.002000	1.216755	3.928392	-0.999955	-1.288720	-6.202143	0.000000
0.565023	1.000104	6118.334085	4079.312195	-0.000000	-0.000000	-51.553170	0.002000	1.216755	3.928392	-0.999955	-1.288720	-6.202143	0.000000
0.585023	1.000104	6118.334085	4079.312195	0.000000	-0.000001	-51.553170	0.002000	1.216755	3.928392	-0.999955	-1.288720	-6.202143	0.000000
0.605023	1.000104	6118.334085	4079.312195	0.000000	0.000000	-51.553170	0.002000	1.216755	3.928392	-0.999955	-1.288720	-6.202143	0.000000
0.625023	1.000104	6118.334085	4079.312195	-0.000000	0.000000	-51.553170	0.002000	1.216755	3.928392	-0.999955	-1.288720	-6.202143	0.000000
0.645023	1.000104	6118.334085	4079.312195	-0.000000	0.000000	-51.553170	0.002000	1.216755	3.928392	-0.999955	-1.288720	-6.202143	0.000000
0.665023	1.000104	6118.334085	4079.312195	-0.000000	0.000000	-51.553170	0.002000	1.216755	3.928392	-0.999955	-1.288720	-6.202143	0.000000
0.685023	1.000104	6118.334085	4079.312195	0.000000	0.000000	-51.553170	0.002000	1.216755	3.928392	-0.999955	-1.288720	-6.202143	0.000000
0.705023	1.000104	6118.334085	4079.312195	0.000000	0.000000	-51.553170	0.002000	1.216755	3.928392	-0.999955	-1.288720	-6.202143	0.000000
0.725023	1.000104	6118.334085	4079.312195	-0.000000	0.000000	-51.553170	0.002000	1.216755	3.928392	-0.999955	-1.288720	-6.202143	0.000000
0.745023	1.000104	6118.334085	4079.312195	-0.000000	0.000000	-51.553170	0.002000	1.216755	3.928392	-0.999955	-1.288720	-6.202143	0.000000
0.765023	1.000104	6118.334085	4079.312195	-0.000000	0.000000	-51.553170	0.002000	1.216755	3.928392	-0.999955	-1.288720	-6.202143	0.000000
0.785023	1.000104	6118.334085	4079.312195	-0.000000	0.000000	-51.553170	0.002000	1.216755	3.928392	-0.999955	-1.288720	-6.202143	0.000000
0.805023	1.000104	6118.334085	4079.312195	-0.000000	0.000000	-51.553170	0.002000	1.216755	3.928392	-0.999955	-1.288720	-6.202143	0.000000
0.825023	1.000104	6118.334085	4079.312195	-0.000000	0.000000	-51.553170	0.002000	1.216755	3.928392	-0.999955	-1.288720	-6.202143	0.000000
0.845023	1.000104	6118.334085	4079.312195	-0.000000	0.000000	-51.553170	0.002000	1.216755	3.928392	-0.999955	-1.288720	-6.202143	0.000000
0.865023	1.000104	6118.334085	4079.312195	-0.000000	0.000000	-51.553170	0.002000	1.216755	3.928392	-0.999955	-1.288720	-6.202143	0.000000
0.885023	1.000104	6118.334085	4079.312195	-0.000000	0.000000	-51.553170	0.002000	1.216755	3.928392	-0.999955	-1.288720	-6.202143	0.000000
0.905023	1.000104	6118.334085	4079.312195	-0.000000	0.000000	-51.553170	0.002000	1.216755	3.928392	-0.999955	-1.288720	-6.202143	0.000000
0.925023	1.000104	6118.334085	4079.312195	-0.000000	0.000000	-51.553170	0.002000	1.216755	3.928392	-0.999955	-1.288720	-6.202143	0.000000
0.945023	1.000104	6118.334085	4079.312195	-0.000000	0.000000	-51.553170	0.002000	1.216755	3.928392	-0.999955	-1.288720	-6.202143	0.000000
0.965023	1.000104	6118.334085	4079.312195	0.000000	0.000000	-51.553170	0.002000	1.216755	3.928392	-0.999955	-1.288720	-6.202143	0.000000
0.985023	1.000104	6118.334085	4079.312195	0.000000	0.000000	-51.553170	0.002000	1.216755	3.928392	-0.999955	-1.288720	-6.202143	0.000000
1.005023	1.000104	6118.334085	4079.312195	0.000000	0.000000	-51.553170	0.002000	1.216755	3.928392	-0.999955	-1.288720	-6.202143	0.000000
1.025023	1.000104	6118.334085	4079.312195	-0.000000	0.000001	-51.553170	0.002000	1.216755	3.928392	-0.999955	-1.288720	-6.202143	0.000000
1.045023	1.000104	6118.334085	4079.312195	-0.000000	-0.000000	-51.553170	0.002000	1.216755	3.928392	-0.999955	-1.288720	-6.202143	0.000000
1.065023	1.000104	6118.334085	4079.312195	-0.000000	-0.000001	-51.553170	0.002000	1.216755	3.928392	-0.999955	-1.288720	-6.202143	0.000000
1.085023	1.000104	6118.334085	4079.312195	0.000000	-0.000000	-51.553170	0.002000	1.216755	3.928392	-0.999955	-1.288720	-6.202143	0.000000
1.105023	1.000104	6118.334085	4079.312195	-0.000000	0.000000	-51.553170	0.002000	1.216755	3.928392	-0.999955	-1.288720	-6.202143	0.000000
1.125023	1.000104	6118.334085	4079.312195	0.000000	-0.000000	-51.553170	0.002000	1.216755	3.928392	-0.999955	-1.288720	-6.202143	0.000000
1.145023	1.000104	6118.334085	4079.312195	0.000000	-0.000000	-51.553170	0.002000	1.216755	3.928392	-0.999955	-1.288720	-6.202143	0.000000
1.165023	1.000104	6118.334085	4079.312195	0.000000	0.000000	-51.553170	0.002000	1.216755	3.928392	-0.999955	-1.288720	-6.202143	0.000000
1.185023	1.000104	6118.334085	4079.312195	0.000000	0.000001	-51.553170	0.002000	1.216755	3.928392	-0.999955	-1.288720	-6.202143	0.000000
1.205023	1.000104	6118.334085	4079.312195	-0.000000	0.000000	-51.553170	0.002000	1.216755	3.928392	-0.999955	-1.288720	-6.202143	0.000000
1.225023	1.000104	6118.334085	4079.312195	-0.000000	0.000000	-51.553170	0.002000	1.216755	3.928392	-0.999955	-1.288720	-6.202143	0.000000
1.245023	1.000104	6118.334085	4079.312195	-0.000000	0.000000	-51.553170	0.002000	1.216755	3.928392	-0.999955	-1.288720	-6.202143	0.000000
1.265023	1.000104	6118.334085	4079.312195	-0.000000	-0.000000	-51.553170	0.002000	1.216755	3.928392	-0.999955	-1.288720	-6.202143	0.000000
1.285023	1.000104	6118.334085	4079.312195	0.000000	-0.000000	-51.553170	0.002000	1.216755	3.928392	-0.999955	-1.288720	-6.202143	0.000000
1.305023	1.000104	6118.334085	4079.312195	0.000000	-0.000000	-51.553170	0.002000	1.216755	3.928392	-0.999955	-1.288720	-6.202143	0.000000
1.325023	1.000104	6118.334085	4079.312195	0.000000	-0.000000	-51.553170	0.002000	1.216755	3.928392	-0.999955	-1.288720	-6.202143	0.000000
1.345023	1.000104	6118.334085	4079.312195	-0.000000	-0.000000	-51.553170	0.002000	1.216755	3.928392	-0.999955	-1.288720	-6.202143	0.000000
1.365023	1.000104	6118.334085	4079.312195	-0.000000	-0.000000	-51.553170	0.002000	1.216755	3.928392	-0.999955	-1.288720	-6.202143	0.000000
1.385023	1.000104	6118.334085	4079.312195	-0.000000	-0.000000	-51.553170	0.002000	1.216755	3.928392	-0.999955	-1.288720	-6.202143	0.000000
1.405023	1.000104	6118.334085	4079.312195	-0.000000	0.000000	-51.553170	0.002000	1.216755	3.928392	-0.999955	-1.288720	-6.202143	0.000000
1.425023	1.000104	6118.334085	4079.312195	-0.000000	0.000000	-51.553170	0.002000	1.216755	3.928392	-0.999955	-1.288720	-6.202143	0.000000
1.445023	1.000104	6118.334085	4079.312195	-0.000000	0.000000	-51.553170	0.002000	1.216755	3.928392	-0.999955	-1.288720	-6.202143	0.000000
1.465023	1.000104	6118.334085	4079.312195	-0.000000	0.000000	-51.553170	0.002000	1.216755	3.928392	-0.999955	-1.288720	-6.202143	0.000000
1.485023	1.000104	6118.334085	4079.312195	-0.000000	0.000000	-51.553170	0.002000	1.216755	3.928392	-0.999955	-1.288720	-6.202143	0.000000
1.505023	1.000104	6118.334085	4079.312195	-0.000000	0.000000	-51.553170	0.002000	1.216755	3.928392	-0.999955	-1.288720	-6.202143	0.000000
1.525023	1.000104	6118.334085	4079.312195	-0.000000	0.000000	-51.553170	0.002000	1.216755	3.928392	-0.999955	-1.288720	-6.202143	0.000000
1.545023	1.000104	6118.334085	4079.312195	-0.000000	0.000000	-51.553170	0.002000	1.216755	3.928392	-0.999955	-1.288720	-6.202143	0.000000
1.565023	1.000104	6118.334085	4079.312195	-0.000000	0.000000	-51.553170	0.002000	1.216755	3.928392	-0.999955	-1.288720	-6.202143	0.000000
1.585023	1.000104	6118.334085	4079.312195	-0.000000	0.000000	-51.553170	0.002000	1.216755	3.928392	-0.999955	-1.288720	-6.202143	0.000000
1.605023	1.000104	6118.334085	4079.312195	-0.000000	0.000000	-51.553170	0.002000	1.216755	3.928392	-0.999955	-1.288720	-6.202143	0.000000
1.625023	1.000104	6118.334085	4079.312195	-0.000000	0.000000	-51.553170	0.002000	1.216755	3.928392	-0.999955	-1.288720	-6.202143	0.000000
1.645023	1.000104	6118.334085	4079.312195	-0.000000	0.000000	-51.553170	0.002000	1.216755	3.928392	-0.999955	-1.288720	-6.202143	0.000000
1.665023	1.000104	6118.334085	4079.312195	-0.000000	0.000000	-51.553170	0.002000	1.216755	3.928392	-0.999955	-1.288720	-6.202143	0.000000
1.685023	1.000104	6118.334085	4079.312195	-0.000000	0.000000	-51.553170	0.002000	1.216755	3.928392	-0.999955	-1.288720	-6.202143	0.000000
1.705023	1.000104	6118.334085	4079.312195	-0.000000	0.000000	-51.553170	0.002000	1.216755	3.928392	-0.999955	-1.288720	-6.202143	0.000000
1.725023	1.000104	6118.334085	4079.312195	-0.000000	0.000000	-51.553170	0.002000	1.216755	3.928392	-0.999955	-1.288720	-6.202143	0.000000
1.745023	1.000104	6118.334085	4079.312195	-0.000000	0.000000	-51.553170	0.002000	1.216755	3.928392	-0.999955	-1.288720	-6.202143	0.000000
1.765023	1.000104	6118.334085	4079.312195	-0.000000	0.000000	-51.553170	0.002000	1.216755	3.928392	-0.999955	-1.288720	-6.202143	0.000000
1.785023	1.000104	6118.334085	4079.312195	-0.000000	0.000000	-51.553170	0.002000	1.216755	3.928392	-0.999955	-1.288720	-6.202143	0.000000
1.805023	1.000104	6118.334085	4079.312195	-0.000000	0.000000	-51.553170	0.002000	1.216755	3.928392	-0.999955	-1.288720	-6.202143	0.000000
1.825023	1.000104	6118.334085	4079.312195	-0.000000	0.000000	-51.553170	0.002000	1.216755	3.928392	-0.999955	-1.288720	-6.202143	0.000000
1.845023	1.000104	6118.334085	4079.312195	-0.000000	0.000000	-51.553170	0.002000	1.216755	3.928392	-0.999955	-1.288720	-6.202143	0.000000
1.865023	1.000104	6118.334085	4079.312195	-0.000000	0.000000	-51.553170	0.002000	1.216755	3.928392	-0.999955	-1.288720	-6.202143	0.000000
1.885023	1.000104	6118.334085	4079.312195	-0.000000	0.000000	-51.553170	0.002000	1.216755	3.928392	-0.999955	-1.288720	-6.202143	0.000000
1.905023	1.000104	6118.334085	4079.312195	-0.000000	0.000000	-51.553170	0.002000	1.216755	3.928392	-0.999955	-1.288720	-6.202143	0.000000
1.925023	1.000104	6118.334085	4079.312195	-0.000000	0.000000	-51.553170	0.002000	1.216755	3.928392	-0.999955	-1.288720	-6.202143	0.000000
1.945023	1.000104	6118.334085	4079.312195	-0.000000	0.000000	-51.553170	0.002000	1.216755	3.928392	-0.999955	-1.288720	-6.202143	0.000000
1.965023	1.000104	6118.334085	4079.312195	-0.000000	0.000000	-51.553170	0.002000	1.216755	3.928392	-0.999955	-1.288720	-6.202143	0.000000
1.985023	1.000104	6118.334085	4079.312195	-0.000000	0.000000	-51.553170	0.002000	1.216755	3.928392	-0.999955	-1.288720	-6.202143	0.000000
2.005023	1.000104	6118.334085	4079.312195	-0.000000	0.000000	-51.553170	0.002000	1.216755	3.928392	-0.999955	-1.288720	-6.202143	0.000000
2.025023	1.000104	6118.334085	4079.312195	-0.000000	0.000000	-51.553170	0.002000	1.216755	3.928392	-0.999955	-1.288720	-6.202143	0.000000
2.045023	1.000104	6118.334085	4079.312195	-0.000000	0.000000	-51.553170	0.002000	1.216755	3.928392	-0.999955	-1.288720	-6.202143	0.000000
2.065023	1.000104	6118.334085	4079.312195	-0.000000	0.000000	-51.553170	0.002000	1.216755	3.928392	-0.999955	-1.288720	-6.202143	0.000000
2.085023	1.000104	6118.334085	4079.312195	-0.000000	0.000000	-51.553170	0.002000	1.216755	3.928392	-0.999955	-1.288720	-6.202143	0.000000
2.105023	1.000104	6118.334085	4079.312195	-0.000000	0.000000	-51.553170	0.002000	1.216755	3.928392	-0.999955	-1.288720	-6.202143	0.000000
2.125023	1.000104	6118.334085	4079.312195	-0.000000	0.000000	-51.553170	0.002000	1.216755	3.928392	-0.999955	-1.288720	-6.202143	0.000000
2.145023	1.000104	6118.334085	4079.312195	-0.000000	0.000000	-51.553170	0.002000	1.216755	3.928392	-0.999955	-1.288720	-6.202143	0.000000
2.165023	1.000104	6118.334085	4079.312195	-0.000000	0.000000	-51.553170	0.002000	1.216755	3.928392	-0.999955	-1.288720	-6.202143	0.000000
2.185023	1.000104	6118.334085	4079.312195	0.000000	0.000000	-51.553170	0.002000	1.216755	3.928392	-0.999955	-1.288720	-6.202143	0.000000
2.205023	1.000104	6118.334085	4079.312195	0.000000	0.000000	-51.553170	0.002000	1.216755	3.928392	-0.999955	-1.288720	-6.202143	0.000000
2.225023	1.000104	6118.334085	4079.312195	0.000000	0.000000	-51.553170	0.002000	1.216755	3.928392	-0.999955	-1.288720	-6.202143	0.000000
2.245023	1.000104	6118.334085	4079.312195	-0.000000	0.000000	-51.553170	0.002000	1.216755	3.928392	-0.999955	-1.288720	-6.202143	0.000000
2.265023	1.000104	6118.334085	4079.312195	-0.000000	-0.000001	-51.553170	0.002000	1.216755	3.928392	-0.999955	-1.288720	-6.202143	0.000000
2.285023	1.000104	6118.334085	4079.312195	0.000000	-0.000001	-51.553170	0.002000	1.216755	3.928392	-0.999955	-1.288720	-6.202143	0.000000
2.305023	1.000104	6118.334085	4079.312195	0.000000	0.000000	-51.553170	0.002000	1.216755	3.928392	-0.999955	-1.288720	-6.202143	0.000000
2.325023	1.000104	6118.334085	4079.312195	0.000000	0.000000	-51.553170	0.002000	1.216755	3.928392	-0.999955	-1.288720	-6.202143	0.000000
2.345023	1.000104	6118.334085	4079.312195	0.000000	0.000001	-51.553170	0.002000	1.216755	3.928392	-0.999955	-1.288720	-6.202143	0.000000
2.365023	1.000104	6118.334085	4079.312195	-0.000000	0.000000	-51.553170	0.002000	1.216755	3.928392	-0.999955	-1.288720	-6.202143	0.000000
2.385023	1.000104	6118.334085	4079.312195	0.000000	0.000000	-51.553170	0.002000	1.216755	3.928392	-0.999955	-1.288720	-6.202143	0.000000
2.405023	1.000104	6118.334085	4079.312195	-0.000000	0.000001	-51.553170	0.002000	1.216755	3.928392	-0.999955	-1.288720	-6.202143	0.000000
2.425023	1.000104	6118.334085	4079.312195	-0.000000	-0.000001	-51.553170	0.002000	1.216755	3.928392	-0.999955	-1.288720	-6.202143	0.000000
2.445023	1.000104	6118.334085	4079.312195	0.000000	-0.000000	-51.553170	0.002000	1.216755	3.928392	-0.999955	-1.288720	-6.202143	0.000000
2.465023	1.000104	6118.334085	4079.312195	-0.000000	0.000001	-51.553170	0.002000	1.216755	3.928392	-0.999955	-1.288720	-6.202143	0.000000
2.485023	1.000104	6118.334085	4079.312195	-0.000000	-0.000001	-51.553170	0.002000	1.216755	3.928392	-0.999955	-1.288720	-6.202143	0.000000
2.505023	1.000104	6118.334085	4079.312195	0.000000	-0.000000	-51.553170	0.002000	1.216755	3.928392	-0.999955	-1.288720	-6.202143	0.000000
2.525023	1.000104	6118.334085	4079.312195	0.000000	0.000000	-51.553170	0.002000	1.216755	3.928392	-0.999955	-1.288720	-6.202143	0.000000
2.545023	1.000104	6118.334085	4079.312195	-0.000000	0.000000	-51.553170	0.002000	1.216755	3.928392	-0.999955	-1.288720	-6.202143	0.000000
2.565023	1.000104	6118.334085	4079.312195	-0.000000	0.000000	-51.553170	0.002000	1.216755	3.928392	-0.999955	-1.288720	-6.202143	0.000000
2.585023	1.000104	6118.334085	4079.312195	-0.000000	0.000000	-51.553170	0.002000	1.216755	3.928392	-0.999955	-1.288720	-6.202143	0.000000
2.605023	1.000104	6118.334085	4079.312195	-0.000000	0.000000	-51.553170	0.002000	1.216755	3.928392	-0.999955	-1.288720	-6.202143	0.000000
2.625023	1.000104	6118.334085	4079.312195	-0.000000	0.000000	-51.553170	0.002000	1.216755	3.928392	-0.999955	-1.288720	-6.202143	0.000000
2.645023	1.000104	6118.334085	4079.312195	-0.000000	0.000000	-51.553170	0.002000	1.216755	3.928392	-0.999955	-1.288720	-6.202143	0.000000
2.665023	1.000104	6118.334085	4079.312195	-0.000000	0.000000	-51.553170	0.002000	1.216755	3.928392	-0.999955	-1.288720	-6.202143	0.000000
2.685023	1.000104	6118.334085	4079.312195	-0.000000	0.000000	-51.553170	0.002000	1.216755	3.928392	-0.999955	-1.288720	-6.202143	0.000000
2.705023	1.000104	6118.334085	4079.312195	-0.000000	0.000000	-51.553170	0.002000	1.216755	3.928392	-0.999955	-1.288720	-6.202143	0.000000
2.725023	1.000104	6118.334085	4079.312195	-0.000000	0.000000	-51.553170	0.002000	1.216755	3.928392	-0.999955	-1.288720	-6.202143	0.000000
2.745023	1.000104	6118.334085	4079.312195	-0.000000	0.000000	-51.553170	0.002000	1.216755	3.928392	-0.999955	-1.288720	-6.202143	0.000000
2.765023	1.000104	6118.334085	4079.312195	-0.000000	0.000000	-51.553170	0.002000	1.216755	3.928392	-0.999955	-1.288720	-6.202143	0.000000
2.785023	1.000104	6118.334085	4079.312195	-0.000000	0.000000	-51.553170	0.002000	1.216755	3.928392	-0.999955	-1.288720	-6.202143	0.000000
2.805023	1.000104	6118.334085	4079.312195	-0.000000	0.000000	-51.553170	0.002000	1.216755	3.928392	-0.999955	-1.288720	-6.202143	0.000000
2.825023	1.000104	6118.334085	4079.312195	-0.000000	0.000000	-51.553170	0.002000	1.216755	3.928392	-0.999955	-1.288720	-6.202143	0.000000
2.845023	1.000104	6118.334085	4079.312195	-0.000000	0.000000	-51.553170	0.002000	1.216755	3.928392	-0.999955	-1.288720	-6.202143	0.000000
2.865023	1.000104	6118.334085	4079.312195	-0.000000	0.000000	-51.553170	0.002000	1.216755	3.928392	-0.999955	-1.288720	-6.202143	0.000000
2.885023	1.000104	6118.334085	4079.312195	-0.000000	0.000000	-51.553170	0.002000	1.216755	3.928392	-0.999955	-1.288720	-6.202143	0.000000
2.905023	1.000104	6118.334085	4079.312195	-0.000000	0.000000	-51.553170	0.002000	1.216755	3.928392	-0.999955	-1.288720	-6.202143	0.000000
2.925023	1.000104	6118.334085	4079.312195	-0.000000	0.000000	-51.553170	0.002000	1.216755	3.928392	-0.999955	-1.288720	-6.202143	0.000000
2.945023	1.000104	6118.334085	4079.312195	-0.000000	0.000000	-51.553170	0.002000	1.216755	3.928392	-0.999955	-1.288720	-6.202143	0.000000
2.965023	1.000104	6118.334085	4079.312195	-0.000000	0.000000	-51.553170	0.002000	1.216755	3.928392	-0.999955	-1.288720	-6.202143	0.000000
2.985023	1.000104	6118.334085	4079.312195	-0.000000	0.000000	-51.553170	0.002000	1.216755	3.928392	-0.999955	-1.288720	-6.202143	0.000000
3.005023	1.000104	6118.334085	4079.312195	-0.000000	0.000000	-51.553170	0.002000	1.216755	3.928392	-0.999955	-1.288720	-6.202143	0.000000
3.025023	1.000104	6118.334085	4079.312195	-0.000000	0.000000	-51.553170	0.002000	1.216755	3.928392	-0.999955	-1.288720	-6.202143	0.000000
3.045023	1.000104	6118.334085	4079.312195	-0.000000	0.000000	-51.553170	0.002000	1.216755	3.928392	-0.999955	-1.288720	-6.202143	0.000000
3.065023	1.000104	6118.334085	4079.312195	-0.000000	0.000000	-51.553170	0.002000	1.216755	3.928392	-0.999955	-1.288720	-6.202143	0.000000
3.085023	1.000104	6118.334085	4079.312195	-0.000000	0.000000	-51.553170	0.002000	1.216755	3.928392	-0.999955	-1.288720	-6.202143	0.000000
3.105023	1.000104	6118.334085	4079.312195	-0.000000	0.000000	-51.553170	0.002000	1.216755	3.928392	-0.999955	-1.288720	-6.202143	0.000000
3.125023	1.000104	6118.334085	4079.312195	-0.000000	0.000000	-51.553170	0.002000	1.216755	3.928392	-0.999955	-1.288720	-6.202143	0.000000
3.145023	1.000104	6118.334085	4079.312195	-0.000000	0.000000	-51.553170	0.002000	1.216755	3.928392	-0.999955	-1.288720	-6.202143	0.000000
3.165023	1.000104	6118.334085	4079.312195	-0.000000	0.000000	-51.553170	0.002000	1.216755	3.928392	-0.999955	-1.288720	-6.202143	0.000000
3.185023	1.000104	6118.334085	4079.312195	-0.000000	0.000000	-51.553170	0.002000	1.216755	3.928392	-0.999955	-1.288720	-6.202143	0.000000
3.205023	1.000104	6118.334085	4079.312195	-0.000000	0.000000	-51.553170	0.002000	1.216755	3.928392	-0.999955	-1.288720	-6.202143	0.000000
3.225023	1.000104	6118.334085	4079.312195	-0.000000	0.000000	-51.553170	0.002000	1.216755	3.928392	-0.999955	-1.288720	-6.202143	0.000000
3.245023	1.000104	6118.334085	4079.312195	-0.000000	0.000000	-51.553170	0.002000	1.216755	3.928392	-0.999955	-1.288720	-6.202143	0.000000
3.265023	1.000104	6118.334085	4079.312195	-0.000000	0.000000	-51.553170	0.002000	1.216755	3.928392	-0.999955	-1.288720	-6.202143	0.000000
3.285023	1.000104	6118.334085	4079.312195	-0.000000	0.000000	-51.553170	0.002000	1.216755	3.928392	-0.999955	-1.288720	-6.202143	0.000000
3.305023	1.000104	6118.334085	4079.312195	-0.000000	0.000000	-51.553170	0.002000	1.216755	3.928392	-0.999955	-1.288720	-6.202143	0.000000
3.325023	1.000104	6118.334085	4079.312195	-0.000000	0.000000	-51.553170	0.002000	1.216755	3.928392	-0.999955	-1.288720	-6.202143	0.000000
3.345023	1.000104	6118.334085	4079.312195	-0.000000	0.000000	-51.553170	0.002000	1.216755	3.928392	-0.999955	-1.288720	-6.202143	0.000000
3.365023	1.000104	6118.334085	4079.312195	-0.000000	0.000000	-51.553170	0.002000	1.216755	3.928392	-0.999955	-1.288720	-6.202143	0.000000
3.385023	1.000104	6118.334085	4079.312195	-0.000000	0.000000	-51.553170	0.002000	1.216755	3.928392	-0.999955	-1.288720	-6.202143	0.000000
3.405023	1.000104	6118.334085	4079.312195	-0.000000	0.000000	-51.553170	0.002000	1.216755	3.928392	-0.999955	-1.288720	-6.202143	0.000000
3.425023	1.000104	6118.334085	4079.312195	-0.000000	0.000000	-51.553170	0.002000	1.216755	3.928392	-0.999955	-1.288720	-6.202143	0.000000
3.445023	1.000104	6118.334085	4079.312195	-0.000000	0.000000	-51.553170	0.002000	1.216755	3.928392	-0.999955	-1.288720	-6.202143	0.000000
3.465023	1.000104	6118.334085	4079.312195	-0.000000	0.000000	-51.553170	0.002000	1.216755	3.928392	-0.999955	-1.288720	-6.202143	0.000000
3.485023	1.000104	6118.334085	4079.312195	-0.000000	0.000000	-51.553170	0.002000	1.216755	3.928392	-0.999955	-1.288720	-6.202143	0.000000
3.505023	1.000104	6118.334085	4079.312195	-0.000000	0.000000	-51.553170	0.002000	1.216755	3.928392	-0.999955	-1.288720	-6.202143	0.000000
3.525023	1.000104	6118.334085	4079.312195	-0.000000	0.000000	-51.553170	0.002000	1.216755	3.928392	-0.999955	-1.288720	-6.202143	0.000000
3.545023	1.000104	6118.334085	4079.312195	-0.000000	0.000000	-51.553170	0.002000	1.216755	3.928392	-0.999955	-1.288720	-6.202143	0.000000
3.565023	1.000104	6118.334085	4079.312195	-0.000000	0.000000	-51.553170	0.002000	1.216755	3.928392	-0.999955	-1.288720	-6.202143	0.000000
3.585023	1.000104	6118.334085	4079.312195	-0.000000	0.000000	-51.553170	0.002000	1.216755	3.928392	-0.999955	-1.288720	-6.202143	0.000000
3.605023	1.000104	6118.334085	4079.312195	-0.000000	0.000000	-51.553170	0.002000	1.216755	3.928392	-0.999955	-1.288720	-6.202143	0.000000
3.625023	1.000104	6118.334085	4079.312195	-0.000000	0.000000	-51.553170	0.002000	1.216755	3.928392	-0.999955	-1.288720	-6.202143	0.000000
3.645023	1.000104	6118.334085	4079.312195	-0.000000	0.000000	-51.553170	0.002000	1.216755	3.928392	-0.999955	-1.288720	-6.202143	0.000000
3.665023	1.000104	6118.334085	4079.312195	-0.000000	0.000000	-51.553170	0.002000	1.216755	3.928392	-0.999955	-1.288720	-6.202143	0.000000
3.685023	1.000104	6118.334085	4079.312195	-0.000000	0.000000	-51.553170	0.002000	1.216755	3.928392	-0.999955	-1.288720	-6.202143	0.000000
3.705023	1.000104	6118.334085	4079.312195	-0.000000	0.000000	-51.553170	0.002000	1.216755	3.928392	-0.999955	-1.288720	-6.202143	0.000000
3.725023	1.000104	6118.334085	4079.312195	-0.000000	0.000000	-51.553170	0.002000	1.216755	3.928392	-0.999955	-1.288720	-6.202143	0.000000
3.745023	1.000104	6118.334085	4079.312195	-0.000000	0.000000	-51.553170	0.002000	1.216755	3.928392	-0.999955	-1.288720	-6.202143	0.000000
3.765023	1.000104	6118.334085	4079.312195	-0.000000	0.000000	-51.553170	0.002000	1.216755	3.928392	-0.999955	-1.288720	-6.202143	0.000000
3.785023	1.000104	6118.334085	4079.312195	-0.000000	0.000000	-51.553170	0.002000	1.216755	3.928392	-0.999955	-1.288720	-6.202143	0.000000
3.805023	1.000104	6118.334085	4079.312195	-0.000000	0.000000	-51.553170	0.002000	1.216755	3.928392	-0.999955	-1.288720	-6.202143	0.000000
3.825023	1.000104	6118.334085	4079.312195	-0.000000	0.000000	-51.553170	0.002000	1.216755	3.928392	-0.999955	-1.288720	-6.202143	0.000000
3.845023	1.000104	6118.334085	4079.312195	-0.000000	0.000000	-51.553170	0.002000	1.216755	3.928392	-0.999955	-1.288720	-6.202143	0.000000
3.865023	1.000104	6118.334085	4079.312195	-0.000000	0.000000	-51.553170	0.002000	1.216755	3.928392	-0.999955	-1.288720	-6.202143	0.000000
3.885023	1.000104	6118.334085	4079.312195	-0.000000	0.000000	-51.553170	0.002000	1.216755	3.928392	-0.999955	-1.288720	-6.202143	0.000000
3.905023	1.000104	6118.334085	4079.312195	-0.000000	0.000000	-51.553170	0.002000	1.216755	3.928392	-0.999955	-1.288720	-6.202143	0.000000
3.925023	1.000104	6118.334085	4079.312195	-0.000000	0.000000	-51.553170	0.002000	1.216755	3.928392	-0.999955	-1.288720	-6.202143	0.000000
3.945023	1.000104	6118.334085	4079.312195	-0.000000	0.000000	-51.553170	0.002000	1.216755	3.928392	-0.999955	-1.288720	-6.202143	0.000000
3.965023	1.000104	6118.334085	4079.312195	-0.000000	0.000000	-51.553170	0.002000	1.216755	3.928392	-0.999955	-1.288720	-6.202143	0.000000
3.985023	1.000104	6118.334085	4079.312195	-0.000000	0.000000	-51.553170	0.002000	1.216755	3.928392	-0.999955	-1.288720	-6.202143	0.000000
4.005023	1.000104	6118.334085	4079.312195	-0.000000	0.000000	-51.553170	0.002000	1.216755	3.928392	-0.999955	-1.288720	-6.202143	0.000000
4.025023	1.000104	6118.334085	4079.312195	-0.000000	0.000000	-51.553170	0.002000	1.216755	3.928392	-0.999955	-1.288720	-6.202143	0.000000
4.045023	1.000104	6118.334085	4079.312195	-0.000000	0.000000	-51.553170	0.002000	1.216755	3.928392	-0.999955	-1.288720	-6.202143	0.000000
4.065023	1.000104	6118.334085	4079.312195	-0.000000	0.000000	-51.553170	0.002000	1.216755	3.928392	-0.999955	-1.288720	-6.202143	0.000000
4.085023	1.000104	6118.334085	4079.312195	-0.000000	0.000000	-51.553170	0.002000	1.216755	3.928392	-0.999955	-1.288720	-6.202143	0.000000
4.105023	1.000104	6118.334085	4079.312195	-0.000000	0.000000	-51.553170	0.002000	1.216755	3.928392	-0.999955	-1.288720	-6.202143	0.000000
4.125023	1.000104	6118.334085	4079.312195	-0.000000	0.000000	-51.553170	0.002000	1.216755	3.928392	-0.999955	-1.288720	-6.202143	0.000000
4.145023	1.000104	6118.334085	4079.312195	-0.000000	0.000000	-51.553170	0.002000	1.216755	3.928392	-0.999955	-1.288720	-6.202143	0.000000
4.165023	1.000104	6118.334085	4079.312195	-0.000000	0.000000	-51.553170	0.002000	1.216755	3.928392	-0.999955	-1.288720	-6.202143	0.000000
4.185023	1.000104	6118.334085	4079.312195	-0.000000	0.000000	-51.553170	0.002000	1.216755	3.928392	-0.999955	-1.288720	-6.202143	0.000000
4.205023	1.000104	6118.334085	4079.312195	-0.000000	0.000000	-51.553170	0.002000	1.216755	3.928392	-0.999955	-1.288720	-6.202143	0.000000
4.225023	1.000104	6118.334085	4079.312195	-0.000000	0.000000	-51.553170	0.002000	1.216755	3.928392	-0.999955	-1.288720	-6.202143	0.000000
4.245023	1.000104	6118.334085	4079.312195	-0.000000	0.000000	-51.553170	0.002000	1.216755	3.928392	-0.999955	-1.288720	-6.202143	0.000000
4.265023	1.000104	6118.334085	4079.312195	-0.000000	0.000000	-51.553170	0.002000	1.216755	3.928392	-0.999955	-1.288720	-6.202143	0.000000
4.285023	1.000104	6118.334085	4079.312195	-0.000000	0.000000	-51.553170	0.002000	1.216755	3.928392	-0.999955	-1.288720	-6.202143	0.000000
4.305023	1.000104	6118.334085	4079.312195	-0.000000	0.000000	-51.553170	0.002000	1.216755	3.928392	-0.999955	-1.288720	-6.202143	0.000000
4.325023	1.000104	6118.334085	4079.312195	-0.000000	0.000000	-51.553170	0.002000	1.216755	3.928392	-0.999955	-1.288720	-6.202143	0.000000
4.345023	1.000104	6118.334085	4079.312195	-0.000000	0.000000	-51.553170	0.002000	1.216755	3.928392	-0.999955	-1.288720	-6.202143	0.000000
4.365023	1.000104	6118.334085	4079.312195	-0.000000	0.000000	-51.553170	0.002000	1.216755	3.928392	-0.999955	-1.288720	-6.202143	0.000000
4.385023	1.000104	6118.334085	4079.312195	-0.000000	0.000000	-51.553170	0.002000	1.216755	3.928392	-0.999955	-1.288720	-6.202143	0.000000
4.405023	1.000104	6118.334085	4079.312195	-0.000000	0.000000	-51.553170	0.002000	1.216755	3.928392	-0.999955	-1.288720	-6.202143	0.000000
4.425023	1.000104	6118.334085	4079.312195	-0.000000	0.000000	-51.553170	0.002000	1.216755	3.928392	-0.999955	-1.288720	-6.202143	0.000000
4.445023	1.000104	6118.334085	4079.312195	-0.000000	0.000000	-51.553170	0.002000	1.216755	3.928392	-0.999955	-1.288720	-6.202143	0.000000
4.465023	1.000104	6118.334085	4079.312195	-0.000000	0.000000	-51.553170	0.002000	1.216755	3.928392	-0.999955	-1.288720	-6.202143	0.000000
4.485023	1.000104	6118.334085	4079.312195	-0.000000	0.000000	-51.553170	0.002000	1.216755	3.928392	-0.999955	-1.288720	-6.202143	0.000000
4.505023	1.000104	6118.334085	4079.312195	-0.000000	0.000000	-51.553170	0.002000	1.216755	3.928392	-0.999955	-1.288720	-6.202143	0.000000
4.525023	1.000104	6118.334085	4079.312195	-0.000000	0.000000	-51.553170	0.002000	1.216755	3.928392	-0.999955	-1.288720	-6.202143	0.000000
4.545023	1.000104	6118.334085	4079.312195	-0.000000	0.000000	-51.553170	0.002000	1.216755	3.928392	-0.999955	-1.288720	-6.202143	0.000000
4.565023	1.000104	6118.334085	4079.312195	-0.000000	0.000000	-51.553170	0.002000	1.216755	3.928392	-0.999955	-1.288720	-6.202143	0.000000
4.585023	1.000104	6118.334085	4079.312195	-0.000000	0.000000	-51.553170	0.002000	1.216755	3.928392	-0.999955	-1.288720	-6.202143	0.000000
4.605023	1.000104	6118.334085	4079.312195	-0.000000	-0.000000	-51.553170	0.002000	1.216755	3.928392	-0.999955	-1.288720	-6.202143	0.000000
4.625023	1.000104	6118.334085	4079.312195	-0.000000	-0.000000	-51.553170	0.002000	1.216755	3.928392	-0.999955	-1.288720	-6.202143	0.000000
4.645023	1.000104	6118.334085	4079.312195	-0.000000	-0.000000	-51.553170	0.002000	1.216755	3.928392	-0.999955	-1.288720	-6.202143	0.000000
4.665023	1.000104	6118.334085	4079.312195	-0.000000	-0.000000	-51.553170	0.002000	1.216755	3.928392	-0.999955	-1.288720	-6.202143	0.000000
4.685023	1.000104	6118.334085	4079.312195	-0.000000	-0.000000	-51.553170	0.002000	1.216755	3.928392	-0.999955	-1.288720	-6.202143	0.000000
4.705023	1.000104	6118.334085	4079.312195	-0.000000	-0.000000	-51.553170	0.002000	1.216755	3.928392	-0.999955	-1.288720	-6.202143	0.000000
4.725023	1.000104	6118.334085	4079.312195	0.000000	0.000000	-51.553170	0.002000	1.216755	3.928392	-0.999955	-1.288720	-6.202143	0.000000
4.745023	1.000104	6118.334085	4079.312195	0.000000	0.000001	-51.553170	0.002000	1.216755	3.928392	-0.999955	-1.288720	-6.202143	0.000000
4.765023	1.000104	6118.334085	4079.312195	-0.000000	0.000001	-51.553170	0.002000	1.216755	3.928392	-0.999955	-1.288720	-6.202143	0.000000
4.785023	1.000104	6118.334085	4079.312195	-0.000000	-0.000002	-51.553170	0.002000	1.216755	3.928392	-0.999955	-1.288720	-6.202143	0.000000
4.805023	1.000104	6118.334085	4079.312195	0.000000	-0.000002	-51.553170	0.002000	1.216755	3.928392	-0.999955	-1.288720	-6.202143	0.000000
4.825023	1.000104	6118.334085	4079.312195	0.000000	0.000002	-51.553170	0.002000	1.216755	3.928392	-0.999955	-1.288720	-6.202143	0.000000
4.845023	1.000104	6118.334085	4079.312195	-0.000000	0.000001	-51.553170	0.002000	1.216755	3.928392	-0.999955	-1.288720	-6.202143	0.000000
4.865023	1.000104	6118.334085	4079.312195	0.000000	-0.000001	-51.553170	0.002000	1.216755	3.928392	-0.999955	-1.288720	-6.202143	0.000000
4.885023	1.000104	6118.334085	4079.312195	0.000000	0.000001	-51.553170	0.002000	1.216755	3.928392	-0.999955	-1.288720	-6.202143	0.000000
4.905023	1.000104	6118.334085	4079.312195	-0.000000	0.000004	-51.553170	0.002000	1.216755	3.928392	-0.999955	-1.288720	-6.202143	0.000000
4.925023	1.000104	6118.334085	4079.312195	-0.000000	-0.000001	-51.553170	0.002000	1.216755	3.928392	-0.999955	-1.288720	-6.202143	0.000000
4.945023	1.000104	6118.334085	4079.312195	0.000000	-0.000004	-51.553170	0.002000	1.216755	3.928392	-0.999955	-1.288720	-6.202143	0.000000
4.965023	1.000104	6118.334085	4079.312195	0.000000	0.000001	-51.553170	0.002000	1.216755	3.928392	-0.999955	-1.288720	-6.202143	0.000000
4.985023	1.000104	6118.334085	4079.312195	-0.000000	0.000001	-51.553170	0.002000	1.216755	3.928392	-0.999955	-1.288720	-6.202143	0.000000
5.005023	1.000104	6118.334085	4079.312195	-0.000000	-0.000000	-51.553170	0.002000	1.216755	3.928392	-0.999955	-1.288720	-6.202143	0.000000
5.025023	1.000104	6118.334085	4079.312195	0.000000	-0.000000	-51.553170	0.002000	1.216755	3.928392	-0.999955	-1.288720	-6.202143	0.000000
5.045023	1.000104	6118.334085	4079.312195	0.000000	-0.000000	-51.553170	0.002000	1.216755	3.928392	-0.999955	-1.288720	-6.202143	0.000000
5.065023	1.000104	6118.334085	4079.312195	0.000000	-0.000000	-51.553170	0.002000	1.216755	3.928392	-0.999955	-1.288720	-6.202143	0.000000
5.085023	1.000104	6118.334085	4079.312195	-0.000000	-0.000000	-51.553170	0.002000	1.216755	3.928392	-0.999955	-1.288720	-6.202143	0.000000
5.105023	1.000104	6118.334085	4079.312195	-0.000000	-0.000000	-51.553170	0.002000	1.216755	3.928392	-0.999955	-1.288720	-6.202143	0.000000
5.125023	1.000104	6118.334085	4079.312195	-0.000000	-0.000000	-51.553170	0.002000	1.216755	3.928392	-0.999955	-1.288720	-6.202143	0.000000
5.145023	1.000104	6118.334085	4079.312195	-0.000000	-0.000000	-51.553170	0.002000	1.216755	3.928392	-0.999955	-1.288720	-6.202143	0.000000
5.165023	1.000104	6118.334085	4079.312195	-0.000000	0.000000	-51.553170	0.002000	1.216755	3.928392	-0.999955	-1.288720	-6.202143	0.000000
5.185023	1.000104	6118.334085	4079.312195	-0.000000	0.000000	-51.553170	0.002000	1.216755	3.928392	-0.999955	-1.288720	-6.202143	0.000000
5.205023	1.000104	6118.334085	4079.312195	-0.000000	0.000000	-51.553170	0.002000	1.216755	3.928392	-0.999955	-1.288720	-6.202143	0.000000
5.225023	1.000104	6118.334085	4079.312195	-0.000000	0.000000	-51.553170	0.002000	1.216755	3.928392	-0.999955	-1.288720	-6.202143	0.000000
5.245023	1.000104	6118.334085	4079.312195	-0.000000	0.000000	-51.553170	0.002000	1.216755	3.928392	-0.999955	-1.288720	-6.202143	0.000000
5.265023	1.000104	6118.334085	4079.312195	-0.000000	0.000000	-51.553170	0.002000	1.216755	3.928392	-0.999955	-1.288720	-6.202143	0.000000
5.285023	1.000104	6118.334085	4079.312195	-0.000000	0.000000	-51.553170	0.002000	1.216755	3.928392	-0.999955	-1.288720	-6.202143	0.000000
5.305023	1.000104	6118.334085	4079.312195	-0.000000	0.000000	-51.553170	0.002000	1.216755	3.928392	-0.999955	-1.288720	-6.202143	0.000000
5.325023	1.000104	6118.334085	4079.312195	-0.000000	0.000000	-51.553170	0.002000	1.216755	3.928392	-0.999955	-1.288720	-6.202143	0.000000
5.345023	1.000104	6118.334085	4079.312195	-0.000000	0.000000	-51.553170	0.002000	1.216755	3.928392	-0.999955	-1.288720	-6.202143	0.000000
5.365023	1.000104	6118.334085	4079.312195	-0.000000	0.000000	-51.553170	0.002000	1.216755	3.928392	-0.999955	-1.288720	-6.202143	0.000000
5.385023	1.000104	6118.334085	4079.312195	-0.000000	0.000000	-51.553170	0.002000	1.216755	3.928392	-0.999955	-1.288720	-6.202143	0.000000
5.405023	1.000104	6118.334085	4079.312195	-0.000000	0.000000	-51.553170	0.002000	1.216755	3.928392	-0.999955	-1.288720	-6.202143	0.000000
5.425023	1.000104	6118.334085	4079.312195	-0.000000	0.000000	-51.553170	0.002000	1.216755	3.928392	-0.999955	-1.288720	-6.202143	0.000000
5.445023	1.000104	6118.334085	4079.312195	-0.000000	0.000000	-51.553170	0.002000	1.216755	3.928392	-0.999955	-1.288720	-6.202143	0.000000
5.465023	1.000104	6118.334085	4079.312195	-0.000000	0.000000	-51.553170	0.002000	1.216755	3.928392	-0.999955	-1.288720	-6.202143	0.000000
5.485023	1.000104	6118.334085	4079.312195	-0.000000	0.000000	-51.553170	0.002000	1.216755	3.928392	-0.999955	-1.288720	-6.202143	0.000000
5.505023	1.000104	6118.334085	4079.312195	-0.000000	0.000000	-51.553170	0.002000	1.216755	3.928392	-0.999955	-1.288720	-6.202143	0.000000
5.525023	1.000104	6118.334085	4079.312195	-0.000000	0.000000	-51.553170	0.002000	1.216755	3.928392	-0.999955	-1.288720	-6.202143	0.000000
5.545023	1.000104	6118.334085	4079.312195	-0.000000	0.000000	-51.553170	0.002000	1.216755	3.928392	-0.999955	-1.288720	-6.202143	0.000000
5.565023	1.000104	6118.334085	4079.312195	-0.000000	0.000000	-51.553170	0.002000	1.216755	3.928392	-0.999955	-1.288720	-6.202143	0.000000
5.585023	1.000104	6118.334085	4079.312195	-0.000000	0.000000	-51.553170	0.002000	1.216755	3.928392	-0.999955	-1.288720	-6.202143	0.000000
5.605023	1.000104	6118.334085	4079.312195	-0.000000	0.000000	-51.553170	0.002000	1.216755	3.928392	-0.999955	-1.288720	-6.202143	0.000000
5.625023	1.000104	6118.334085	4079.312195	-0.000000	0.000000	-51.553170	0.002000	1.216755	3.928392	-0.999955	-1.288720	-6.202143	0.000000
5.645023	1.000104	6118.334085	4079.312195	-0.000000	0.000000	-51.553170	0.002000	1.216755	3.928392	-0.999955	-1.288720	-6.202143	0.000000
5.665023	1.000104	6118.334085	4079.312195	-0.000000	0.000000	-51.553170	0.002000	1.216755	3.928392	-0.999955	-1.288720	-6.202143	0.000000
5.685023	1.000104	6118.334085	4079.312195	-0.000000	0.000000	-51.553170	0.002000	1.216755	3.928392	-0.999955	-1.288720	-6.202143	0.000000
5.705023	1.000104	6118.334085	4079.312195	-0.000000	0.000000	-51.553170	0.002000	1.216755	3.928392	-0.999955	-1.288720	-6.202143	0.000000
5.725023	1.000104	6118.334085	4079.312195	-0.000000	0.000000	-51.553170	0.002000	1.216755	3.928392	-0.999955	-1.288720	-6.202143	0.000000
5.745023	1.000104	6118.334085	4079.312195	-0.000000	0.000000	-51.553170	0.002000	1.216755	3.928392	-0.999955	-1.288720	-6.202143	0.000000
5.765023	1.000104	6118.334085	4079.312195	-0.000000	0.000000	-51.553170	0.002000	1.216755	3.928392	-0.999955	-1.288720	-6.202143	0.000000
5.785023	1.000104	6118.334085	4079.312195	-0.000000	0.000000	-51.553170	0.002000	1.216755	3.928392	-0.999955	-1.288720	-6.202143	0.000000
5.805023	1.000104	6118.334085	4079.312195	-0.000000	0.000000	-51.553170	0.002000	1.216755	3.928392	-0.999955	-1.288720	-6.202143	0.000000
5.825023	1.000104	6118.334085	4079.312195	-0.000000	0.000000	-51.553170	0.002000	1.216755	3.928392	-0.999955	-1.288720	-6.202143	0.000000
5.845023	1.000104	6118.334085	4079.312195	-0.000000	0.000000	-51.553170	0.002000	1.216755	3.928392	-0.999955	-1.288720	-6.202143	0.000000
5.865023	1.000104	6118.334085	4079.312195	-0.000000	0.000000	-51.553170	0.002000	1.216755	3.928392	-0.999955	-1.288720	-6.202143	0.000000
5.885023	1.000104	6118.334085	4079.312195	-0.000000	0.000000	-51.553170	0.002000	1.216755	3.928392	-0.999955	-1.288720	-6.202143	0.000000
5.905023	1.000104	6118.334085	4079.312195	-0.000000	0.000000	-51.553170	0.002000	1.216755	3.928392	-0.999955	-1.288720	-6.202143	0.000000
5.925023	1.000104	6118.334085	4079.312195	-0.000000	0.000000	-51.553170	0.002000	1.216755	3.928392	-0.999955	-1.288720	-6.202143	0.000000
5.945023	1.000104	6118.334085	4079.312195	-0.000000	0.000000	-51.553170	0.002000	1.216755	3.928392	-0.999955	-1.288720	-6.202143	0.000000
5.965023	1.000104	6118.334085	4079.312195	-0.000000	0.000000	-51.553170	0.002000	1.216755	3.928392	-0.999955	-1.288720	-6.202143	0.000000
5.985023	1.000104	6118.334085	4079.312195	-0.000000	0.000000	-51.553170	0.002000	1.216755	3.928392	-0.999955	-1.288720	-6.202143	0.000000
6.005023	1.000104	6118.334085	4079.312195	-0.000000	0.000000	-51.553170	0.002000	1.216755	3.928392	-0.999955	-1.288720	-6.202143	0.000000
6.025023	1.000104	6118.334085	4079.312195	-0.000000	0.000000	-51.553170	0.002000	1.216755	3.928392	-0.999955	-1.288720	-6.202143	0.000000
6.045023	1.000104	6118.334085	4079.312195	-0.000000	0.000000	-51.553170	0.002000	1.216755	3.928392	-0.999955	-1.288720	-6.202143	0.000000
6.065023	1.000104	6118.334085	4079.312195	-0.000000	0.000000	-51.553170	0.002000	1.216755	3.928392	-0.999955	-1.288720	-6.202143	0.000000
6.085023	1.000104	6118.334085	4079.312195	-0.000000	0.000000	-51.553170	0.002000	1.216755	3.928392	-0.999955	-1.288720	-6.202143	0.000000
6.105023	1.000104	6118.334085	4079.312195	-0.000000	0.000000	-51.553170	0.002000	1.216755	3.928392	-0.999955	-1.288720	-6.202143	0.000000
6.125023	1.000104	6118.334085	4079.312195	-0.000000	0.000000	-51.553170	0.002000	1.216755	3.928392	-0.999955	-1.288720	-6.202143	0.000000
6.145023	1.000104	6118.334085	4079.312195	-0.000000	0.000000	-51.553170	0.002000	1.216755	3.928392	-0.999955	-1.288720	-6.202143	0.000000
6.165023	1.000104	6118.334085	4079.312195	-0.000000	0.000000	-51.553170	0.002000	1.216755	3.928392	-0.999955	-1.288720	-6.202143	0.000000
6.185023	1.000104	6118.334085	4079.312195	-0.000000	0.000000	-51.553170	0.002000	1.216755	3.928392	-0.999955	-1.288720	-6.202143	0.000000
6.205023	1.000104	6118.334085	4079.312195	-0.000000	0.000000	-51.553170	0.002000	1.216755	3.928392	-0.999955	-1.288720	-6.202143	0.000000
6.225023	1.000104	6118.334085	4079.312195	-0.000000	0.000000	-51.553170	0.002000	1.216755	3.928392	-0.999955	-1.288720	-6.202143	0.000000
6.245023	1.000104	6118.334085	4079.312195	-0.000000	0.000000	-51.553170	0.002000	1.216755	3.928392	-0.999955	-1.288720	-6.202143	0.000000
6.265023	1.000104	6118.334085	4079.312195	-0.000000	0.000000	-51.553170	0.002000	1.216755	3.928392	-0.999955	-1.288720	-6.202143	0.000000
6.285023	1.000104	6118.334085	4079.312195	-0.000000	0.000000	-51.553170	0.002000	1.216755	3.928392	-0.999955	-1.288720	-6.202143	0.000000
6.305023	1.000104	6118.334085	4079.312195	-0.000000	0.000000	-51.553170	0.002000	1.216755	3.928392	-0.999955	-1.288720	-6.202143	0.000000
6.325023	1.000104	6118.334085	4079.312195	-0.000000	0.000000	-51.553170	0.002000	1.216755	3.928392	-0.999955	-1.288720	-6.202143	0.000000
6.345023	1.000104	6118.334085	4079.312195	-0.000000	0.000000	-51.553170	0.002000	1.216755	3.928392	-0.999955	-1.288720	-6.202143	0.000000
6.365023	1.000104	6118.334085	4079.312195	-0.000000	0.000000	-51.553170	0.002000	1.216755	3.928392	-0.999955	-1.288720	-6.202143	0.000000
6.385023	1.000104	6118.334085	4079.312195	-0.000000	0.000000	-51.553170	0.002000	1.216755	3.928392	-0.999955	-1.288720	-6.202143	0.000000
6.405023	1.000104	6118.334085	4079.312195	-0.000000	0.000000	-51.553170	0.002000	1.216755	3.928392	-0.999955	-1.288720	-6.202143	0.000000
6.425023	1.000104	6118.334085	4079.312195	-0.000000	0.000000	-51.553170	0.002000	1.216755	3.928392	-0.999955	-1.288720	-6.202143	0.000000
6.445023	1.000104	6118.334085	4079.312195	-0.000000	0.000000	-51.553170	0.002000	1.216755	3.928392	-0.999955	-1.288720	-6.202143	0.000000
6.465023	1.000104	6118.334085	4079.312195	-0.000000	0.000000	-51.553170	0.002000	1.216755	3.928392	-0.999955	-1.288720	-6.202143	0.000000
6.485023	1.000104	6118.334085	4079.312195	-0.000000	0.000000	-51.553170	0.002000	1.216755	3.928392	-0.999955	-1.288720	-6.202143	0.000000
6.505023	1.000104	6118.334085	4079.312195	-0.000000	0.000000	-51.553170	0.002000	1.216755	3.928392	-0.999955	-1.288720	-6.202143	0.000000
6.525023	1.000104	6118.334085	4079.312195	-0.000000	0.000000	-51.553170	0.002000	1.216755	3.928392	-0.999955	-1.288720	-6.202143	0.000000
6.545023	1.000104	6118.334085	4079.312195	-0.000000	0.000000	-51.553170	0.002000	1.216755	3.928392	-0.999955	-1.288720	-6.202143	0.000000
6.565023	1.000104	6118.334085	4079.312195	-0.000000	0.000000	-51.553170	0.002000	1.216755	3.928392	-0.999955	-1.288720	-6.202143	0.000000
6.585023	1.000104	6118.334085	4079.312195	-0.000000	0.000000	-51.553170	0.002000	1.216755	3.928392	-0.999955	-1.288720	-6.202143	0.000000
6.605023	1.000104	6118.334085	4079.312195	-0.000000	0.000000	-51.553170	0.002000	1.216755	3.928392	-0.999955	-1.288720	-6.202143	0.000000
6.625023	1.000104	6118.334085	4079.312195	-0.000000	0.000000	-51.553170	0.002000	1.216755	3.928392	-0.999955	-1.288720	-6.202143	0.000000
6.645023	1.000104	6118.334085	4079.312195	-0.000000	0.000000	-51.553170	0.002000	1.216755	3.928392	-0.999955	-1.288720	-6.202143	0.000000
6.665023	1.000104	6118.334085	4079.312195	-0.000000	0.000000	-51.553170	0.002000	1.216755	3.928392	-0.999955	-1.288720	-6.202143	0.000000
6.685023	1.000104	6118.334085	4079.312195	-0.000000	0.000000	-51.553170	0.002000	1.216755	3.928392	-0.999955	-1.288720	-6.202143	0.000000
6.705023	1.000104	6118.334085	4079.312195	-0.000000	0.000000	-51.553170	0.002000	1.216755	3.928392	-0.999955	-1.288720	-6.202143	0.000000
6.725023	1.000104	6118.334085	4079.312195	-0.000000	0.000000	-51.553170	0.002000	1.216755	3.928392	-0.999955	-1.288720	-6.202143	0.000000
6.745023	1.000104	6118.334085	4079.312195	-0.000000	0.000000	-51.553170	0.002000	1.216755	3.928392	-0.999955	-1.288720	-6.202143	0.000000
6.765023	1.000104	6118.334085	4079.312195	-0.000000	0.000000	-51.553170	0.002000	1.216755	3.928392	-0.999955	-1.288720	-6.202143	0.000000
6.785023	1.000104	6118.334085	4079.312195	-0.000000	0.000000	-51.553170	0.002000	1.216755	3.928392	-0.999955	-1.288720	-6.202143	0.000000
6.805023	1.000104	6118.334085	4079.312195	-0.000000	0.000000	-51.553170	0.002000	1.216755	3.928392	-0.999955	-1.288720	-6.202143	0.000000
6.825023	1.000104	6118.334085	4079.312195	-0.000000	0.000000	-51.553170	0.002000	1.216755	3.928392	-0.999955	-1.288720	-6.202143	0.000000
6.845023	1.000104	6118.334085	4079.312195	-0.000000	0.000000	-51.553170	0.002000	1.216755	3.928392	-0.999955	-1.288720	-6.202143	0.000000
6.865023	1.000104	6118.334085	4079.312195	-0.000000	0.000000	-51.553170	0.002000	1.216755	3.928392	-0.999955	-1.288720	-6.202143	0.000000
6.885023	1.000104	6118.334085	4079.312195	-0.000000	0.000000	-51.553170	0.002000	1.216755	3.928392	-0.999955	-1.288720	-6.202143	0.000000
6.905023	1.000104	6118.334085	4079.312195	-0.000000	0.000000	-51.553170	0.002000	1.216755	3.928392	-0.999955	-1.288720	-6.202143	0.000000
6.925023	1.000104	6118.334085	4079.312195	-0.000000	0.000000	-51.553170	0.002000	1.216755	3.928392	-0.999955	-1.288720	-6.202143	0.000000
6.945023	1.000104	6118.334085	4079.312195	-0.000000	0.000000	-51.553170	0.002000	1.216755	3.928392	-0.999955	-1.288720	-6.202143	0.000000
6.965023	1.000104	6118.334085	4079.312195	-0.000000	0.000000	-51.553170	0.002000	1.216755	3.928392	-0.999955	-1.288720	-6.202143	0.000000
6.985023	1.000104	6118.334085	4079.312195	-0.000000	0.000000	-51.553170	0.002000	1.216755	3.928392	-0.999955	-1.288720	-6.202143	0.000000
7.005023	1.000104	6118.334085	4079.312195	-0.000000	0.000000	-51.553170	0.002000	1.216755	3.928392	-0.999955	-1.288720	-6.202143	0.000000
7.025023	1.000104	6118.334085	4079.312195	-0.000000	0.000000	-51.553170	0.002000	1.216755	3.928392	-0.999955	-1.288720	-6.202143	0.000000
7.045023	1.000104	6118.334085	4079.312195	-0.000000	0.000000	-51.553170	0.002000	1.216755	3.928392	-0.999955	-1.288720	-6.202143	0.000000
7.065023	1.000104	6118.334085	4079.312195	-0.000000	0.000000	-51.553170	0.002000	1.216755	3.928392	-0.999955	-1.288720	-6.202143	0.000000
7.085023	1.000104	6118.334085	4079.312195	-0.000000	0.000000	-51.553170	0.002000	1.216755	3.928392	-0.999955	-1.288720	-6.202143	0.000000
7.105023	1.000104	6118.334085	4079.312195	-0.000000	0.000000	-51.553170	0.002000	1.216755	3.928392	-0.999955	-1.288720	-6.202143	0.000000
7.125023	1.000104	6118.334085	4079.312195	-0.000000	0.000000	-51.553170	0.002000	1.216755	3.928392	-0.999955	-1.288720	-6.202143	0.000000
7.145023	1.000104	6118.334085	4079.312195	-0.000000	0.000000	-51.553170	0.002000	1.216755	3.928392	-0.999955	-1.288720	-6.202143	0.000000
7.165023	1.000104	6118.334085	4079.312195	-0.000000	0.000000	-51.553170	0.002000	1.216755	3.928392	-0.999955	-1.288720	-6.202143	0.000000
7.185023	1.000104	6118.334085	4079.312195	-0.000000	0.000000	-51.553170	0.002000	1.216755	3.928392	-0.999955	-1.288720	-6.202143	0.000000
7.205023	1.000104	6118.334085	4079.312195	-0.000000	0.000000	-51.553170	0.002000	1.216755	3.928392	-0.999955	-1.288720	-6.202143	0.000000
7.225023	1.000104	6118.334085	4079.312195	-0.000000	0.000002	-51.553170	0.002000	1.216755	3.928392	-0.999955	-1.288720	-6.202143	0.000000
7.245023	1.000104	6118.334085	4079.312195	-0.000000	0.000014	-51.553170	0.002000	1.216755	3.928392	-0.999955	-1.288720	-6.202143	0.000000
7.265023	1.000104	6118.334085	4079.312195	-0.000001	0.000070	-51.553170	0.002000	1.216755	3.928392	-0.999955	-1.288720	-6.202143	0.000000
7.285023	1.000104	6118.334085	4079.312195	-0.000003	0.000330	-51.553170	0.002000	1.216755	3.928392	-0.999955	-1.288720	-6.202143	0.000000
7.305023	1.000104	6118.334085	4079.312195	-0.000014	0.001552	-51.553170	0.002000	1.216755	3.928392	-0.999955	-1.288720	-6.202143	0.000000
7.325023	1.000104	6118.334085	4079.312196	-0.000065	0.007123	-51.553170	0.002000	1.216755	3.928392	-0.999955	-1.288720	-6.202143	0.000000
7.345023	1.000104	6118.334085	4079.312196	-0.000304	0.031748	-51.553170	0.002000	1.216755	3.928392	-0.999955	-1.288720	-6.202143	0.000000
7.365023	1.000104	6118.334085	4079.312196	-0.001358	0.137749	-51.553170	0.002000	1.216755	3.928392	-0.999955	-1.288720	-6.202143	0.000000
7.385023	1.000104	6118.334088	4079.312199	-0.005871	0.582539	-51.553170	0.002000	1.216755	3.928392	-0.999955	-1.288720	-6.202143	0.000000
7.405023	1.000104	6118.334100	4079.312210	-0.024516	2.399969	-51.553170	0.002000	1.216755	3.928392	-0.999955	-1.288720	-6.202143	0.000000
7.425023	1.000104	6118.334149	4079.312256	-0.098960	9.597783	-51.553170	0.002000	1.216755	3.928392	-0.999955	-1.288720	-6.202143	0.000000
7.445023	1.000104	6118.334355	4079.312450	-0.385185	36.994610	-51.553170	0.002000	1.216755	3.928392	-0.999955	-1.288720	-6.202143	0.000000
7.465023	1.000104	6118.335182	4079.313233	-1.436889	135.922066	-51.553171	0.002000	1.216755	3.928392	-0.999955	-1.288720	-6.202143	0.000000
7.485023	1.000104	6118.338342	4079.316269	-5.105174	469.084003	-51.553175	0.002000	1.216755	3.928392	-0.999955	-1.288720	-6.202143	0.000000
7.505023	1.000105	6118.349655	4079.327425	-17.013864	1491.252680	-51.553190	0.002000	1.216755	3.928393	-0.999954	-1.288720	-6.202143	0.000000
7.525023	1.000109	6118.386719	4079.365486	-51.866457	4239.264654	-51.553239	0.002000	1.216755	3.928395	-0.999953	-1.288720	-6.202143	0.000000
7.545022	1.000120	6118.494484	4079.482821	-140.851107	10216.814334	-51.553398	0.002000	1.216755	3.928403	-0.999948	-1.288720	-6.202141	0.000000
7.565022	1.000155	6118.756172	4079.798343	-318.551710	18157.684897	-51.553854	0.002000	1.216755	3.928422	-0.999933	-1.288720	-6.202135	0.000000
7.585021	1.000248	6119.200618	4080.473951	-482.681440	8386.255456	-51.554961	0.002000	1.216755	3.928453	-0.999893	-1.288720	-6.202118	0.000000
7.605017	1.000437	6119.218168	4081.266881	80.849945	-106517.152917	-51.557058	0.001999	1.216755	3.928454	-0.999811	-1.288720	-6.202077	0.000000
7.625007	1.000641	6115.394893	4079.624815	4108.240977	-589950.271525	-51.558354	0.001999	1.216755	3.928183	-0.999720	-1.288720	-6.202007	0.000000
7.644993	1.000063	6096.059692	4064.614102	19444.259569	-1996106.904805	-51.548059	0.002000	1.216755	3.926808	-0.999962	-1.288720	-6.202027	0.000000
7.664996	0.995228	6034.329929	4004.582762	59338.819368	-4936589.205853	-51.492146	0.002010	1.216755	3.922388	-1.002039	-1.288721	-6.202773	0.000000
7.685151	0.978457	5896.048174	3847.873901	137100.480302	-9085545.990061	-51.289235	0.002044	1.216755	3.912320	-1.009359	-1.288721	-6.206146	0.000000
7.705806	0.935861	5685.604762	3550.132800	259011.325347	-12467373.247281	-50.766068	0.002137	1.216755	3.896535	-1.028597	-1.288721	-6.216593	0.000000
7.727822	0.847639	5451.821346	3084.328804	388645.224369	-13427738.468287	-49.778875	0.002359	1.216755	3.878300	-1.071465	-1.288720	-6.240322	0.000000
7.753319	0.729249	5307.004408	2584.247443	467617.076610	-12836370.619456	-47.838505	0.002743	1.216755	3.866608	-1.136597	-1.288717	-6.274038	0.000000
7.783441	0.487929	5792.623049	1887.333944	704903.738638	-7031350.252105	-44.007569	0.004099	1.216755	3.904632	-1.311022	-1.288704	-6.410814	0.000000
-0.000422	23.425903	9714.006224	151602.656404	29807.968011	0.070000	0.067957	0.000085	1.000000	4.072578	0.368995	-313.648483	-inf	0.000000
-0.001281	22.799775	9903.634471	150333.533396	101875.596596	0.070000	0.219176	0.000088	1.000000	4.048046	0.356884	-313.648483	-inf	0.000000
-0.002174	21.608086	10194.184946	146609.932007	190618.592884	0.070000	0.402751	0.000093	1.000000	4.090847	0.333333	-313.648483	-inf	0.000000
-0.003133	19.895433	10655.774499	141044.498872	322423.395161	0.070000	0.648886	0.000101	1.000000	4.123663	0.297152	-313.648483	-inf	0.000000
-0.004192	17.778866	11264.552796	133167.277010	515433.081666	0.070000	0.994946	0.000112	1.000000	4.150688	0.247919	-313.648483	-inf	0.000000
-0.005402	15.391059	12034.492953	123080.628052	776774.091178	0.070000	1.479703	0.000130	1.000000	4.180491	0.184830	-313.648483	-inf	0.000000
-0.006828	12.861243	12995.778798	110971.931309	1259233.680219	0.070000	2.191587	0.000156	1.000000	4.214857	0.106320	-313.648483	-inf	0.000000
-0.008584	10.372087	14178.596069	97571.425886	1827924.365383	0.070000	3.246817	0.000193	1.000000	4.254384	0.012417	-313.648483	-inf	0.000000
-0.010810	8.040727	15781.630875	84136.892009	2911659.243931	0.070000	4.747061	0.000249	1.000000	4.303136	-0.098889	-313.648483	-inf	0.000000
-0.013796	5.838951	18241.614401	70544.555431	5960797.027234	0.070000	7.476665	0.000343	1.000000	4.369218	-0.238946	-313.648483	-inf	0.000000
-0.018230	3.972363	21918.876647	57649.412124	10033898.947718	0.070000	12.533895	0.000503	1.000000	4.454291	-0.406935	-313.648483	-inf	0.000000
-0.024994	2.658881	26996.223590	47540.083283	13746608.865726	0.070000	19.849432	0.000752	1.000000	4.554437	-0.581143	-313.648483	-inf	0.000000
-0.034911	1.833082	29648.699017	35702.209832	17884130.514674	0.070000	29.555635	0.001091	1.000000	4.607956	-0.742021	-313.648483	-inf	0.000000
-0.048734	1.350746	21316.786238	18642.826525	16077772.650048	0.070000	40.339655	0.001481	1.000000	4.470202	-0.873232	-313.648483	-inf	0.000000
-0.066061	1.117019	10737.286878	7785.523555	7822239.510748	0.070000	47.700090	0.001790	1.000000	4.172653	-0.953837	-313.648483	-inf	0.000000
-0.085254	1.031444	6965.840546	4746.966029	2358923.862470	0.070000	50.578130	0.001939	1.000000	3.984732	-0.987190	-313.648483	-inf	0.000000
-0.105066	1.007199	6250.338996	4189.776851	540345.639801	0.070000	51.353183	0.001986	1.000000	3.937662	-0.997048	-313.648483	-inf	0.000000
-0.125030	1.001498	6139.803950	4098.134006	103009.934272	0.070000	51.517940	0.001997	1.000000	3.929913	-0.999385	-313.648483	-inf	0.000000
-0.145024	1.000345	6121.993192	4082.527394	16984.524529	0.070000	51.547726	0.001999	1.000000	3.928651	-0.999857	-313.648483	-inf	0.000000
-0.165023	1.000141	6118.950899	4079.839277	2477.799082	0.070000	51.552415	0.002000	1.000000	3.928435	-0.999940	-313.648483	-inf	0.000000
-0.185023	1.000109	6118.432789	4079.393342	327.988615	0.070000	51.553074	0.002000	1.000000	3.928399	-0.999953	-313.648483	-inf	0.000000
-0.205023	1.000105	6118.348926	4079.323934	40.524031	0.070000	51.553158	0.002000	1.000000	3.928393	-0.999955	-313.648483	-inf	0.000000
-0.225023	1.000104	6118.336191	4079.313809	4.896564	0.070000	51.553169	0.002000	1.000000	3.928392	-0.999955	-313.648483	-inf	0.000000
-0.245023	1.000104	6118.334371	4079.312410	0.620392	0.070000	51.553170	0.002000	1.000000	3.928392	-0.999955	-313.648483	-inf	0.000000
-0.265023	1.000104	6118.334123	4079.312224	0.087612	0.070000	51.553170	0.002000	1.000000	3.928392	-0.999955	-313.648483	-inf	0.000000
-0.285023	1.000104	6118.334090	4079.312199	0.013761	0.070000	51.553170	0.002000	1.000000	3.928392	-0.999955	-313.648483	-inf	0.000000
-0.305023	1.000104	6118.334085	4079.312196	0.002265	0.070000	51.553170	0.002000	1.000000	3.928392	-0.999955	-313.648483	-inf	0.000000
-0.325023	1.000104	6118.334085	4079.312196	0.000368	0.070000	51.553170	0.002000	1.000000	3.928392	-0.999955	-313.648483	-inf	0.000000
-0.345023	1.000104	6118.334085	4079.312195	0.000057	0.070000	51.553170	0.002000	1.000000	3.928392	-0.999955	-313.648483	-inf	0.000000
