0.000387	25.617918	9320.102223	159126.323224	19767.880478	46335706.913793	-0.042494	0.000078	1.216755	4.054626	0.408100	-0.889737	-5.721275	0.000000
0.001171	25.188375	9444.833733	158489.503946	63111.970343	40461101.097127	-0.135611	0.000079	1.216755	4.027522	0.400545	-0.753723	-5.714646	0.000000
0.001974	24.351588	9629.883239	156197.784442	117711.278186	55856602.077806	-0.244749	0.000082	1.216755	4.066119	0.385728	-0.877001	-5.757817	0.000000
0.002813	23.096046	9929.538511	152716.691709	195271.844307	71228010.397076	-0.387892	0.000087	1.216755	4.092957	0.362538	-0.944297	-5.807154	0.000000
0.003707	21.446553	10336.480578	147569.471359	300734.310722	97590497.501725	-0.580667	0.000093	1.216755	4.113234	0.330091	-0.959668	-5.851574	0.000000
0.004684	19.428353	10864.020117	140436.689792	464102.215295	145268692.138596	-0.851412	0.000103	1.216755	4.135834	0.286833	-0.965109	-5.898630	0.000000
0.005779	17.121466	11523.712439	131199.842668	683724.667082	224536797.776597	-1.236605	0.000117	1.216755	4.162233	0.231554	-0.969578	-5.948876	0.000000
0.007045	14.624885	12352.370616	120043.133991	1021496.515294	347401210.566817	-1.782039	0.000137	1.216755	4.193731	0.162647	-0.977182	-6.002556	0.000000
0.008561	12.057415	13383.829434	107147.366362	1573217.651488	535172717.938422	-2.600364	0.000166	1.216755	4.230128	0.078325	-0.986229	-6.057484	0.000000
0.010450	9.601527	14676.230188	93504.719658	2214380.627337	784682790.621243	-3.779421	0.000208	1.216755	4.271894	-0.021088	-0.996432	-6.114220	0.000000
0.012879	7.296497	16515.593629	79897.722370	3879400.414000	1146527621.620328	-5.580110	0.000274	1.216755	4.325233	-0.141154	-1.008856	-6.174416	0.000000
0.016249	5.174377	19305.859569	66168.686839	7472439.869100	1729028940.153867	-9.005408	0.000387	1.216755	4.396247	-0.291363	-1.028953	-6.233509	0.000000
0.021342	3.489432	23355.265484	53993.130926	11123395.147777	2419770335.463518	-14.774092	0.000573	1.216755	4.484966	-0.462812	-1.069041	-6.284686	0.000000
0.028990	2.359295	28400.837969	44349.081678	14915591.054837	3011523183.991849	-22.662912	0.000848	1.216755	4.580732	-0.632468	-1.151021	-6.312772	0.000000
0.040019	1.657042	28222.322293	30629.866709	18115296.216493	3501943963.447893	-32.896793	0.001207	1.216755	4.589327	-0.785173	-1.256069	-6.262208	0.000000
0.054990	1.260249	17567.240018	14334.891319	13765288.464892	2747249033.706150	-43.054197	0.001587	1.216755	4.386403	-0.902546	-1.288065	-6.167084	0.000000
0.073041	1.081357	9008.074224	6367.035570	5666650.424487	972702075.891591	-48.915286	0.001850	1.216755	4.096391	-0.967357	-1.288724	-6.144885	0.000000
0.092500	1.020799	6610.332089	4474.861661	1563150.955277	186725401.303138	-50.927485	0.001959	1.216755	3.961982	-0.991465	-1.288725	-6.146590	0.000000
0.112381	1.004607	6195.824088	4145.668088	337234.626873	28883973.532162	-51.430452	0.001991	1.216755	3.933858	-0.998102	-1.288725	-6.147274	0.000000
0.132359	1.000959	6131.366646	4090.827695	61832.947530	4680243.061304	-51.532277	0.001998	1.216755	3.929316	-0.999604	-1.288725	-6.147405	0.000000
0.152355	1.000248	6120.687754	4081.350860	9867.288556	807130.041622	-51.550024	0.002000	1.216755	3.928559	-0.999896	-1.288725	-6.147429	0.000000
0.172354	1.000126	6118.838859	4079.717291	1407.633922	139147.793294	-51.552740	0.002000	1.216755	3.928428	-0.999946	-1.288725	-6.147433	0.000000
0.192354	1.000107	6118.525383	4079.448825	184.182279	22825.669715	-51.553115	0.002000	1.216755	3.928406	-0.999954	-1.288725	-6.147433	0.000000
0.212354	1.000104	6118.475131	4079.407442	22.862783	3517.762863	-51.553163	0.002000	1.216755	3.928402	-0.999955	-1.288725	-6.147433	0.000000
0.232354	1.000104	6118.467559	4079.401436	2.840461	511.550119	-51.553169	0.002000	1.216755	3.928402	-0.999955	-1.288725	-6.147433	0.000000
0.252354	1.000104	6118.466479	4079.400604	0.378042	71.157015	-51.553170	0.002000	1.216755	3.928402	-0.999955	-1.288725	-6.147433	0.000000
0.272354	1.000104	6118.466331	4079.400492	0.056099	9.672317	-51.553170	0.002000	1.216755	3.928402	-0.999955	-1.288725	-6.147433	0.000000
0.292354	1.000104	6118.466311	4079.400477	0.009056	1.319525	-51.553170	0.002000	1.216755	3.928402	-0.999955	-1.288725	-6.147433	0.000000
0.312354	1.000104	6118.466308	4079.400475	0.001498	0.185178	-51.553170	0.002000	1.216755	3.928402	-0.999955	-1.288725	-6.147433	0.000000
0.332354	1.000104	6118.466308	4079.400474	0.000242	0.027041	-51.553170	0.002000	1.216755	3.928402	-0.999955	-1.288725	-6.147433	0.000000
0.352354	1.000104	6118.466308	4079.400474	0.000037	0.004079	-51.553170	0.002000	1.216755	3.928402	-0.999955	-1.288725	-6.147433	0.000000
0.372354	1.000104	6118.466308	4079.400474	0.000005	0.000623	-51.553170	0.002000	1.216755	3.928402	-0.999955	-1.288725	-6.147433	0.000000
0.392354	1.000104	6118.466308	4079.400474	0.000001	0.000095	-51.553170	0.002000	1.216755	3.928402	-0.999955	-1.288725	-6.147433	0.000000
0.412354	1.000104	6118.466308	4079.400474	0.000000	0.000014	-51.553170	0.002000	1.216755	3.928402	-0.999955	-1.288725	-6.147433	0.000000
0.432354	1.000104	6118.466308	4079.400474	0.000000	0.000002	-51.553170	0.002000	1.216755	3.928402	-0.999955	-1.288725	-6.147433	0.000000
0.452354	1.000104	6118.466308	4079.400474	0.000000	0.000000	-51.553170	0.002000	1.216755	3.928402	-0.999955	-1.288725	-6.147433	0.000000
0.472354	1.000104	6118.466308	4079.400474	0.000000	0.000000	-51.553170	0.002000	1.216755	3.928402	-0.999955	-1.288725	-6.147433	0.000000
0.492354	1.000104	6118.466308	4079.400474	-0.000000	0.000000	-51.553170	0.002000	1.216755	3.928402	-0.999955	-1.288725	-6.147433	0.000000
0.512354	1.000104	6118.466308	4079.400474	-0.000000	0.000000	-51.553170	0.002000	1.216755	3.928402	-0.999955	-1.288725	-6.147433	0.000000
0.532354	1.000104	6118.466308	4079.400474	-0.000000	-0.000000	-51.553170	0.002000	1.216755	3.928402	-0.999955	-1.288725	-6.147433	0.000000
0.552354	1.000104	6118.466308	4079.400474	0.000000	-0.000001	-51.553170	0.002000	1.216755	3.928402	-0.999955	-1.288725	-6.147433	0.000000
0.572354	1.000104	6118.466308	4079.400474	0.000000	0.000000	-51.553170	0.002000	1.216755	3.928402	-0.999955	-1.288725	-6.147433	0.000000
0.592354	1.000104	6118.466308	4079.400474	-0.000000	0.000000	-51.553170	0.002000	1.216755	3.928402	-0.999955	-1.288725	-6.147433	0.000000
0.612354	1.000104	6118.466308	4079.400474	0.000000	-0.000000	-51.553170	0.002000	1.216755	3.928402	-0.999955	-1.288725	-6.147433	0.000000
0.632354	1.000104	6118.466308	4079.400474	0.000000	0.000000	-51.553170	0.002000	1.216755	3.928402	-0.999955	-1.288725	-6.147433	0.000000
0.652354	1.000104	6118.466308	4079.400474	-0.000000	0.000000	-51.553170	0.002000	1.216755	3.928402	-0.999955	-1.288725	-6.147433	0.000000
0.672354	1.000104	6118.466308	4079.400474	-0.000000	0.000000	-51.553170	0.002000	1.216755	3.928402	-0.999955	-1.288725	-6.147433	0.000000
0.692354	1.000104	6118.466308	4079.400474	-0.000000	0.000000	-51.553170	0.002000	1.216755	3.928402	-0.999955	-1.288725	-6.147433	0.000000
0.712354	1.000104	6118.466308	4079.400474	0.000000	0.000000	-51.553170	0.002000	1.216755	3.928402	-0.999955	-1.288725	-6.147433	0.000000
0.732354	1.000104	6118.466308	4079.400474	0.000000	0.000000	-51.553170	0.002000	1.216755	3.928402	-0.999955	-1.288725	-6.147433	0.000000
0.752354	1.000104	6118.466308	4079.400474	0.000000	0.000000	-51.553170	0.002000	1.216755	3.928402	-0.999955	-1.288725	-6.147433	0.000000
0.772354	1.000104	6118.466308	4079.400474	0.000000	-0.000000	-51.553170	0.002000	1.216755	3.928402	-0.999955	-1.288725	-6.147433	0.000000
0.792354	1.000104	6118.466308	4079.400474	0.000000	0.000000	-51.553170	0.002000	1.216755	3.928402	-0.999955	-1.288725	-6.147433	0.000000
0.812354	1.000104	6118.466308	4079.400474	0.000000	0.000000	-51.553170	0.002000	1.216755	3.928402	-0.999955	-1.288725	-6.147433	0.000000
0.832354	1.000104	6118.466308	4079.400474	0.000000	-0.000000	-51.553170	0.002000	1.216755	3.928402	-0.999955	-1.288725	-6.147433	0.000000
0.852354	1.000104	6118.466308	4079.400474	0.000000	0.000000	-51.553170	0.002000	1.216755	3.928402	-0.999955	-1.288725	-6.147433	0.000000
0.872354	1.000104	6118.466308	4079.400474	0.000000	-0.000000	-51.553170	0.002000	1.216755	3.928402	-0.999955	-1.288725	-6.147433	0.000000
0.892354	1.000104	6118.466308	4079.400474	0.000000	-0.000000	-51.553170	0.002000	1.216755	3.928402	-0.999955	-1.288725	-6.147433	0.000000
0.912354	1.000104	6118.466308	4079.400474	0.000000	-0.000000	-51.553170	0.002000	1.216755	3.928402	-0.999955	-1.288725	-6.147433	0.000000
0.932354	1.000104	6118.466308	4079.400474	0.000000	-0.000000	-51.553170	0.002000	1.216755	3.928402	-0.999955	-1.288725	-6.147433	0.000000
0.952354	1.000104	6118.466308	4079.400474	0.000000	-0.000000	-51.553170	0.002000	1.216755	3.928402	-0.999955	-1.288725	-6.147433	0.000000
0.972354	1.000104	6118.466308	4079.400474	0.000000	0.000000	-51.553170	0.002000	1.216755	3.928402	-0.999955	-1.288725	-6.147433	0.000000
0.992354	1.000104	6118.466308	4079.400474	-0.000000	0.000000	-51.553170	0.002000	1.216755	3.928402	-0.999955	-1.288725	-6.147433	0.000000
1.012354	1.000104	6118.466308	4079.400474	-0.000000	0.000000	-51.553170	0.002000	1.216755	3.928402	-0.999955	-1.288725	-6.147433	0.000000
1.032354	1.000104	6118.466308	4079.400474	-0.000000	-0.000001	-51.553170	0.002000	1.216755	3.928402	-0.999955	-1.288725	-6.147433	0.000000
1.052354	1.000104	6118.466308	4079.400474	0.000000	-0.000000	-51.553170	0.002000	1.216755	3.928402	-0.999955	-1.288725	-6.147433	0.000000
1.072354	1.000104	6118.466308	4079.400474	-0.000000	-0.000000	-51.553170	0.002000	1.216755	3.928402	-0.999955	-1.288725	-6.147433	0.000000
1.092354	1.000104	6118.466308	4079.400474	0.000000	-0.000000	-51.553170	0.002000	1.216755	3.928402	-0.999955	-1.288725	-6.147433	0.000000
1.112354	1.000104	6118.466308	4079.400474	0.000000	0.000000	-51.553170	0.002000	1.216755	3.928402	-0.999955	-1.288725	-6.147433	0.000000
1.132354	1.000104	6118.466308	4079.400474	0.000000	-0.000000	-51.553170	0.002000	1.216755	3.928402	-0.999955	-1.288725	-6.147433	0.000000
1.152354	1.000104	6118.466308	4079.400474	0.000000	0.000000	-51.553170	0.002000	1.216755	3.928402	-0.999955	-1.288725	-6.147433	0.000000
1.172354	1.000104	6118.466308	4079.400474	-0.000000	0.000000	-51.553170	0.002000	1.216755	3.928402	-0.999955	-1.288725	-6.147433	0.000000
1.192354	1.000104	6118.466308	4079.400474	0.000000	0.000001	-51.553170	0.002000	1.216755	3.928402	-0.999955	-1.288725	-6.147433	0.000000
1.212354	1.000104	6118.466308	4079.400474	-0.000000	0.000001	-51.553170	0.002000	1.216755	3.928402	-0.999955	-1.288725	-6.147433	0.000000
1.232354	1.000104	6118.466308	4079.400474	-0.000000	-0.000001	-51.553170	0.002000	1.216755	3.928402	-0.999955	-1.288725	-6.147433	0.000000
1.252354	1.000104	6118.466308	4079.400474	0.000000	-0.000001	-51.553170	0.002000	1.216755	3.928402	-0.999955	-1.288725	-6.147433	0.000000
1.272354	1.000104	6118.466308	4079.400474	0.000000	0.000001	-51.553170	0.002000	1.216755	3.928402	-0.999955	-1.288725	-6.147433	0.000000
1.292354	1.000104	6118.466308	4079.400474	-0.000000	0.000000	-51.553170	0.002000	1.216755	3.928402	-0.999955	-1.288725	-6.147433	0.000000
1.312354	1.000104	6118.466308	4079.400474	-0.000000	0.000000	-51.553170	0.002000	1.216755	3.928402	-0.999955	-1.288725	-6.147433	0.000000
1.332354	1.000104	6118.466308	4079.400474	-0.000000	0.000000	-51.553170	0.002000	1.216755	3.928402	-0.999955	-1.288725	-6.147433	0.000000
1.352354	1.000104	6118.466308	4079.400474	0.000000	0.000000	-51.553170	0.002000	1.216755	3.928402	-0.999955	-1.288725	-6.147433	0.000000
1.372354	1.000104	6118.466308	4079.400474	0.000000	0.000000	-51.553170	0.002000	1.216755	3.928402	-0.999955	-1.288725	-6.147433	0.000000
1.392354	1.000104	6118.466308	4079.400474	0.000000	0.000000	-51.553170	0.002000	1.216755	3.928402	-0.999955	-1.288725	-6.147433	0.000000
1.412354	1.000104	6118.466308	4079.400474	0.000000	-0.000000	-51.553170	0.002000	1.216755	3.928402	-0.999955	-1.288725	-6.147433	0.000000
1.432354	1.000104	6118.466308	4079.400474	0.000000	0.000000	-51.553170	0.002000	1.216755	3.928402	-0.999955	-1.288725	-6.147433	0.000000
1.452354	1.000104	6118.466308	4079.400474	0.000000	0.000000	-51.553170	0.002000	1.216755	3.928402	-0.999955	-1.288725	-6.147433	0.000000
1.472354	1.000104	6118.466308	4079.400474	0.000000	0.000000	-51.553170	0.002000	1.216755	3.928402	-0.999955	-1.288725	-6.147433	0.000000
1.492354	1.000104	6118.466308	4079.400474	0.000000	0.000000	-51.553170	0.002000	1.216755	3.928402	-0.999955	-1.288725	-6.147433	0.000000
1.512354	1.000104	6118.466308	4079.400474	0.000000	0.000000	-51.553170	0.002000	1.216755	3.928402	-0.999955	-1.288725	-6.147433	0.000000
1.532354	1.000104	6118.466308	4079.400474	0.000000	0.000000	-51.553170	0.002000	1.216755	3.928402	-0.999955	-1.288725	-6.147433	0.000000
1.552354	1.000104	6118.466308	4079.400474	0.000000	0.000000	-51.553170	0.002000	1.216755	3.928402	-0.999955	-1.288725	-6.147433	0.000000
1.572354	1.000104	6118.466308	4079.400474	0.000000	0.000000	-51.553170	0.002000	1.216755	3.928402	-0.999955	-1.288725	-6.147433	0.000000
1.592354	1.000104	6118.466308	4079.400474	0.000000	0.000000	-51.553170	0.002000	1.216755	3.928402	-0.999955	-1.288725	-6.147433	0.000000
1.612354	1.000104	6118.466308	4079.400474	0.000000	0.000000	-51.553170	0.002000	1.216755	3.928402	-0.999955	-1.288725	-6.147433	0.000000
1.632354	1.000104	6118.466308	4079.400474	0.000000	0.000000	-51.553170	0.002000	1.216755	3.928402	-0.999955	-1.288725	-6.147433	0.000000
1.652354	1.000104	6118.466308	4079.400474	0.000000	0.000000	-51.553170	0.002000	1.216755	3.928402	-0.999955	-1.288725	-6.147433	0.000000
1.672354	1.000104	6118.466308	4079.400474	0.000000	0.000000	-51.553170	0.002000	1.216755	3.928402	-0.999955	-1.288725	-6.147433	0.000000
1.692354	1.000104	6118.466308	4079.400474	0.000000	0.000000	-51.553170	0.002000	1.216755	3.928402	-0.999955	-1.288725	-6.147433	0.000000
1.712354	1.000104	6118.466308	4079.400474	0.000000	0.000000	-51.553170	0.002000	1.216755	3.928402	-0.999955	-1.288725	-6.147433	0.000000
1.732354	1.000104	6118.466308	4079.400474	0.000000	0.000000	-51.553170	0.002000	1.216755	3.928402	-0.999955	-1.288725	-6.147433	0.000000
1.752354	1.000104	6118.466308	4079.400474	0.000000	0.000000	-51.553170	0.002000	1.216755	3.928402	-0.999955	-1.288725	-6.147433	0.000000
1.772354	1.000104	6118.466308	4079.400474	0.000000	0.000000	-51.553170	0.002000	1.216755	3.928402	-0.999955	-1.288725	-6.147433	0.000000
1.792354	1.000104	6118.466308	4079.400474	0.000000	0.000000	-51.553170	0.002000	1.216755	3.928402	-0.999955	-1.288725	-6.147433	0.000000
1.812354	1.000104	6118.466308	4079.400474	0.000000	0.000000	-51.553170	0.002000	1.216755	3.928402	-0.999955	-1.288725	-6.147433	0.000000
1.832354	1.000104	6118.466308	4079.400474	0.000000	0.000000	-51.553170	0.002000	1.216755	3.928402	-0.999955	-1.288725	-6.147433	0.000000
1.852354	1.000104	6118.466308	4079.400474	0.000000	0.000000	-51.553170	0.002000	1.216755	3.928402	-0.999955	-1.288725	-6.147433	0.000000
1.872354	1.000104	6118.466308	4079.400474	0.000000	0.000000	-51.553170	0.002000	1.216755	3.928402	-0.999955	-1.288725	-6.147433	0.000000
1.892354	1.000104	6118.466308	4079.400474	0.000000	0.000000	-51.553170	0.002000	1.216755	3.928402	-0.999955	-1.288725	-6.147433	0.000000
1.912354	1.000104	6118.466308	4079.400474	0.000000	0.000000	-51.553170	0.002000	1.216755	3.928402	-0.999955	-1.288725	-6.147433	0.000000
1.932354	1.000104	6118.466308	4079.400474	0.000000	0.000000	-51.553170	0.002000	1.216755	3.928402	-0.999955	-1.288725	-6.147433	0.000000
1.952354	1.000104	6118.466308	4079.400474	0.000000	0.000000	-51.553170	0.002000	1.216755	3.928402	-0.999955	-1.288725	-6.147433	0.000000
1.972354	1.000104	6118.466308	4079.400474	0.000000	0.000000	-51.553170	0.002000	1.216755	3.928402	-0.999955	-1.288725	-6.147433	0.000000
1.992354	1.000104	6118.466308	4079.400474	0.000000	-0.000000	-51.553170	0.002000	1.216755	3.928402	-0.999955	-1.288725	-6.147433	0.000000
2.012354	1.000104	6118.466308	4079.400474	0.000000	-0.000000	-51.553170	0.002000	1.216755	3.928402	-0.999955	-1.288725	-6.147433	0.000000
2.032354	1.000104	6118.466308	4079.400474	0.000000	-0.000000	-51.553170	0.002000	1.216755	3.928402	-0.999955	-1.288725	-6.147433	0.000000
2.052354	1.000104	6118.466308	4079.400474	0.000000	-0.000000	-51.553170	0.002000	1.216755	3.928402	-0.999955	-1.288725	-6.147433	0.000000
2.072354	1.000104	6118.466308	4079.400474	0.000000	0.000000	-51.553170	0.002000	1.216755	3.928402	-0.999955	-1.288725	-6.147433	0.000000
2.092354	1.000104	6118.466308	4079.400474	0.000000	-0.000000	-51.553170	0.002000	1.216755	3.928402	-0.999955	-1.288725	-6.147433	0.000000
2.112354	1.000104	6118.466308	4079.400474	0.000000	-0.000000	-51.553170	0.002000	1.216755	3.928402	-0.999955	-1.288725	-6.147433	0.000000
2.132354	1.000104	6118.466308	4079.400474	0.000000	-0.000000	-51.553170	0.002000	1.216755	3.928402	-0.999955	-1.288725	-6.147433	0.000000
2.152354	1.000104	6118.466308	4079.400474	0.000000	-0.000000	-51.553170	0.002000	1.216755	3.928402	-0.999955	-1.288725	-6.147433	0.000000
2.172354	1.000104	6118.466308	4079.400474	0.000000	-0.000000	-51.553170	0.002000	1.216755	3.928402	-0.999955	-1.288725	-6.147433	0.000000
2.192354	1.000104	6118.466308	4079.400474	0.000000	-0.000000	-51.553170	0.002000	1.216755	3.928402	-0.999955	-1.288725	-6.147433	0.000000
2.212354	1.000104	6118.466308	4079.400474	-0.000000	-0.000000	-51.553170	0.002000	1.216755	3.928402	-0.999955	-1.288725	-6.147433	0.000000
2.232354	1.000104	6118.466308	4079.400474	0.000000	-0.000001	-51.553170	0.002000	1.216755	3.928402	-0.999955	-1.288725	-6.147433	0.000000
2.252354	1.000104	6118.466308	4079.400474	0.000000	-0.000000	-51.553170	0.002000	1.216755	3.928402	-0.999955	-1.288725	-6.147433	0.000000
2.272354	1.000104	6118.466308	4079.400474	-0.000000	0.000000	-51.553170	0.002000	1.216755	3.928402	-0.999955	-1.288725	-6.147433	0.000000
2.292354	1.000104	6118.466308	4079.400474	0.000000	-0.000000	-51.553170	0.002000	1.216755	3.928402	-0.999955	-1.288725	-6.147433	0.000000
2.312354	1.000104	6118.466308	4079.400474	0.000000	0.000001	-51.553170	0.002000	1.216755	3.928402	-0.999955	-1.288725	-6.147433	0.000000
2.332354	1.000104	6118.466308	4079.400474	-0.000000	0.000000	-51.553170	0.002000	1.216755	3.928402	-0.999955	-1.288725	-6.147433	0.000000
2.352354	1.000104	6118.466308	4079.400474	0.000000	0.000000	-51.553170	0.002000	1.216755	3.928402	-0.999955	-1.288725	-6.147433	0.000000
2.372354	1.000104	6118.466308	4079.400474	-0.000000	0.000002	-51.553170	0.002000	1.216755	3.928402	-0.999955	-1.288725	-6.147433	0.000000
2.392354	1.000104	6118.466308	4079.400474	-0.000000	-0.000001	-51.553170	0.002000	1.216755	3.928402	-0.999955	-1.288725	-6.147433	0.000000
2.412354	1.000104	6118.466308	4079.400474	0.000000	-0.000001	-51.553170	0.002000	1.216755	3.928402	-0.999955	-1.288725	-6.147433	0.000000
2.432354	1.000104	6118.466308	4079.400474	-0.000000	0.000001	-51.553170	0.002000	1.216755	3.928402	-0.999955	-1.288725	-6.147433	0.000000
2.452354	1.000104	6118.466308	4079.400474	0.000000	-0.000004	-51.553170	0.002000	1.216755	3.928402	-0.999955	-1.288725	-6.147433	0.000000
2.472354	1.000104	6118.466308	4079.400474	0.000000	0.000000	-51.553170	0.002000	1.216755	3.928402	-0.999955	-1.288725	-6.147433	0.000000
2.492354	1.000104	6118.466308	4079.400474	-0.000000	0.000005	-51.553170	0.002000	1.216755	3.928402	-0.999955	-1.288725	-6.147433	0.000000
2.512354	1.000104	6118.466308	4079.400474	-0.000000	0.000000	-51.553170	0.002000	1.216755	3.928402	-0.999955	-1.288725	-6.147433	0.000000
2.532354	1.000104	6118.466308	4079.400474	-0.000000	-0.000001	-51.553170	0.002000	1.216755	3.928402	-0.999955	-1.288725	-6.147433	0.000000
2.552354	1.000104	6118.466308	4079.400474	0.000000	-0.000000	-51.553170	0.002000	1.216755	3.928402	-0.999955	-1.288725	-6.147433	0.000000
2.572354	1.000104	6118.466308	4079.400474	0.000000	-0.000000	-51.553170	0.002000	1.216755	3.928402	-0.999955	-1.288725	-6.147433	0.000000
2.592354	1.000104	6118.466308	4079.400474	0.000000	-0.000000	-51.553170	0.002000	1.216755	3.928402	-0.999955	-1.288725	-6.147433	0.000000
2.612354	1.000104	6118.466308	4079.400474	0.000000	-0.000000	-51.553170	0.002000	1.216755	3.928402	-0.999955	-1.288725	-6.147433	0.000000
2.632354	1.000104	6118.466308	4079.400474	0.000000	-0.000000	-51.553170	0.002000	1.216755	3.928402	-0.999955	-1.288725	-6.147433	0.000000
2.652354	1.000104	6118.466308	4079.400474	0.000000	-0.000000	-51.553170	0.002000	1.216755	3.928402	-0.999955	-1.288725	-6.147433	0.000000
2.672354	1.000104	6118.466308	4079.400474	0.000000	-0.000000	-51.553170	0.002000	1.216755	3.928402	-0.999955	-1.288725	-6.147433	0.000000
2.692354	1.000104	6118.466308	4079.400474	0.000000	-0.000000	-51.553170	0.002000	1.216755	3.928402	-0.999955	-1.288725	-6.147433	0.000000
2.712354	1.000104	6118.466308	4079.400474	0.000000	-0.000000	-51.553170	0.002000	1.216755	3.928402	-0.999955	-1.288725	-6.147433	0.000000
2.732354	1.000104	6118.466308	4079.400474	0.000000	-0.000000	-51.553170	0.002000	1.216755	3.928402	-0.999955	-1.288725	-6.147433	0.000000
2.752354	1.000104	6118.466308	4079.400474	0.000000	-0.000000	-51.553170	0.002000	1.216755	3.928402	-0.999955	-1.288725	-6.147433	0.000000
2.772354	1.000104	6118.466308	4079.400474	0.000000	0.000000	-51.553170	0.002000	1.216755	3.928402	-0.999955	-1.288725	-6.147433	0.000000
2.792354	1.000104	6118.466308	4079.400474	0.000000	0.000000	-51.553170	0.002000	1.216755	3.928402	-0.999955	-1.288725	-6.147433	0.000000
2.812354	1.000104	6118.466308	4079.400474	0.000000	0.000000	-51.553170	0.002000	1.216755	3.928402	-0.999955	-1.288725	-6.147433	0.000000
2.832354	1.000104	6118.466308	4079.400474	0.000000	0.000000	-51.553170	0.002000	1.216755	3.928402	-0.999955	-1.288725	-6.147433	0.000000
2.852354	1.000104	6118.466308	4079.400474	0.000000	0.000000	-51.553170	0.002000	1.216755	3.928402	-0.999955	-1.288725	-6.147433	0.000000
2.872354	1.000104	6118.466308	4079.400474	0.000000	0.000000	-51.553170	0.002000	1.216755	3.928402	-0.999955	-1.288725	-6.147433	0.000000
2.892354	1.000104	6118.466308	4079.400474	0.000000	0.000000	-51.553170	0.002000	1.216755	3.928402	-0.999955	-1.288725	-6.147433	0.000000
2.912354	1.000104	6118.466308	4079.400474	0.000000	0.000000	-51.553170	0.002000	1.216755	3.928402	-0.999955	-1.288725	-6.147433	0.000000
2.932354	1.000104	6118.466308	4079.400474	0.000000	0.000000	-51.553170	0.002000	1.216755	3.928402	-0.999955	-1.288725	-6.147433	0.000000
2.952354	1.000104	6118.466308	4079.400474	0.000000	0.000000	-51.553170	0.002000	1.216755	3.928402	-0.999955	-1.288725	-6.147433	0.000000
2.972354	1.000104	6118.466308	4079.400474	0.000000	0.000000	-51.553170	0.002000	1.216755	3.928402	-0.999955	-1.288725	-6.147433	0.000000
2.992354	1.000104	6118.466308	4079.400474	0.000000	0.000000	-51.553170	0.002000	1.216755	3.928402	-0.999955	-1.288725	-6.147433	0.000000
3.012354	1.000104	6118.466308	4079.400474	0.000000	0.000000	-51.553170	0.002000	1.216755	3.928402	-0.999955	-1.288725	-6.147433	0.000000
3.032354	1.000104	6118.466308	4079.400474	0.000000	0.000000	-51.553170	0.002000	1.216755	3.928402	-0.999955	-1.288725	-6.147433	0.000000
3.052354	1.000104	6118.466308	4079.400474	0.000000	0.000000	-51.553170	0.002000	1.216755	3.928402	-0.999955	-1.288725	-6.147433	0.000000
3.072354	1.000104	6118.466308	4079.400474	0.000000	0.000000	-51.553170	0.002000	1.216755	3.928402	-0.999955	-1.288725	-6.147433	0.000000
3.092354	1.000104	6118.466308	4079.400474	0.000000	0.000000	-51.553170	0.002000	1.216755	3.928402	-0.999955	-1.288725	-6.147433	0.000000
3.112354	1.000104	6118.466308	4079.400474	0.000000	0.000000	-51.553170	0.002000	1.216755	3.928402	-0.999955	-1.288725	-6.147433	0.000000
3.132354	1.000104	6118.466308	4079.400474	0.000000	0.000000	-51.553170	0.002000	1.216755	3.928402	-0.999955	-1.288725	-6.147433	0.000000
3.152354	1.000104	6118.466308	4079.400474	0.000000	0.000000	-51.553170	0.002000	1.216755	3.928402	-0.999955	-1.288725	-6.147433	0.000000
3.172354	1.000104	6118.466308	4079.400474	0.000000	0.000000	-51.553170	0.002000	1.216755	3.928402	-0.999955	-1.288725	-6.147433	0.000000
3.192354	1.000104	6118.466308	4079.400474	0.000000	0.000000	-51.553170	0.002000	1.216755	3.928402	-0.999955	-1.288725	-6.147433	0.000000
3.212354	1.000104	6118.466308	4079.400474	0.000000	0.000000	-51.553170	0.002000	1.216755	3.928402	-0.999955	-1.288725	-6.147433	0.000000
3.232354	1.000104	6118.466308	4079.400474	0.000000	0.000000	-51.553170	0.002000	1.216755	3.928402	-0.999955	-1.288725	-6.147433	0.000000
3.252354	1.000104	6118.466308	4079.400474	0.000000	0.000000	-51.553170	0.002000	1.216755	3.928402	-0.999955	-1.288725	-6.147433	0.000000
3.272354	1.000104	6118.466308	4079.400474	0.000000	0.000000	-51.553170	0.002000	1.216755	3.928402	-0.999955	-1.288725	-6.147433	0.000000
3.292354	1.000104	6118.466308	4079.400474	0.000000	0.000000	-51.553170	0.002000	1.216755	3.928402	-0.999955	-1.288725	-6.147433	0.000000
3.312354	1.000104	6118.466308	4079.400474	0.000000	0.000000	-51.553170	0.002000	1.216755	3.928402	-0.999955	-1.288725	-6.147433	0.000000
3.332354	1.000104	6118.466308	4079.400474	0.000000	0.000000	-51.553170	0.002000	1.216755	3.928402	-0.999955	-1.288725	-6.147433	0.000000
3.352354	1.000104	6118.466308	4079.400474	0.000000	0.000000	-51.553170	0.002000	1.216755	3.928402	-0.999955	-1.288725	-6.147433	0.000000
3.372354	1.000104	6118.466308	4079.400474	0.000000	0.000000	-51.553170	0.002000	1.216755	3.928402	-0.999955	-1.288725	-6.147433	0.000000
3.392354	1.000104	6118.466308	4079.400474	0.000000	0.000000	-51.553170	0.002000	1.216755	3.928402	-0.999955	-1.288725	-6.147433	0.000000
3.412354	1.000104	6118.466308	4079.400474	0.000000	0.000000	-51.553170	0.002000	1.216755	3.928402	-0.999955	-1.288725	-6.147433	0.000000
3.432354	1.000104	6118.466308	4079.400474	0.000000	0.000000	-51.553170	0.002000	1.216755	3.928402	-0.999955	-1.288725	-6.147433	0.000000
3.452354	1.000104	6118.466308	4079.400474	0.000000	0.000000	-51.553170	0.002000	1.216755	3.928402	-0.999955	-1.288725	-6.147433	0.000000
3.472354	1.000104	6118.466308	4079.400474	0.000000	0.000000	-51.553170	0.002000	1.216755	3.928402	-0.999955	-1.288725	-6.147433	0.000000
3.492354	1.000104	6118.466308	4079.400474	0.000000	0.000000	-51.553170	0.002000	1.216755	3.928402	-0.999955	-1.288725	-6.147433	0.000000
3.512354	1.000104	6118.466308	4079.400474	0.000000	0.000000	-51.553170	0.002000	1.216755	3.928402	-0.999955	-1.288725	-6.147433	0.000000
3.532354	1.000104	6118.466308	4079.400474	0.000000	0.000000	-51.553170	0.002000	1.216755	3.928402	-0.999955	-1.288725	-6.147433	0.000000
3.552354	1.000104	6118.466308	4079.400474	0.000000	0.000000	-51.553170	0.002000	1.216755	3.928402	-0.999955	-1.288725	-6.147433	0.000000
3.572354	1.000104	6118.466308	4079.400474	0.000000	0.000000	-51.553170	0.002000	1.216755	3.928402	-0.999955	-1.288725	-6.147433	0.000000
3.592354	1.000104	6118.466308	4079.400474	0.000000	0.000000	-51.553170	0.002000	1.216755	3.928402	-0.999955	-1.288725	-6.147433	0.000000
3.612354	1.000104	6118.466308	4079.400474	0.000000	0.000000	-51.553170	0.002000	1.216755	3.928402	-0.999955	-1.288725	-6.147433	0.000000
3.632354	1.000104	6118.466308	4079.400474	0.000000	0.000000	-51.553170	0.002000	1.216755	3.928402	-0.999955	-1.288725	-6.147433	0.000000
3.652354	1.000104	6118.466308	4079.400474	0.000000	0.000000	-51.553170	0.002000	1.216755	3.928402	-0.999955	-1.288725	-6.147433	0.000000
3.672354	1.000104	6118.466308	4079.400474	0.000000	0.000000	-51.553170	0.002000	1.216755	3.928402	-0.999955	-1.288725	-6.147433	0.000000
3.692354	1.000104	6118.466308	4079.400474	0.000000	0.000000	-51.553170	0.002000	1.216755	3.928402	-0.999955	-1.288725	-6.147433	0.000000
3.712354	1.000104	6118.466308	4079.400474	0.000000	0.000000	-51.553170	0.002000	1.216755	3.928402	-0.999955	-1.288725	-6.147433	0.000000
3.732354	1.000104	6118.466308	4079.400474	0.000000	0.000000	-51.553170	0.002000	1.216755	3.928402	-0.999955	-1.288725	-6.147433	0.000000
3.752354	1.000104	6118.466308	4079.400474	0.000000	0.000000	-51.553170	0.002000	1.216755	3.928402	-0.999955	-1.288725	-6.147433	0.000000
3.772354	1.000104	6118.466308	4079.400474	0.000000	0.000000	-51.553170	0.002000	1.216755	3.928402	-0.999955	-1.288725	-6.147433	0.000000
3.792354	1.000104	6118.466308	4079.400474	0.000000	0.000000	-51.553170	0.002000	1.216755	3.928402	-0.999955	-1.288725	-6.147433	0.000000
3.812354	1.000104	6118.466308	4079.400474	0.000000	0.000000	-51.553170	0.002000	1.216755	3.928402	-0.999955	-1.288725	-6.147433	0.000000
3.832354	1.000104	6118.466308	4079.400474	0.000000	0.000000	-51.553170	0.002000	1.216755	3.928402	-0.999955	-1.288725	-6.147433	0.000000
3.852354	1.000104	6118.466308	4079.400474	0.000000	0.000000	-51.553170	0.002000	1.216755	3.928402	-0.999955	-1.288725	-6.147433	0.000000
3.872354	1.000104	6118.466308	4079.400474	0.000000	0.000000	-51.553170	0.002000	1.216755	3.928402	-0.999955	-1.288725	-6.147433	0.000000
3.892354	1.000104	6118.466308	4079.400474	0.000000	0.000000	-51.553170	0.002000	1.216755	3.928402	-0.999955	-1.288725	-6.147433	0.000000
3.912354	1.000104	6118.466308	4079.400474	0.000000	0.000000	-51.553170	0.002000	1.216755	3.928402	-0.999955	-1.288725	-6.147433	0.000000
3.932354	1.000104	6118.466308	4079.400474	0.000000	0.000000	-51.553170	0.002000	1.216755	3.928402	-0.999955	-1.288725	-6.147433	0.000000
3.952354	1.000104	6118.466308	4079.400474	0.000000	0.000000	-51.553170	0.002000	1.216755	3.928402	-0.999955	-1.288725	-6.147433	0.000000
3.972354	1.000104	6118.466308	4079.400474	0.000000	0.000000	-51.553170	0.002000	1.216755	3.928402	-0.999955	-1.288725	-6.147433	0.000000
3.992354	1.000104	6118.466308	4079.400474	0.000000	0.000000	-51.553170	0.002000	1.216755	3.928402	-0.999955	-1.288725	-6.147433	0.000000
4.012354	1.000104	6118.466308	4079.400474	0.000000	0.000000	-51.553170	0.002000	1.216755	3.928402	-0.999955	-1.288725	-6.147433	0.000000
4.032354	1.000104	6118.466308	4079.400474	0.000000	0.000000	-51.553170	0.002000	1.216755	3.928402	-0.999955	-1.288725	-6.147433	0.000000
4.052354	1.000104	6118.466308	4079.400474	0.000000	0.000000	-51.553170	0.002000	1.216755	3.928402	-0.999955	-1.288725	-6.147433	0.000000
4.072354	1.000104	6118.466308	4079.400474	0.000000	0.000000	-51.553170	0.002000	1.216755	3.928402	-0.999955	-1.288725	-6.147433	0.000000
4.092354	1.000104	6118.466308	4079.400474	0.000000	0.000000	-51.553170	0.002000	1.216755	3.928402	-0.999955	-1.288725	-6.147433	0.000000
4.112354	1.000104	6118.466308	4079.400474	0.000000	0.000000	-51.553170	0.002000	1.216755	3.928402	-0.999955	-1.288725	-6.147433	0.000000
4.132354	1.000104	6118.466308	4079.400474	0.000000	0.000000	-51.553170	0.002000	1.216755	3.928402	-0.999955	-1.288725	-6.147433	0.000000
4.152354	1.000104	6118.466308	4079.400474	0.000000	0.000000	-51.553170	0.002000	1.216755	3.928402	-0.999955	-1.288725	-6.147433	0.000000
4.172354	1.000104	6118.466308	4079.400474	0.000000	0.000000	-51.553170	0.002000	1.216755	3.928402	-0.999955	-1.288725	-6.147433	0.000000
4.192354	1.000104	6118.466308	4079.400474	0.000000	0.000000	-51.553170	0.002000	1.216755	3.928402	-0.999955	-1.288725	-6.147433	0.000000
4.212354	1.000104	6118.466308	4079.400474	0.000000	0.000000	-51.553170	0.002000	1.216755	3.928402	-0.999955	-1.288725	-6.147433	0.000000
4.232354	1.000104	6118.466308	4079.400474	0.000000	0.000000	-51.553170	0.002000	1.216755	3.928402	-0.999955	-1.288725	-6.147433	0.000000
4.252354	1.000104	6118.466308	4079.400474	0.000000	0.000000	-51.553170	0.002000	1.216755	3.928402	-0.999955	-1.288725	-6.147433	0.000000
4.272354	1.000104	6118.466308	4079.400474	0.000000	0.000000	-51.553170	0.002000	1.216755	3.928402	-0.999955	-1.288725	-6.147433	0.000000
4.292354	1.000104	6118.466308	4079.400474	0.000000	0.000000	-51.553170	0.002000	1.216755	3.928402	-0.999955	-1.288725	-6.147433	0.000000
4.312354	1.000104	6118.466308	4079.400474	0.000000	0.000000	-51.553170	0.002000	1.216755	3.928402	-0.999955	-1.288725	-6.147433	0.000000
4.332354	1.000104	6118.466308	4079.400474	0.000000	0.000000	-51.553170	0.002000	1.216755	3.928402	-0.999955	-1.288725	-6.147433	0.000000
4.352354	1.000104	6118.466308	4079.400474	0.000000	0.000000	-51.553170	0.002000	1.216755	3.928402	-0.999955	-1.288725	-6.147433	0.000000
4.372354	1.000104	6118.466308	4079.400474	0.000000	0.000000	-51.553170	0.002000	1.216755	3.928402	-0.999955	-1.288725	-6.147433	0.000000
4.392354	1.000104	6118.466308	4079.400474	0.000000	0.000000	-51.553170	0.002000	1.216755	3.928402	-0.999955	-1.288725	-6.147433	0.000000
4.412354	1.000104	6118.466308	4079.400474	0.000000	0.000000	-51.553170	0.002000	1.216755	3.928402	-0.999955	-1.288725	-6.147433	0.000000
4.432354	1.000104	6118.466308	4079.400474	0.000000	0.000000	-51.553170	0.002000	1.216755	3.928402	-0.999955	-1.288725	-6.147433	0.000000
4.452354	1.000104	6118.466308	4079.400474	0.000000	0.000000	-51.553170	0.002000	1.216755	3.928402	-0.999955	-1.288725	-6.147433	0.000000
4.472354	1.000104	6118.466308	4079.400474	0.000000	0.000000	-51.553170	0.002000	1.216755	3.928402	-0.999955	-1.288725	-6.147433	0.000000
4.492354	1.000104	6118.466308	4079.400474	0.000000	-0.000000	-51.553170	0.002000	1.216755	3.928402	-0.999955	-1.288725	-6.147433	0.000000
4.512354	1.000104	6118.466308	4079.400474	0.000000	-0.000000	-51.553170	0.002000	1.216755	3.928402	-0.999955	-1.288725	-6.147433	0.000000
4.532354	1.000104	6118.466308	4079.400474	0.000000	-0.000000	-51.553170	0.002000	1.216755	3.928402	-0.999955	-1.288725	-6.147433	0.000000
4.552354	1.000104	6118.466308	4079.400474	0.000000	-0.000000	-51.553170	0.002000	1.216755	3.928402	-0.999955	-1.288725	-6.147433	0.000000
4.572354	1.000104	6118.466308	4079.400474	0.000000	-0.000000	-51.553170	0.002000	1.216755	3.928402	-0.999955	-1.288725	-6.147433	0.000000
4.592354	1.000104	6118.466308	4079.400474	0.000000	-0.000000	-51.553170	0.002000	1.216755	3.928402	-0.999955	-1.288725	-6.147433	0.000000
4.612354	1.000104	6118.466308	4079.400474	0.000000	-0.000000	-51.553170	0.002000	1.216755	3.928402	-0.999955	-1.288725	-6.147433	0.000000
4.632354	1.000104	6118.466308	4079.400474	0.000000	-0.000000	-51.553170	0.002000	1.216755	3.928402	-0.999955	-1.288725	-6.147433	0.000000
4.652354	1.000104	6118.466308	4079.400474	0.000000	-0.000000	-51.553170	0.002000	1.216755	3.928402	-0.999955	-1.288725	-6.147433	0.000000
4.672354	1.000104	6118.466308	4079.400474	0.000000	-0.000000	-51.553170	0.002000	1.216755	3.928402	-0.999955	-1.288725	-6.147433	0.000000
4.692354	1.000104	6118.466308	4079.400474	0.000000	0.000000	-51.553170	0.002000	1.216755	3.928402	-0.999955	-1.288725	-6.147433	0.000000
4.712354	1.000104	6118.466308	4079.400474	-0.000000	0.000001	-51.553170	0.002000	1.216755	3.928402	-0.999955	-1.288725	-6.147433	0.000000
4.732354	1.000104	6118.466308	4079.400474	-0.000000	-0.000000	-51.553170	0.002000	1.216755	3.928402	-0.999955	-1.288725	-6.147433	0.000000
4.752354	1.000104	6118.466308	4079.400474	0.000000	-0.000002	-51.553170	0.002000	1.216755	3.928402	-0.999955	-1.288725	-6.147433	0.000000
4.772354	1.000104	6118.466308	4079.400474	0.000000	-0.000001	-51.553170	0.002000	1.216755	3.928402	-0.999955	-1.288725	-6.147433	0.000000
4.792354	1.000104	6118.466308	4079.400474	-0.000000	0.000002	-51.553170	0.002000	1.216755	3.928402	-0.999955	-1.288725	-6.147433	0.000000
4.812354	1.000104	6118.466308	4079.400474	-0.000000	0.000001	-51.553170	0.002000	1.216755	3.928402	-0.999955	-1.288725	-6.147433	0.000000
4.832354	1.000104	6118.466308	4079.400474	0.000000	-0.000001	-51.553170	0.002000	1.216755	3.928402	-0.999955	-1.288725	-6.147433	0.000000
4.852354	1.000104	6118.466308	4079.400474	0.000000	0.000001	-51.553170	0.002000	1.216755	3.928402	-0.999955	-1.288725	-6.147433	0.000000
4.872354	1.000104	6118.466308	4079.400474	-0.000000	0.000002	-51.553170	0.002000	1.216755	3.928402	-0.999955	-1.288725	-6.147433	0.000000
4.892354	1.000104	6118.466308	4079.400474	-0.000000	-0.000001	-51.553170	0.002000	1.216755	3.928402	-0.999955	-1.288725	-6.147433	0.000000
4.912354	1.000104	6118.466308	4079.400474	0.000000	-0.000003	-51.553170	0.002000	1.216755	3.928402	-0.999955	-1.288725	-6.147433	0.000000
4.932354	1.000104	6118.466308	4079.400474	0.000000	0.000002	-51.553170	0.002000	1.216755	3.928402	-0.999955	-1.288725	-6.147433	0.000000
4.952354	1.000104	6118.466308	4079.400474	-0.000000	0.000004	-51.553170	0.002000	1.216755	3.928402	-0.999955	-1.288725	-6.147433	0.000000
4.972354	1.000104	6118.466308	4079.400474	-0.000000	-0.000002	-51.553170	0.002000	1.216755	3.928402	-0.999955	-1.288725	-6.147433	0.000000
4.992354	1.000104	6118.466308	4079.400474	0.000000	-0.000005	-51.553170	0.002000	1.216755	3.928402	-0.999955	-1.288725	-6.147433	0.000000
5.012354	1.000104	6118.466308	4079.400474	0.000000	0.000000	-51.553170	0.002000	1.216755	3.928402	-0.999955	-1.288725	-6.147433	0.000000
5.032354	1.000104	6118.466308	4079.400474	0.000000	0.000002	-51.553170	0.002000	1.216755	3.928402	-0.999955	-1.288725	-6.147433	0.000000
5.052354	1.000104	6118.466308	4079.400474	-0.000000	0.000001	-51.553170	0.002000	1.216755	3.928402	-0.999955	-1.288725	-6.147433	0.000000
5.072354	1.000104	6118.466308	4079.400474	-0.000000	0.000000	-51.553170	0.002000	1.216755	3.928402	-0.999955	-1.288725	-6.147433	0.000000
5.092354	1.000104	6118.466308	4079.400474	-0.000000	0.000000	-51.553170	0.002000	1.216755	3.928402	-0.999955	-1.288725	-6.147433	0.000000
5.112354	1.000104	6118.466308	4079.400474	0.000000	0.000000	-51.553170	0.002000	1.216755	3.928402	-0.999955	-1.288725	-6.147433	0.000000
5.132354	1.000104	6118.466308	4079.400474	0.000000	0.000000	-51.553170	0.002000	1.216755	3.928402	-0.999955	-1.288725	-6.147433	0.000000
5.152354	1.000104	6118.466308	4079.400474	0.000000	0.000000	-51.553170	0.002000	1.216755	3.928402	-0.999955	-1.288725	-6.147433	0.000000
5.172354	1.000104	6118.466308	4079.400474	0.000000	0.000000	-51.553170	0.002000	1.216755	3.928402	-0.999955	-1.288725	-6.147433	0.000000
5.192354	1.000104	6118.466308	4079.400474	0.000000	0.000000	-51.553170	0.002000	1.216755	3.928402	-0.999955	-1.288725	-6.147433	0.000000
5.212354	1.000104	6118.466308	4079.400474	0.000000	0.000000	-51.553170	0.002000	1.216755	3.928402	-0.999955	-1.288725	-6.147433	0.000000
5.232354	1.000104	6118.466308	4079.400474	0.000000	0.000000	-51.553170	0.002000	1.216755	3.928402	-0.999955	-1.288725	-6.147433	0.000000
5.252354	1.000104	6118.466308	4079.400474	0.000000	0.000000	-51.553170	0.002000	1.216755	3.928402	-0.999955	-1.288725	-6.147433	0.000000
5.272354	1.000104	6118.466308	4079.400474	0.000000	0.000000	-51.553170	0.002000	1.216755	3.928402	-0.999955	-1.288725	-6.147433	0.000000
5.292354	1.000104	6118.466308	4079.400474	0.000000	0.000000	-51.553170	0.002000	1.216755	3.928402	-0.999955	-1.288725	-6.147433	0.000000
5.312354	1.000104	6118.466308	4079.400474	0.000000	0.000000	-51.553170	0.002000	1.216755	3.928402	-0.999955	-1.288725	-6.147433	0.000000
5.332354	1.000104	6118.466308	4079.400474	0.000000	0.000000	-51.553170	0.002000	1.216755	3.928402	-0.999955	-1.288725	-6.147433	0.000000
5.352354	1.000104	6118.466308	4079.400474	0.000000	0.000000	-51.553170	0.002000	1.216755	3.928402	-0.999955	-1.288725	-6.147433	0.000000
5.372354	1.000104	6118.466308	4079.400474	0.000000	0.000000	-51.553170	0.002000	1.216755	3.928402	-0.999955	-1.288725	-6.147433	0.000000
5.392354	1.000104	6118.466308	4079.400474	0.000000	0.000000	-51.553170	0.002000	1.216755	3.928402	-0.999955	-1.288725	-6.147433	0.000000
5.412354	1.000104	6118.466308	4079.400474	0.000000	0.000000	-51.553170	0.002000	1.216755	3.928402	-0.999955	-1.288725	-6.147433	0.000000
5.432354	1.000104	6118.466308	4079.400474	0.000000	0.000000	-51.553170	0.002000	1.216755	3.928402	-0.999955	-1.288725	-6.147433	0.000000
5.452354	1.000104	6118.466308	4079.400474	0.000000	0.000000	-51.553170	0.002000	1.216755	3.928402	-0.999955	-1.288725	-6.147433	0.000000
5.472354	1.000104	6118.466308	4079.400474	0.000000	0.000000	-51.553170	0.002000	1.216755	3.928402	-0.999955	-1.288725	-6.147433	0.000000
5.492354	1.000104	6118.466308	4079.400474	0.000000	0.000000	-51.553170	0.002000	1.216755	3.928402	-0.999955	-1.288725	-6.147433	0.000000
5.512354	1.000104	6118.466308	4079.400474	0.000000	0.000000	-51.553170	0.002000	1.216755	3.928402	-0.999955	-1.288725	-6.147433	0.000000
5.532354	1.000104	6118.466308	4079.400474	0.000000	0.000000	-51.553170	0.002000	1.216755	3.928402	-0.999955	-1.288725	-6.147433	0.000000
5.552354	1.000104	6118.466308	4079.400474	0.000000	0.000000	-51.553170	0.002000	1.216755	3.928402	-0.999955	-1.288725	-6.147433	0.000000
5.572354	1.000104	6118.466308	4079.400474	0.000000	0.000000	-51.553170	0.002000	1.216755	3.928402	-0.999955	-1.288725	-6.147433	0.000000
5.592354	1.000104	6118.466308	4079.400474	0.000000	0.000000	-51.553170	0.002000	1.216755	3.928402	-0.999955	-1.288725	-6.147433	0.000000
5.612354	1.000104	6118.466308	4079.400474	0.000000	0.000000	-51.553170	0.002000	1.216755	3.928402	-0.999955	-1.288725	-6.147433	0.000000
5.632354	1.000104	6118.466308	4079.400474	0.000000	0.000000	-51.553170	0.002000	1.216755	3.928402	-0.999955	-1.288725	-6.147433	0.000000
5.652354	1.000104	6118.466308	4079.400474	0.000000	0.000000	-51.553170	0.002000	1.216755	3.928402	-0.999955	-1.288725	-6.147433	0.000000
5.672354	1.000104	6118.466308	4079.400474	0.000000	0.000000	-51.553170	0.002000	1.216755	3.928402	-0.999955	-1.288725	-6.147433	0.000000
5.692354	1.000104	6118.466308	4079.400474	0.000000	0.000000	-51.553170	0.002000	1.216755	3.928402	-0.999955	-1.288725	-6.147433	0.000000
5.712354	1.000104	6118.466308	4079.400474	0.000000	0.000000	-51.553170	0.002000	1.216755	3.928402	-0.999955	-1.288725	-6.147433	0.000000
5.732354	1.000104	6118.466308	4079.400474	0.000000	0.000000	-51.553170	0.002000	1.216755	3.928402	-0.999955	-1.288725	-6.147433	0.000000
5.752354	1.000104	6118.466308	4079.400474	0.000000	0.000000	-51.553170	0.002000	1.216755	3.928402	-0.999955	-1.288725	-6.147433	0.000000
5.772354	1.000104	6118.466308	4079.400474	0.000000	0.000000	-51.553170	0.002000	1.216755	3.928402	-0.999955	-1.288725	-6.147433	0.000000
5.792354	1.000104	6118.466308	4079.400474	0.000000	0.000000	-51.553170	0.002000	1.216755	3.928402	-0.999955	-1.288725	-6.147433	0.000000
5.812354	1.000104	6118.466308	4079.400474	0.000000	0.000000	-51.553170	0.002000	1.216755	3.928402	-0.999955	-1.288725	-6.147433	0.000000
5.832354	1.000104	6118.466308	4079.400474	0.000000	0.000000	-51.553170	0.002000	1.216755	3.928402	-0.999955	-1.288725	-6.147433	0.000000
5.852354	1.000104	6118.466308	4079.400474	0.000000	0.000000	-51.553170	0.002000	1.216755	3.928402	-0.999955	-1.288725	-6.147433	0.000000
5.872354	1.000104	6118.466308	4079.400474	0.000000	0.000000	-51.553170	0.002000	1.216755	3.928402	-0.999955	-1.288725	-6.147433	0.000000
5.892354	1.000104	6118.466308	4079.400474	0.000000	0.000000	-51.553170	0.002000	1.216755	3.928402	-0.999955	-1.288725	-6.147433	0.000000
5.912354	1.000104	6118.466308	4079.400474	0.000000	0.000000	-51.553170	0.002000	1.216755	3.928402	-0.999955	-1.288725	-6.147433	0.000000
5.932354	1.000104	6118.466308	4079.400474	0.000000	0.000000	-51.553170	0.002000	1.216755	3.928402	-0.999955	-1.288725	-6.147433	0.000000
5.952354	1.000104	6118.466308	4079.400474	0.000000	0.000000	-51.553170	0.002000	1.216755	3.928402	-0.999955	-1.288725	-6.147433	0.000000
5.972354	1.000104	6118.466308	4079.400474	0.000000	0.000000	-51.553170	0.002000	1.216755	3.928402	-0.999955	-1.288725	-6.147433	0.000000
5.992354	1.000104	6118.466308	4079.400474	0.000000	0.000000	-51.553170	0.002000	1.216755	3.928402	-0.999955	-1.288725	-6.147433	0.000000
6.012354	1.000104	6118.466308	4079.400474	0.000000	0.000000	-51.553170	0.002000	1.216755	3.928402	-0.999955	-1.288725	-6.147433	0.000000
6.032354	1.000104	6118.466308	4079.400474	0.000000	0.000000	-51.553170	0.002000	1.216755	3.928402	-0.999955	-1.288725	-6.147433	0.000000
6.052354	1.000104	6118.466308	4079.400474	0.000000	0.000000	-51.553170	0.002000	1.216755	3.928402	-0.999955	-1.288725	-6.147433	0.000000
6.072354	1.000104	6118.466308	4079.400474	0.000000	0.000000	-51.553170	0.002000	1.216755	3.928402	-0.999955	-1.288725	-6.147433	0.000000
6.092354	1.000104	6118.466308	4079.400474	0.000000	0.000000	-51.553170	0.002000	1.216755	3.928402	-0.999955	-1.288725	-6.147433	0.000000
6.112354	1.000104	6118.466308	4079.400474	0.000000	0.000000	-51.553170	0.002000	1.216755	3.928402	-0.999955	-1.288725	-6.147433	0.000000
6.132354	1.000104	6118.466308	4079.400474	0.000000	0.000000	-51.553170	0.002000	1.216755	3.928402	-0.999955	-1.288725	-6.147433	0.000000
6.152354	1.000104	6118.466308	4079.400474	0.000000	0.000000	-51.553170	0.002000	1.216755	3.928402	-0.999955	-1.288725	-6.147433	0.000000
6.172354	1.000104	6118.466308	4079.400474	0.000000	0.000000	-51.553170	0.002000	1.216755	3.928402	-0.999955	-1.288725	-6.147433	0.000000
6.192354	1.000104	6118.466308	4079.400474	0.000000	0.000000	-51.553170	0.002000	1.216755	3.928402	-0.999955	-1.288725	-6.147433	0.000000
6.212354	1.000104	6118.466308	4079.400474	0.000000	0.000000	-51.553170	0.002000	1.216755	3.928402	-0.999955	-1.288725	-6.147433	0.000000
6.232354	1.000104	6118.466308	4079.400474	0.000000	0.000000	-51.553170	0.002000	1.216755	3.928402	-0.999955	-1.288725	-6.147433	0.000000
6.252354	1.000104	6118.466308	4079.400474	0.000000	0.000000	-51.553170	0.002000	1.216755	3.928402	-0.999955	-1.288725	-6.147433	0.000000
6.272354	1.000104	6118.466308	4079.400474	0.000000	0.000000	-51.553170	0.002000	1.216755	3.928402	-0.999955	-1.288725	-6.147433	0.000000
6.292354	1.000104	6118.466308	4079.400474	0.000000	0.000000	-51.553170	0.002000	1.216755	3.928402	-0.999955	-1.288725	-6.147433	0.000000
6.312354	1.000104	6118.466308	4079.400474	0.000000	0.000000	-51.553170	0.002000	1.216755	3.928402	-0.999955	-1.288725	-6.147433	0.000000
6.332354	1.000104	6118.466308	4079.400474	0.000000	0.000000	-51.553170	0.002000	1.216755	3.928402	-0.999955	-1.288725	-6.147433	0.000000
6.352354	1.000104	6118.466308	4079.400474	0.000000	0.000000	-51.553170	0.002000	1.216755	3.928402	-0.999955	-1.288725	-6.147433	0.000000
6.372354	1.000104	6118.466308	4079.400474	0.000000	0.000000	-51.553170	0.002000	1.216755	3.928402	-0.999955	-1.288725	-6.147433	0.000000
6.392354	1.000104	6118.466308	4079.400474	0.000000	0.000000	-51.553170	0.002000	1.216755	3.928402	-0.999955	-1.288725	-6.147433	0.000000
6.412354	1.000104	6118.466308	4079.400474	0.000000	0.000000	-51.553170	0.002000	1.216755	3.928402	-0.999955	-1.288725	-6.147433	0.000000
6.432354	1.000104	6118.466308	4079.400474	0.000000	0.000000	-51.553170	0.002000	1.216755	3.928402	-0.999955	-1.288725	-6.147433	0.000000
6.452354	1.000104	6118.466308	4079.400474	0.000000	0.000000	-51.553170	0.002000	1.216755	3.928402	-0.999955	-1.288725	-6.147433	0.000000
6.472354	1.000104	6118.466308	4079.400474	0.000000	0.000000	-51.553170	0.002000	1.216755	3.928402	-0.999955	-1.288725	-6.147433	0.000000
6.492354	1.000104	6118.466308	4079.400474	0.000000	0.000000	-51.553170	0.002000	1.216755	3.928402	-0.999955	-1.288725	-6.147433	0.000000
6.512354	1.000104	6118.466308	4079.400474	0.000000	0.000000	-51.553170	0.002000	1.216755	3.928402	-0.999955	-1.288725	-6.147433	0.000000
6.532354	1.000104	6118.466308	4079.400474	0.000000	0.000000	-51.553170	0.002000	1.216755	3.928402	-0.999955	-1.288725	-6.147433	0.000000
6.552354	1.000104	6118.466308	4079.400474	0.000000	0.000000	-51.553170	0.002000	1.216755	3.928402	-0.999955	-1.288725	-6.147433	0.000000
6.572354	1.000104	6118.466308	4079.400474	0.000000	0.000000	-51.553170	0.002000	1.216755	3.928402	-0.999955	-1.288725	-6.147433	0.000000
6.592354	1.000104	6118.466308	4079.400474	0.000000	0.000000	-51.553170	0.002000	1.216755	3.928402	-0.999955	-1.288725	-6.147433	0.000000
6.612354	1.000104	6118.466308	4079.400474	0.000000	0.000000	-51.553170	0.002000	1.216755	3.928402	-0.999955	-1.288725	-6.147433	0.000000
6.632354	1.000104	6118.466308	4079.400474	0.000000	0.000000	-51.553170	0.002000	1.216755	3.928402	-0.999955	-1.288725	-6.147433	0.000000
6.652354	1.000104	6118.466308	4079.400474	0.000000	0.000000	-51.553170	0.002000	1.216755	3.928402	-0.999955	-1.288725	-6.147433	0.000000
6.672354	1.000104	6118.466308	4079.400474	0.000000	0.000000	-51.553170	0.002000	1.216755	3.928402	-0.999955	-1.288725	-6.147433	0.000000
6.692354	1.000104	6118.466308	4079.400474	0.000000	0.000000	-51.553170	0.002000	1.216755	3.928402	-0.999955	-1.288725	-6.147433	0.000000
6.712354	1.000104	6118.466308	4079.400474	0.000000	0.000000	-51.553170	0.002000	1.216755	3.928402	-0.999955	-1.288725	-6.147433	0.000000
6.732354	1.000104	6118.466308	4079.400474	0.000000	0.000000	-51.553170	0.002000	1.216755	3.928402	-0.999955	-1.288725	-6.147433	0.000000
6.752354	1.000104	6118.466308	4079.400474	0.000000	0.000000	-51.553170	0.002000	1.216755	3.928402	-0.999955	-1.288725	-6.147433	0.000000
6.772354	1.000104	6118.466308	4079.400474	0.000000	0.000000	-51.553170	0.002000	1.216755	3.928402	-0.999955	-1.288725	-6.147433	0.000000
6.792354	1.000104	6118.466308	4079.400474	0.000000	0.000000	-51.553170	0.002000	1.216755	3.928402	-0.999955	-1.288725	-6.147433	0.000000
6.812354	1.000104	6118.466308	4079.400474	0.000000	0.000000	-51.553170	0.002000	1.216755	3.928402	-0.999955	-1.288725	-6.147433	0.000000
6.832354	1.000104	6118.466308	4079.400474	0.000000	0.000000	-51.553170	0.002000	1.216755	3.928402	-0.999955	-1.288725	-6.147433	0.000000
6.852354	1.000104	6118.466308	4079.400474	0.000000	0.000000	-51.553170	0.002000	1.216755	3.928402	-0.999955	-1.288725	-6.147433	0.000000
6.872354	1.000104	6118.466308	4079.400474	0.000000	0.000000	-51.553170	0.002000	1.216755	3.928402	-0.999955	-1.288725	-6.147433	0.000000
6.892354	1.000104	6118.466308	4079.400474	0.000000	0.000000	-51.553170	0.002000	1.216755	3.928402	-0.999955	-1.288725	-6.147433	0.000000
6.912354	1.000104	6118.466308	4079.400474	0.000000	0.000000	-51.553170	0.002000	1.216755	3.928402	-0.999955	-1.288725	-6.147433	0.000000
6.932354	1.000104	6118.466308	4079.400474	0.000000	0.000000	-51.553170	0.002000	1.216755	3.928402	-0.999955	-1.288725	-6.147433	0.000000
6.952354	1.000104	6118.466308	4079.400474	0.000000	0.000000	-51.553170	0.002000	1.216755	3.928402	-0.999955	-1.288725	-6.147433	0.000000
6.972354	1.000104	6118.466308	4079.400474	0.000000	0.000000	-51.553170	0.002000	1.216755	3.928402	-0.999955	-1.288725	-6.147433	0.000000
6.992354	1.000104	6118.466308	4079.400474	0.000000	0.000000	-51.553170	0.002000	1.216755	3.928402	-0.999955	-1.288725	-6.147433	0.000000
7.012354	1.000104	6118.466308	4079.400474	0.000000	0.000000	-51.553170	0.002000	1.216755	3.928402	-0.999955	-1.288725	-6.147433	0.000000
7.032354	1.000104	6118.466308	4079.400474	0.000000	0.000000	-51.553170	0.002000	1.216755	3.928402	-0.999955	-1.288725	-6.147433	0.000000
7.052354	1.000104	6118.466308	4079.400474	0.000000	0.000000	-51.553170	0.002000	1.216755	3.928402	-0.999955	-1.288725	-6.147433	0.000000
7.072354	1.000104	6118.466308	4079.400474	0.000000	0.000000	-51.553170	0.002000	1.216755	3.928402	-0.999955	-1.288725	-6.147433	0.000000
7.092354	1.000104	6118.466308	4079.400474	0.000000	0.000000	-51.553170	0.002000	1.216755	3.928402	-0.999955	-1.288725	-6.147433	0.000000
7.112354	1.000104	6118.466308	4079.400474	0.000000	0.000000	-51.553170	0.002000	1.216755	3.928402	-0.999955	-1.288725	-6.147433	0.000000
7.132354	1.000104	6118.466308	4079.400474	-0.000000	0.000000	-51.553170	0.002000	1.216755	3.928402	-0.999955	-1.288725	-6.147433	0.000000
7.152354	1.000104	6118.466308	4079.400474	-0.000000	0.000000	-51.553170	0.002000	1.216755	3.928402	-0.999955	-1.288725	-6.147433	0.000000
7.172354	1.000104	6118.466308	4079.400474	-0.000000	0.000002	-51.553170	0.002000	1.216755	3.928402	-0.999955	-1.288725	-6.147433	0.000000
7.192354	1.000104	6118.466308	4079.400474	-0.000000	0.000013	-51.553170	0.002000	1.216755	3.928402	-0.999955	-1.288725	-6.147433	0.000000
7.212354	1.000104	6118.466308	4079.400474	-0.000000	0.000067	-51.553170	0.002000	1.216755	3.928402	-0.999955	-1.288725	-6.147433	0.000000
7.232354	1.000104	6118.466308	4079.400474	-0.000003	0.000318	-51.553170	0.002000	1.216755	3.928402	-0.999955	-1.288725	-6.147433	0.000000
7.252354	1.000104	6118.466308	4079.400474	-0.000013	0.001436	-51.553170	0.002000	1.216755	3.928402	-0.999955	-1.288725	-6.147433	0.000000
7.272354	1.000104	6118.466308	4079.400474	-0.000059	0.006326	-51.553170	0.002000	1.216755	3.928402	-0.999955	-1.288725	-6.147433	0.000000
7.292354	1.000104	6118.466308	4079.400474	-0.000261	0.027264	-51.553170	0.002000	1.216755	3.928402	-0.999955	-1.288725	-6.147433	0.000000
7.312354	1.000104	6118.466308	4079.400475	-0.001126	0.114001	-51.553170	0.002000	1.216755	3.928402	-0.999955	-1.288725	-6.147433	0.000000
7.332354	1.000104	6118.466311	4079.400477	-0.004698	0.462487	-51.553170	0.002000	1.216755	3.928402	-0.999955	-1.288725	-6.147433	0.000000
7.352354	1.000104	6118.466320	4079.400486	-0.018959	1.819296	-51.553170	0.002000	1.216755	3.928402	-0.999955	-1.288725	-6.147433	0.000000
7.372354	1.000104	6118.466358	4079.400523	-0.073793	6.918115	-51.553170	0.002000	1.216755	3.928402	-0.999955	-1.288725	-6.147433	0.000000
7.392354	1.000104	6118.466506	4079.400667	-0.276260	25.297904	-51.553170	0.002000	1.216755	3.928402	-0.999955	-1.288725	-6.147433	0.000000
7.412354	1.000104	6118.467065	4079.401214	-0.989977	88.257382	-51.553171	0.002000	1.216755	3.928402	-0.999955	-1.288725	-6.147433	0.000000
7.432354	1.000104	6118.469081	4079.403215	-3.363030	290.336716	-51.553174	0.002000	1.216755	3.928402	-0.999955	-1.288725	-6.147433	0.000000
7.452354	1.000105	6118.475959	4079.410163	-10.711784	885.599036	-51.553183	0.002000	1.216755	3.928402	-0.999955	-1.288725	-6.147433	0.000000
7.472354	1.000107	6118.497735	4079.432791	-31.424520	2441.498947	-51.553214	0.002000	1.216755	3.928404	-0.999954	-1.288725	-6.147433	0.000000
7.492354	1.000114	6118.559983	4079.500459	-81.848812	5800.999698	-51.553308	0.002000	1.216755	3.928408	-0.999951	-1.288725	-6.147432	0.000000
7.512354	1.000133	6118.713142	4079.679366	-178.240993	10538.066459	-51.553566	0.002000	1.216755	3.928419	-0.999943	-1.288725	-6.147429	0.000000
7.532353	1.000182	6119.000483	4080.070476	-270.048561	7414.158351	-51.554171	0.002000	1.216755	3.928439	-0.999921	-1.288725	-6.147421	0.000000
7.552351	1.000285	6119.200626	4080.633114	51.156751	-46658.481067	-51.555226	0.001999	1.216755	3.928454	-0.999876	-1.288725	-6.147400	0.000000
7.572346	1.000411	6117.792084	4080.240314	2283.034604	-289752.908527	-51.555936	0.001999	1.216755	3.928354	-0.999821	-1.288725	-6.147358	0.000000
7.592338	1.000228	6108.936650	4073.708202	10449.987049	-1054068.337859	-51.551006	0.002000	1.216755	3.927725	-0.999896	-1.288725	-6.147317	0.000000
7.612336	0.998318	6076.462957	4044.629210	33596.972020	-2888772.741772	-51.520842	0.002003	1.216755	3.925410	-1.000713	-1.288725	-6.147484	0.000000
7.632389	0.989920	5989.638785	3953.937302	83721.727874	-6131921.977007	-51.418272	0.002020	1.216755	3.919160	-1.004348	-1.288725	-6.148736	0.000000
7.652699	0.966126	5818.780854	3749.769410	165371.795296	-10032360.759436	-51.132836	0.002070	1.216755	3.906591	-1.014851	-1.288725	-6.153328	0.000000
7.673725	0.914460	5583.937540	3406.960323	275597.177950	-12721704.558784	-50.489950	0.002187	1.216755	3.888700	-1.038634	-1.288725	-6.165940	0.000000
7.696407	0.816735	5345.640145	2913.803980	388367.042735	-12935236.319688	-49.378103	0.002449	1.216755	3.869759	-1.087609	-1.288724	-6.193103	0.000000
7.723158	0.687431	5207.200068	2389.884027	446275.584848	-11970225.392498	-47.368177	0.002909	1.216755	3.858363	-1.162289	-1.288721	-6.231012	0.000000
7.755780	0.455148	5736.310638	1743.177072	634138.646173	-6931492.457147	-43.319849	0.004394	1.216755	3.900390	-1.341280	-1.288705	-6.368045	0.000000
-0.000387	25.617918	9320.102223	159126.323224	19767.880478	0.070000	0.042494	0.000078	1.000000	4.054626	0.408100	-313.648483	-inf	0.000000
-0.001171	25.188375	9444.833733	158489.503946	63111.970343	0.070000	0.135611	0.000079	1.000000	4.027522	0.400545	-313.648483	-inf	0.000000
-0.001974	24.351588	9629.883239	156197.784442	117711.278186	0.070000	0.244749	0.000082	1.000000	4.066119	0.385728	-313.648483	-inf	0.000000
-0.002813	23.096046	9929.538511	152716.691709	195271.844307	0.070000	0.387892	0.000087	1.000000	4.092957	0.362538	-313.648483	-inf	0.000000
-0.003707	21.446553	10336.480578	147569.471359	300734.310722	0.070000	0.580667	0.000093	1.000000	4.113234	0.330091	-313.648483	-inf	0.000000
-0.004684	19.428353	10864.020117	140436.689792	464102.215295	0.070000	0.851412	0.000103	1.000000	4.135834	0.286833	-313.648483	-inf	0.000000
-0.005779	17.121466	11523.712439	131199.842668	683724.667082	0.070000	1.236605	0.000117	1.000000	4.162233	0.231554	-313.648483	-inf	0.000000
-0.007045	14.624885	12352.370616	120043.133991	1021496.515294	0.070000	1.782039	0.000137	1.000000	4.193731	0.162647	-313.648483	-inf	0.000000
-0.008561	12.057415	13383.829434	107147.366362	1573217.651488	0.070000	2.600364	0.000166	1.000000	4.230128	0.078325	-313.648483	-inf	0.000000
-0.010450	9.601527	14676.230188	93504.719658	2214380.627337	0.070000	3.779421	0.000208	1.000000	4.271894	-0.021088	-313.648483	-inf	0.000000
-0.012879	7.296497	16515.593629	79897.722370	3879400.414000	0.070000	5.580110	0.000274	1.000000	4.325233	-0.141154	-313.648483	-inf	0.000000
-0.016249	5.174377	19305.859569	66168.686839	7472439.869100	0.070000	9.005408	0.000387	1.000000	4.396247	-0.291363	-313.648483	-inf	0.000000
-0.021342	3.489432	23355.265484	53993.130926	11123395.147777	0.070000	14.774092	0.000573	1.000000	4.484966	-0.462812	-313.648483	-inf	0.000000
-0.028990	2.359295	28400.837969	44349.081678	14915591.054837	0.070000	22.662912	0.000848	1.000000	4.580732	-0.632468	-313.648483	-inf	0.000000
-0.040019	1.657042	28222.322293	30629.866709	18115296.216493	0.070000	32.896793	0.001207	1.000000	4.589327	-0.785173	-313.648483	-inf	0.000000
-0.054990	1.260249	17567.240018	14334.891319	13765288.464892	0.070000	43.054197	0.001587	1.000000	4.386403	-0.902546	-313.648483	-inf	0.000000
-0.073041	1.081357	9008.074224	6367.035570	5666650.424487	0.070000	48.915286	0.001850	1.000000	4.096391	-0.967357	-313.648483	-inf	0.000000
-0.092500	1.020799	6610.332089	4474.861661	1563150.955277	0.070000	50.927485	0.001959	1.000000	3.961982	-0.991465	-313.648483	-inf	0.000000
-0.112381	1.004607	6195.824088	4145.668088	337234.626873	0.070000	51.430452	0.001991	1.000000	3.933858	-0.998102	-313.648483	-inf	0.000000
-0.132359	1.000959	6131.366646	4090.827695	61832.947530	0.070000	51.532277	0.001998	1.000000	3.929316	-0.999604	-313.648483	-inf	0.000000
-0.152355	1.000248	6120.687754	4081.350860	9867.288556	0.070000	51.550024	0.002000	1.000000	3.928559	-0.999896	-313.648483	-inf	0.000000
-0.172354	1.000126	6118.838859	4079.717291	1407.633922	0.070000	51.552740	0.002000	1.000000	3.928428	-0.999946	-313.648483	-inf	0.000000
-0.192354	1.000107	6118.525383	4079.448825	184.182279	0.070000	51.553115	0.002000	1.000000	3.928406	-0.999954	-313.648483	-inf	0.000000
-0.212354	1.000104	6118.475131	4079.407442	22.862783	0.070000	51.553163	0.002000	1.000000	3.928402	-0.999955	-313.648483	-inf	0.000000
-0.232354	1.000104	6118.467559	4079.401436	2.840461	0.070000	51.553169	0.002000	1.000000	3.928402	-0.999955	-313.648483	-inf	0.000000
-0.252354	1.000104	6118.466479	4079.400604	0.378042	0.070000	51.553170	0.002000	1.000000	3.928402	-0.999955	-313.648483	-inf	0.000000
-0.272354	1.000104	6118.466331	4079.400492	0.056099	0.070000	51.553170	0.002000	1.000000	3.928402	-0.999955	-313.648483	-inf	0.000000
-0.292354	1.000104	6118.466311	4079.400477	0.009056	0.070000	51.553170	0.002000	1.000000	3.928402	-0.999955	-313.648483	-inf	0.000000
-0.312354	1.000104	6118.466308	4079.400475	0.001498	0.070000	51.553170	0.002000	1.000000	3.928402	-0.999955	-313.648483	-inf	0.000000
-0.332354	1.000104	6118.466308	4079.400474	0.000242	0.070000	51.553170	0.002000	1.000000	3.928402	-0.999955	-313.648483	-inf	0.000000
-0.352354	1.000104	6118.466308	4079.400474	0.000037	0.070000	51.553170	0.002000	1.000000	3.928402	-0.999955	-313.648483	-inf	0.000000
