0.003002	3.334230	103616.720286	230321.901881	-73.850863	-2588616.644826	-0.000901	0.000600	1.216755	5.226594	-0.477007	0.000000
0.008999	3.343546	103305.189719	230270.745430	-184.003863	-2923373.683764	-0.002756	0.000598	1.216755	5.225287	-0.475796	0.000000
0.014970	3.361762	102696.981831	230162.447636	-201.088121	-3241836.809449	-0.004687	0.000595	1.216755	5.222723	-0.473437	0.000000
0.020901	3.387997	101825.939306	229991.395777	-125.401227	-3063288.848463	-0.006516	0.000590	1.216755	5.219024	-0.470060	0.000000
0.026780	3.420777	100749.409567	229761.488326	-7.510354	-2080768.593643	-0.007887	0.000585	1.216755	5.214406	-0.465877	0.000000
0.032598	3.458004	99548.035429	229492.020131	77.525853	-358119.648557	-0.008392	0.000578	1.216755	5.209194	-0.461175	0.000000
0.038350	3.497087	98317.582357	229216.671145	73.213174	1678587.876499	-0.007767	0.000572	1.216755	5.203789	-0.456291	0.000000
0.044037	3.535233	97154.527302	228975.510562	-34.266871	3437312.623070	-0.006016	0.000566	1.216755	5.198619	-0.451578	0.000000
0.049665	3.569864	96139.897860	228803.601454	-210.911168	4416570.411053	-0.003445	0.000560	1.216755	5.194058	-0.447343	0.000000
0.055242	3.599017	95326.726631	228721.073953	-398.495495	4393516.270057	-0.000560	0.000556	1.216755	5.190369	-0.443811	0.000000
0.060779	3.621629	94734.486333	228728.436714	-542.089556	3473826.016233	0.002091	0.000552	1.216755	5.187663	-0.441091	0.000000
0.066287	3.637604	94351.224524	228808.297078	-609.896622	2011956.920910	0.004079	0.000550	1.216755	5.185905	-0.439182	0.000000
0.071775	3.647665	94141.739640	228932.110780	-602.866633	457123.251142	0.005193	0.000548	1.216755	5.184942	-0.437984	0.000000
0.077253	3.653059	94058.869388	229069.029405	-555.467848	-805833.195426	0.005458	0.000547	1.216755	5.184562	-0.437344	0.000000
0.082725	3.655209	94054.651822	229193.635483	-495.795281	-1559103.669618	0.005083	0.000547	1.216755	5.184543	-0.437089	0.000000
0.088197	3.655428	94088.761963	229290.422290	-450.665767	-1777245.139384	0.004356	0.000547	1.216755	5.184701	-0.437064	0.000000
0.093669	3.654738	94132.886700	229354.515368	-463.857314	-1587384.636622	0.003558	0.000547	1.216755	5.184905	-0.437145	0.000000
0.099142	3.653810	94171.125536	229389.282668	-497.922819	-1180197.687851	0.002899	0.000547	1.216755	5.185080	-0.437255	0.000000
0.104617	3.652997	94197.543608	229402.492541	-514.668371	-729256.139699	0.002462	0.000547	1.216755	5.185201	-0.437352	0.000000
0.110093	3.652424	94212.574342	229403.069012	-639.530237	-369104.091201	0.002269	0.000548	1.216755	5.185270	-0.437419	0.000000
0.115570	3.652078	94219.603681	229398.421788	-697.897369	-146544.659137	0.002303	0.000548	1.216755	5.185302	-0.437460	0.000000
0.121047	3.651883	94222.364221	229392.867780	-549.473456	-22165.985958	0.002414	0.000548	1.216755	5.185315	-0.437483	0.000000
0.126525	3.651770	94223.710000	229389.163952	-849.513739	-19270.486259	0.002576	0.000548	1.216755	5.185321	-0.437496	0.000000
0.132002	3.651688	94225.447318	229388.224464	-890.621116	-86543.871282	0.002897	0.000548	1.216755	5.185329	-0.437506	0.000000
0.137480	3.651580	94227.927411	229387.265529	46.392680	-30097.012785	0.002960	0.000548	1.216755	5.185340	-0.437519	0.000000
0.142957	3.651462	94230.863205	229387.271585	-1111.660061	-101897.523393	0.002906	0.000548	1.216755	5.185354	-0.437533	0.000000
0.148435	3.651351	94234.695047	229389.423639	-1245.321784	-278943.205421	0.003473	0.000548	1.216755	5.185372	-0.437547	0.000000
0.153913	3.651121	94238.090314	229382.040042	3436.519031	207036.686269	0.002849	0.000548	1.216755	5.185387	-0.437576	0.000000
0.159392	3.650880	94239.711522	229371.710418	-1355.150560	130632.238254	0.001531	0.000548	1.216755	5.185394	-0.437603	0.000000
0.164871	3.650692	94243.119662	229367.125830	-2009.744877	-550413.944583	0.003068	0.000548	1.216755	5.185411	-0.437628	0.000000
0.170350	3.649910	94243.938496	229313.637252	21158.945630	1864820.536947	-0.001025	0.000548	1.216755	5.185411	-0.437730	0.000000
0.175831	3.648913	94236.423279	229235.307491	1870.294283	1926782.047057	-0.009409	0.000548	1.216755	5.185376	-0.437843	0.000000
0.181313	3.647953	94237.396116	229170.959272	-838.718273	-1037174.009848	-0.005322	0.000548	1.216755	5.185386	-0.437974	0.000000
0.186796	3.643815	94227.154195	228852.373012	114402.853655	10811155.059923	-0.028380	0.000549	1.216755	5.185320	-0.438513	0.000000
0.192291	3.637749	94174.481616	228347.325476	42181.574291	13511562.648792	-0.077559	0.000550	1.216755	5.185073	-0.439225	0.000000
0.197793	3.630743	94154.177734	227820.271214	34512.108143	1510623.209564	-0.074323	0.000551	1.216755	5.184998	-0.440154	0.000000
0.203305	3.606941	94075.085331	225954.858060	613619.626082	61764675.339121	-0.203605	0.000554	1.216755	5.184539	-0.443265	0.000000
0.208881	3.569252	93756.746260	222803.095177	396321.093620	94832688.221906	-0.493601	0.000560	1.216755	5.183015	-0.447842	0.000000
0.214513	3.523911	93510.973915	219204.484493	343710.977129	58493761.410464	-0.573830	0.000568	1.216755	5.181931	-0.453830	0.000000
0.220212	3.400661	92891.245470	209219.463274	3265516.450142	406508138.357466	-1.268831	0.000588	1.216755	5.178492	-0.470638	0.000000
0.226271	3.205676	90586.718826	191976.428773	3287111.324343	821548409.503804	-3.036329	0.000624	1.216755	5.166890	-0.496391	0.000000
0.232734	3.041526	87824.129863	176549.955344	429314.139276	737178799.260954	-3.738395	0.000658	1.216755	5.153539	-0.519420	0.000000
0.239395	2.727953	83547.266125	147858.436745	12035664.157143	2307396820.329937	-5.638439	0.000733	1.216755	5.129015	-0.571917	0.000000
0.247527	2.106701	68351.498402	89943.471777	34421902.135304	6839207394.677039	-15.931000	0.000949	1.216755	5.030948	-0.689726	0.000000
0.259626	1.505858	39855.611770	36260.832502	33400136.089522	7861834100.859297	-32.644512	0.001328	1.216755	4.781645	-0.834956	0.000000
0.276002	1.172859	17426.881709	12351.631221	17152968.336112	4063587215.394641	-44.610622	0.001705	1.216755	4.416681	-0.937705	0.000000
0.294830	1.046838	8353.210592	5542.917590	5576874.132472	1082383863.531039	-49.749707	0.001911	1.216755	4.113540	-0.982549	0.000000
0.314555	1.010552	6409.571663	4276.373570	1239132.358301	156067064.874263	-51.199235	0.001979	1.216755	4.014396	-0.996069	0.000000
0.334504	1.002072	6153.987285	4105.700906	220071.855622	18708392.048664	-51.494973	0.001996	1.216755	3.999870	-0.999231	0.000000
0.354496	1.000423	6122.504470	4082.620279	33265.522652	2499207.954804	-51.545009	0.001999	1.216755	3.998030	-0.999839	0.000000
0.374495	1.000149	6118.172636	4079.275918	4254.408632	361594.944366	-51.552188	0.002000	1.216755	3.997774	-0.999939	0.000000
0.394495	1.000110	6117.544189	4078.793888	470.878506	51876.010116	-51.553067	0.002000	1.216755	3.997737	-0.999953	0.000000
0.414495	1.000105	6117.455393	4078.728479	44.982521	7020.152966	-51.553161	0.002000	1.216755	3.997731	-0.999955	0.000000
0.434495	1.000104	6117.443640	4078.720279	3.655007	879.656211	-51.553169	0.002000	1.216755	3.997731	-0.999955	0.000000
0.454495	1.000104	6117.442201	4078.719332	0.257179	101.738761	-51.553170	0.002000	1.216755	3.997731	-0.999955	0.000000
0.474495	1.000104	6117.442038	4078.719231	0.019421	10.924592	-51.553170	0.002000	1.216755	3.997731	-0.999955	0.000000
0.494495	1.000104	6117.442021	4078.719221	0.002604	1.110260	-51.553170	0.002000	1.216755	3.997731	-0.999955	0.000000
0.514495	1.000104	6117.442019	4078.719220	0.000527	0.111533	-51.553170	0.002000	1.216755	3.997731	-0.999955	0.000000
0.534495	1.000104	6117.442019	4078.719220	0.000102	0.011904	-51.553170	0.002000	1.216755	3.997731	-0.999955	0.000000
0.554495	1.000104	6117.442019	4078.719220	0.000017	0.001439	-51.553170	0.002000	1.216755	3.997731	-0.999955	0.000000
0.574495	1.000104	6117.442019	4078.719219	0.000002	0.000195	-51.553170	0.002000	1.216755	3.997731	-0.999955	0.000000
0.594495	1.000104	6117.442019	4078.719219	0.000000	0.000028	-51.553170	0.002000	1.216755	3.997731	-0.999955	0.000000
0.614495	1.000104	6117.442019	4078.719219	0.000000	0.000004	-51.553170	0.002000	1.216755	3.997731	-0.999955	0.000000
0.634495	1.000104	6117.442019	4078.719219	0.000000	-0.000000	-51.553170	0.002000	1.216755	3.997731	-0.999955	0.000000
0.654495	1.000104	6117.442019	4078.719219	0.000000	0.000000	-51.553170	0.002000	1.216755	3.997731	-0.999955	0.000000
0.674495	1.000104	6117.442019	4078.719219	0.000000	0.000001	-51.553170	0.002000	1.216755	3.997731	-0.999955	0.000000
0.694495	1.000104	6117.442019	4078.719219	-0.000000	0.000001	-51.553170	0.002000	1.216755	3.997731	-0.999955	0.000000
0.714495	1.000104	6117.442019	4078.719219	-0.000000	-0.000001	-51.553170	0.002000	1.216755	3.997731	-0.999955	0.000000
0.734495	1.000104	6117.442019	4078.719219	0.000000	-0.000001	-51.553170	0.002000	1.216755	3.997731	-0.999955	0.000000
0.754495	1.000104	6117.442019	4078.719219	0.000000	0.000000	-51.553170	0.002000	1.216755	3.997731	-0.999955	0.000000
0.774495	1.000104	6117.442019	4078.719219	-0.000000	0.000000	-51.553170	0.002000	1.216755	3.997731	-0.999955	0.000000
0.794495	1.000104	6117.442019	4078.719219	-0.000000	-0.000001	-51.553170	0.002000	1.216755	3.997731	-0.999955	0.000000
0.814495	1.000104	6117.442019	4078.719219	0.000000	0.000000	-51.553170	0.002000	1.216755	3.997731	-0.999955	0.000000
0.834495	1.000104	6117.442019	4078.719219	0.000000	0.000000	-51.553170	0.002000	1.216755	3.997731	-0.999955	0.000000
0.854495	1.000104	6117.442019	4078.719219	0.000000	0.000001	-51.553170	0.002000	1.216755	3.997731	-0.999955	0.000000
0.874495	1.000104	6117.442019	4078.719219	-0.000000	0.000001	-51.553170	0.002000	1.216755	3.997731	-0.999955	0.000000
0.894495	1.000104	6117.442019	4078.719219	-0.000000	-0.000000	-51.553170	0.002000	1.216755	3.997731	-0.999955	0.000000
0.914495	1.000104	6117.442019	4078.719219	-0.000000	-0.000001	-51.553170	0.002000	1.216755	3.997731	-0.999955	0.000000
0.934495	1.000104	6117.442019	4078.719219	0.000000	-0.000001	-51.553170	0.002000	1.216755	3.997731	-0.999955	0.000000
0.954495	1.000104	6117.442019	4078.719219	0.000000	0.000001	-51.553170	0.002000	1.216755	3.997731	-0.999955	0.000000
0.974495	1.000104	6117.442019	4078.719219	-0.000000	0.000000	-51.553170	0.002000	1.216755	3.997731	-0.999955	0.000000
0.994495	1.000104	6117.442019	4078.719219	-0.000000	0.000000	-51.553170	0.002000	1.216755	3.997731	-0.999955	0.000000
1.014495	1.000104	6117.442019	4078.719219	-0.000000	0.000000	-51.553170	0.002000	1.216755	3.997731	-0.999955	0.000000
1.034495	1.000104	6117.442019	4078.719219	-0.000000	-0.000000	-51.553170	0.002000	1.216755	3.997731	-0.999955	0.000000
1.054495	1.000104	6117.442019	4078.719219	-0.000000	-0.000001	-51.553170	0.002000	1.216755	3.997731	-0.999955	0.000000
1.074495	1.000104	6117.442019	4078.719219	0.000000	-0.000001	-51.553170	0.002000	1.216755	3.997731	-0.999955	0.000000
1.094495	1.000104	6117.442019	4078.719219	0.000000	0.000000	-51.553170	0.002000	1.216755	3.997731	-0.999955	0.000000
1.114495	1.000104	6117.442019	4078.719219	-0.000000	0.000000	-51.553170	0.002000	1.216755	3.997731	-0.999955	0.000000
1.134495	1.000104	6117.442019	4078.719219	0.000000	-0.000001	-51.553170	0.002000	1.216755	3.997731	-0.999955	0.000000
1.154495	1.000104	6117.442019	4078.719219	0.000000	-0.000000	-51.553170	0.002000	1.216755	3.997731	-0.999955	0.000000
1.174495	1.000104	6117.442019	4078.719219	0.000000	-0.000000	-51.553170	0.002000	1.216755	3.997731	-0.999955	0.000000
1.194495	1.000104	6117.442019	4078.719219	0.000000	0.000001	-51.553170	0.002000	1.216755	3.997731	-0.999955	0.000000
1.214495	1.000104	6117.442019	4078.719219	-0.000000	0.000001	-51.553170	0.002000	1.216755	3.997731	-0.999955	0.000000
1.234495	1.000104	6117.442019	4078.719219	-0.000000	-0.000000	-51.553170	0.002000	1.216755	3.997731	-0.999955	0.000000
1.254495	1.000104	6117.442019	4078.719219	-0.000000	-0.000000	-51.553170	0.002000	1.216755	3.997731	-0.999955	0.000000
1.274495	1.000104	6117.442019	4078.719219	-0.000000	-0.000001	-51.553170	0.002000	1.216755	3.997731	-0.999955	0.000000
1.294495	1.000104	6117.442019	4078.719219	0.000000	-0.000000	-51.553170	0.002000	1.216755	3.997731	-0.999955	0.000000
1.314495	1.000104	6117.442019	4078.719219	0.000000	0.000000	-51.553170	0.002000	1.216755	3.997731	-0.999955	0.000000
1.334495	1.000104	6117.442019	4078.719219	0.000000	0.000000	-51.553170	0.002000	1.216755	3.997731	-0.999955	0.000000
1.354495	1.000104	6117.442019	4078.719219	0.000000	0.000000	-51.553170	0.002000	1.216755	3.997731	-0.999955	0.000000
1.374495	1.000104	6117.442019	4078.719219	0.000000	0.000000	-51.553170	0.002000	1.216755	3.997731	-0.999955	0.000000
1.394495	1.000104	6117.442019	4078.719219	0.000000	0.000000	-51.553170	0.002000	1.216755	3.997731	-0.999955	0.000000
1.414495	1.000104	6117.442019	4078.719219	0.000000	0.000000	-51.553170	0.002000	1.216755	3.997731	-0.999955	0.000000
1.434495	1.000104	6117.442019	4078.719219	0.000000	0.000000	-51.553170	0.002000	1.216755	3.997731	-0.999955	0.000000
1.454495	1.000104	6117.442019	4078.719219	0.000000	0.000000	-51.553170	0.002000	1.216755	3.997731	-0.999955	0.000000
1.474495	1.000104	6117.442019	4078.719219	0.000000	0.000000	-51.553170	0.002000	1.216755	3.997731	-0.999955	0.000000
1.494495	1.000104	6117.442019	4078.719219	0.000000	0.000000	-51.553170	0.002000	1.216755	3.997731	-0.999955	0.000000
1.514495	1.000104	6117.442019	4078.719219	0.000000	0.000000	-51.553170	0.002000	1.216755	3.997731	-0.999955	0.000000
1.534495	1.000104	6117.442019	4078.719219	0.000000	0.000000	-51.553170	0.002000	1.216755	3.997731	-0.999955	0.000000
1.554495	1.000104	6117.442019	4078.719219	0.000000	0.000000	-51.553170	0.002000	1.216755	3.997731	-0.999955	0.000000
1.574495	1.000104	6117.442019	4078.719219	0.000000	0.000000	-51.553170	0.002000	1.216755	3.997731	-0.999955	0.000000
1.594495	1.000104	6117.442019	4078.719219	0.000000	0.000000	-51.553170	0.002000	1.216755	3.997731	-0.999955	0.000000
1.614495	1.000104	6117.442019	4078.719219	0.000000	-0.000000	-51.553170	0.002000	1.216755	3.997731	-0.999955	0.000000
1.634495	1.000104	6117.442019	4078.719219	0.000000	-0.000000	-51.553170	0.002000	1.216755	3.997731	-0.999955	0.000000
1.654495	1.000104	6117.442019	4078.719219	0.000000	-0.000000	-51.553170	0.002000	1.216755	3.997731	-0.999955	0.000000
1.674495	1.000104	6117.442019	4078.719219	0.000000	-0.000000	-51.553170	0.002000	1.216755	3.997731	-0.999955	0.000000
1.694495	1.000104	6117.442019	4078.719219	0.000000	-0.000000	-51.553170	0.002000	1.216755	3.997731	-0.999955	0.000000
1.714495	1.000104	6117.442019	4078.719219	0.000000	-0.000000	-51.553170	0.002000	1.216755	3.997731	-0.999955	0.000000
1.734495	1.000104	6117.442019	4078.719219	-0.000000	-0.000000	-51.553170	0.002000	1.216755	3.997731	-0.999955	0.000000
1.754495	1.000104	6117.442019	4078.719219	-0.000000	-0.000000	-51.553170	0.002000	1.216755	3.997731	-0.999955	0.000000
1.774495	1.000104	6117.442019	4078.719219	-0.000000	-0.000000	-51.553170	0.002000	1.216755	3.997731	-0.999955	0.000000
1.794495	1.000104	6117.442019	4078.719219	-0.000000	-0.000000	-51.553170	0.002000	1.216755	3.997731	-0.999955	0.000000
1.814495	1.000104	6117.442019	4078.719219	0.000000	0.000000	-51.553170	0.002000	1.216755	3.997731	-0.999955	0.000000
1.834495	1.000104	6117.442019	4078.719219	0.000000	0.000001	-51.553170	0.002000	1.216755	3.997731	-0.999955	0.000000
1.854495	1.000104	6117.442019	4078.719219	-0.000000	0.000001	-51.553170	0.002000	1.216755	3.997731	-0.999955	0.000000
1.874495	1.000104	6117.442019	4078.719219	-0.000000	-0.000001	-51.553170	0.002000	1.216755	3.997731	-0.999955	0.000000
1.894495	1.000104	6117.442019	4078.719219	0.000000	-0.000002	-51.553170	0.002000	1.216755	3.997731	-0.999955	0.000000
1.914495	1.000104	6117.442019	4078.719219	0.000000	0.000001	-51.553170	0.002000	1.216755	3.997731	-0.999955	0.000000
1.934495	1.000104	6117.442019	4078.719219	0.000000	0.000002	-51.553170	0.002000	1.216755	3.997731	-0.999955	0.000000
1.954495	1.000104	6117.442019	4078.719219	-0.000000	-0.000000	-51.553170	0.002000	1.216755	3.997731	-0.999955	0.000000
1.974495	1.000104	6117.442019	4078.719219	-0.000000	-0.000002	-51.553170	0.002000	1.216755	3.997731	-0.999955	0.000000
1.994495	1.000104	6117.442019	4078.719219	0.000000	-0.000000	-51.553170	0.002000	1.216755	3.997731	-0.999955	0.000000
2.014495	1.000104	6117.442019	4078.719219	-0.000000	0.000000	-51.553170	0.002000	1.216755	3.997731	-0.999955	0.000000
2.034495	1.000104	6117.442019	4078.719219	-0.000000	-0.000000	-51.553170	0.002000	1.216755	3.997731	-0.999955	0.000000
2.054495	1.000104	6117.442019	4078.719219	-0.000000	-0.000000	-51.553170	0.002000	1.216755	3.997731	-0.999955	0.000000
2.074495	1.000104	6117.442019	4078.719219	0.000000	0.000000	-51.553170	0.002000	1.216755	3.997731	-0.999955	0.000000
2.094495	1.000104	6117.442019	4078.719219	-0.000000	0.000000	-51.553170	0.002000	1.216755	3.997731	-0.999955	0.000000
2.114495	1.000104	6117.442019	4078.719219	0.000000	-0.000001	-51.553170	0.002000	1.216755	3.997731	-0.999955	0.000000
2.134495	1.000104	6117.442019	4078.719219	0.000000	0.000002	-51.553170	0.002000	1.216755	3.997731	-0.999955	0.000000
2.154495	1.000104	6117.442019	4078.719219	-0.000000	0.000001	-51.553170	0.002000	1.216755	3.997731	-0.999955	0.000000
2.174495	1.000104	6117.442019	4078.719219	-0.000000	-0.000002	-51.553170	0.002000	1.216755	3.997731	-0.999955	0.000000
2.194495	1.000104	6117.442019	4078.719219	0.000000	0.000000	-51.553170	0.002000	1.216755	3.997731	-0.999955	0.000000
2.214495	1.000104	6117.442019	4078.719219	-0.000000	0.000001	-51.553170	0.002000	1.216755	3.997731	-0.999955	0.000000
2.234495	1.000104	6117.442019	4078.719219	-0.000000	-0.000001	-51.553170	0.002000	1.216755	3.997731	-0.999955	0.000000
2.254495	1.000104	6117.442019	4078.719219	0.000000	-0.000001	-51.553170	0.002000	1.216755	3.997731	-0.999955	0.000000
2.274495	1.000104	6117.442019	4078.719219	0.000000	-0.000000	-51.553170	0.002000	1.216755	3.997731	-0.999955	0.000000
2.294495	1.000104	6117.442019	4078.719219	0.000000	0.000000	-51.553170	0.002000	1.216755	3.997731	-0.999955	0.000000
2.314495	1.000104	6117.442019	4078.719219	-0.000000	0.000001	-51.553170	0.002000	1.216755	3.997731	-0.999955	0.000000
2.334495	1.000104	6117.442019	4078.719219	-0.000000	-0.000001	-51.553170	0.002000	1.216755	3.997731	-0.999955	0.000000
2.354495	1.000104	6117.442019	4078.719219	0.000000	0.000001	-51.553170	0.002000	1.216755	3.997731	-0.999955	0.000000
2.374495	1.000104	6117.442019	4078.719219	-0.000000	0.000002	-51.553170	0.002000	1.216755	3.997731	-0.999955	0.000000
2.394495	1.000104	6117.442019	4078.719219	-0.000000	0.000001	-51.553170	0.002000	1.216755	3.997731	-0.999955	0.000000
2.414495	1.000104	6117.442019	4078.719219	-0.000000	-0.000000	-51.553170	0.002000	1.216755	3.997731	-0.999955	0.000000
2.434495	1.000104	6117.442019	4078.719219	-0.000000	-0.000001	-51.553170	0.002000	1.216755	3.997731	-0.999955	0.000000
2.454495	1.000104	6117.442019	4078.719219	-0.000000	-0.000001	-51.553170	0.002000	1.216755	3.997731	-0.999955	0.000000
2.474495	1.000104	6117.442019	4078.719219	0.000000	-0.000001	-51.553170	0.002000	1.216755	3.997731	-0.999955	0.000000
2.494495	1.000104	6117.442019	4078.719219	0.000000	-0.000000	-51.553170	0.002000	1.216755	3.997731	-0.999955	0.000000
2.514495	1.000104	6117.442019	4078.719219	0.000000	0.000000	-51.553170	0.002000	1.216755	3.997731	-0.999955	0.000000
2.534495	1.000104	6117.442019	4078.719219	0.000000	0.000000	-51.553170	0.002000	1.216755	3.997731	-0.999955	0.000000
2.554495	1.000104	6117.442019	4078.719219	-0.000000	0.000000	-51.553170	0.002000	1.216755	3.997731	-0.999955	0.000000
2.574495	1.000104	6117.442019	4078.719219	-0.000000	0.000000	-51.553170	0.002000	1.216755	3.997731	-0.999955	0.000000
2.594495	1.000104	6117.442019	4078.719219	-0.000000	0.000000	-51.553170	0.002000	1.216755	3.997731	-0.999955	0.000000
2.614495	1.000104	6117.442019	4078.719219	0.000000	0.000000	-51.553170	0.002000	1.216755	3.997731	-0.999955	0.000000
2.634495	1.000104	6117.442019	4078.719219	0.000000	0.000000	-51.553170	0.002000	1.216755	3.997731	-0.999955	0.000000
2.654495	1.000104	6117.442019	4078.719219	0.000000	0.000000	-51.553170	0.002000	1.216755	3.997731	-0.999955	0.000000
2.674495	1.000104	6117.442019	4078.719219	0.000000	0.000000	-51.553170	0.002000	1.216755	3.997731	-0.999955	0.000000
2.694495	1.000104	6117.442019	4078.719219	0.000000	0.000000	-51.553170	0.002000	1.216755	3.997731	-0.999955	0.000000
2.714495	1.000104	6117.442019	4078.719219	0.000000	0.000000	-51.553170	0.002000	1.216755	3.997731	-0.999955	0.000000
2.734495	1.000104	6117.442019	4078.719219	0.000000	0.000000	-51.553170	0.002000	1.216755	3.997731	-0.999955	0.000000
2.754495	1.000104	6117.442019	4078.719219	0.000000	0.000000	-51.553170	0.002000	1.216755	3.997731	-0.999955	0.000000
2.774495	1.000104	6117.442019	4078.719219	0.000000	0.000000	-51.553170	0.002000	1.216755	3.997731	-0.999955	0.000000
2.794495	1.000104	6117.442019	4078.719219	0.000000	0.000000	-51.553170	0.002000	1.216755	3.997731	-0.999955	0.000000
2.814495	1.000104	6117.442019	4078.719219	0.000000	0.000000	-51.553170	0.002000	1.216755	3.997731	-0.999955	0.000000
2.834495	1.000104	6117.442019	4078.719219	0.000000	0.000000	-51.553170	0.002000	1.216755	3.997731	-0.999955	0.000000
2.854495	1.000104	6117.442019	4078.719219	0.000000	0.000000	-51.553170	0.002000	1.216755	3.997731	-0.999955	0.000000
2.874495	1.000104	6117.442019	4078.719219	0.000000	0.000000	-51.553170	0.002000	1.216755	3.997731	-0.999955	0.000000
2.894495	1.000104	6117.442019	4078.719219	0.000000	0.000000	-51.553170	0.002000	1.216755	3.997731	-0.999955	0.000000
2.914495	1.000104	6117.442019	4078.719219	0.000000	0.000000	-51.553170	0.002000	1.216755	3.997731	-0.999955	0.000000
2.934495	1.000104	6117.442019	4078.719219	0.000000	0.000000	-51.553170	0.002000	1.216755	3.997731	-0.999955	0.000000
2.954495	1.000104	6117.442019	4078.719219	0.000000	0.000000	-51.553170	0.002000	1.216755	3.997731	-0.999955	0.000000
2.974495	1.000104	6117.442019	4078.719219	0.000000	0.000000	-51.553170	0.002000	1.216755	3.997731	-0.999955	0.000000
2.994495	1.000104	6117.442019	4078.719219	0.000000	0.000000	-51.553170	0.002000	1.216755	3.997731	-0.999955	0.000000
3.014495	1.000104	6117.442019	4078.719219	0.000000	0.000000	-51.553170	0.002000	1.216755	3.997731	-0.999955	0.000000
3.034495	1.000104	6117.442019	4078.719219	0.000000	0.000000	-51.553170	0.002000	1.216755	3.997731	-0.999955	0.000000
3.054495	1.000104	6117.442019	4078.719219	0.000000	0.000000	-51.553170	0.002000	1.216755	3.997731	-0.999955	0.000000
3.074495	1.000104	6117.442019	4078.719219	0.000000	0.000000	-51.553170	0.002000	1.216755	3.997731	-0.999955	0.000000
3.094495	1.000104	6117.442019	4078.719219	0.000000	0.000000	-51.553170	0.002000	1.216755	3.997731	-0.999955	0.000000
3.114495	1.000104	6117.442019	4078.719219	0.000000	0.000000	-51.553170	0.002000	1.216755	3.997731	-0.999955	0.000000
3.134495	1.000104	6117.442019	4078.719219	0.000000	0.000000	-51.553170	0.002000	1.216755	3.997731	-0.999955	0.000000
3.154495	1.000104	6117.442019	4078.719219	0.000000	0.000000	-51.553170	0.002000	1.216755	3.997731	-0.999955	0.000000
3.174495	1.000104	6117.442019	4078.719219	0.000000	0.000000	-51.553170	0.002000	1.216755	3.997731	-0.999955	0.000000
3.194495	1.000104	6117.442019	4078.719219	0.000000	0.000000	-51.553170	0.002000	1.216755	3.997731	-0.999955	0.000000
3.214495	1.000104	6117.442019	4078.719219	0.000000	0.000000	-51.553170	0.002000	1.216755	3.997731	-0.999955	0.000000
3.234495	1.000104	6117.442019	4078.719219	0.000000	0.000000	-51.553170	0.002000	1.216755	3.997731	-0.999955	0.000000
3.254495	1.000104	6117.442019	4078.719219	0.000000	0.000000	-51.553170	0.002000	1.216755	3.997731	-0.999955	0.000000
3.274495	1.000104	6117.442019	4078.719219	0.000000	0.000000	-51.553170	0.002000	1.216755	3.997731	-0.999955	0.000000
3.294495	1.000104	6117.442019	4078.719219	0.000000	0.000000	-51.553170	0.002000	1.216755	3.997731	-0.999955	0.000000
3.314495	1.000104	6117.442019	4078.719219	0.000000	0.000000	-51.553170	0.002000	1.216755	3.997731	-0.999955	0.000000
3.334495	1.000104	6117.442019	4078.719219	0.000000	0.000000	-51.553170	0.002000	1.216755	3.997731	-0.999955	0.000000
3.354495	1.000104	6117.442019	4078.719219	0.000000	0.000000	-51.553170	0.002000	1.216755	3.997731	-0.999955	0.000000
3.374495	1.000104	6117.442019	4078.719219	0.000000	0.000000	-51.553170	0.002000	1.216755	3.997731	-0.999955	0.000000
3.394495	1.000104	6117.442019	4078.719219	0.000000	0.000000	-51.553170	0.002000	1.216755	3.997731	-0.999955	0.000000
3.414495	1.000104	6117.442019	4078.719219	0.000000	0.000000	-51.553170	0.002000	1.216755	3.997731	-0.999955	0.000000
3.434495	1.000104	6117.442019	4078.719219	0.000000	0.000000	-51.553170	0.002000	1.216755	3.997731	-0.999955	0.000000
3.454495	1.000104	6117.442019	4078.719219	0.000000	0.000000	-51.553170	0.002000	1.216755	3.997731	-0.999955	0.000000
3.474495	1.000104	6117.442019	4078.719219	0.000000	0.000000	-51.553170	0.002000	1.216755	3.997731	-0.999955	0.000000
3.494495	1.000104	6117.442019	4078.719219	0.000000	0.000000	-51.553170	0.002000	1.216755	3.997731	-0.999955	0.000000
3.514495	1.000104	6117.442019	4078.719219	0.000000	0.000000	-51.553170	0.002000	1.216755	3.997731	-0.999955	0.000000
3.534495	1.000104	6117.442019	4078.719219	0.000000	0.000000	-51.553170	0.002000	1.216755	3.997731	-0.999955	0.000000
3.554495	1.000104	6117.442019	4078.719219	0.000000	0.000000	-51.553170	0.002000	1.216755	3.997731	-0.999955	0.000000
3.574495	1.000104	6117.442019	4078.719219	0.000000	0.000000	-51.553170	0.002000	1.216755	3.997731	-0.999955	0.000000
3.594495	1.000104	6117.442019	4078.719219	0.000000	0.000000	-51.553170	0.002000	1.216755	3.997731	-0.999955	0.000000
3.614495	1.000104	6117.442019	4078.719219	0.000000	0.000000	-51.553170	0.002000	1.216755	3.997731	-0.999955	0.000000
3.634495	1.000104	6117.442019	4078.719219	0.000000	0.000000	-51.553170	0.002000	1.216755	3.997731	-0.999955	0.000000
3.654495	1.000104	6117.442019	4078.719219	0.000000	0.000000	-51.553170	0.002000	1.216755	3.997731	-0.999955	0.000000
3.674495	1.000104	6117.442019	4078.719219	0.000000	0.000000	-51.553170	0.002000	1.216755	3.997731	-0.999955	0.000000
3.694495	1.000104	6117.442019	4078.719219	0.000000	0.000000	-51.553170	0.002000	1.216755	3.997731	-0.999955	0.000000
3.714495	1.000104	6117.442019	4078.719219	0.000000	0.000000	-51.553170	0.002000	1.216755	3.997731	-0.999955	0.000000
3.734495	1.000104	6117.442019	4078.719219	0.000000	0.000000	-51.553170	0.002000	1.216755	3.997731	-0.999955	0.000000
3.754495	1.000104	6117.442019	4078.719219	0.000000	0.000000	-51.553170	0.002000	1.216755	3.997731	-0.999955	0.000000
3.774495	1.000104	6117.442019	4078.719219	0.000000	0.000000	-51.553170	0.002000	1.216755	3.997731	-0.999955	0.000000
3.794495	1.000104	6117.442019	4078.719219	0.000000	0.000000	-51.553170	0.002000	1.216755	3.997731	-0.999955	0.000000
3.814495	1.000104	6117.442019	4078.719219	0.000000	0.000000	-51.553170	0.002000	1.216755	3.997731	-0.999955	0.000000
3.834495	1.000104	6117.442019	4078.719219	0.000000	0.000000	-51.553170	0.002000	1.216755	3.997731	-0.999955	0.000000
3.854495	1.000104	6117.442019	4078.719219	0.000000	0.000000	-51.553170	0.002000	1.216755	3.997731	-0.999955	0.000000
3.874495	1.000104	6117.442019	4078.719219	0.000000	0.000000	-51.553170	0.002000	1.216755	3.997731	-0.999955	0.000000
3.894495	1.000104	6117.442019	4078.719219	0.000000	0.000000	-51.553170	0.002000	1.216755	3.997731	-0.999955	0.000000
3.914495	1.000104	6117.442019	4078.719219	0.000000	0.000000	-51.553170	0.002000	1.216755	3.997731	-0.999955	0.000000
3.934495	1.000104	6117.442019	4078.719219	0.000000	0.000000	-51.553170	0.002000	1.216755	3.997731	-0.999955	0.000000
3.954495	1.000104	6117.442019	4078.719219	0.000000	0.000000	-51.553170	0.002000	1.216755	3.997731	-0.999955	0.000000
3.974495	1.000104	6117.442019	4078.719219	0.000000	0.000000	-51.553170	0.002000	1.216755	3.997731	-0.999955	0.000000
3.994495	1.000104	6117.442019	4078.719219	0.000000	0.000000	-51.553170	0.002000	1.216755	3.997731	-0.999955	0.000000
4.014495	1.000104	6117.442019	4078.719219	0.000000	0.000000	-51.553170	0.002000	1.216755	3.997731	-0.999955	0.000000
4.034495	1.000104	6117.442019	4078.719219	0.000000	0.000000	-51.553170	0.002000	1.216755	3.997731	-0.999955	0.000000
4.054495	1.000104	6117.442019	4078.719219	0.000000	0.000000	-51.553170	0.002000	1.216755	3.997731	-0.999955	0.000000
4.074495	1.000104	6117.442019	4078.719219	0.000000	0.000000	-51.553170	0.002000	1.216755	3.997731	-0.999955	0.000000
4.094495	1.000104	6117.442019	4078.719219	0.000000	0.000000	-51.553170	0.002000	1.216755	3.997731	-0.999955	0.000000
4.114495	1.000104	6117.442019	4078.719219	0.000000	0.000000	-51.553170	0.002000	1.216755	3.997731	-0.999955	0.000000
4.134495	1.000104	6117.442019	4078.719219	0.000000	0.000000	-51.553170	0.002000	1.216755	3.997731	-0.999955	0.000000
4.154495	1.000104	6117.442019	4078.719219	0.000000	0.000000	-51.553170	0.002000	1.216755	3.997731	-0.999955	0.000000
4.174495	1.000104	6117.442019	4078.719219	0.000000	0.000000	-51.553170	0.002000	1.216755	3.997731	-0.999955	0.000000
4.194495	1.000104	6117.442019	4078.719219	0.000000	0.000000	-51.553170	0.002000	1.216755	3.997731	-0.999955	0.000000
4.214495	1.000104	6117.442019	4078.719219	0.000000	-0.000000	-51.553170	0.002000	1.216755	3.997731	-0.999955	0.000000
4.234495	1.000104	6117.442019	4078.719219	0.000000	0.000000	-51.553170	0.002000	1.216755	3.997731	-0.999955	0.000000
4.254495	1.000104	6117.442019	4078.719219	0.000000	0.000000	-51.553170	0.002000	1.216755	3.997731	-0.999955	0.000000
4.274495	1.000104	6117.442019	4078.719219	0.000000	0.000000	-51.553170	0.002000	1.216755	3.997731	-0.999955	0.000000
4.294495	1.000104	6117.442019	4078.719219	0.000000	0.000000	-51.553170	0.002000	1.216755	3.997731	-0.999955	0.000000
4.314495	1.000104	6117.442019	4078.719219	0.000000	0.000000	-51.553170	0.002000	1.216755	3.997731	-0.999955	0.000000
4.334495	1.000104	6117.442019	4078.719219	0.000000	0.000000	-51.553170	0.002000	1.216755	3.997731	-0.999955	0.000000
4.354495	1.000104	6117.442019	4078.719219	-0.000000	-0.000000	-51.553170	0.002000	1.216755	3.997731	-0.999955	0.000000
4.374495	1.000104	6117.442019	4078.719219	-0.000000	-0.000001	-51.553170	0.002000	1.216755	3.997731	-0.999955	0.000000
4.394495	1.000104	6117.442019	4078.719219	0.000000	-0.000001	-51.553170	0.002000	1.216755	3.997731	-0.999955	0.000000
4.414495	1.000104	6117.442019	4078.719219	0.000000	0.000001	-51.553170	0.002000	1.216755	3.997731	-0.999955	0.000000
4.434495	1.000104	6117.442019	4078.719219	-0.000000	0.000001	-51.553170	0.002000	1.216755	3.997731	-0.999955	0.000000
4.454495	1.000104	6117.442019	4078.719219	-0.000000	-0.000001	-51.553170	0.002000	1.216755	3.997731	-0.999955	0.000000
4.474495	1.000104	6117.442019	4078.719219	0.000000	-0.000000	-51.553170	0.002000	1.216755	3.997731	-0.999955	0.000000
4.494495	1.000104	6117.442019	4078.719219	0.000000	0.000001	-51.553170	0.002000	1.216755	3.997731	-0.999955	0.000000
4.514495	1.000104	6117.442019	4078.719219	-0.000000	0.000001	-51.553170	0.002000	1.216755	3.997731	-0.999955	0.000000
4.534495	1.000104	6117.442019	4078.719219	-0.000000	-0.000001	-51.553170	0.002000	1.216755	3.997731	-0.999955	0.000000
4.554495	1.000104	6117.442019	4078.719219	-0.000000	-0.000000	-51.553170	0.002000	1.216755	3.997731	-0.999955	0.000000
4.574495	1.000104	6117.442019	4078.719219	-0.000000	-0.000001	-51.553170	0.002000	1.216755	3.997731	-0.999955	0.000000
4.594495	1.000104	6117.442019	4078.719219	0.000000	0.000001	-51.553170	0.002000	1.216755	3.997731	-0.999955	0.000000
4.614495	1.000104	6117.442019	4078.719219	-0.000000	0.000000	-51.553170	0.002000	1.216755	3.997731	-0.999955	0.000000
4.634495	1.000104	6117.442019	4078.719219	0.000000	-0.000003	-51.553170	0.002000	1.216755	3.997731	-0.999955	0.000000
4.654495	1.000104	6117.442019	4078.719219	0.000000	0.000001	-51.553170	0.002000	1.216755	3.997731	-0.999955	0.000000
4.674495	1.000104	6117.442019	4078.719219	-0.000000	0.000002	-51.553170	0.002000	1.216755	3.997731	-0.999955	0.000000
4.694495	1.000104	6117.442019	4078.719219	-0.000000	-0.000000	-51.553170	0.002000	1.216755	3.997731	-0.999955	0.000000
4.714495	1.000104	6117.442019	4078.719219	0.000000	-0.000002	-51.553170	0.002000	1.216755	3.997731	-0.999955	0.000000
4.734495	1.000104	6117.442019	4078.719219	0.000000	-0.000001	-51.553170	0.002000	1.216755	3.997731	-0.999955	0.000000
4.754495	1.000104	6117.442019	4078.719219	0.000000	0.000000	-51.553170	0.002000	1.216755	3.997731	-0.999955	0.000000
4.774495	1.000104	6117.442019	4078.719219	-0.000000	0.000000	-51.553170	0.002000	1.216755	3.997731	-0.999955	0.000000
4.794495	1.000104	6117.442019	4078.719219	0.000000	0.000001	-51.553170	0.002000	1.216755	3.997731	-0.999955	0.000000
4.814495	1.000104	6117.442019	4078.719219	0.000000	0.000002	-51.553170	0.002000	1.216755	3.997731	-0.999955	0.000000
4.834495	1.000104	6117.442019	4078.719219	-0.000000	0.000002	-51.553170	0.002000	1.216755	3.997731	-0.999955	0.000000
4.854495	1.000104	6117.442019	4078.719219	-0.000000	-0.000001	-51.553170	0.002000	1.216755	3.997731	-0.999955	0.000000
4.874495	1.000104	6117.442019	4078.719219	0.000000	-0.000004	-51.553170	0.002000	1.216755	3.997731	-0.999955	0.000000
4.894495	1.000104	6117.442019	4078.719219	0.000000	0.000000	-51.553170	0.002000	1.216755	3.997731	-0.999955	0.000000
4.914495	1.000104	6117.442019	4078.719219	0.000000	0.000004	-51.553170	0.002000	1.216755	3.997731	-0.999955	0.000000
4.934495	1.000104	6117.442019	4078.719219	-0.000000	0.000003	-51.553170	0.002000	1.216755	3.997731	-0.999955	0.000000
4.954495	1.000104	6117.442019	4078.719219	-0.000000	-0.000001	-51.553170	0.002000	1.216755	3.997731	-0.999955	0.000000
4.974495	1.000104	6117.442019	4078.719219	-0.000000	-0.000003	-51.553170	0.002000	1.216755	3.997731	-0.999955	0.000000
4.994495	1.000104	6117.442019	4078.719219	0.000000	-0.000001	-51.553170	0.002000	1.216755	3.997731	-0.999955	0.000000
5.014495	1.000104	6117.442019	4078.719219	0.000000	0.000000	-51.553170	0.002000	1.216755	3.997731	-0.999955	0.000000
5.034495	1.000104	6117.442019	4078.719219	-0.000000	0.000000	-51.553170	0.002000	1.216755	3.997731	-0.999955	0.000000
5.054495	1.000104	6117.442019	4078.719219	-0.000000	0.000000	-51.553170	0.002000	1.216755	3.997731	-0.999955	0.000000
5.074495	1.000104	6117.442019	4078.719219	0.000000	0.000000	-51.553170	0.002000	1.216755	3.997731	-0.999955	0.000000
5.094495	1.000104	6117.442019	4078.719219	0.000000	0.000000	-51.553170	0.002000	1.216755	3.997731	-0.999955	0.000000
5.114495	1.000104	6117.442019	4078.719219	0.000000	0.000000	-51.553170	0.002000	1.216755	3.997731	-0.999955	0.000000
5.134495	1.000104	6117.442019	4078.719219	0.000000	0.000000	-51.553170	0.002000	1.216755	3.997731	-0.999955	0.000000
5.154495	1.000104	6117.442019	4078.719219	0.000000	0.000000	-51.553170	0.002000	1.216755	3.997731	-0.999955	0.000000
5.174495	1.000104	6117.442019	4078.719219	0.000000	0.000000	-51.553170	0.002000	1.216755	3.997731	-0.999955	0.000000
5.194495	1.000104	6117.442019	4078.719219	0.000000	0.000000	-51.553170	0.002000	1.216755	3.997731	-0.999955	0.000000
5.214495	1.000104	6117.442019	4078.719219	0.000000	0.000000	-51.553170	0.002000	1.216755	3.997731	-0.999955	0.000000
5.234495	1.000104	6117.442019	4078.719219	0.000000	0.000000	-51.553170	0.002000	1.216755	3.997731	-0.999955	0.000000
5.254495	1.000104	6117.442019	4078.719219	0.000000	0.000000	-51.553170	0.002000	1.216755	3.997731	-0.999955	0.000000
5.274495	1.000104	6117.442019	4078.719219	0.000000	0.000000	-51.553170	0.002000	1.216755	3.997731	-0.999955	0.000000
5.294495	1.000104	6117.442019	4078.719219	0.000000	0.000000	-51.553170	0.002000	1.216755	3.997731	-0.999955	0.000000
5.314495	1.000104	6117.442019	4078.719219	0.000000	0.000000	-51.553170	0.002000	1.216755	3.997731	-0.999955	0.000000
5.334495	1.000104	6117.442019	4078.719219	0.000000	0.000000	-51.553170	0.002000	1.216755	3.997731	-0.999955	0.000000
5.354495	1.000104	6117.442019	4078.719219	0.000000	0.000000	-51.553170	0.002000	1.216755	3.997731	-0.999955	0.000000
5.374495	1.000104	6117.442019	4078.719219	0.000000	0.000000	-51.553170	0.002000	1.216755	3.997731	-0.999955	0.000000
5.394495	1.000104	6117.442019	4078.719219	0.000000	0.000000	-51.553170	0.002000	1.216755	3.997731	-0.999955	0.000000
5.414495	1.000104	6117.442019	4078.719219	0.000000	0.000000	-51.553170	0.002000	1.216755	3.997731	-0.999955	0.000000
5.434495	1.000104	6117.442019	4078.719219	0.000000	0.000000	-51.553170	0.002000	1.216755	3.997731	-0.999955	0.000000
5.454495	1.000104	6117.442019	4078.719219	0.000000	0.000000	-51.553170	0.002000	1.216755	3.997731	-0.999955	0.000000
5.474495	1.000104	6117.442019	4078.719219	0.000000	0.000000	-51.553170	0.002000	1.216755	3.997731	-0.999955	0.000000
5.494495	1.000104	6117.442019	4078.719219	0.000000	0.000000	-51.553170	0.002000	1.216755	3.997731	-0.999955	0.000000
5.514495	1.000104	6117.442019	4078.719219	0.000000	0.000000	-51.553170	0.002000	1.216755	3.997731	-0.999955	0.000000
5.534495	1.000104	6117.442019	4078.719219	0.000000	0.000000	-51.553170	0.002000	1.216755	3.997731	-0.999955	0.000000
5.554495	1.000104	6117.442019	4078.719219	0.000000	0.000000	-51.553170	0.002000	1.216755	3.997731	-0.999955	0.000000
5.574495	1.000104	6117.442019	4078.719219	0.000000	0.000000	-51.553170	0.002000	1.216755	3.997731	-0.999955	0.000000
5.594495	1.000104	6117.442019	4078.719219	0.000000	0.000000	-51.553170	0.002000	1.216755	3.997731	-0.999955	0.000000
5.614495	1.000104	6117.442019	4078.719219	0.000000	0.000000	-51.553170	0.002000	1.216755	3.997731	-0.999955	0.000000
5.634495	1.000104	6117.442019	4078.719219	0.000000	0.000000	-51.553170	0.002000	1.216755	3.997731	-0.999955	0.000000
5.654495	1.000104	6117.442019	4078.719219	0.000000	0.000000	-51.553170	0.002000	1.216755	3.997731	-0.999955	0.000000
5.674495	1.000104	6117.442019	4078.719219	0.000000	0.000000	-51.553170	0.002000	1.216755	3.997731	-0.999955	0.000000
5.694495	1.000104	6117.442019	4078.719219	0.000000	0.000000	-51.553170	0.002000	1.216755	3.997731	-0.999955	0.000000
5.714495	1.000104	6117.442019	4078.719219	0.000000	0.000000	-51.553170	0.002000	1.216755	3.997731	-0.999955	0.000000
5.734495	1.000104	6117.442019	4078.719219	0.000000	0.000000	-51.553170	0.002000	1.216755	3.997731	-0.999955	0.000000
5.754495	1.000104	6117.442019	4078.719219	0.000000	0.000000	-51.553170	0.002000	1.216755	3.997731	-0.999955	0.000000
5.774495	1.000104	6117.442019	4078.719219	0.000000	0.000000	-51.553170	0.002000	1.216755	3.997731	-0.999955	0.000000
5.794495	1.000104	6117.442019	4078.719219	0.000000	0.000000	-51.553170	0.002000	1.216755	3.997731	-0.999955	0.000000
5.814495	1.000104	6117.442019	4078.719219	0.000000	0.000000	-51.553170	0.002000	1.216755	3.997731	-0.999955	0.000000
5.834495	1.000104	6117.442019	4078.719219	0.000000	0.000000	-51.553170	0.002000	1.216755	3.997731	-0.999955	0.000000
5.854495	1.000104	6117.442019	4078.719219	0.000000	0.000000	-51.553170	0.002000	1.216755	3.997731	-0.999955	0.000000
5.874495	1.000104	6117.442019	4078.719219	0.000000	0.000000	-51.553170	0.002000	1.216755	3.997731	-0.999955	0.000000
5.894495	1.000104	6117.442019	4078.719219	0.000000	0.000000	-51.553170	0.002000	1.216755	3.997731	-0.999955	0.000000
5.914495	1.000104	6117.442019	4078.719219	0.000000	0.000000	-51.553170	0.002000	1.216755	3.997731	-0.999955	0.000000
5.934495	1.000104	6117.442019	4078.719219	0.000000	0.000000	-51.553170	0.002000	1.216755	3.997731	-0.999955	0.000000
5.954495	1.000104	6117.442019	4078.719219	0.000000	0.000000	-51.553170	0.002000	1.216755	3.997731	-0.999955	0.000000
5.974495	1.000104	6117.442019	4078.719219	0.000000	0.000000	-51.553170	0.002000	1.216755	3.997731	-0.999955	0.000000
5.994495	1.000104	6117.442019	4078.719219	0.000000	0.000000	-51.553170	0.002000	1.216755	3.997731	-0.999955	0.000000
6.014495	1.000104	6117.442019	4078.719219	0.000000	0.000000	-51.553170	0.002000	1.216755	3.997731	-0.999955	0.000000
6.034495	1.000104	6117.442019	4078.719219	0.000000	0.000000	-51.553170	0.002000	1.216755	3.997731	-0.999955	0.000000
6.054495	1.000104	6117.442019	4078.719219	0.000000	0.000000	-51.553170	0.002000	1.216755	3.997731	-0.999955	0.000000
6.074495	1.000104	6117.442019	4078.719219	0.000000	0.000000	-51.553170	0.002000	1.216755	3.997731	-0.999955	0.000000
6.094495	1.000104	6117.442019	4078.719219	0.000000	0.000000	-51.553170	0.002000	1.216755	3.997731	-0.999955	0.000000
6.114495	1.000104	6117.442019	4078.719219	0.000000	0.000000	-51.553170	0.002000	1.216755	3.997731	-0.999955	0.000000
6.134495	1.000104	6117.442019	4078.719219	0.000000	0.000000	-51.553170	0.002000	1.216755	3.997731	-0.999955	0.000000
6.154495	1.000104	6117.442019	4078.719219	0.000000	0.000000	-51.553170	0.002000	1.216755	3.997731	-0.999955	0.000000
6.174495	1.000104	6117.442019	4078.719219	0.000000	0.000000	-51.553170	0.002000	1.216755	3.997731	-0.999955	0.000000
6.194495	1.000104	6117.442019	4078.719219	0.000000	0.000000	-51.553170	0.002000	1.216755	3.997731	-0.999955	0.000000
6.214495	1.000104	6117.442019	4078.719219	0.000000	0.000000	-51.553170	0.002000	1.216755	3.997731	-0.999955	0.000000
6.234495	1.000104	6117.442019	4078.719219	0.000000	0.000000	-51.553170	0.002000	1.216755	3.997731	-0.999955	0.000000
6.254495	1.000104	6117.442019	4078.719219	0.000000	0.000000	-51.553170	0.002000	1.216755	3.997731	-0.999955	0.000000
6.274495	1.000104	6117.442019	4078.719219	0.000000	0.000000	-51.553170	0.002000	1.216755	3.997731	-0.999955	0.000000
6.294495	1.000104	6117.442019	4078.719219	0.000000	0.000000	-51.553170	0.002000	1.216755	3.997731	-0.999955	0.000000
6.314495	1.000104	6117.442019	4078.719219	0.000000	0.000000	-51.553170	0.002000	1.216755	3.997731	-0.999955	0.000000
6.334495	1.000104	6117.442019	4078.719219	0.000000	0.000000	-51.553170	0.002000	1.216755	3.997731	-0.999955	0.000000
6.354495	1.000104	6117.442019	4078.719219	0.000000	0.000000	-51.553170	0.002000	1.216755	3.997731	-0.999955	0.000000
6.374495	1.000104	6117.442019	4078.719219	0.000000	0.000000	-51.553170	0.002000	1.216755	3.997731	-0.999955	0.000000
6.394495	1.000104	6117.442019	4078.719219	0.000000	0.000000	-51.553170	0.002000	1.216755	3.997731	-0.999955	0.000000
6.414495	1.000104	6117.442019	4078.719219	0.000000	0.000000	-51.553170	0.002000	1.216755	3.997731	-0.999955	0.000000
6.434495	1.000104	6117.442019	4078.719219	0.000000	0.000000	-51.553170	0.002000	1.216755	3.997731	-0.999955	0.000000
6.454495	1.000104	6117.442019	4078.719219	0.000000	-0.000000	-51.553170	0.002000	1.216755	3.997731	-0.999955	0.000000
6.474495	1.000104	6117.442019	4078.719219	0.000000	0.000000	-51.553170	0.002000	1.216755	3.997731	-0.999955	0.000000
6.494495	1.000104	6117.442019	4078.719219	0.000000	0.000000	-51.553170	0.002000	1.216755	3.997731	-0.999955	0.000000
6.514495	1.000104	6117.442019	4078.719219	0.000000	0.000000	-51.553170	0.002000	1.216755	3.997731	-0.999955	0.000000
6.534495	1.000104	6117.442019	4078.719219	0.000000	0.000000	-51.553170	0.002000	1.216755	3.997731	-0.999955	0.000000
6.554495	1.000104	6117.442019	4078.719219	0.000000	0.000000	-51.553170	0.002000	1.216755	3.997731	-0.999955	0.000000
6.574495	1.000104	6117.442019	4078.719219	0.000000	0.000000	-51.553170	0.002000	1.216755	3.997731	-0.999955	0.000000
6.594495	1.000104	6117.442019	4078.719219	-0.000000	0.000002	-51.553170	0.002000	1.216755	3.997731	-0.999955	0.000000
6.614495	1.000104	6117.442019	4078.719219	-0.000000	0.000009	-51.553170	0.002000	1.216755	3.997731	-0.999955	0.000000
6.634495	1.000104	6117.442019	4078.719219	-0.000000	0.000030	-51.553170	0.002000	1.216755	3.997731	-0.999955	0.000000
6.654495	1.000104	6117.442019	4078.719219	-0.000001	0.000104	-51.553170	0.002000	1.216755	3.997731	-0.999955	0.000000
6.674495	1.000104	6117.442019	4078.719220	-0.000004	0.000364	-51.553170	0.002000	1.216755	3.997731	-0.999955	0.000000
6.694495	1.000104	6117.442019	4078.719220	-0.000014	0.001239	-51.553170	0.002000	1.216755	3.997731	-0.999955	0.000000
6.714495	1.000104	6117.442019	4078.719220	-0.000047	0.004056	-51.553170	0.002000	1.216755	3.997731	-0.999955	0.000000
6.734495	1.000104	6117.442019	4078.719220	-0.000153	0.013025	-51.553170	0.002000	1.216755	3.997731	-0.999955	0.000000
6.754495	1.000104	6117.442020	4078.719220	-0.000487	0.040665	-51.553170	0.002000	1.216755	3.997731	-0.999955	0.000000
6.774495	1.000104	6117.442021	4078.719221	-0.001507	0.122790	-51.553170	0.002000	1.216755	3.997731	-0.999955	0.000000
6.794495	1.000104	6117.442023	4078.719224	-0.004510	0.357272	-51.553170	0.002000	1.216755	3.997731	-0.999955	0.000000
6.814495	1.000104	6117.442032	4078.719233	-0.012978	0.995930	-51.553170	0.002000	1.216755	3.997731	-0.999955	0.000000
6.834495	1.000104	6117.442055	4078.719259	-0.035693	2.638085	-51.553170	0.002000	1.216755	3.997731	-0.999955	0.000000
6.854495	1.000104	6117.442118	4078.719329	-0.092940	6.555362	-51.553170	0.002000	1.216755	3.997731	-0.999955	0.000000
6.874495	1.000104	6117.442275	4078.719510	-0.225620	14.943996	-51.553171	0.002000	1.216755	3.997731	-0.999955	0.000000
6.894495	1.000104	6117.442638	4078.719944	-0.496587	29.846905	-51.553171	0.002000	1.216755	3.997731	-0.999955	0.000000
6.914495	1.000104	6117.443378	4078.720882	-0.930890	45.871455	-51.553173	0.002000	1.216755	3.997731	-0.999955	0.000000
6.934495	1.000105	6117.444566	4078.722580	-1.203528	21.273354	-51.553176	0.002000	1.216755	3.997731	-0.999955	0.000000
6.954495	1.000105	6117.445341	4078.724549	0.500233	-214.975525	-51.553180	0.002000	1.216755	3.997731	-0.999955	0.000000
6.974495	1.000105	6117.440900	4078.722508	10.963466	-1222.823453	-51.553180	0.002000	1.216755	3.997731	-0.999955	0.000000
6.994495	1.000103	6117.413291	4078.698494	51.248140	-4595.755211	-51.553150	0.002000	1.216755	3.997729	-0.999955	0.000000
7.014495	1.000094	6117.306760	4078.593001	178.764898	-14386.390460	-51.553001	0.002000	1.216755	3.997721	-0.999959	0.000000
7.034495	1.000059	6116.968619	4078.235215	533.603288	-39885.012636	-51.552469	0.002000	1.216755	3.997698	-0.999974	0.000000
7.054496	0.999951	6116.022417	4077.186504	1422.770493	-100251.887605	-51.550860	0.002000	1.216755	3.997632	-1.000020	0.000000
7.074501	0.999652	6113.626386	4074.428211	3445.376935	-230676.098182	-51.546531	0.002001	1.216755	3.997465	-1.000147	0.000000
7.094513	0.998911	6108.072216	4067.820050	7630.088671	-487578.775129	-51.535960	0.002002	1.216755	3.997077	-1.000463	0.000000
7.114545	0.997228	6096.225113	4053.296807	15481.403184	-946906.763089	-51.512385	0.002006	1.216755	3.996245	-1.001184	0.000000
7.134622	0.993727	6072.891591	4023.952104	28752.247891	-1688093.691794	-51.464183	0.002013	1.216755	3.994597	-1.002693	0.000000
7.154792	0.987046	6030.319618	3969.398704	48875.410546	-2761293.797042	-51.373613	0.002026	1.216755	3.991568	-1.005592	0.000000
7.175135	0.975278	5958.017337	3875.746160	76011.829576	-4146787.932259	-51.217464	0.002051	1.216755	3.986365	-1.010758	0.000000
7.195789	0.956167	5842.875260	3727.200762	108344.630547	-5735962.237606	-50.968342	0.002092	1.216755	3.977932	-1.019297	0.000000
7.216950	0.927030	5671.300845	3508.395642	142664.214018	-7317719.247726	-50.598618	0.002157	1.216755	3.965033	-1.032673	0.000000
7.238924	0.884788	5434.264824	3209.409649	174543.999290	-8589625.996800	-50.083169	0.002260	1.216755	3.946534	-1.052857	0.000000
7.262175	0.826711	5141.323909	2837.771384	200853.437123	-9267804.142145	-49.386122	0.002419	1.216755	3.922501	-1.082271	0.000000
7.287395	0.748674	4832.904015	2416.197877	221779.193708	-9145581.136195	-48.473811	0.002671	1.216755	3.895647	-1.125263	0.000000
7.315921	0.651866	4566.258759	1988.007553	234121.212668	-8429882.423733	-47.265910	0.003068	1.216755	3.870992	-1.185323	0.000000
7.349549	0.538076	4419.870138	1588.503438	245697.567662	-7336597.127528	-45.588190	0.003717	1.216755	3.856814	-1.268574	0.000000
7.392322	0.398073	4419.331279	1175.191718	257585.061072	-5994873.483526	-43.299259	0.005024	1.216755	3.856717	-1.399356	0.000000
7.458661	0.241509	5230.288738	843.826903	270955.047420	-4066114.869305	-38.462058	0.008281	1.216755	3.929801	-1.616295	0.000000
-0.003002	3.334230	103616.720286	230321.901881	-73.850863	0.000000	0.000901	0.000600	0.000000	5.226594	-0.477007	0.000000
-0.008999	3.343546	103305.189719	230270.745430	-184.003863	0.000000	0.002756	0.000598	0.000000	5.225287	-0.475796	0.000000
-0.014970	3.361762	102696.981831	230162.447636	-201.088121	0.000000	0.004687	0.000595	0.000000	5.222723	-0.473437	0.000000
-0.020901	3.387997	101825.939306	229991.395777	-125.401227	0.000000	0.006516	0.000590	0.000000	5.219024	-0.470060	0.000000
-0.026780	3.420777	100749.409567	229761.488326	-7.510354	0.000000	0.007887	0.000585	0.000000	5.214406	-0.465877	0.000000
-0.032598	3.458004	99548.035429	229492.020131	77.525853	0.000000	0.008392	0.000578	0.000000	5.209194	-0.461175	0.000000
-0.038350	3.497087	98317.582357	229216.671145	73.213174	0.000000	0.007767	0.000572	0.000000	5.203789	-0.456291	0.000000
-0.044037	3.535233	97154.527302	228975.510562	-34.266871	0.000000	0.006016	0.000566	0.000000	5.198619	-0.451578	0.000000
-0.049665	3.569864	96139.897860	228803.601454	-210.911168	0.000000	0.003445	0.000560	0.000000	5.194058	-0.447343	0.000000
-0.055242	3.599017	95326.726631	228721.073953	-398.495495	0.000000	0.000560	0.000556	0.000000	5.190369	-0.443811	0.000000
-0.060779	3.621629	94734.486333	228728.436714	-542.089556	0.000000	-0.002091	0.000552	0.000000	5.187663	-0.441091	0.000000
-0.066287	3.637604	94351.224524	228808.297078	-609.896622	0.000000	-0.004079	0.000550	0.000000	5.185905	-0.439182	0.000000
-0.071775	3.647665	94141.739640	228932.110780	-602.866633	0.000000	-0.005193	0.000548	0.000000	5.184942	-0.437984	0.000000
-0.077253	3.653059	94058.869388	229069.029405	-555.467848	0.000000	-0.005458	0.000547	0.000000	5.184562	-0.437344	0.000000
-0.082725	3.655209	94054.651822	229193.635483	-495.795281	0.000000	-0.005083	0.000547	0.000000	5.184543	-0.437089	0.000000
-0.088197	3.655428	94088.761963	229290.422290	-450.665767	0.000000	-0.004356	0.000547	0.000000	5.184701	-0.437064	0.000000
-0.093669	3.654738	94132.886700	229354.515368	-463.857314	0.000000	-0.003558	0.000547	0.000000	5.184905	-0.437145	0.000000
-0.276002	1.172859	17426.881709	12351.631221	17152968.336112	0.000000	44.610622	0.001705	0.000000	4.416681	-0.937705	0.000000
-0.294830	1.046838	8353.210592	5542.917590	5576874.132472	0.000000	49.749707	0.001911	0.000000	4.113540	-0.982549	0.000000
-0.314555	1.010552	6409.571663	4276.373570	1239132.358301	0.000000	51.199235	0.001979	0.000000	4.014396	-0.996069	0.000000
-0.334504	1.002072	6153.987285	4105.700906	220071.855622	0.000000	51.494973	0.001996	0.000000	3.999870	-0.999231	0.000000
-0.354496	1.000423	6122.504470	4082.620279	33265.522652	0.000000	51.545009	0.001999	0.000000	3.998030	-0.999839	0.000000
