0.003001	3.335816	103564.444865	230315.365124	-37.367245	-2980421.808254	-0.001030	0.000600	1.216755	5.226376	-0.476801	0.000000
0.008994	3.345133	103249.582734	230256.022641	-90.622894	-3034928.269168	-0.003074	0.000598	1.216755	5.225053	-0.475591	0.000000
0.014963	3.363267	102639.569557	230136.605880	-90.738333	-2954353.773913	-0.005025	0.000595	1.216755	5.222480	-0.473242	0.000000
0.020891	3.389224	101774.854534	229959.007192	-37.210321	-2484094.102761	-0.006704	0.000590	1.216755	5.218805	-0.469903	0.000000
0.026768	3.421456	100716.868713	229732.638857	40.560221	-1475974.129994	-0.007847	0.000585	1.216755	5.214265	-0.465791	0.000000
0.032585	3.457891	99544.988218	229477.319269	97.994560	-3560.874554	-0.008185	0.000578	1.216755	5.209180	-0.461189	0.000000
0.038339	3.496072	98348.422795	229221.994599	98.997904	1638505.075422	-0.007559	0.000572	1.216755	5.203926	-0.456418	0.000000
0.044029	3.533415	97214.571941	228999.173598	32.514192	3046823.257886	-0.006006	0.000566	1.216755	5.198887	-0.451802	0.000000
0.049660	3.567539	96216.611135	228837.114157	-83.583678	3866607.669198	-0.003772	0.000561	1.216755	5.194405	-0.447627	0.000000
0.055241	3.596605	95403.837456	228752.755776	-212.965060	3919057.578666	-0.001255	0.000556	1.216755	5.190721	-0.444102	0.000000
0.060782	3.619548	94797.044964	228747.954653	-317.153750	3249982.405778	0.001108	0.000553	1.216755	5.187950	-0.441341	0.000000
0.066292	3.636154	94389.642538	228810.112365	-371.180777	2094055.368710	0.002952	0.000550	1.216755	5.186082	-0.439355	0.000000
0.071782	3.646963	94153.584840	228916.631855	-371.141706	780898.924400	0.004070	0.000548	1.216755	5.184996	-0.438067	0.000000
0.077260	3.653037	94048.197279	229041.407418	-331.743432	-375100.435460	0.004440	0.000547	1.216755	5.184512	-0.437346	0.000000
0.082732	3.655670	94029.549274	229161.145709	-277.640736	-1161722.599586	0.004194	0.000547	1.216755	5.184427	-0.437034	0.000000
0.088202	3.656126	94058.269391	229259.728588	-234.768490	-1507802.679048	0.003561	0.000547	1.216755	5.184560	-0.436980	0.000000
0.093673	3.655451	94104.424059	229329.775050	-217.800293	-1469575.485042	0.002783	0.000547	1.216755	5.184773	-0.437061	0.000000
0.099146	3.654385	94149.100682	229371.628965	-228.866539	-1180947.900809	0.002060	0.000547	1.216755	5.184979	-0.437187	0.000000
0.104620	3.653365	94183.273386	229390.767963	-268.072816	-794729.659441	0.001513	0.000547	1.216755	5.185136	-0.437308	0.000000
0.110096	3.652584	94205.086083	229394.793534	-320.263100	-434175.001298	0.001187	0.000548	1.216755	5.185236	-0.437400	0.000000
0.115573	3.652072	94216.738797	229390.939364	-364.660150	-168396.504517	0.001061	0.000548	1.216755	5.185289	-0.437461	0.000000
0.121050	3.651773	94221.876318	229384.682845	-421.828592	-18429.358297	0.001083	0.000548	1.216755	5.185312	-0.437496	0.000000
0.126527	3.651608	94223.897366	229379.303495	-470.144358	32193.243872	0.001202	0.000548	1.216755	5.185322	-0.437516	0.000000
0.132005	3.651507	94225.148404	229376.033741	-461.267640	24981.128993	0.001354	0.000548	1.216755	5.185327	-0.437528	0.000000
0.137483	3.651425	94226.825896	229374.956502	-526.440853	-15243.921514	0.001505	0.000548	1.216755	5.185335	-0.437538	0.000000
0.142961	3.651339	94229.299272	229375.635128	-592.848893	-69029.306812	0.001679	0.000548	1.216755	5.185347	-0.437548	0.000000
0.148439	3.651241	94232.377801	229376.910117	-419.671781	-87022.107156	0.001806	0.000548	1.216755	5.185361	-0.437560	0.000000
0.153917	3.651136	94235.648644	229378.360059	-601.058471	-106470.417715	0.001879	0.000548	1.216755	5.185376	-0.437572	0.000000
0.159396	3.651040	94238.944749	229380.361925	-830.910903	-159933.152508	0.002088	0.000548	1.216755	5.185391	-0.437583	0.000000
0.164874	3.650933	94241.945144	229380.711675	88.476644	-82300.745876	0.002141	0.000548	1.216755	5.185405	-0.437596	0.000000
0.170353	3.650830	94244.215423	229379.877763	-559.597798	-56857.372001	0.001949	0.000548	1.216755	5.185415	-0.437608	0.000000
0.175832	3.650764	94246.461548	229381.297387	-1567.280662	-249608.523689	0.002395	0.000548	1.216755	5.185426	-0.437616	0.000000
0.181310	3.650617	94248.279803	229375.233916	2947.558395	136072.739752	0.002115	0.000548	1.216755	5.185434	-0.437636	0.000000
0.186790	3.650418	94248.061552	229362.602661	580.033398	324059.274932	0.000512	0.000548	1.216755	5.185433	-0.437658	0.000000
0.192269	3.650319	94249.107552	229358.945672	-4050.927334	-537602.691705	0.001699	0.000548	1.216755	5.185439	-0.437671	0.000000
0.197749	3.649737	94249.614361	229317.390328	17842.932439	1307914.002931	-0.000545	0.000548	1.216755	5.185438	-0.437749	0.000000
0.203230	3.648733	94241.307622	229234.669518	9915.736478	2551294.822288	-0.009869	0.000548	1.216755	5.185398	-0.437866	0.000000
0.208713	3.647986	94238.657369	229179.961255	-10965.510954	-1179269.765204	-0.007236	0.000548	1.216755	5.185392	-0.437963	0.000000
0.214195	3.644658	94233.740060	228926.704332	95802.093503	7799134.468339	-0.021099	0.000549	1.216755	5.185355	-0.438407	0.000000
0.219688	3.638552	94184.570748	228418.378871	76344.447993	15763745.788928	-0.073038	0.000550	1.216755	5.185116	-0.439133	0.000000
0.225190	3.632560	94153.723380	227953.345066	-13935.618279	513085.372592	-0.075902	0.000551	1.216755	5.184997	-0.439900	0.000000
0.230697	3.612923	94106.264329	226437.366764	510643.396611	45650688.178879	-0.159621	0.000554	1.216755	5.184708	-0.442508	0.000000
0.236258	3.575959	93820.346967	223364.672947	536021.831109	100635665.361929	-0.452483	0.000559	1.216755	5.183300	-0.447034	0.000000
0.241885	3.535278	93542.531748	220079.541981	135691.004071	50736506.795092	-0.560087	0.000566	1.216755	5.182090	-0.452259	0.000000
0.247558	3.431787	93105.750139	211812.264741	2657793.944685	305290486.755452	-1.033410	0.000583	1.216755	5.179655	-0.466452	0.000000
0.253528	3.240448	91115.844737	195158.723817	3834192.274522	798319923.758718	-2.724693	0.000617	1.216755	5.169465	-0.491825	0.000000
0.259943	3.072554	88296.066812	179456.553040	324811.862663	717570509.512460	-3.712869	0.000651	1.216755	5.155906	-0.514695	0.000000
0.266536	2.812334	84793.117047	155523.701395	8546018.966309	1767084368.742488	-4.850969	0.000711	1.216755	5.136448	-0.557399	0.000000
0.274209	2.231378	72427.880882	101749.222198	31030260.638939	5953674326.203152	-13.244202	0.000896	1.216755	5.058814	-0.664031	0.000000
0.285451	1.598555	45245.210014	43866.006808	35676465.842700	8241169948.669984	-29.684344	0.001251	1.216755	4.839103	-0.809724	0.000000
0.301155	1.214634	20483.072199	14987.113814	20091806.738116	4811386061.486033	-42.980056	0.001647	1.216755	4.486584	-0.923615	0.000000
0.319675	1.060455	9250.795941	6149.000986	7079767.316826	1454663549.794480	-49.185813	0.001886	1.216755	4.153592	-0.977536	0.000000
0.339308	1.014055	6548.360321	4366.128944	1670623.004992	229728193.773362	-51.068020	0.001972	1.216755	4.022107	-0.994758	0.000000
0.359238	1.002811	6170.575045	4117.400002	305810.948320	27455885.064245	-51.471119	0.001994	1.216755	4.000832	-0.998957	0.000000
0.379227	1.000555	6124.683592	4084.281054	47731.814210	3589287.030207	-51.541312	0.001999	1.216755	3.998158	-0.999791	0.000000
0.399225	1.000169	6118.486073	4079.518786	6281.041860	515252.002123	-51.551704	0.002000	1.216755	3.997792	-0.999932	0.000000
0.419225	1.000112	6117.589391	4078.827897	713.516691	74404.522901	-51.553013	0.002000	1.216755	3.997739	-0.999952	0.000000
0.439225	1.000105	6117.461572	4078.732899	70.114379	10199.189989	-51.553156	0.002000	1.216755	3.997732	-0.999955	0.000000
0.459225	1.000104	6117.444423	4078.720808	5.873487	1296.939114	-51.553169	0.002000	1.216755	3.997731	-0.999955	0.000000
0.479225	1.000104	6117.442293	4078.719390	0.421756	152.204151	-51.553170	0.002000	1.216755	3.997731	-0.999955	0.000000
0.499225	1.000104	6117.442048	4078.719237	0.030345	16.553267	-51.553170	0.002000	1.216755	3.997731	-0.999955	0.000000
0.519225	1.000104	6117.442022	4078.719221	0.003588	1.695429	-51.553170	0.002000	1.216755	3.997731	-0.999955	0.000000
0.539225	1.000104	6117.442020	4078.719220	0.000704	0.169886	-51.553170	0.002000	1.216755	3.997731	-0.999955	0.000000
0.559225	1.000104	6117.442019	4078.719220	0.000139	0.017822	-51.553170	0.002000	1.216755	3.997731	-0.999955	0.000000
0.579225	1.000104	6117.442019	4078.719220	0.000024	0.002101	-51.553170	0.002000	1.216755	3.997731	-0.999955	0.000000
0.599225	1.000104	6117.442019	4078.719219	0.000003	0.000282	-51.553170	0.002000	1.216755	3.997731	-0.999955	0.000000
0.619225	1.000104	6117.442019	4078.719219	0.000000	0.000041	-51.553170	0.002000	1.216755	3.997731	-0.999955	0.000000
0.639225	1.000104	6117.442019	4078.719219	-0.000000	0.000005	-51.553170	0.002000	1.216755	3.997731	-0.999955	0.000000
0.659225	1.000104	6117.442019	4078.719219	0.000000	-0.000000	-51.553170	0.002000	1.216755	3.997731	-0.999955	0.000000
0.679225	1.000104	6117.442019	4078.719219	0.000000	0.000000	-51.553170	0.002000	1.216755	3.997731	-0.999955	0.000000
0.699225	1.000104	6117.442019	4078.719219	-0.000000	0.000000	-51.553170	0.002000	1.216755	3.997731	-0.999955	0.000000
0.719225	1.000104	6117.442019	4078.719219	-0.000000	-0.000001	-51.553170	0.002000	1.216755	3.997731	-0.999955	0.000000
0.739225	1.000104	6117.442019	4078.719219	0.000000	0.000000	-51.553170	0.002000	1.216755	3.997731	-0.999955	0.000000
0.759225	1.000104	6117.442019	4078.719219	0.000000	0.000000	-51.553170	0.002000	1.216755	3.997731	-0.999955	0.000000
0.779225	1.000104	6117.442019	4078.719219	0.000000	0.000001	-51.553170	0.002000	1.216755	3.997731	-0.999955	0.000000
0.799225	1.000104	6117.442019	4078.719219	-0.000000	0.000001	-51.553170	0.002000	1.216755	3.997731	-0.999955	0.000000
0.819225	1.000104	6117.442019	4078.719219	-0.000000	-0.000000	-51.553170	0.002000	1.216755	3.997731	-0.999955	0.000000
0.839225	1.000104	6117.442019	4078.719219	-0.000000	-0.000001	-51.553170	0.002000	1.216755	3.997731	-0.999955	0.000000
0.859225	1.000104	6117.442019	4078.719219	0.000000	-0.000001	-51.553170	0.002000	1.216755	3.997731	-0.999955	0.000000
0.879225	1.000104	6117.442019	4078.719219	0.000000	0.000001	-51.553170	0.002000	1.216755	3.997731	-0.999955	0.000000
0.899225	1.000104	6117.442019	4078.719219	-0.000000	0.000000	-51.553170	0.002000	1.216755	3.997731	-0.999955	0.000000
0.919225	1.000104	6117.442019	4078.719219	-0.000000	0.000000	-51.553170	0.002000	1.216755	3.997731	-0.999955	0.000000
0.939225	1.000104	6117.442019	4078.719219	-0.000000	0.000000	-51.553170	0.002000	1.216755	3.997731	-0.999955	0.000000
0.959225	1.000104	6117.442019	4078.719219	-0.000000	-0.000000	-51.553170	0.002000	1.216755	3.997731	-0.999955	0.000000
0.979225	1.000104	6117.442019	4078.719219	-0.000000	-0.000001	-51.553170	0.002000	1.216755	3.997731	-0.999955	0.000000
0.999225	1.000104	6117.442019	4078.719219	0.000000	-0.000001	-51.553170	0.002000	1.216755	3.997731	-0.999955	0.000000
1.019225	1.000104	6117.442019	4078.719219	0.000000	0.000000	-51.553170	0.002000	1.216755	3.997731	-0.999955	0.000000
1.039225	1.000104	6117.442019	4078.719219	-0.000000	0.000000	-51.553170	0.002000	1.216755	3.997731	-0.999955	0.000000
1.059225	1.000104	6117.442019	4078.719219	0.000000	-0.000001	-51.553170	0.002000	1.216755	3.997731	-0.999955	0.000000
1.079225	1.000104	6117.442019	4078.719219	0.000000	-0.000000	-51.553170	0.002000	1.216755	3.997731	-0.999955	0.000000
1.099225	1.000104	6117.442019	4078.719219	0.000000	-0.000000	-51.553170	0.002000	1.216755	3.997731	-0.999955	0.000000
1.119225	1.000104	6117.442019	4078.719219	0.000000	0.000001	-51.553170	0.002000	1.216755	3.997731	-0.999955	0.000000
1.139225	1.000104	6117.442019	4078.719219	-0.000000	0.000001	-51.553170	0.002000	1.216755	3.997731	-0.999955	0.000000
1.159225	1.000104	6117.442019	4078.719219	-0.000000	-0.000000	-51.553170	0.002000	1.216755	3.997731	-0.999955	0.000000
1.179225	1.000104	6117.442019	4078.719219	-0.000000	-0.000000	-51.553170	0.002000	1.216755	3.997731	-0.999955	0.000000
1.199225	1.000104	6117.442019	4078.719219	0.000000	-0.000000	-51.553170	0.002000	1.216755	3.997731	-0.999955	0.000000
1.219225	1.000104	6117.442019	4078.719219	0.000000	0.000000	-51.553170	0.002000	1.216755	3.997731	-0.999955	0.000000
1.239225	1.000104	6117.442019	4078.719219	-0.000000	0.000000	-51.553170	0.002000	1.216755	3.997731	-0.999955	0.000000
1.259225	1.000104	6117.442019	4078.719219	-0.000000	-0.000000	-51.553170	0.002000	1.216755	3.997731	-0.999955	0.000000
1.279225	1.000104	6117.442019	4078.719219	0.000000	-0.000000	-51.553170	0.002000	1.216755	3.997731	-0.999955	0.000000
1.299225	1.000104	6117.442019	4078.719219	0.000000	-0.000000	-51.553170	0.002000	1.216755	3.997731	-0.999955	0.000000
1.319225	1.000104	6117.442019	4078.719219	0.000000	-0.000000	-51.553170	0.002000	1.216755	3.997731	-0.999955	0.000000
1.339225	1.000104	6117.442019	4078.719219	0.000000	-0.000000	-51.553170	0.002000	1.216755	3.997731	-0.999955	0.000000
1.359225	1.000104	6117.442019	4078.719219	0.000000	-0.000000	-51.553170	0.002000	1.216755	3.997731	-0.999955	0.000000
1.379225	1.000104	6117.442019	4078.719219	0.000000	0.000000	-51.553170	0.002000	1.216755	3.997731	-0.999955	0.000000
1.399225	1.000104	6117.442019	4078.719219	0.000000	-0.000000	-51.553170	0.002000	1.216755	3.997731	-0.999955	0.000000
1.419225	1.000104	6117.442019	4078.719219	0.000000	-0.000000	-51.553170	0.002000	1.216755	3.997731	-0.999955	0.000000
1.439225	1.000104	6117.442019	4078.719219	0.000000	-0.000000	-51.553170	0.002000	1.216755	3.997731	-0.999955	0.000000
1.459225	1.000104	6117.442019	4078.719219	0.000000	-0.000000	-51.553170	0.002000	1.216755	3.997731	-0.999955	0.000000
1.479225	1.000104	6117.442019	4078.719219	0.000000	0.000000	-51.553170	0.002000	1.216755	3.997731	-0.999955	0.000000
1.499225	1.000104	6117.442019	4078.719219	0.000000	0.000000	-51.553170	0.002000	1.216755	3.997731	-0.999955	0.000000
1.519225	1.000104	6117.442019	4078.719219	0.000000	0.000000	-51.553170	0.002000	1.216755	3.997731	-0.999955	0.000000
1.539225	1.000104	6117.442019	4078.719219	0.000000	-0.000000	-51.553170	0.002000	1.216755	3.997731	-0.999955	0.000000
1.559225	1.000104	6117.442019	4078.719219	0.000000	-0.000000	-51.553170	0.002000	1.216755	3.997731	-0.999955	0.000000
1.579225	1.000104	6117.442019	4078.719219	0.000000	-0.000000	-51.553170	0.002000	1.216755	3.997731	-0.999955	0.000000
1.599225	1.000104	6117.442019	4078.719219	0.000000	-0.000000	-51.553170	0.002000	1.216755	3.997731	-0.999955	0.000000
1.619225	1.000104	6117.442019	4078.719219	0.000000	-0.000000	-51.553170	0.002000	1.216755	3.997731	-0.999955	0.000000
1.639225	1.000104	6117.442019	4078.719219	0.000000	-0.000000	-51.553170	0.002000	1.216755	3.997731	-0.999955	0.000000
1.659225	1.000104	6117.442019	4078.719219	-0.000000	-0.000000	-51.553170	0.002000	1.216755	3.997731	-0.999955	0.000000
1.679225	1.000104	6117.442019	4078.719219	-0.000000	-0.000000	-51.553170	0.002000	1.216755	3.997731	-0.999955	0.000000
1.699225	1.000104	6117.442019	4078.719219	-0.000000	-0.000000	-51.553170	0.002000	1.216755	3.997731	-0.999955	0.000000
1.719225	1.000104	6117.442019	4078.719219	-0.000000	-0.000000	-51.553170	0.002000	1.216755	3.997731	-0.999955	0.000000
1.739225	1.000104	6117.442019	4078.719219	0.000000	0.000000	-51.553170	0.002000	1.216755	3.997731	-0.999955	0.000000
1.759225	1.000104	6117.442019	4078.719219	0.000000	0.000001	-51.553170	0.002000	1.216755	3.997731	-0.999955	0.000000
1.779225	1.000104	6117.442019	4078.719219	-0.000000	0.000001	-51.553170	0.002000	1.216755	3.997731	-0.999955	0.000000
1.799225	1.000104	6117.442019	4078.719219	-0.000000	-0.000001	-51.553170	0.002000	1.216755	3.997731	-0.999955	0.000000
1.819225	1.000104	6117.442019	4078.719219	0.000000	-0.000002	-51.553170	0.002000	1.216755	3.997731	-0.999955	0.000000
1.839225	1.000104	6117.442019	4078.719219	0.000000	0.000000	-51.553170	0.002000	1.216755	3.997731	-0.999955	0.000000
1.859225	1.000104	6117.442019	4078.719219	0.000000	0.000001	-51.553170	0.002000	1.216755	3.997731	-0.999955	0.000000
1.879225	1.000104	6117.442019	4078.719219	-0.000000	-0.000000	-51.553170	0.002000	1.216755	3.997731	-0.999955	0.000000
1.899225	1.000104	6117.442019	4078.719219	-0.000000	-0.000001	-51.553170	0.002000	1.216755	3.997731	-0.999955	0.000000
1.919225	1.000104	6117.442019	4078.719219	0.000000	-0.000000	-51.553170	0.002000	1.216755	3.997731	-0.999955	0.000000
1.939225	1.000104	6117.442019	4078.719219	-0.000000	0.000000	-51.553170	0.002000	1.216755	3.997731	-0.999955	0.000000
1.959225	1.000104	6117.442019	4078.719219	-0.000000	-0.000000	-51.553170	0.002000	1.216755	3.997731	-0.999955	0.000000
1.979225	1.000104	6117.442019	4078.719219	-0.000000	-0.000000	-51.553170	0.002000	1.216755	3.997731	-0.999955	0.000000
1.999225	1.000104	6117.442019	4078.719219	0.000000	0.000000	-51.553170	0.002000	1.216755	3.997731	-0.999955	0.000000
2.019225	1.000104	6117.442019	4078.719219	-0.000000	0.000000	-51.553170	0.002000	1.216755	3.997731	-0.999955	0.000000
2.039225	1.000104	6117.442019	4078.719219	0.000000	-0.000001	-51.553170	0.002000	1.216755	3.997731	-0.999955	0.000000
2.059225	1.000104	6117.442019	4078.719219	0.000000	0.000001	-51.553170	0.002000	1.216755	3.997731	-0.999955	0.000000
2.079225	1.000104	6117.442019	4078.719219	-0.000000	0.000001	-51.553170	0.002000	1.216755	3.997731	-0.999955	0.000000
2.099225	1.000104	6117.442019	4078.719219	-0.000000	-0.000002	-51.553170	0.002000	1.216755	3.997731	-0.999955	0.000000
2.119225	1.000104	6117.442019	4078.719219	0.000000	0.000000	-51.553170	0.002000	1.216755	3.997731	-0.999955	0.000000
2.139225	1.000104	6117.442019	4078.719219	-0.000000	0.000001	-51.553170	0.002000	1.216755	3.997731	-0.999955	0.000000
2.159225	1.000104	6117.442019	4078.719219	-0.000000	-0.000001	-51.553170	0.002000	1.216755	3.997731	-0.999955	0.000000
2.179225	1.000104	6117.442019	4078.719219	0.000000	-0.000001	-51.553170	0.002000	1.216755	3.997731	-0.999955	0.000000
2.199225	1.000104	6117.442019	4078.719219	0.000000	-0.000000	-51.553170	0.002000	1.216755	3.997731	-0.999955	0.000000
2.219225	1.000104	6117.442019	4078.719219	0.000000	0.000000	-51.553170	0.002000	1.216755	3.997731	-0.999955	0.000000
2.239225	1.000104	6117.442019	4078.719219	-0.000000	0.000001	-51.553170	0.002000	1.216755	3.997731	-0.999955	0.000000
2.259225	1.000104	6117.442019	4078.719219	-0.000000	-0.000001	-51.553170	0.002000	1.216755	3.997731	-0.999955	0.000000
2.279225	1.000104	6117.442019	4078.719219	0.000000	0.000001	-51.553170	0.002000	1.216755	3.997731	-0.999955	0.000000
2.299225	1.000104	6117.442019	4078.719219	-0.000000	0.000001	-51.553170	0.002000	1.216755	3.997731	-0.999955	0.000000
2.319225	1.000104	6117.442019	4078.719219	-0.000000	0.000001	-51.553170	0.002000	1.216755	3.997731	-0.999955	0.000000
2.339225	1.000104	6117.442019	4078.719219	-0.000000	-0.000000	-51.553170	0.002000	1.216755	3.997731	-0.999955	0.000000
2.359225	1.000104	6117.442019	4078.719219	-0.000000	-0.000001	-51.553170	0.002000	1.216755	3.997731	-0.999955	0.000000
2.379225	1.000104	6117.442019	4078.719219	-0.000000	-0.000001	-51.553170	0.002000	1.216755	3.997731	-0.999955	0.000000
2.399225	1.000104	6117.442019	4078.719219	-0.000000	-0.000001	-51.553170	0.002000	1.216755	3.997731	-0.999955	0.000000
2.419225	1.000104	6117.442019	4078.719219	0.000000	-0.000001	-51.553170	0.002000	1.216755	3.997731	-0.999955	0.000000
2.439225	1.000104	6117.442019	4078.719219	0.000000	-0.000000	-51.553170	0.002000	1.216755	3.997731	-0.999955	0.000000
2.459225	1.000104	6117.442019	4078.719219	0.000000	0.000003	-51.553170	0.002000	1.216755	3.997731	-0.999955	0.000000
2.479225	1.000104	6117.442019	4078.719219	-0.000000	-0.000000	-51.553170	0.002000	1.216755	3.997731	-0.999955	0.000000
2.499225	1.000104	6117.442019	4078.719219	0.000000	-0.000002	-51.553170	0.002000	1.216755	3.997731	-0.999955	0.000000
2.519225	1.000104	6117.442019	4078.719219	0.000000	0.000000	-51.553170	0.002000	1.216755	3.997731	-0.999955	0.000000
2.539225	1.000104	6117.442019	4078.719219	-0.000000	0.000000	-51.553170	0.002000	1.216755	3.997731	-0.999955	0.000000
2.559225	1.000104	6117.442019	4078.719219	-0.000000	0.000000	-51.553170	0.002000	1.216755	3.997731	-0.999955	0.000000
2.579225	1.000104	6117.442019	4078.719219	-0.000000	0.000000	-51.553170	0.002000	1.216755	3.997731	-0.999955	0.000000
2.599225	1.000104	6117.442019	4078.719219	0.000000	0.000000	-51.553170	0.002000	1.216755	3.997731	-0.999955	0.000000
2.619225	1.000104	6117.442019	4078.719219	0.000000	0.000000	-51.553170	0.002000	1.216755	3.997731	-0.999955	0.000000
2.639225	1.000104	6117.442019	4078.719219	0.000000	0.000000	-51.553170	0.002000	1.216755	3.997731	-0.999955	0.000000
2.659225	1.000104	6117.442019	4078.719219	0.000000	0.000000	-51.553170	0.002000	1.216755	3.997731	-0.999955	0.000000
2.679225	1.000104	6117.442019	4078.719219	0.000000	0.000000	-51.553170	0.002000	1.216755	3.997731	-0.999955	0.000000
2.699225	1.000104	6117.442019	4078.719219	0.000000	0.000000	-51.553170	0.002000	1.216755	3.997731	-0.999955	0.000000
2.719225	1.000104	6117.442019	4078.719219	0.000000	0.000000	-51.553170	0.002000	1.216755	3.997731	-0.999955	0.000000
2.739225	1.000104	6117.442019	4078.719219	0.000000	0.000000	-51.553170	0.002000	1.216755	3.997731	-0.999955	0.000000
2.759225	1.000104	6117.442019	4078.719219	0.000000	0.000000	-51.553170	0.002000	1.216755	3.997731	-0.999955	0.000000
2.779225	1.000104	6117.442019	4078.719219	0.000000	0.000000	-51.553170	0.002000	1.216755	3.997731	-0.999955	0.000000
2.799225	1.000104	6117.442019	4078.719219	0.000000	0.000000	-51.553170	0.002000	1.216755	3.997731	-0.999955	0.000000
2.819225	1.000104	6117.442019	4078.719219	0.000000	0.000000	-51.553170	0.002000	1.216755	3.997731	-0.999955	0.000000
2.839225	1.000104	6117.442019	4078.719219	0.000000	0.000000	-51.553170	0.002000	1.216755	3.997731	-0.999955	0.000000
2.859225	1.000104	6117.442019	4078.719219	0.000000	0.000000	-51.553170	0.002000	1.216755	3.997731	-0.999955	0.000000
2.879225	1.000104	6117.442019	4078.719219	0.000000	0.000000	-51.553170	0.002000	1.216755	3.997731	-0.999955	0.000000
2.899225	1.000104	6117.442019	4078.719219	0.000000	0.000000	-51.553170	0.002000	1.216755	3.997731	-0.999955	0.000000
2.919225	1.000104	6117.442019	4078.719219	0.000000	0.000000	-51.553170	0.002000	1.216755	3.997731	-0.999955	0.000000
2.939225	1.000104	6117.442019	4078.719219	0.000000	0.000000	-51.553170	0.002000	1.216755	3.997731	-0.999955	0.000000
2.959225	1.000104	6117.442019	4078.719219	0.000000	0.000000	-51.553170	0.002000	1.216755	3.997731	-0.999955	0.000000
2.979225	1.000104	6117.442019	4078.719219	0.000000	0.000000	-51.553170	0.002000	1.216755	3.997731	-0.999955	0.000000
2.999225	1.000104	6117.442019	4078.719219	0.000000	0.000000	-51.553170	0.002000	1.216755	3.997731	-0.999955	0.000000
3.019225	1.000104	6117.442019	4078.719219	0.000000	0.000000	-51.553170	0.002000	1.216755	3.997731	-0.999955	0.000000
3.039225	1.000104	6117.442019	4078.719219	0.000000	0.000000	-51.553170	0.002000	1.216755	3.997731	-0.999955	0.000000
3.059225	1.000104	6117.442019	4078.719219	0.000000	0.000000	-51.553170	0.002000	1.216755	3.997731	-0.999955	0.000000
3.079225	1.000104	6117.442019	4078.719219	0.000000	0.000000	-51.553170	0.002000	1.216755	3.997731	-0.999955	0.000000
3.099225	1.000104	6117.442019	4078.719219	0.000000	0.000000	-51.553170	0.002000	1.216755	3.997731	-0.999955	0.000000
3.119225	1.000104	6117.442019	4078.719219	0.000000	0.000000	-51.553170	0.002000	1.216755	3.997731	-0.999955	0.000000
3.139225	1.000104	6117.442019	4078.719219	0.000000	0.000000	-51.553170	0.002000	1.216755	3.997731	-0.999955	0.000000
3.159225	1.000104	6117.442019	4078.719219	0.000000	0.000000	-51.553170	0.002000	1.216755	3.997731	-0.999955	0.000000
3.179225	1.000104	6117.442019	4078.719219	0.000000	0.000000	-51.553170	0.002000	1.216755	3.997731	-0.999955	0.000000
3.199225	1.000104	6117.442019	4078.719219	0.000000	0.000000	-51.553170	0.002000	1.216755	3.997731	-0.999955	0.000000
3.219225	1.000104	6117.442019	4078.719219	0.000000	0.000000	-51.553170	0.002000	1.216755	3.997731	-0.999955	0.000000
3.239225	1.000104	6117.442019	4078.719219	0.000000	0.000000	-51.553170	0.002000	1.216755	3.997731	-0.999955	0.000000
3.259225	1.000104	6117.442019	4078.719219	0.000000	0.000000	-51.553170	0.002000	1.216755	3.997731	-0.999955	0.000000
3.279225	1.000104	6117.442019	4078.719219	0.000000	0.000000	-51.553170	0.002000	1.216755	3.997731	-0.999955	0.000000
3.299225	1.000104	6117.442019	4078.719219	0.000000	0.000000	-51.553170	0.002000	1.216755	3.997731	-0.999955	0.000000
3.319225	1.000104	6117.442019	4078.719219	0.000000	0.000000	-51.553170	0.002000	1.216755	3.997731	-0.999955	0.000000
3.339225	1.000104	6117.442019	4078.719219	0.000000	0.000000	-51.553170	0.002000	1.216755	3.997731	-0.999955	0.000000
3.359225	1.000104	6117.442019	4078.719219	0.000000	0.000000	-51.553170	0.002000	1.216755	3.997731	-0.999955	0.000000
3.379225	1.000104	6117.442019	4078.719219	0.000000	0.000000	-51.553170	0.002000	1.216755	3.997731	-0.999955	0.000000
3.399225	1.000104	6117.442019	4078.719219	0.000000	0.000000	-51.553170	0.002000	1.216755	3.997731	-0.999955	0.000000
3.419225	1.000104	6117.442019	4078.719219	0.000000	0.000000	-51.553170	0.002000	1.216755	3.997731	-0.999955	0.000000
3.439225	1.000104	6117.442019	4078.719219	0.000000	0.000000	-51.553170	0.002000	1.216755	3.997731	-0.999955	0.000000
3.459225	1.000104	6117.442019	4078.719219	0.000000	0.000000	-51.553170	0.002000	1.216755	3.997731	-0.999955	0.000000
3.479225	1.000104	6117.442019	4078.719219	0.000000	0.000000	-51.553170	0.002000	1.216755	3.997731	-0.999955	0.000000
3.499225	1.000104	6117.442019	4078.719219	0.000000	0.000000	-51.553170	0.002000	1.216755	3.997731	-0.999955	0.000000
3.519225	1.000104	6117.442019	4078.719219	0.000000	0.000000	-51.553170	0.002000	1.216755	3.997731	-0.999955	0.000000
3.539225	1.000104	6117.442019	4078.719219	0.000000	0.000000	-51.553170	0.002000	1.216755	3.997731	-0.999955	0.000000
3.559225	1.000104	6117.442019	4078.719219	0.000000	0.000000	-51.553170	0.002000	1.216755	3.997731	-0.999955	0.000000
3.579225	1.000104	6117.442019	4078.719219	0.000000	0.000000	-51.553170	0.002000	1.216755	3.997731	-0.999955	0.000000
3.599225	1.000104	6117.442019	4078.719219	0.000000	0.000000	-51.553170	0.002000	1.216755	3.997731	-0.999955	0.000000
3.619225	1.000104	6117.442019	4078.719219	0.000000	0.000000	-51.553170	0.002000	1.216755	3.997731	-0.999955	0.000000
3.639225	1.000104	6117.442019	4078.719219	0.000000	0.000000	-51.553170	0.002000	1.216755	3.997731	-0.999955	0.000000
3.659225	1.000104	6117.442019	4078.719219	0.000000	0.000000	-51.553170	0.002000	1.216755	3.997731	-0.999955	0.000000
3.679225	1.000104	6117.442019	4078.719219	0.000000	0.000000	-51.553170	0.002000	1.216755	3.997731	-0.999955	0.000000
3.699225	1.000104	6117.442019	4078.719219	0.000000	0.000000	-51.553170	0.002000	1.216755	3.997731	-0.999955	0.000000
3.719225	1.000104	6117.442019	4078.719219	0.000000	0.000000	-51.553170	0.002000	1.216755	3.997731	-0.999955	0.000000
3.739225	1.000104	6117.442019	4078.719219	0.000000	0.000000	-51.553170	0.002000	1.216755	3.997731	-0.999955	0.000000
3.759225	1.000104	6117.442019	4078.719219	0.000000	0.000000	-51.553170	0.002000	1.216755	3.997731	-0.999955	0.000000
3.779225	1.000104	6117.442019	4078.719219	0.000000	0.000000	-51.553170	0.002000	1.216755	3.997731	-0.999955	0.000000
3.799225	1.000104	6117.442019	4078.719219	0.000000	0.000000	-51.553170	0.002000	1.216755	3.997731	-0.999955	0.000000
3.819225	1.000104	6117.442019	4078.719219	0.000000	0.000000	-51.553170	0.002000	1.216755	3.997731	-0.999955	0.000000
3.839225	1.000104	6117.442019	4078.719219	0.000000	0.000000	-51.553170	0.002000	1.216755	3.997731	-0.999955	0.000000
3.859225	1.000104	6117.442019	4078.719219	0.000000	0.000000	-51.553170	0.002000	1.216755	3.997731	-0.999955	0.000000
3.879225	1.000104	6117.442019	4078.719219	0.000000	0.000000	-51.553170	0.002000	1.216755	3.997731	-0.999955	0.000000
3.899225	1.000104	6117.442019	4078.719219	0.000000	0.000000	-51.553170	0.002000	1.216755	3.997731	-0.999955	0.000000
3.919225	1.000104	6117.442019	4078.719219	0.000000	0.000000	-51.553170	0.002000	1.216755	3.997731	-0.999955	0.000000
3.939225	1.000104	6117.442019	4078.719219	0.000000	0.000000	-51.553170	0.002000	1.216755	3.997731	-0.999955	0.000000
3.959225	1.000104	6117.442019	4078.719219	0.000000	0.000000	-51.553170	0.002000	1.216755	3.997731	-0.999955	0.000000
3.979225	1.000104	6117.442019	4078.719219	0.000000	0.000000	-51.553170	0.002000	1.216755	3.997731	-0.999955	0.000000
3.999225	1.000104	6117.442019	4078.719219	0.000000	0.000000	-51.553170	0.002000	1.216755	3.997731	-0.999955	0.000000
4.019225	1.000104	6117.442019	4078.719219	0.000000	0.000000	-51.553170	0.002000	1.216755	3.997731	-0.999955	0.000000
4.039225	1.000104	6117.442019	4078.719219	0.000000	0.000000	-51.553170	0.002000	1.216755	3.997731	-0.999955	0.000000
4.059225	1.000104	6117.442019	4078.719219	0.000000	0.000000	-51.553170	0.002000	1.216755	3.997731	-0.999955	0.000000
4.079225	1.000104	6117.442019	4078.719219	0.000000	0.000000	-51.553170	0.002000	1.216755	3.997731	-0.999955	0.000000
4.099225	1.000104	6117.442019	4078.719219	0.000000	0.000000	-51.553170	0.002000	1.216755	3.997731	-0.999955	0.000000
4.119225	1.000104	6117.442019	4078.719219	0.000000	0.000000	-51.553170	0.002000	1.216755	3.997731	-0.999955	0.000000
4.139225	1.000104	6117.442019	4078.719219	0.000000	-0.000000	-51.553170	0.002000	1.216755	3.997731	-0.999955	0.000000
4.159225	1.000104	6117.442019	4078.719219	0.000000	0.000000	-51.553170	0.002000	1.216755	3.997731	-0.999955	0.000000
4.179225	1.000104	6117.442019	4078.719219	0.000000	0.000000	-51.553170	0.002000	1.216755	3.997731	-0.999955	0.000000
4.199225	1.000104	6117.442019	4078.719219	0.000000	0.000000	-51.553170	0.002000	1.216755	3.997731	-0.999955	0.000000
4.219225	1.000104	6117.442019	4078.719219	0.000000	0.000000	-51.553170	0.002000	1.216755	3.997731	-0.999955	0.000000
4.239225	1.000104	6117.442019	4078.719219	0.000000	0.000000	-51.553170	0.002000	1.216755	3.997731	-0.999955	0.000000
4.259225	1.000104	6117.442019	4078.719219	0.000000	0.000000	-51.553170	0.002000	1.216755	3.997731	-0.999955	0.000000
4.279225	1.000104	6117.442019	4078.719219	-0.000000	-0.000000	-51.553170	0.002000	1.216755	3.997731	-0.999955	0.000000
4.299225	1.000104	6117.442019	4078.719219	-0.000000	-0.000001	-51.553170	0.002000	1.216755	3.997731	-0.999955	0.000000
4.319225	1.000104	6117.442019	4078.719219	0.000000	-0.000001	-51.553170	0.002000	1.216755	3.997731	-0.999955	0.000000
4.339225	1.000104	6117.442019	4078.719219	0.000000	0.000001	-51.553170	0.002000	1.216755	3.997731	-0.999955	0.000000
4.359225	1.000104	6117.442019	4078.719219	-0.000000	0.000001	-51.553170	0.002000	1.216755	3.997731	-0.999955	0.000000
4.379225	1.000104	6117.442019	4078.719219	-0.000000	-0.000001	-51.553170	0.002000	1.216755	3.997731	-0.999955	0.000000
4.399225	1.000104	6117.442019	4078.719219	0.000000	-0.000000	-51.553170	0.002000	1.216755	3.997731	-0.999955	0.000000
4.419225	1.000104	6117.442019	4078.719219	0.000000	0.000001	-51.553170	0.002000	1.216755	3.997731	-0.999955	0.000000
4.439225	1.000104	6117.442019	4078.719219	-0.000000	0.000001	-51.553170	0.002000	1.216755	3.997731	-0.999955	0.000000
4.459225	1.000104	6117.442019	4078.719219	-0.000000	-0.000001	-51.553170	0.002000	1.216755	3.997731	-0.999955	0.000000
4.479225	1.000104	6117.442019	4078.719219	-0.000000	-0.000000	-51.553170	0.002000	1.216755	3.997731	-0.999955	0.000000
4.499225	1.000104	6117.442019	4078.719219	-0.000000	-0.000001	-51.553170	0.002000	1.216755	3.997731	-0.999955	0.000000
4.519225	1.000104	6117.442019	4078.719219	0.000000	0.000001	-51.553170	0.002000	1.216755	3.997731	-0.999955	0.000000
4.539225	1.000104	6117.442019	4078.719219	-0.000000	0.000000	-51.553170	0.002000	1.216755	3.997731	-0.999955	0.000000
4.559225	1.000104	6117.442019	4078.719219	0.000000	-0.000002	-51.553170	0.002000	1.216755	3.997731	-0.999955	0.000000
4.579225	1.000104	6117.442019	4078.719219	0.000000	0.000001	-51.553170	0.002000	1.216755	3.997731	-0.999955	0.000000
4.599225	1.000104	6117.442019	4078.719219	-0.000000	0.000001	-51.553170	0.002000	1.216755	3.997731	-0.999955	0.000000
4.619225	1.000104	6117.442019	4078.719219	-0.000000	-0.000001	-51.553170	0.002000	1.216755	3.997731	-0.999955	0.000000
4.639225	1.000104	6117.442019	4078.719219	0.000000	-0.000001	-51.553170	0.002000	1.216755	3.997731	-0.999955	0.000000
4.659225	1.000104	6117.442019	4078.719219	0.000000	-0.000001	-51.553170	0.002000	1.216755	3.997731	-0.999955	0.000000
4.679225	1.000104	6117.442019	4078.719219	0.000000	0.000000	-51.553170	0.002000	1.216755	3.997731	-0.999955	0.000000
4.699225	1.000104	6117.442019	4078.719219	-0.000000	0.000000	-51.553170	0.002000	1.216755	3.997731	-0.999955	0.000000
4.719225	1.000104	6117.442019	4078.719219	-0.000000	0.000001	-51.553170	0.002000	1.216755	3.997731	-0.999955	0.000000
4.739225	1.000104	6117.442019	4078.719219	0.000000	0.000001	-51.553170	0.002000	1.216755	3.997731	-0.999955	0.000000
4.759225	1.000104	6117.442019	4078.719219	-0.000000	0.000002	-51.553170	0.002000	1.216755	3.997731	-0.999955	0.000000
4.779225	1.000104	6117.442019	4078.719219	-0.000000	-0.000001	-51.553170	0.002000	1.216755	3.997731	-0.999955	0.000000
4.799225	1.000104	6117.442019	4078.719219	0.000000	-0.000002	-51.553170	0.002000	1.216755	3.997731	-0.999955	0.000000
4.819225	1.000104	6117.442019	4078.719219	0.000000	0.000000	-51.553170	0.002000	1.216755	3.997731	-0.999955	0.000000
4.839225	1.000104	6117.442019	4078.719219	0.000000	0.000003	-51.553170	0.002000	1.216755	3.997731	-0.999955	0.000000
4.859225	1.000104	6117.442019	4078.719219	-0.000000	0.000003	-51.553170	0.002000	1.216755	3.997731	-0.999955	0.000000
4.879225	1.000104	6117.442019	4078.719219	-0.000000	-0.000000	-51.553170	0.002000	1.216755	3.997731	-0.999955	0.000000
4.899225	1.000104	6117.442019	4078.719219	-0.000000	-0.000002	-51.553170	0.002000	1.216755	3.997731	-0.999955	0.000000
4.919225	1.000104	6117.442019	4078.719219	0.000000	-0.000001	-51.553170	0.002000	1.216755	3.997731	-0.999955	0.000000
4.939225	1.000104	6117.442019	4078.719219	-0.000000	0.000001	-51.553170	0.002000	1.216755	3.997731	-0.999955	0.000000
4.959225	1.000104	6117.442019	4078.719219	-0.000000	-0.000002	-51.553170	0.002000	1.216755	3.997731	-0.999955	0.000000
4.979225	1.000104	6117.442019	4078.719219	0.000000	-0.000002	-51.553170	0.002000	1.216755	3.997731	-0.999955	0.000000
4.999225	1.000104	6117.442019	4078.719219	0.000000	0.000002	-51.553170	0.002000	1.216755	3.997731	-0.999955	0.000000
5.019225	1.000104	6117.442019	4078.719219	-0.000000	0.000001	-51.553170	0.002000	1.216755	3.997731	-0.999955	0.000000
5.039225	1.000104	6117.442019	4078.719219	-0.000000	0.000000	-51.553170	0.002000	1.216755	3.997731	-0.999955	0.000000
5.059225	1.000104	6117.442019	4078.719219	0.000000	-0.000000	-51.553170	0.002000	1.216755	3.997731	-0.999955	0.000000
5.079225	1.000104	6117.442019	4078.719219	0.000000	-0.000000	-51.553170	0.002000	1.216755	3.997731	-0.999955	0.000000
5.099225	1.000104	6117.442019	4078.719219	0.000000	-0.000000	-51.553170	0.002000	1.216755	3.997731	-0.999955	0.000000
5.119225	1.000104	6117.442019	4078.719219	0.000000	-0.000000	-51.553170	0.002000	1.216755	3.997731	-0.999955	0.000000
5.139225	1.000104	6117.442019	4078.719219	0.000000	0.000000	-51.553170	0.002000	1.216755	3.997731	-0.999955	0.000000
5.159225	1.000104	6117.442019	4078.719219	0.000000	-0.000000	-51.553170	0.002000	1.216755	3.997731	-0.999955	0.000000
5.179225	1.000104	6117.442019	4078.719219	0.000000	-0.000000	-51.553170	0.002000	1.216755	3.997731	-0.999955	0.000000
5.199225	1.000104	6117.442019	4078.719219	0.000000	-0.000000	-51.553170	0.002000	1.216755	3.997731	-0.999955	0.000000
5.219225	1.000104	6117.442019	4078.719219	0.000000	-0.000000	-51.553170	0.002000	1.216755	3.997731	-0.999955	0.000000
5.239225	1.000104	6117.442019	4078.719219	0.000000	0.000000	-51.553170	0.002000	1.216755	3.997731	-0.999955	0.000000
5.259225	1.000104	6117.442019	4078.719219	0.000000	0.000000	-51.553170	0.002000	1.216755	3.997731	-0.999955	0.000000
5.279225	1.000104	6117.442019	4078.719219	0.000000	0.000000	-51.553170	0.002000	1.216755	3.997731	-0.999955	0.000000
5.299225	1.000104	6117.442019	4078.719219	0.000000	0.000000	-51.553170	0.002000	1.216755	3.997731	-0.999955	0.000000
5.319225	1.000104	6117.442019	4078.719219	0.000000	0.000000	-51.553170	0.002000	1.216755	3.997731	-0.999955	0.000000
5.339225	1.000104	6117.442019	4078.719219	0.000000	0.000000	-51.553170	0.002000	1.216755	3.997731	-0.999955	0.000000
5.359225	1.000104	6117.442019	4078.719219	0.000000	0.000000	-51.553170	0.002000	1.216755	3.997731	-0.999955	0.000000
5.379225	1.000104	6117.442019	4078.719219	0.000000	0.000000	-51.553170	0.002000	1.216755	3.997731	-0.999955	0.000000
5.399225	1.000104	6117.442019	4078.719219	0.000000	0.000000	-51.553170	0.002000	1.216755	3.997731	-0.999955	0.000000
5.419225	1.000104	6117.442019	4078.719219	0.000000	0.000000	-51.553170	0.002000	1.216755	3.997731	-0.999955	0.000000
5.439225	1.000104	6117.442019	4078.719219	0.000000	0.000000	-51.553170	0.002000	1.216755	3.997731	-0.999955	0.000000
5.459225	1.000104	6117.442019	4078.719219	0.000000	0.000000	-51.553170	0.002000	1.216755	3.997731	-0.999955	0.000000
5.479225	1.000104	6117.442019	4078.719219	0.000000	0.000000	-51.553170	0.002000	1.216755	3.997731	-0.999955	0.000000
5.499225	1.000104	6117.442019	4078.719219	0.000000	0.000000	-51.553170	0.002000	1.216755	3.997731	-0.999955	0.000000
5.519225	1.000104	6117.442019	4078.719219	0.000000	0.000000	-51.553170	0.002000	1.216755	3.997731	-0.999955	0.000000
5.539225	1.000104	6117.442019	4078.719219	0.000000	0.000000	-51.553170	0.002000	1.216755	3.997731	-0.999955	0.000000
5.559225	1.000104	6117.442019	4078.719219	0.000000	0.000000	-51.553170	0.002000	1.216755	3.997731	-0.999955	0.000000
5.579225	1.000104	6117.442019	4078.719219	0.000000	0.000000	-51.553170	0.002000	1.216755	3.997731	-0.999955	0.000000
5.599225	1.000104	6117.442019	4078.719219	0.000000	0.000000	-51.553170	0.002000	1.216755	3.997731	-0.999955	0.000000
5.619225	1.000104	6117.442019	4078.719219	0.000000	0.000000	-51.553170	0.002000	1.216755	3.997731	-0.999955	0.000000
5.639225	1.000104	6117.442019	4078.719219	0.000000	0.000000	-51.553170	0.002000	1.216755	3.997731	-0.999955	0.000000
5.659225	1.000104	6117.442019	4078.719219	0.000000	0.000000	-51.553170	0.002000	1.216755	3.997731	-0.999955	0.000000
5.679225	1.000104	6117.442019	4078.719219	0.000000	0.000000	-51.553170	0.002000	1.216755	3.997731	-0.999955	0.000000
5.699225	1.000104	6117.442019	4078.719219	0.000000	0.000000	-51.553170	0.002000	1.216755	3.997731	-0.999955	0.000000
5.719225	1.000104	6117.442019	4078.719219	0.000000	0.000000	-51.553170	0.002000	1.216755	3.997731	-0.999955	0.000000
5.739225	1.000104	6117.442019	4078.719219	0.000000	0.000000	-51.553170	0.002000	1.216755	3.997731	-0.999955	0.000000
5.759225	1.000104	6117.442019	4078.719219	0.000000	0.000000	-51.553170	0.002000	1.216755	3.997731	-0.999955	0.000000
5.779225	1.000104	6117.442019	4078.719219	0.000000	0.000000	-51.553170	0.002000	1.216755	3.997731	-0.999955	0.000000
5.799225	1.000104	6117.442019	4078.719219	0.000000	0.000000	-51.553170	0.002000	1.216755	3.997731	-0.999955	0.000000
5.819225	1.000104	6117.442019	4078.719219	0.000000	0.000000	-51.553170	0.002000	1.216755	3.997731	-0.999955	0.000000
5.839225	1.000104	6117.442019	4078.719219	0.000000	0.000000	-51.553170	0.002000	1.216755	3.997731	-0.999955	0.000000
5.859225	1.000104	6117.442019	4078.719219	0.000000	0.000000	-51.553170	0.002000	1.216755	3.997731	-0.999955	0.000000
5.879225	1.000104	6117.442019	4078.719219	0.000000	0.000000	-51.553170	0.002000	1.216755	3.997731	-0.999955	0.000000
5.899225	1.000104	6117.442019	4078.719219	0.000000	0.000000	-51.553170	0.002000	1.216755	3.997731	-0.999955	0.000000
5.919225	1.000104	6117.442019	4078.719219	0.000000	0.000000	-51.553170	0.002000	1.216755	3.997731	-0.999955	0.000000
5.939225	1.000104	6117.442019	4078.719219	0.000000	0.000000	-51.553170	0.002000	1.216755	3.997731	-0.999955	0.000000
5.959225	1.000104	6117.442019	4078.719219	0.000000	0.000000	-51.553170	0.002000	1.216755	3.997731	-0.999955	0.000000
5.979225	1.000104	6117.442019	4078.719219	0.000000	0.000000	-51.553170	0.002000	1.216755	3.997731	-0.999955	0.000000
5.999225	1.000104	6117.442019	4078.719219	0.000000	0.000000	-51.553170	0.002000	1.216755	3.997731	-0.999955	0.000000
6.019225	1.000104	6117.442019	4078.719219	0.000000	0.000000	-51.553170	0.002000	1.216755	3.997731	-0.999955	0.000000
6.039225	1.000104	6117.442019	4078.719219	0.000000	0.000000	-51.553170	0.002000	1.216755	3.997731	-0.999955	0.000000
6.059225	1.000104	6117.442019	4078.719219	0.000000	0.000000	-51.553170	0.002000	1.216755	3.997731	-0.999955	0.000000
6.079225	1.000104	6117.442019	4078.719219	0.000000	0.000000	-51.553170	0.002000	1.216755	3.997731	-0.999955	0.000000
6.099225	1.000104	6117.442019	4078.719219	0.000000	0.000000	-51.553170	0.002000	1.216755	3.997731	-0.999955	0.000000
6.119225	1.000104	6117.442019	4078.719219	0.000000	0.000000	-51.553170	0.002000	1.216755	3.997731	-0.999955	0.000000
6.139225	1.000104	6117.442019	4078.719219	0.000000	0.000000	-51.553170	0.002000	1.216755	3.997731	-0.999955	0.000000
6.159225	1.000104	6117.442019	4078.719219	0.000000	0.000000	-51.553170	0.002000	1.216755	3.997731	-0.999955	0.000000
6.179225	1.000104	6117.442019	4078.719219	0.000000	0.000000	-51.553170	0.002000	1.216755	3.997731	-0.999955	0.000000
6.199225	1.000104	6117.442019	4078.719219	0.000000	0.000000	-51.553170	0.002000	1.216755	3.997731	-0.999955	0.000000
6.219225	1.000104	6117.442019	4078.719219	0.000000	0.000000	-51.553170	0.002000	1.216755	3.997731	-0.999955	0.000000
6.239225	1.000104	6117.442019	4078.719219	0.000000	0.000000	-51.553170	0.002000	1.216755	3.997731	-0.999955	0.000000
6.259225	1.000104	6117.442019	4078.719219	0.000000	0.000000	-51.553170	0.002000	1.216755	3.997731	-0.999955	0.000000
6.279225	1.000104	6117.442019	4078.719219	0.000000	0.000000	-51.553170	0.002000	1.216755	3.997731	-0.999955	0.000000
6.299225	1.000104	6117.442019	4078.719219	0.000000	0.000000	-51.553170	0.002000	1.216755	3.997731	-0.999955	0.000000
6.319225	1.000104	6117.442019	4078.719219	0.000000	0.000000	-51.553170	0.002000	1.216755	3.997731	-0.999955	0.000000
6.339225	1.000104	6117.442019	4078.719219	0.000000	0.000000	-51.553170	0.002000	1.216755	3.997731	-0.999955	0.000000
6.359225	1.000104	6117.442019	4078.719219	0.000000	0.000000	-51.553170	0.002000	1.216755	3.997731	-0.999955	0.000000
6.379225	1.000104	6117.442019	4078.719219	0.000000	0.000000	-51.553170	0.002000	1.216755	3.997731	-0.999955	0.000000
6.399225	1.000104	6117.442019	4078.719219	0.000000	0.000000	-51.553170	0.002000	1.216755	3.997731	-0.999955	0.000000
6.419225	1.000104	6117.442019	4078.719219	0.000000	0.000000	-51.553170	0.002000	1.216755	3.997731	-0.999955	0.000000
6.439225	1.000104	6117.442019	4078.719219	-0.000000	0.000000	-51.553170	0.002000	1.216755	3.997731	-0.999955	0.000000
6.459225	1.000104	6117.442019	4078.719219	-0.000000	0.000000	-51.553170	0.002000	1.216755	3.997731	-0.999955	0.000000
6.479225	1.000104	6117.442019	4078.719219	-0.000000	0.000001	-51.553170	0.002000	1.216755	3.997731	-0.999955	0.000000
6.499225	1.000104	6117.442019	4078.719219	-0.000000	0.000005	-51.553170	0.002000	1.216755	3.997731	-0.999955	0.000000
6.519225	1.000104	6117.442019	4078.719219	-0.000000	0.000020	-51.553170	0.002000	1.216755	3.997731	-0.999955	0.000000
6.539225	1.000104	6117.442019	4078.719219	-0.000001	0.000066	-51.553170	0.002000	1.216755	3.997731	-0.999955	0.000000
6.559225	1.000104	6117.442019	4078.719220	-0.000002	0.000220	-51.553170	0.002000	1.216755	3.997731	-0.999955	0.000000
6.579225	1.000104	6117.442019	4078.719220	-0.000008	0.000729	-51.553170	0.002000	1.216755	3.997731	-0.999955	0.000000
6.599225	1.000104	6117.442019	4078.719220	-0.000027	0.002322	-51.553170	0.002000	1.216755	3.997731	-0.999955	0.000000
6.619225	1.000104	6117.442019	4078.719220	-0.000087	0.007235	-51.553170	0.002000	1.216755	3.997731	-0.999955	0.000000
6.639225	1.000104	6117.442020	4078.719220	-0.000268	0.021883	-51.553170	0.002000	1.216755	3.997731	-0.999955	0.000000
6.659225	1.000104	6117.442020	4078.719220	-0.000804	0.064080	-51.553170	0.002000	1.216755	3.997731	-0.999955	0.000000
6.679225	1.000104	6117.442022	4078.719222	-0.002333	0.180936	-51.553170	0.002000	1.216755	3.997731	-0.999955	0.000000
6.699225	1.000104	6117.442026	4078.719227	-0.006512	0.489496	-51.553170	0.002000	1.216755	3.997731	-0.999955	0.000000
6.719225	1.000104	6117.442037	4078.719239	-0.017370	1.257814	-51.553170	0.002000	1.216755	3.997731	-0.999955	0.000000
6.739225	1.000104	6117.442067	4078.719273	-0.043832	3.027310	-51.553170	0.002000	1.216755	3.997731	-0.999955	0.000000
6.759225	1.000104	6117.442140	4078.719358	-0.102880	6.655359	-51.553170	0.002000	1.216755	3.997731	-0.999955	0.000000
6.779225	1.000104	6117.442303	4078.719555	-0.217522	12.653122	-51.553171	0.002000	1.216755	3.997731	-0.999955	0.000000
6.799225	1.000104	6117.442618	4078.719964	-0.383737	17.532952	-51.553171	0.002000	1.216755	3.997731	-0.999955	0.000000
6.819225	1.000104	6117.443081	4078.720657	-0.417850	0.110660	-51.553173	0.002000	1.216755	3.997731	-0.999955	0.000000
6.839225	1.000104	6117.443210	4078.721303	0.576573	-121.475756	-51.553174	0.002000	1.216755	3.997731	-0.999955	0.000000
6.859225	1.000104	6117.440630	4078.719721	5.806282	-609.051819	-51.553173	0.002000	1.216755	3.997730	-0.999955	0.000000
6.879225	1.000103	6117.426821	4078.707288	25.051159	-2202.791830	-51.553157	0.002000	1.216755	3.997730	-0.999955	0.000000
6.899225	1.000099	6117.375688	4078.656090	84.911720	-6796.530775	-51.553084	0.002000	1.216755	3.997726	-0.999957	0.000000
6.919225	1.000082	6117.215816	4078.486460	251.009092	-18812.263976	-51.552831	0.002000	1.216755	3.997715	-0.999964	0.000000
6.939226	1.000031	6116.769275	4077.992524	670.710287	-47672.364781	-51.552076	0.002000	1.216755	3.997684	-0.999986	0.000000
6.959228	0.999891	6115.629784	4076.687853	1644.321272	-111588.277222	-51.550041	0.002000	1.216755	3.997605	-1.000045	0.000000
6.979234	0.999539	6112.946816	4073.519136	3722.431864	-242082.470368	-51.545015	0.002001	1.216755	3.997417	-1.000196	0.000000
6.999249	0.998722	6107.093546	4066.400240	7795.471582	-486911.371485	-51.533565	0.002003	1.216755	3.997007	-1.000545	0.000000
7.019286	0.996970	6095.242202	4051.582441	15097.358385	-906912.589738	-51.509425	0.002006	1.216755	3.996174	-1.001297	0.000000
7.039369	0.993492	6072.960019	4022.999528	27011.651474	-1561603.986067	-51.462308	0.002013	1.216755	3.994599	-1.002797	0.000000
7.059543	0.987099	6033.990210	3971.914983	44576.227749	-2483371.157433	-51.377194	0.002026	1.216755	3.991826	-1.005574	0.000000
7.079882	0.976232	5970.330183	3887.341791	67878.235694	-3651697.781547	-51.234546	0.002049	1.216755	3.987249	-1.010344	0.000000
7.100502	0.959044	5872.557900	3757.066080	95593.598025	-4980420.236711	-51.012695	0.002085	1.216755	3.980113	-1.018012	0.000000
7.121575	0.933685	5729.927596	3569.645132	124960.620731	-6335106.486756	-50.689957	0.002142	1.216755	3.969472	-1.029595	0.000000
7.143333	0.898239	5532.474597	3316.519240	153044.990899	-7543196.656961	-50.246188	0.002227	1.216755	3.954280	-1.046346	0.000000
7.166111	0.850343	5275.994899	2994.756259	177080.619329	-8386185.484743	-49.664799	0.002352	1.216755	3.933699	-1.070085	0.000000
7.190421	0.788079	4974.112985	2617.159476	195309.999681	-8698644.332377	-48.915582	0.002538	1.216755	3.908133	-1.103051	0.000000
7.217005	0.708124	4670.026200	2208.183914	209323.706673	-8378129.002382	-47.962455	0.002824	1.216755	3.880744	-1.149457	0.000000
7.247314	0.611346	4417.395377	1803.472494	217124.779115	-7600660.269317	-46.731156	0.003271	1.216755	3.856580	-1.213218	0.000000
7.283408	0.500907	4290.447168	1435.300691	223502.294331	-6603001.112697	-45.032685	0.003993	1.216755	3.843889	-1.299695	0.000000
7.329542	0.366425	4313.553815	1055.704595	233480.348134	-5400178.297182	-42.717906	0.005458	1.216755	3.846180	-1.435386	0.000000
7.402964	0.220007	5158.250319	757.979761	240752.039052	-3692016.221101	-37.856902	0.009091	1.216755	3.923768	-1.656859	0.000000
-0.003001	3.335816	103564.444865	230315.365124	-37.367245	0.000000	0.001030	0.000600	0.000000	5.226376	-0.476801	0.000000
-0.008994	3.345133	103249.582734	230256.022641	-90.622894	0.000000	0.003074	0.000598	0.000000	5.225053	-0.475591	0.000000
-0.014963	3.363267	102639.569557	230136.605880	-90.738333	0.000000	0.005025	0.000595	0.000000	5.222480	-0.473242	0.000000
-0.020891	3.389224	101774.854534	229959.007192	-37.210321	0.000000	0.006704	0.000590	0.000000	5.218805	-0.469903	0.000000
-0.026768	3.421456	100716.868713	229732.638857	40.560221	0.000000	0.007847	0.000585	0.000000	5.214265	-0.465791	0.000000
-0.032585	3.457891	99544.988218	229477.319269	97.994560	0.000000	0.008185	0.000578	0.000000	5.209180	-0.461189	0.000000
-0.038339	3.496072	98348.422795	229221.994599	98.997904	0.000000	0.007559	0.000572	0.000000	5.203926	-0.456418	0.000000
-0.044029	3.533415	97214.571941	228999.173598	32.514192	0.000000	0.006006	0.000566	0.000000	5.198887	-0.451802	0.000000
-0.049660	3.567539	96216.611135	228837.114157	-83.583678	0.000000	0.003772	0.000561	0.000000	5.194405	-0.447627	0.000000
-0.055241	3.596605	95403.837456	228752.755776	-212.965060	0.000000	0.001255	0.000556	0.000000	5.190721	-0.444102	0.000000
-0.060782	3.619548	94797.044964	228747.954653	-317.153750	0.000000	-0.001108	0.000553	0.000000	5.187950	-0.441341	0.000000
-0.066292	3.636154	94389.642538	228810.112365	-371.180777	0.000000	-0.002952	0.000550	0.000000	5.186082	-0.439355	0.000000
-0.071782	3.646963	94153.584840	228916.631855	-371.141706	0.000000	-0.004070	0.000548	0.000000	5.184996	-0.438067	0.000000
-0.077260	3.653037	94048.197279	229041.407418	-331.743432	0.000000	-0.004440	0.000547	0.000000	5.184512	-0.437346	0.000000
-0.082732	3.655670	94029.549274	229161.145709	-277.640736	0.000000	-0.004194	0.000547	0.000000	5.184427	-0.437034	0.000000
-0.088202	3.656126	94058.269391	229259.728588	-234.768490	0.000000	-0.003561	0.000547	0.000000	5.184560	-0.436980	0.000000
-0.093673	3.655451	94104.424059	229329.775050	-217.800293	0.000000	-0.002783	0.000547	0.000000	5.184773	-0.437061	0.000000
-0.319675	1.060455	9250.795941	6149.000986	7079767.316826	0.000000	49.185813	0.001886	0.000000	4.153592	-0.977536	0.000000
-0.339308	1.014055	6548.360321	4366.128944	1670623.004992	0.000000	51.068020	0.001972	0.000000	4.022107	-0.994758	0.000000
