0.000330	30.296406	8331.878525	168286.369845	1973.448495	16894615.778608	-0.011689	0.000066	1.216755	4.006209	0.481268	-0.890983	-5.581995	0.000000
0.000990	30.187197	8365.026751	168330.402544	6162.354640	12964427.296741	-0.035716	0.000066	1.216755	3.975335	0.479651	-0.755678	-5.557077	0.000000
0.001654	29.975644	8407.024709	167986.695798	10988.201379	17339523.451543	-0.061258	0.000067	1.216755	4.007393	0.476579	-0.878175	-5.591294	0.000000
0.002324	29.655432	8478.134612	167595.170299	17011.133077	19125341.404231	-0.089502	0.000067	1.216755	4.024457	0.471894	-0.944982	-5.621666	0.000000
0.003003	29.222818	8576.324255	167058.811049	24717.581092	20709023.592380	-0.121690	0.000068	1.216755	4.032227	0.465483	-0.960016	-5.641480	0.000000
0.003693	28.673906	8701.223804	166301.764690	35226.692428	23083991.390050	-0.159473	0.000070	1.216755	4.039405	0.457208	-0.965000	-5.661610	0.000000
0.004398	28.002064	8853.092470	165230.640539	49411.939294	26523300.893783	-0.204981	0.000071	1.216755	4.047586	0.446858	-0.968732	-5.684412	0.000000
0.005122	27.191747	9034.828732	163729.627446	69700.382853	31318632.159859	-0.261164	0.000074	1.216755	4.057529	0.434033	-0.975056	-5.711031	0.000000
0.005869	26.217167	9252.256917	161641.457198	98900.180404	38115439.554097	-0.332745	0.000076	1.216755	4.069035	0.418084	-0.981810	-5.741019	0.000000
0.006648	25.042551	9515.379707	158763.820956	141206.680398	47912018.606668	-0.426110	0.000080	1.216755	4.082252	0.398043	-0.987845	-5.774465	0.000000
0.007468	23.623488	9838.704975	154819.597463	206307.251953	63256881.434045	-0.552241	0.000085	1.216755	4.097520	0.372530	-0.992290	-5.811537	0.000000
0.008344	21.924867	10240.259576	149504.612884	298280.263329	88096461.035452	-0.726200	0.000091	1.216755	4.115413	0.339893	-0.995371	-5.852591	0.000000
0.009298	19.929033	10743.843713	142518.037461	441453.981658	129704085.751683	-0.970265	0.000100	1.216755	4.136619	0.298152	-0.997500	-5.897643	0.000000
0.010362	17.664254	11371.486353	133633.362568	644064.848098	199049631.494172	-1.320778	0.000113	1.216755	4.161568	0.245426	-0.999245	-5.946128	0.000000
0.011584	15.209876	12154.873658	122918.823375	937675.548679	307209752.790529	-1.816548	0.000131	1.216755	4.190813	0.180061	-1.001112	-5.997436	0.000000
0.013032	12.657743	13132.994023	110445.794724	1444909.417536	475912021.196133	-2.553854	0.000158	1.216755	4.224856	0.099852	-1.003704	-6.050202	0.000000
0.014820	10.179131	14341.937612	96937.327196	2042861.412853	707101332.495594	-3.635131	0.000196	1.216755	4.263783	0.004781	-1.007853	-6.104306	0.000000
0.017093	7.854689	15998.887423	83388.442569	3337921.673200	1025807757.467953	-5.216953	0.000255	1.216755	4.312449	-0.108467	-1.015132	-6.161950	0.000000
0.020167	5.679997	18490.086949	69622.974937	6503531.188456	1542973676.434077	-8.123478	0.000352	1.216755	4.377601	-0.250127	-1.029622	-6.219658	0.000000
0.024730	3.874217	22097.140182	56740.502314	10214246.228407	2207626567.331143	-13.262434	0.000516	1.216755	4.459719	-0.416751	-1.060787	-6.267892	0.000000
0.031608	2.617993	26897.213587	46679.232419	13467524.535826	2793273998.911520	-20.448269	0.000764	1.216755	4.554106	-0.586768	-1.126785	-6.284880	0.000000
0.041578	1.822614	29215.673182	35071.509286	17269386.197692	3317120923.595427	-29.861645	0.001097	1.216755	4.601921	-0.743513	-1.231437	-6.205437	0.000000
0.055387	1.350654	21078.457831	18532.222402	15702192.184572	3118808667.233374	-40.397384	0.001481	1.216755	4.465333	-0.872559	-1.285767	-6.047100	0.000000
0.072687	1.118216	10690.394678	7797.116617	7724035.727569	1417331304.227941	-47.690507	0.001789	1.216755	4.170754	-0.953042	-1.288739	-5.980180	0.000000
0.091865	1.032033	6967.787194	4758.567572	2347059.777953	313697030.034720	-50.566433	0.001938	1.216755	3.984856	-0.986837	-1.288745	-5.975284	0.000000
0.111672	1.007402	6253.672826	4194.020043	543521.166534	50260156.072149	-51.348398	0.001985	1.216755	3.937896	-0.996934	-1.288745	-5.975435	0.000000
0.131634	1.001555	6141.301318	4099.550873	104762.332223	8032425.301013	-51.516589	0.001997	1.216755	3.930021	-0.999355	-1.288745	-5.975502	0.000000
0.151628	1.000359	6122.893828	4083.214185	17531.122466	1376703.105517	-51.547408	0.001999	1.216755	3.928718	-0.999850	-1.288745	-5.975516	0.000000
0.171627	1.000144	6119.697359	4080.353911	2608.521935	241192.678725	-51.552350	0.002000	1.216755	3.928491	-0.999939	-1.288745	-5.975518	0.000000
0.191627	1.000110	6119.143316	4079.870365	354.720991	40650.114135	-51.553062	0.002000	1.216755	3.928452	-0.999953	-1.288745	-5.975518	0.000000
0.211626	1.000105	6119.051794	4079.793367	45.499005	6458.160470	-51.553156	0.002000	1.216755	3.928445	-0.999955	-1.288745	-5.975518	0.000000
0.231626	1.000104	6119.037548	4079.781813	5.772198	968.620721	-51.553168	0.002000	1.216755	3.928444	-0.999955	-1.288745	-5.975518	0.000000
0.251626	1.000104	6119.035448	4079.780159	0.770690	138.814520	-51.553170	0.002000	1.216755	3.928444	-0.999955	-1.288745	-5.975518	0.000000
0.271626	1.000104	6119.035150	4079.779928	0.113313	19.387406	-51.553170	0.002000	1.216755	3.928444	-0.999955	-1.288745	-5.975518	0.000000
0.291626	1.000104	6119.035108	4079.779896	0.018179	2.705674	-51.553170	0.002000	1.216755	3.928444	-0.999955	-1.288745	-5.975518	0.000000
0.311626	1.000104	6119.035103	4079.779892	0.003027	0.386513	-51.553170	0.002000	1.216755	3.928444	-0.999955	-1.288745	-5.975518	0.000000
0.331626	1.000104	6119.035102	4079.779891	0.000499	0.057276	-51.553170	0.002000	1.216755	3.928444	-0.999955	-1.288745	-5.975518	0.000000
0.351626	1.000104	6119.035102	4079.779891	0.000079	0.008775	-51.553170	0.002000	1.216755	3.928444	-0.999955	-1.288745	-5.975518	0.000000
0.371626	1.000104	6119.035102	4079.779891	0.000012	0.001369	-51.553170	0.002000	1.216755	3.928444	-0.999955	-1.288745	-5.975518	0.000000
0.391626	1.000104	6119.035102	4079.779891	0.000002	0.000213	-51.553170	0.002000	1.216755	3.928444	-0.999955	-1.288745	-5.975518	0.000000
0.411626	1.000104	6119.035102	4079.779891	0.000000	0.000032	-51.553170	0.002000	1.216755	3.928444	-0.999955	-1.288745	-5.975518	0.000000
0.431626	1.000104	6119.035102	4079.779891	0.000000	0.000005	-51.553170	0.002000	1.216755	3.928444	-0.999955	-1.288745	-5.975518	0.000000
0.451626	1.000104	6119.035102	4079.779891	-0.000000	0.000001	-51.553170	0.002000	1.216755	3.928444	-0.999955	-1.288745	-5.975518	0.000000
0.471626	1.000104	6119.035102	4079.779891	0.000000	-0.000001	-51.553170	0.002000	1.216755	3.928444	-0.999955	-1.288745	-5.975518	0.000000
0.491626	1.000104	6119.035102	4079.779891	0.000000	0.000000	-51.553170	0.002000	1.216755	3.928444	-0.999955	-1.288745	-5.975518	0.000000
0.511626	1.000104	6119.035102	4079.779891	-0.000000	0.000001	-51.553170	0.002000	1.216755	3.928444	-0.999955	-1.288745	-5.975518	0.000000
0.531626	1.000104	6119.035102	4079.779891	-0.000000	-0.000000	-51.553170	0.002000	1.216755	3.928444	-0.999955	-1.288745	-5.975518	0.000000
0.551626	1.000104	6119.035102	4079.779891	0.000000	-0.000001	-51.553170	0.002000	1.216755	3.928444	-0.999955	-1.288745	-5.975518	0.000000
0.571626	1.000104	6119.035102	4079.779891	0.000000	0.000000	-51.553170	0.002000	1.216755	3.928444	-0.999955	-1.288745	-5.975518	0.000000
0.591626	1.000104	6119.035102	4079.779891	0.000000	0.000000	-51.553170	0.002000	1.216755	3.928444	-0.999955	-1.288745	-5.975518	0.000000
0.611626	1.000104	6119.035102	4079.779891	-0.000000	0.000000	-51.553170	0.002000	1.216755	3.928444	-0.999955	-1.288745	-5.975518	0.000000
0.631626	1.000104	6119.035102	4079.779891	-0.000000	-0.000000	-51.553170	0.002000	1.216755	3.928444	-0.999955	-1.288745	-5.975518	0.000000
0.651626	1.000104	6119.035102	4079.779891	0.000000	-0.000000	-51.553170	0.002000	1.216755	3.928444	-0.999955	-1.288745	-5.975518	0.000000
0.671626	1.000104	6119.035102	4079.779891	0.000000	0.000000	-51.553170	0.002000	1.216755	3.928444	-0.999955	-1.288745	-5.975518	0.000000
0.691626	1.000104	6119.035102	4079.779891	-0.000000	0.000000	-51.553170	0.002000	1.216755	3.928444	-0.999955	-1.288745	-5.975518	0.000000
0.711626	1.000104	6119.035102	4079.779891	-0.000000	0.000000	-51.553170	0.002000	1.216755	3.928444	-0.999955	-1.288745	-5.975518	0.000000
0.731626	1.000104	6119.035102	4079.779891	-0.000000	0.000000	-51.553170	0.002000	1.216755	3.928444	-0.999955	-1.288745	-5.975518	0.000000
0.751626	1.000104	6119.035102	4079.779891	-0.000000	0.000000	-51.553170	0.002000	1.216755	3.928444	-0.999955	-1.288745	-5.975518	0.000000
0.771626	1.000104	6119.035102	4079.779891	-0.000000	0.000000	-51.553170	0.002000	1.216755	3.928444	-0.999955	-1.288745	-5.975518	0.000000
0.791626	1.000104	6119.035102	4079.779891	0.000000	0.000000	-51.553170	0.002000	1.216755	3.928444	-0.999955	-1.288745	-5.975518	0.000000
0.811626	1.000104	6119.035102	4079.779891	0.000000	0.000000	-51.553170	0.002000	1.216755	3.928444	-0.999955	-1.288745	-5.975518	0.000000
0.831626	1.000104	6119.035102	4079.779891	0.000000	0.000000	-51.553170	0.002000	1.216755	3.928444	-0.999955	-1.288745	-5.975518	0.000000
0.851626	1.000104	6119.035102	4079.779891	-0.000000	0.000000	-51.553170	0.002000	1.216755	3.928444	-0.999955	-1.288745	-5.975518	0.000000
0.871626	1.000104	6119.035102	4079.779891	-0.000000	0.000000	-51.553170	0.002000	1.216755	3.928444	-0.999955	-1.288745	-5.975518	0.000000
0.891626	1.000104	6119.035102	4079.779891	-0.000000	-0.000001	-51.553170	0.002000	1.216755	3.928444	-0.999955	-1.288745	-5.975518	0.000000
0.911626	1.000104	6119.035102	4079.779891	0.000000	-0.000000	-51.553170	0.002000	1.216755	3.928444	-0.999955	-1.288745	-5.975518	0.000000
0.931626	1.000104	6119.035102	4079.779891	-0.000000	-0.000000	-51.553170	0.002000	1.216755	3.928444	-0.999955	-1.288745	-5.975518	0.000000
0.951626	1.000104	6119.035102	4079.779891	0.000000	-0.000001	-51.553170	0.002000	1.216755	3.928444	-0.999955	-1.288745	-5.975518	0.000000
0.971626	1.000104	6119.035102	4079.779891	0.000000	0.000000	-51.553170	0.002000	1.216755	3.928444	-0.999955	-1.288745	-5.975518	0.000000
0.991626	1.000104	6119.035102	4079.779891	0.000000	-0.000000	-51.553170	0.002000	1.216755	3.928444	-0.999955	-1.288745	-5.975518	0.000000
1.011626	1.000104	6119.035102	4079.779891	0.000000	0.000001	-51.553170	0.002000	1.216755	3.928444	-0.999955	-1.288745	-5.975518	0.000000
1.031626	1.000104	6119.035102	4079.779891	-0.000000	0.000000	-51.553170	0.002000	1.216755	3.928444	-0.999955	-1.288745	-5.975518	0.000000
1.051626	1.000104	6119.035102	4079.779891	0.000000	0.000000	-51.553170	0.002000	1.216755	3.928444	-0.999955	-1.288745	-5.975518	0.000000
1.071626	1.000104	6119.035102	4079.779891	-0.000000	0.000001	-51.553170	0.002000	1.216755	3.928444	-0.999955	-1.288745	-5.975518	0.000000
1.091626	1.000104	6119.035102	4079.779891	-0.000000	-0.000001	-51.553170	0.002000	1.216755	3.928444	-0.999955	-1.288745	-5.975518	0.000000
1.111626	1.000104	6119.035102	4079.779891	0.000000	-0.000002	-51.553170	0.002000	1.216755	3.928444	-0.999955	-1.288745	-5.975518	0.000000
1.131626	1.000104	6119.035102	4079.779891	0.000000	0.000001	-51.553170	0.002000	1.216755	3.928444	-0.999955	-1.288745	-5.975518	0.000000
1.151626	1.000104	6119.035102	4079.779891	0.000000	0.000001	-51.553170	0.002000	1.216755	3.928444	-0.999955	-1.288745	-5.975518	0.000000
1.171626	1.000104	6119.035102	4079.779891	-0.000000	0.000000	-51.553170	0.002000	1.216755	3.928444	-0.999955	-1.288745	-5.975518	0.000000
1.191626	1.000104	6119.035102	4079.779891	0.000000	-0.000000	-51.553170	0.002000	1.216755	3.928444	-0.999955	-1.288745	-5.975518	0.000000
1.211626	1.000104	6119.035102	4079.779891	-0.000000	0.000000	-51.553170	0.002000	1.216755	3.928444	-0.999955	-1.288745	-5.975518	0.000000
1.231626	1.000104	6119.035102	4079.779891	-0.000000	0.000000	-51.553170	0.002000	1.216755	3.928444	-0.999955	-1.288745	-5.975518	0.000000
1.251626	1.000104	6119.035102	4079.779891	-0.000000	-0.000000	-51.553170	0.002000	1.216755	3.928444	-0.999955	-1.288745	-5.975518	0.000000
1.271626	1.000104	6119.035102	4079.779891	-0.000000	-0.000000	-51.553170	0.002000	1.216755	3.928444	-0.999955	-1.288745	-5.975518	0.000000
1.291626	1.000104	6119.035102	4079.779891	0.000000	-0.000000	-51.553170	0.002000	1.216755	3.928444	-0.999955	-1.288745	-5.975518	0.000000
1.311626	1.000104	6119.035102	4079.779891	0.000000	-0.000000	-51.553170	0.002000	1.216755	3.928444	-0.999955	-1.288745	-5.975518	0.000000
1.331626	1.000104	6119.035102	4079.779891	0.000000	-0.000000	-51.553170	0.002000	1.216755	3.928444	-0.999955	-1.288745	-5.975518	0.000000
1.351626	1.000104	6119.035102	4079.779891	-0.000000	-0.000000	-51.553170	0.002000	1.216755	3.928444	-0.999955	-1.288745	-5.975518	0.000000
1.371626	1.000104	6119.035102	4079.779891	-0.000000	-0.000000	-51.553170	0.002000	1.216755	3.928444	-0.999955	-1.288745	-5.975518	0.000000
1.391626	1.000104	6119.035102	4079.779891	-0.000000	-0.000000	-51.553170	0.002000	1.216755	3.928444	-0.999955	-1.288745	-5.975518	0.000000
1.411626	1.000104	6119.035102	4079.779891	-0.000000	-0.000000	-51.553170	0.002000	1.216755	3.928444	-0.999955	-1.288745	-5.975518	0.000000
1.431626	1.000104	6119.035102	4079.779891	-0.000000	-0.000000	-51.553170	0.002000	1.216755	3.928444	-0.999955	-1.288745	-5.975518	0.000000
1.451626	1.000104	6119.035102	4079.779891	-0.000000	-0.000000	-51.553170	0.002000	1.216755	3.928444	-0.999955	-1.288745	-5.975518	0.000000
1.471626	1.000104	6119.035102	4079.779891	-0.000000	-0.000000	-51.553170	0.002000	1.216755	3.928444	-0.999955	-1.288745	-5.975518	0.000000
1.491626	1.000104	6119.035102	4079.779891	-0.000000	0.000000	-51.553170	0.002000	1.216755	3.928444	-0.999955	-1.288745	-5.975518	0.000000
1.511626	1.000104	6119.035102	4079.779891	-0.000000	0.000000	-51.553170	0.002000	1.216755	3.928444	-0.999955	-1.288745	-5.975518	0.000000
1.531626	1.000104	6119.035102	4079.779891	-0.000000	0.000000	-51.553170	0.002000	1.216755	3.928444	-0.999955	-1.288745	-5.975518	0.000000
1.551626	1.000104	6119.035102	4079.779891	-0.000000	0.000000	-51.553170	0.002000	1.216755	3.928444	-0.999955	-1.288745	-5.975518	0.000000
1.571626	1.000104	6119.035102	4079.779891	-0.000000	0.000000	-51.553170	0.002000	1.216755	3.928444	-0.999955	-1.288745	-5.975518	0.000000
1.591626	1.000104	6119.035102	4079.779891	-0.000000	0.000000	-51.553170	0.002000	1.216755	3.928444	-0.999955	-1.288745	-5.975518	0.000000
1.611626	1.000104	6119.035102	4079.779891	-0.000000	0.000000	-51.553170	0.002000	1.216755	3.928444	-0.999955	-1.288745	-5.975518	0.000000
1.631626	1.000104	6119.035102	4079.779891	-0.000000	0.000000	-51.553170	0.002000	1.216755	3.928444	-0.999955	-1.288745	-5.975518	0.000000
1.651626	1.000104	6119.035102	4079.779891	-0.000000	0.000000	-51.553170	0.002000	1.216755	3.928444	-0.999955	-1.288745	-5.975518	0.000000
1.671626	1.000104	6119.035102	4079.779891	-0.000000	0.000000	-51.553170	0.002000	1.216755	3.928444	-0.999955	-1.288745	-5.975518	0.000000
1.691626	1.000104	6119.035102	4079.779891	-0.000000	0.000000	-51.553170	0.002000	1.216755	3.928444	-0.999955	-1.288745	-5.975518	0.000000
1.711626	1.000104	6119.035102	4079.779891	-0.000000	0.000000	-51.553170	0.002000	1.216755	3.928444	-0.999955	-1.288745	-5.975518	0.000000
1.731626	1.000104	6119.035102	4079.779891	-0.000000	0.000000	-51.553170	0.002000	1.216755	3.928444	-0.999955	-1.288745	-5.975518	0.000000
1.751626	1.000104	6119.035102	4079.779891	-0.000000	0.000000	-51.553170	0.002000	1.216755	3.928444	-0.999955	-1.288745	-5.975518	0.000000
1.771626	1.000104	6119.035102	4079.779891	-0.000000	0.000000	-51.553170	0.002000	1.216755	3.928444	-0.999955	-1.288745	-5.975518	0.000000
1.791626	1.000104	6119.035102	4079.779891	-0.000000	0.000000	-51.553170	0.002000	1.216755	3.928444	-0.999955	-1.288745	-5.975518	0.000000
1.811626	1.000104	6119.035102	4079.779891	-0.000000	0.000000	-51.553170	0.002000	1.216755	3.928444	-0.999955	-1.288745	-5.975518	0.000000
1.831626	1.000104	6119.035102	4079.779891	-0.000000	0.000000	-51.553170	0.002000	1.216755	3.928444	-0.999955	-1.288745	-5.975518	0.000000
1.851626	1.000104	6119.035102	4079.779891	-0.000000	0.000000	-51.553170	0.002000	1.216755	3.928444	-0.999955	-1.288745	-5.975518	0.000000
1.871626	1.000104	6119.035102	4079.779891	-0.000000	0.000000	-51.553170	0.002000	1.216755	3.928444	-0.999955	-1.288745	-5.975518	0.000000
1.891626	1.000104	6119.035102	4079.779891	-0.000000	0.000000	-51.553170	0.002000	1.216755	3.928444	-0.999955	-1.288745	-5.975518	0.000000
1.911626	1.000104	6119.035102	4079.779891	-0.000000	0.000000	-51.553170	0.002000	1.216755	3.928444	-0.999955	-1.288745	-5.975518	0.000000
1.931626	1.000104	6119.035102	4079.779891	-0.000000	-0.000000	-51.553170	0.002000	1.216755	3.928444	-0.999955	-1.288745	-5.975518	0.000000
1.951626	1.000104	6119.035102	4079.779891	-0.000000	0.000000	-51.553170	0.002000	1.216755	3.928444	-0.999955	-1.288745	-5.975518	0.000000
1.971626	1.000104	6119.035102	4079.779891	-0.000000	0.000000	-51.553170	0.002000	1.216755	3.928444	-0.999955	-1.288745	-5.975518	0.000000
1.991626	1.000104	6119.035102	4079.779891	-0.000000	0.000000	-51.553170	0.002000	1.216755	3.928444	-0.999955	-1.288745	-5.975518	0.000000
2.011626	1.000104	6119.035102	4079.779891	0.000000	0.000000	-51.553170	0.002000	1.216755	3.928444	-0.999955	-1.288745	-5.975518	0.000000
2.031626	1.000104	6119.035102	4079.779891	0.000000	0.000000	-51.553170	0.002000	1.216755	3.928444	-0.999955	-1.288745	-5.975518	0.000000
2.051626	1.000104	6119.035102	4079.779891	0.000000	0.000000	-51.553170	0.002000	1.216755	3.928444	-0.999955	-1.288745	-5.975518	0.000000
2.071626	1.000104	6119.035102	4079.779891	-0.000000	-0.000000	-51.553170	0.002000	1.216755	3.928444	-0.999955	-1.288745	-5.975518	0.000000
2.091626	1.000104	6119.035102	4079.779891	0.000000	-0.000001	-51.553170	0.002000	1.216755	3.928444	-0.999955	-1.288745	-5.975518	0.000000
2.111626	1.000104	6119.035102	4079.779891	0.000000	-0.000000	-51.553170	0.002000	1.216755	3.928444	-0.999955	-1.288745	-5.975518	0.000000
2.131626	1.000104	6119.035102	4079.779891	-0.000000	0.000000	-51.553170	0.002000	1.216755	3.928444	-0.999955	-1.288745	-5.975518	0.000000
2.151626	1.000104	6119.035102	4079.779891	0.000000	-0.000000	-51.553170	0.002000	1.216755	3.928444	-0.999955	-1.288745	-5.975518	0.000000
2.171626	1.000104	6119.035102	4079.779891	0.000000	0.000001	-51.553170	0.002000	1.216755	3.928444	-0.999955	-1.288745	-5.975518	0.000000
2.191626	1.000104	6119.035102	4079.779891	-0.000000	0.000000	-51.553170	0.002000	1.216755	3.928444	-0.999955	-1.288745	-5.975518	0.000000
2.211626	1.000104	6119.035102	4079.779891	0.000000	0.000000	-51.553170	0.002000	1.216755	3.928444	-0.999955	-1.288745	-5.975518	0.000000
2.231626	1.000104	6119.035102	4079.779891	-0.000000	0.000002	-51.553170	0.002000	1.216755	3.928444	-0.999955	-1.288745	-5.975518	0.000000
2.251626	1.000104	6119.035102	4079.779891	-0.000000	-0.000002	-51.553170	0.002000	1.216755	3.928444	-0.999955	-1.288745	-5.975518	0.000000
2.271626	1.000104	6119.035102	4079.779891	0.000000	-0.000001	-51.553170	0.002000	1.216755	3.928444	-0.999955	-1.288745	-5.975518	0.000000
2.291626	1.000104	6119.035102	4079.779891	-0.000000	-0.000000	-51.553170	0.002000	1.216755	3.928444	-0.999955	-1.288745	-5.975518	0.000000
2.311626	1.000104	6119.035102	4079.779891	0.000000	-0.000002	-51.553170	0.002000	1.216755	3.928444	-0.999955	-1.288745	-5.975518	0.000000
2.331626	1.000104	6119.035102	4079.779891	0.000000	-0.000000	-51.553170	0.002000	1.216755	3.928444	-0.999955	-1.288745	-5.975518	0.000000
2.351626	1.000104	6119.035102	4079.779891	0.000000	0.000001	-51.553170	0.002000	1.216755	3.928444	-0.999955	-1.288745	-5.975518	0.000000
2.371626	1.000104	6119.035102	4079.779891	-0.000000	0.000002	-51.553170	0.002000	1.216755	3.928444	-0.999955	-1.288745	-5.975518	0.000000
2.391626	1.000104	6119.035102	4079.779891	-0.000000	0.000002	-51.553170	0.002000	1.216755	3.928444	-0.999955	-1.288745	-5.975518	0.000000
2.411626	1.000104	6119.035102	4079.779891	-0.000000	-0.000001	-51.553170	0.002000	1.216755	3.928444	-0.999955	-1.288745	-5.975518	0.000000
2.431626	1.000104	6119.035102	4079.779891	0.000000	-0.000003	-51.553170	0.002000	1.216755	3.928444	-0.999955	-1.288745	-5.975518	0.000000
2.451626	1.000104	6119.035102	4079.779891	0.000000	0.000000	-51.553170	0.002000	1.216755	3.928444	-0.999955	-1.288745	-5.975518	0.000000
2.471626	1.000104	6119.035102	4079.779891	0.000000	0.000000	-51.553170	0.002000	1.216755	3.928444	-0.999955	-1.288745	-5.975518	0.000000
2.491626	1.000104	6119.035102	4079.779891	0.000000	0.000001	-51.553170	0.002000	1.216755	3.928444	-0.999955	-1.288745	-5.975518	0.000000
2.511626	1.000104	6119.035102	4079.779891	-0.000000	0.000001	-51.553170	0.002000	1.216755	3.928444	-0.999955	-1.288745	-5.975518	0.000000
2.531626	1.000104	6119.035102	4079.779891	-0.000000	-0.000001	-51.553170	0.002000	1.216755	3.928444	-0.999955	-1.288745	-5.975518	0.000000
2.551626	1.000104	6119.035102	4079.779891	0.000000	-0.000000	-51.553170	0.002000	1.216755	3.928444	-0.999955	-1.288745	-5.975518	0.000000
2.571626	1.000104	6119.035102	4079.779891	0.000000	-0.000000	-51.553170	0.002000	1.216755	3.928444	-0.999955	-1.288745	-5.975518	0.000000
2.591626	1.000104	6119.035102	4079.779891	0.000000	-0.000000	-51.553170	0.002000	1.216755	3.928444	-0.999955	-1.288745	-5.975518	0.000000
2.611626	1.000104	6119.035102	4079.779891	0.000000	-0.000000	-51.553170	0.002000	1.216755	3.928444	-0.999955	-1.288745	-5.975518	0.000000
2.631626	1.000104	6119.035102	4079.779891	-0.000000	-0.000000	-51.553170	0.002000	1.216755	3.928444	-0.999955	-1.288745	-5.975518	0.000000
2.651626	1.000104	6119.035102	4079.779891	-0.000000	-0.000000	-51.553170	0.002000	1.216755	3.928444	-0.999955	-1.288745	-5.975518	0.000000
2.671626	1.000104	6119.035102	4079.779891	-0.000000	0.000000	-51.553170	0.002000	1.216755	3.928444	-0.999955	-1.288745	-5.975518	0.000000
2.691626	1.000104	6119.035102	4079.779891	-0.000000	-0.000000	-51.553170	0.002000	1.216755	3.928444	-0.999955	-1.288745	-5.975518	0.000000
2.711626	1.000104	6119.035102	4079.779891	-0.000000	-0.000000	-51.553170	0.002000	1.216755	3.928444	-0.999955	-1.288745	-5.975518	0.000000
2.731626	1.000104	6119.035102	4079.779891	-0.000000	-0.000000	-51.553170	0.002000	1.216755	3.928444	-0.999955	-1.288745	-5.975518	0.000000
2.751626	1.000104	6119.035102	4079.779891	-0.000000	0.000000	-51.553170	0.002000	1.216755	3.928444	-0.999955	-1.288745	-5.975518	0.000000
2.771626	1.000104	6119.035102	4079.779891	-0.000000	0.000000	-51.553170	0.002000	1.216755	3.928444	-0.999955	-1.288745	-5.975518	0.000000
2.791626	1.000104	6119.035102	4079.779891	-0.000000	0.000000	-51.553170	0.002000	1.216755	3.928444	-0.999955	-1.288745	-5.975518	0.000000
2.811626	1.000104	6119.035102	4079.779891	-0.000000	0.000000	-51.553170	0.002000	1.216755	3.928444	-0.999955	-1.288745	-5.975518	0.000000
2.831626	1.000104	6119.035102	4079.779891	-0.000000	0.000000	-51.553170	0.002000	1.216755	3.928444	-0.999955	-1.288745	-5.975518	0.000000
2.851626	1.000104	6119.035102	4079.779891	-0.000000	0.000000	-51.553170	0.002000	1.216755	3.928444	-0.999955	-1.288745	-5.975518	0.000000
2.871626	1.000104	6119.035102	4079.779891	-0.000000	0.000000	-51.553170	0.002000	1.216755	3.928444	-0.999955	-1.288745	-5.975518	0.000000
2.891626	1.000104	6119.035102	4079.779891	-0.000000	0.000000	-51.553170	0.002000	1.216755	3.928444	-0.999955	-1.288745	-5.975518	0.000000
2.911626	1.000104	6119.035102	4079.779891	-0.000000	0.000000	-51.553170	0.002000	1.216755	3.928444	-0.999955	-1.288745	-5.975518	0.000000
2.931626	1.000104	6119.035102	4079.779891	-0.000000	0.000000	-51.553170	0.002000	1.216755	3.928444	-0.999955	-1.288745	-5.975518	0.000000
2.951626	1.000104	6119.035102	4079.779891	-0.000000	0.000000	-51.553170	0.002000	1.216755	3.928444	-0.999955	-1.288745	-5.975518	0.000000
2.971626	1.000104	6119.035102	4079.779891	-0.000000	0.000000	-51.553170	0.002000	1.216755	3.928444	-0.999955	-1.288745	-5.975518	0.000000
2.991626	1.000104	6119.035102	4079.779891	-0.000000	0.000000	-51.553170	0.002000	1.216755	3.928444	-0.999955	-1.288745	-5.975518	0.000000
3.011626	1.000104	6119.035102	4079.779891	-0.000000	0.000000	-51.553170	0.002000	1.216755	3.928444	-0.999955	-1.288745	-5.975518	0.000000
3.031626	1.000104	6119.035102	4079.779891	-0.000000	0.000000	-51.553170	0.002000	1.216755	3.928444	-0.999955	-1.288745	-5.975518	0.000000
3.051626	1.000104	6119.035102	4079.779891	-0.000000	0.000000	-51.553170	0.002000	1.216755	3.928444	-0.999955	-1.288745	-5.975518	0.000000
3.071626	1.000104	6119.035102	4079.779891	-0.000000	0.000000	-51.553170	0.002000	1.216755	3.928444	-0.999955	-1.288745	-5.975518	0.000000
3.091626	1.000104	6119.035102	4079.779891	-0.000000	0.000000	-51.553170	0.002000	1.216755	3.928444	-0.999955	-1.288745	-5.975518	0.000000
3.111626	1.000104	6119.035102	4079.779891	-0.000000	0.000000	-51.553170	0.002000	1.216755	3.928444	-0.999955	-1.288745	-5.975518	0.000000
3.131626	1.000104	6119.035102	4079.779891	-0.000000	0.000000	-51.553170	0.002000	1.216755	3.928444	-0.999955	-1.288745	-5.975518	0.000000
3.151626	1.000104	6119.035102	4079.779891	-0.000000	0.000000	-51.553170	0.002000	1.216755	3.928444	-0.999955	-1.288745	-5.975518	0.000000
3.171626	1.000104	6119.035102	4079.779891	-0.000000	0.000000	-51.553170	0.002000	1.216755	3.928444	-0.999955	-1.288745	-5.975518	0.000000
3.191626	1.000104	6119.035102	4079.779891	-0.000000	0.000000	-51.553170	0.002000	1.216755	3.928444	-0.999955	-1.288745	-5.975518	0.000000
3.211626	1.000104	6119.035102	4079.779891	-0.000000	0.000000	-51.553170	0.002000	1.216755	3.928444	-0.999955	-1.288745	-5.975518	0.000000
3.231626	1.000104	6119.035102	4079.779891	-0.000000	0.000000	-51.553170	0.002000	1.216755	3.928444	-0.999955	-1.288745	-5.975518	0.000000
3.251626	1.000104	6119.035102	4079.779891	-0.000000	0.000000	-51.553170	0.002000	1.216755	3.928444	-0.999955	-1.288745	-5.975518	0.000000
3.271626	1.000104	6119.035102	4079.779891	-0.000000	0.000000	-51.553170	0.002000	1.216755	3.928444	-0.999955	-1.288745	-5.975518	0.000000
3.291626	1.000104	6119.035102	4079.779891	-0.000000	0.000000	-51.553170	0.002000	1.216755	3.928444	-0.999955	-1.288745	-5.975518	0.000000
3.311626	1.000104	6119.035102	4079.779891	-0.000000	0.000000	-51.553170	0.002000	1.216755	3.928444	-0.999955	-1.288745	-5.975518	0.000000
3.331626	1.000104	6119.035102	4079.779891	-0.000000	0.000000	-51.553170	0.002000	1.216755	3.928444	-0.999955	-1.288745	-5.975518	0.000000
3.351626	1.000104	6119.035102	4079.779891	-0.000000	0.000000	-51.553170	0.002000	1.216755	3.928444	-0.999955	-1.288745	-5.975518	0.000000
3.371626	1.000104	6119.035102	4079.779891	-0.000000	0.000000	-51.553170	0.002000	1.216755	3.928444	-0.999955	-1.288745	-5.975518	0.000000
3.391626	1.000104	6119.035102	4079.779891	-0.000000	0.000000	-51.553170	0.002000	1.216755	3.928444	-0.999955	-1.288745	-5.975518	0.000000
3.411626	1.000104	6119.035102	4079.779891	-0.000000	0.000000	-51.553170	0.002000	1.216755	3.928444	-0.999955	-1.288745	-5.975518	0.000000
3.431626	1.000104	6119.035102	4079.779891	-0.000000	0.000000	-51.553170	0.002000	1.216755	3.928444	-0.999955	-1.288745	-5.975518	0.000000
3.451626	1.000104	6119.035102	4079.779891	-0.000000	0.000000	-51.553170	0.002000	1.216755	3.928444	-0.999955	-1.288745	-5.975518	0.000000
3.471626	1.000104	6119.035102	4079.779891	-0.000000	0.000000	-51.553170	0.002000	1.216755	3.928444	-0.999955	-1.288745	-5.975518	0.000000
3.491626	1.000104	6119.035102	4079.779891	-0.000000	0.000000	-51.553170	0.002000	1.216755	3.928444	-0.999955	-1.288745	-5.975518	0.000000
3.511626	1.000104	6119.035102	4079.779891	-0.000000	0.000000	-51.553170	0.002000	1.216755	3.928444	-0.999955	-1.288745	-5.975518	0.000000
3.531626	1.000104	6119.035102	4079.779891	-0.000000	0.000000	-51.553170	0.002000	1.216755	3.928444	-0.999955	-1.288745	-5.975518	0.000000
3.551626	1.000104	6119.035102	4079.779891	-0.000000	0.000000	-51.553170	0.002000	1.216755	3.928444	-0.999955	-1.288745	-5.975518	0.000000
3.571626	1.000104	6119.035102	4079.779891	-0.000000	0.000000	-51.553170	0.002000	1.216755	3.928444	-0.999955	-1.288745	-5.975518	0.000000
3.591626	1.000104	6119.035102	4079.779891	-0.000000	0.000000	-51.553170	0.002000	1.216755	3.928444	-0.999955	-1.288745	-5.975518	0.000000
3.611626	1.000104	6119.035102	4079.779891	-0.000000	0.000000	-51.553170	0.002000	1.216755	3.928444	-0.999955	-1.288745	-5.975518	0.000000
3.631626	1.000104	6119.035102	4079.779891	-0.000000	0.000000	-51.553170	0.002000	1.216755	3.928444	-0.999955	-1.288745	-5.975518	0.000000
3.651626	1.000104	6119.035102	4079.779891	-0.000000	0.000000	-51.553170	0.002000	1.216755	3.928444	-0.999955	-1.288745	-5.975518	0.000000
3.671626	1.000104	6119.035102	4079.779891	-0.000000	0.000000	-51.553170	0.002000	1.216755	3.928444	-0.999955	-1.288745	-5.975518	0.000000
3.691626	1.000104	6119.035102	4079.779891	-0.000000	0.000000	-51.553170	0.002000	1.216755	3.928444	-0.999955	-1.288745	-5.975518	0.000000
3.711626	1.000104	6119.035102	4079.779891	-0.000000	0.000000	-51.553170	0.002000	1.216755	3.928444	-0.999955	-1.288745	-5.975518	0.000000
3.731626	1.000104	6119.035102	4079.779891	-0.000000	0.000000	-51.553170	0.002000	1.216755	3.928444	-0.999955	-1.288745	-5.975518	0.000000
3.751626	1.000104	6119.035102	4079.779891	-0.000000	0.000000	-51.553170	0.002000	1.216755	3.928444	-0.999955	-1.288745	-5.975518	0.000000
3.771626	1.000104	6119.035102	4079.779891	-0.000000	0.000000	-51.553170	0.002000	1.216755	3.928444	-0.999955	-1.288745	-5.975518	0.000000
3.791626	1.000104	6119.035102	4079.779891	-0.000000	0.000000	-51.553170	0.002000	1.216755	3.928444	-0.999955	-1.288745	-5.975518	0.000000
3.811626	1.000104	6119.035102	4079.779891	-0.000000	0.000000	-51.553170	0.002000	1.216755	3.928444	-0.999955	-1.288745	-5.975518	0.000000
3.831626	1.000104	6119.035102	4079.779891	-0.000000	0.000000	-51.553170	0.002000	1.216755	3.928444	-0.999955	-1.288745	-5.975518	0.000000
3.851626	1.000104	6119.035102	4079.779891	-0.000000	0.000000	-51.553170	0.002000	1.216755	3.928444	-0.999955	-1.288745	-5.975518	0.000000
3.871626	1.000104	6119.035102	4079.779891	-0.000000	0.000000	-51.553170	0.002000	1.216755	3.928444	-0.999955	-1.288745	-5.975518	0.000000
3.891626	1.000104	6119.035102	4079.779891	-0.000000	0.000000	-51.553170	0.002000	1.216755	3.928444	-0.999955	-1.288745	-5.975518	0.000000
3.911626	1.000104	6119.035102	4079.779891	-0.000000	0.000000	-51.553170	0.002000	1.216755	3.928444	-0.999955	-1.288745	-5.975518	0.000000
3.931626	1.000104	6119.035102	4079.779891	-0.000000	0.000000	-51.553170	0.002000	1.216755	3.928444	-0.999955	-1.288745	-5.975518	0.000000
3.951626	1.000104	6119.035102	4079.779891	-0.000000	0.000000	-51.553170	0.002000	1.216755	3.928444	-0.999955	-1.288745	-5.975518	0.000000
3.971626	1.000104	6119.035102	4079.779891	-0.000000	0.000000	-51.553170	0.002000	1.216755	3.928444	-0.999955	-1.288745	-5.975518	0.000000
3.991626	1.000104	6119.035102	4079.779891	-0.000000	0.000000	-51.553170	0.002000	1.216755	3.928444	-0.999955	-1.288745	-5.975518	0.000000
4.011626	1.000104	6119.035102	4079.779891	-0.000000	0.000000	-51.553170	0.002000	1.216755	3.928444	-0.999955	-1.288745	-5.975518	0.000000
4.031626	1.000104	6119.035102	4079.779891	-0.000000	0.000000	-51.553170	0.002000	1.216755	3.928444	-0.999955	-1.288745	-5.975518	0.000000
4.051626	1.000104	6119.035102	4079.779891	-0.000000	0.000000	-51.553170	0.002000	1.216755	3.928444	-0.999955	-1.288745	-5.975518	0.000000
4.071626	1.000104	6119.035102	4079.779891	-0.000000	0.000000	-51.553170	0.002000	1.216755	3.928444	-0.999955	-1.288745	-5.975518	0.000000
4.091626	1.000104	6119.035102	4079.779891	-0.000000	0.000000	-51.553170	0.002000	1.216755	3.928444	-0.999955	-1.288745	-5.975518	0.000000
4.111626	1.000104	6119.035102	4079.779891	-0.000000	0.000000	-51.553170	0.002000	1.216755	3.928444	-0.999955	-1.288745	-5.975518	0.000000
4.131626	1.000104	6119.035102	4079.779891	-0.000000	0.000000	-51.553170	0.002000	1.216755	3.928444	-0.999955	-1.288745	-5.975518	0.000000
4.151626	1.000104	6119.035102	4079.779891	-0.000000	0.000000	-51.553170	0.002000	1.216755	3.928444	-0.999955	-1.288745	-5.975518	0.000000
4.171626	1.000104	6119.035102	4079.779891	-0.000000	0.000000	-51.553170	0.002000	1.216755	3.928444	-0.999955	-1.288745	-5.975518	0.000000
4.191626	1.000104	6119.035102	4079.779891	-0.000000	0.000000	-51.553170	0.002000	1.216755	3.928444	-0.999955	-1.288745	-5.975518	0.000000
4.211626	1.000104	6119.035102	4079.779891	-0.000000	0.000000	-51.553170	0.002000	1.216755	3.928444	-0.999955	-1.288745	-5.975518	0.000000
4.231626	1.000104	6119.035102	4079.779891	-0.000000	0.000000	-51.553170	0.002000	1.216755	3.928444	-0.999955	-1.288745	-5.975518	0.000000
4.251626	1.000104	6119.035102	4079.779891	-0.000000	0.000000	-51.553170	0.002000	1.216755	3.928444	-0.999955	-1.288745	-5.975518	0.000000
4.271626	1.000104	6119.035102	4079.779891	-0.000000	0.000000	-51.553170	0.002000	1.216755	3.928444	-0.999955	-1.288745	-5.975518	0.000000
4.291626	1.000104	6119.035102	4079.779891	-0.000000	0.000000	-51.553170	0.002000	1.216755	3.928444	-0.999955	-1.288745	-5.975518	0.000000
4.311626	1.000104	6119.035102	4079.779891	-0.000000	-0.000000	-51.553170	0.002000	1.216755	3.928444	-0.999955	-1.288745	-5.975518	0.000000
4.331626	1.000104	6119.035102	4079.779891	-0.000000	-0.000000	-51.553170	0.002000	1.216755	3.928444	-0.999955	-1.288745	-5.975518	0.000000
4.351626	1.000104	6119.035102	4079.779891	-0.000000	-0.000000	-51.553170	0.002000	1.216755	3.928444	-0.999955	-1.288745	-5.975518	0.000000
4.371626	1.000104	6119.035102	4079.779891	-0.000000	-0.000000	-51.553170	0.002000	1.216755	3.928444	-0.999955	-1.288745	-5.975518	0.000000
4.391626	1.000104	6119.035102	4079.779891	-0.000000	-0.000000	-51.553170	0.002000	1.216755	3.928444	-0.999955	-1.288745	-5.975518	0.000000
4.411626	1.000104	6119.035102	4079.779891	-0.000000	-0.000000	-51.553170	0.002000	1.216755	3.928444	-0.999955	-1.288745	-5.975518	0.000000
4.431626	1.000104	6119.035102	4079.779891	-0.000000	-0.000000	-51.553170	0.002000	1.216755	3.928444	-0.999955	-1.288745	-5.975518	0.000000
4.451626	1.000104	6119.035102	4079.779891	-0.000000	-0.000000	-51.553170	0.002000	1.216755	3.928444	-0.999955	-1.288745	-5.975518	0.000000
4.471626	1.000104	6119.035102	4079.779891	-0.000000	-0.000000	-51.553170	0.002000	1.216755	3.928444	-0.999955	-1.288745	-5.975518	0.000000
4.491626	1.000104	6119.035102	4079.779891	-0.000000	-0.000000	-51.553170	0.002000	1.216755	3.928444	-0.999955	-1.288745	-5.975518	0.000000
4.511626	1.000104	6119.035102	4079.779891	0.000000	-0.000000	-51.553170	0.002000	1.216755	3.928444	-0.999955	-1.288745	-5.975518	0.000000
4.531626	1.000104	6119.035102	4079.779891	0.000000	-0.000000	-51.553170	0.002000	1.216755	3.928444	-0.999955	-1.288745	-5.975518	0.000000
4.551626	1.000104	6119.035102	4079.779891	0.000000	0.000002	-51.553170	0.002000	1.216755	3.928444	-0.999955	-1.288745	-5.975518	0.000000
4.571626	1.000104	6119.035102	4079.779891	-0.000000	0.000000	-51.553170	0.002000	1.216755	3.928444	-0.999955	-1.288745	-5.975518	0.000000
4.591626	1.000104	6119.035102	4079.779891	0.000000	-0.000003	-51.553170	0.002000	1.216755	3.928444	-0.999955	-1.288745	-5.975518	0.000000
4.611626	1.000104	6119.035102	4079.779891	0.000000	-0.000000	-51.553170	0.002000	1.216755	3.928444	-0.999955	-1.288745	-5.975518	0.000000
4.631626	1.000104	6119.035102	4079.779891	-0.000000	0.000003	-51.553170	0.002000	1.216755	3.928444	-0.999955	-1.288745	-5.975518	0.000000
4.651626	1.000104	6119.035102	4079.779891	-0.000000	-0.000000	-51.553170	0.002000	1.216755	3.928444	-0.999955	-1.288745	-5.975518	0.000000
4.671626	1.000104	6119.035102	4079.779891	-0.000000	-0.000001	-51.553170	0.002000	1.216755	3.928444	-0.999955	-1.288745	-5.975518	0.000000
4.691626	1.000104	6119.035102	4079.779891	0.000000	-0.000000	-51.553170	0.002000	1.216755	3.928444	-0.999955	-1.288745	-5.975518	0.000000
4.711626	1.000104	6119.035102	4079.779891	0.000000	0.000002	-51.553170	0.002000	1.216755	3.928444	-0.999955	-1.288745	-5.975518	0.000000
4.731626	1.000104	6119.035102	4079.779891	-0.000000	0.000001	-51.553170	0.002000	1.216755	3.928444	-0.999955	-1.288745	-5.975518	0.000000
4.751626	1.000104	6119.035102	4079.779891	0.000000	-0.000003	-51.553170	0.002000	1.216755	3.928444	-0.999955	-1.288745	-5.975518	0.000000
4.771626	1.000104	6119.035102	4079.779891	0.000000	0.000000	-51.553170	0.002000	1.216755	3.928444	-0.999955	-1.288745	-5.975518	0.000000
4.791626	1.000104	6119.035102	4079.779891	-0.000000	0.000002	-51.553170	0.002000	1.216755	3.928444	-0.999955	-1.288745	-5.975518	0.000000
4.811626	1.000104	6119.035102	4079.779891	-0.000000	0.000001	-51.553170	0.002000	1.216755	3.928444	-0.999955	-1.288745	-5.975518	0.000000
4.831626	1.000104	6119.035102	4079.779891	0.000000	-0.000001	-51.553170	0.002000	1.216755	3.928444	-0.999955	-1.288745	-5.975518	0.000000
4.851626	1.000104	6119.035102	4079.779891	-0.000000	-0.000001	-51.553170	0.002000	1.216755	3.928444	-0.999955	-1.288745	-5.975518	0.000000
4.871626	1.000104	6119.035102	4079.779891	-0.000000	-0.000002	-51.553170	0.002000	1.216755	3.928444	-0.999955	-1.288745	-5.975518	0.000000
4.891626	1.000104	6119.035102	4079.779891	0.000000	-0.000001	-51.553170	0.002000	1.216755	3.928444	-0.999955	-1.288745	-5.975518	0.000000
4.911626	1.000104	6119.035102	4079.779891	0.000000	0.000001	-51.553170	0.002000	1.216755	3.928444	-0.999955	-1.288745	-5.975518	0.000000
4.931626	1.000104	6119.035102	4079.779891	0.000000	0.000001	-51.553170	0.002000	1.216755	3.928444	-0.999955	-1.288745	-5.975518	0.000000
4.951626	1.000104	6119.035102	4079.779891	-0.000000	-0.000000	-51.553170	0.002000	1.216755	3.928444	-0.999955	-1.288745	-5.975518	0.000000
4.971626	1.000104	6119.035102	4079.779891	0.000000	-0.000002	-51.553170	0.002000	1.216755	3.928444	-0.999955	-1.288745	-5.975518	0.000000
4.991626	1.000104	6119.035102	4079.779891	0.000000	0.000000	-51.553170	0.002000	1.216755	3.928444	-0.999955	-1.288745	-5.975518	0.000000
5.011626	1.000104	6119.035102	4079.779891	0.000000	-0.000000	-51.553170	0.002000	1.216755	3.928444	-0.999955	-1.288745	-5.975518	0.000000
5.031626	1.000104	6119.035102	4079.779891	0.000000	0.000001	-51.553170	0.002000	1.216755	3.928444	-0.999955	-1.288745	-5.975518	0.000000
5.051626	1.000104	6119.035102	4079.779891	-0.000000	0.000001	-51.553170	0.002000	1.216755	3.928444	-0.999955	-1.288745	-5.975518	0.000000
5.071626	1.000104	6119.035102	4079.779891	-0.000000	0.000000	-51.553170	0.002000	1.216755	3.928444	-0.999955	-1.288745	-5.975518	0.000000
5.091626	1.000104	6119.035102	4079.779891	-0.000000	0.000000	-51.553170	0.002000	1.216755	3.928444	-0.999955	-1.288745	-5.975518	0.000000
5.111626	1.000104	6119.035102	4079.779891	-0.000000	0.000000	-51.553170	0.002000	1.216755	3.928444	-0.999955	-1.288745	-5.975518	0.000000
5.131626	1.000104	6119.035102	4079.779891	-0.000000	0.000000	-51.553170	0.002000	1.216755	3.928444	-0.999955	-1.288745	-5.975518	0.000000
5.151626	1.000104	6119.035102	4079.779891	-0.000000	0.000000	-51.553170	0.002000	1.216755	3.928444	-0.999955	-1.288745	-5.975518	0.000000
5.171626	1.000104	6119.035102	4079.779891	-0.000000	0.000000	-51.553170	0.002000	1.216755	3.928444	-0.999955	-1.288745	-5.975518	0.000000
5.191626	1.000104	6119.035102	4079.779891	-0.000000	0.000000	-51.553170	0.002000	1.216755	3.928444	-0.999955	-1.288745	-5.975518	0.000000
5.211626	1.000104	6119.035102	4079.779891	-0.000000	0.000000	-51.553170	0.002000	1.216755	3.928444	-0.999955	-1.288745	-5.975518	0.000000
5.231626	1.000104	6119.035102	4079.779891	-0.000000	0.000000	-51.553170	0.002000	1.216755	3.928444	-0.999955	-1.288745	-5.975518	0.000000
5.251626	1.000104	6119.035102	4079.779891	-0.000000	0.000000	-51.553170	0.002000	1.216755	3.928444	-0.999955	-1.288745	-5.975518	0.000000
5.271626	1.000104	6119.035102	4079.779891	-0.000000	0.000000	-51.553170	0.002000	1.216755	3.928444	-0.999955	-1.288745	-5.975518	0.000000
5.291626	1.000104	6119.035102	4079.779891	-0.000000	0.000000	-51.553170	0.002000	1.216755	3.928444	-0.999955	-1.288745	-5.975518	0.000000
5.311626	1.000104	6119.035102	4079.779891	-0.000000	0.000000	-51.553170	0.002000	1.216755	3.928444	-0.999955	-1.288745	-5.975518	0.000000
5.331626	1.000104	6119.035102	4079.779891	-0.000000	0.000000	-51.553170	0.002000	1.216755	3.928444	-0.999955	-1.288745	-5.975518	0.000000
5.351626	1.000104	6119.035102	4079.779891	-0.000000	0.000000	-51.553170	0.002000	1.216755	3.928444	-0.999955	-1.288745	-5.975518	0.000000
5.371626	1.000104	6119.035102	4079.779891	-0.000000	0.000000	-51.553170	0.002000	1.216755	3.928444	-0.999955	-1.288745	-5.975518	0.000000
5.391626	1.000104	6119.035102	4079.779891	-0.000000	0.000000	-51.553170	0.002000	1.216755	3.928444	-0.999955	-1.288745	-5.975518	0.000000
5.411626	1.000104	6119.035102	4079.779891	-0.000000	0.000000	-51.553170	0.002000	1.216755	3.928444	-0.999955	-1.288745	-5.975518	0.000000
5.431626	1.000104	6119.035102	4079.779891	-0.000000	0.000000	-51.553170	0.002000	1.216755	3.928444	-0.999955	-1.288745	-5.975518	0.000000
5.451626	1.000104	6119.035102	4079.779891	-0.000000	0.000000	-51.553170	0.002000	1.216755	3.928444	-0.999955	-1.288745	-5.975518	0.000000
5.471626	1.000104	6119.035102	4079.779891	-0.000000	0.000000	-51.553170	0.002000	1.216755	3.928444	-0.999955	-1.288745	-5.975518	0.000000
5.491626	1.000104	6119.035102	4079.779891	-0.000000	0.000000	-51.553170	0.002000	1.216755	3.928444	-0.999955	-1.288745	-5.975518	0.000000
5.511626	1.000104	6119.035102	4079.779891	-0.000000	0.000000	-51.553170	0.002000	1.216755	3.928444	-0.999955	-1.288745	-5.975518	0.000000
5.531626	1.000104	6119.035102	4079.779891	-0.000000	0.000000	-51.553170	0.002000	1.216755	3.928444	-0.999955	-1.288745	-5.975518	0.000000
5.551626	1.000104	6119.035102	4079.779891	-0.000000	0.000000	-51.553170	0.002000	1.216755	3.928444	-0.999955	-1.288745	-5.975518	0.000000
5.571626	1.000104	6119.035102	4079.779891	-0.000000	0.000000	-51.553170	0.002000	1.216755	3.928444	-0.999955	-1.288745	-5.975518	0.000000
5.591626	1.000104	6119.035102	4079.779891	-0.000000	0.000000	-51.553170	0.002000	1.216755	3.928444	-0.999955	-1.288745	-5.975518	0.000000
5.611626	1.000104	6119.035102	4079.779891	-0.000000	0.000000	-51.553170	0.002000	1.216755	3.928444	-0.999955	-1.288745	-5.975518	0.000000
5.631626	1.000104	6119.035102	4079.779891	-0.000000	0.000000	-51.553170	0.002000	1.216755	3.928444	-0.999955	-1.288745	-5.975518	0.000000
5.651626	1.000104	6119.035102	4079.779891	-0.000000	0.000000	-51.553170	0.002000	1.216755	3.928444	-0.999955	-1.288745	-5.975518	0.000000
5.671626	1.000104	6119.035102	4079.779891	-0.000000	0.000000	-51.553170	0.002000	1.216755	3.928444	-0.999955	-1.288745	-5.975518	0.000000
5.691626	1.000104	6119.035102	4079.779891	-0.000000	0.000000	-51.553170	0.002000	1.216755	3.928444	-0.999955	-1.288745	-5.975518	0.000000
5.711626	1.000104	6119.035102	4079.779891	-0.000000	0.000000	-51.553170	0.002000	1.216755	3.928444	-0.999955	-1.288745	-5.975518	0.000000
5.731626	1.000104	6119.035102	4079.779891	-0.000000	0.000000	-51.553170	0.002000	1.216755	3.928444	-0.999955	-1.288745	-5.975518	0.000000
5.751626	1.000104	6119.035102	4079.779891	-0.000000	0.000000	-51.553170	0.002000	1.216755	3.928444	-0.999955	-1.288745	-5.975518	0.000000
5.771626	1.000104	6119.035102	4079.779891	-0.000000	0.000000	-51.553170	0.002000	1.216755	3.928444	-0.999955	-1.288745	-5.975518	0.000000
5.791626	1.000104	6119.035102	4079.779891	-0.000000	0.000000	-51.553170	0.002000	1.216755	3.928444	-0.999955	-1.288745	-5.975518	0.000000
5.811626	1.000104	6119.035102	4079.779891	-0.000000	0.000000	-51.553170	0.002000	1.216755	3.928444	-0.999955	-1.288745	-5.975518	0.000000
5.831626	1.000104	6119.035102	4079.779891	-0.000000	0.000000	-51.553170	0.002000	1.216755	3.928444	-0.999955	-1.288745	-5.975518	0.000000
5.851626	1.000104	6119.035102	4079.779891	-0.000000	0.000000	-51.553170	0.002000	1.216755	3.928444	-0.999955	-1.288745	-5.975518	0.000000
5.871626	1.000104	6119.035102	4079.779891	-0.000000	0.000000	-51.553170	0.002000	1.216755	3.928444	-0.999955	-1.288745	-5.975518	0.000000
5.891626	1.000104	6119.035102	4079.779891	-0.000000	0.000000	-51.553170	0.002000	1.216755	3.928444	-0.999955	-1.288745	-5.975518	0.000000
5.911626	1.000104	6119.035102	4079.779891	-0.000000	0.000000	-51.553170	0.002000	1.216755	3.928444	-0.999955	-1.288745	-5.975518	0.000000
5.931626	1.000104	6119.035102	4079.779891	-0.000000	0.000000	-51.553170	0.002000	1.216755	3.928444	-0.999955	-1.288745	-5.975518	0.000000
5.951626	1.000104	6119.035102	4079.779891	-0.000000	0.000000	-51.553170	0.002000	1.216755	3.928444	-0.999955	-1.288745	-5.975518	0.000000
5.971626	1.000104	6119.035102	4079.779891	-0.000000	0.000000	-51.553170	0.002000	1.216755	3.928444	-0.999955	-1.288745	-5.975518	0.000000
5.991626	1.000104	6119.035102	4079.779891	-0.000000	0.000000	-51.553170	0.002000	1.216755	3.928444	-0.999955	-1.288745	-5.975518	0.000000
6.011626	1.000104	6119.035102	4079.779891	-0.000000	0.000000	-51.553170	0.002000	1.216755	3.928444	-0.999955	-1.288745	-5.975518	0.000000
6.031626	1.000104	6119.035102	4079.779891	-0.000000	0.000000	-51.553170	0.002000	1.216755	3.928444	-0.999955	-1.288745	-5.975518	0.000000
6.051626	1.000104	6119.035102	4079.779891	-0.000000	0.000000	-51.553170	0.002000	1.216755	3.928444	-0.999955	-1.288745	-5.975518	0.000000
6.071626	1.000104	6119.035102	4079.779891	-0.000000	0.000000	-51.553170	0.002000	1.216755	3.928444	-0.999955	-1.288745	-5.975518	0.000000
6.091626	1.000104	6119.035102	4079.779891	-0.000000	0.000000	-51.553170	0.002000	1.216755	3.928444	-0.999955	-1.288745	-5.975518	0.000000
6.111626	1.000104	6119.035102	4079.779891	-0.000000	0.000000	-51.553170	0.002000	1.216755	3.928444	-0.999955	-1.288745	-5.975518	0.000000
6.131626	1.000104	6119.035102	4079.779891	-0.000000	0.000000	-51.553170	0.002000	1.216755	3.928444	-0.999955	-1.288745	-5.975518	0.000000
6.151626	1.000104	6119.035102	4079.779891	-0.000000	0.000000	-51.553170	0.002000	1.216755	3.928444	-0.999955	-1.288745	-5.975518	0.000000
6.171626	1.000104	6119.035102	4079.779891	-0.000000	0.000000	-51.553170	0.002000	1.216755	3.928444	-0.999955	-1.288745	-5.975518	0.000000
6.191626	1.000104	6119.035102	4079.779891	-0.000000	0.000000	-51.553170	0.002000	1.216755	3.928444	-0.999955	-1.288745	-5.975518	0.000000
6.211626	1.000104	6119.035102	4079.779891	-0.000000	0.000000	-51.553170	0.002000	1.216755	3.928444	-0.999955	-1.288745	-5.975518	0.000000
6.231626	1.000104	6119.035102	4079.779891	-0.000000	0.000000	-51.553170	0.002000	1.216755	3.928444	-0.999955	-1.288745	-5.975518	0.000000
6.251626	1.000104	6119.035102	4079.779891	-0.000000	0.000000	-51.553170	0.002000	1.216755	3.928444	-0.999955	-1.288745	-5.975518	0.000000
6.271626	1.000104	6119.035102	4079.779891	-0.000000	0.000000	-51.553170	0.002000	1.216755	3.928444	-0.999955	-1.288745	-5.975518	0.000000
6.291626	1.000104	6119.035102	4079.779891	-0.000000	0.000000	-51.553170	0.002000	1.216755	3.928444	-0.999955	-1.288745	-5.975518	0.000000
6.311626	1.000104	6119.035102	4079.779891	-0.000000	0.000000	-51.553170	0.002000	1.216755	3.928444	-0.999955	-1.288745	-5.975518	0.000000
6.331626	1.000104	6119.035102	4079.779891	-0.000000	0.000000	-51.553170	0.002000	1.216755	3.928444	-0.999955	-1.288745	-5.975518	0.000000
6.351626	1.000104	6119.035102	4079.779891	-0.000000	0.000000	-51.553170	0.002000	1.216755	3.928444	-0.999955	-1.288745	-5.975518	0.000000
6.371626	1.000104	6119.035102	4079.779891	-0.000000	0.000000	-51.553170	0.002000	1.216755	3.928444	-0.999955	-1.288745	-5.975518	0.000000
6.391626	1.000104	6119.035102	4079.779891	-0.000000	0.000000	-51.553170	0.002000	1.216755	3.928444	-0.999955	-1.288745	-5.975518	0.000000
6.411626	1.000104	6119.035102	4079.779891	-0.000000	0.000000	-51.553170	0.002000	1.216755	3.928444	-0.999955	-1.288745	-5.975518	0.000000
6.431626	1.000104	6119.035102	4079.779891	-0.000000	0.000000	-51.553170	0.002000	1.216755	3.928444	-0.999955	-1.288745	-5.975518	0.000000
6.451626	1.000104	6119.035102	4079.779891	-0.000000	0.000000	-51.553170	0.002000	1.216755	3.928444	-0.999955	-1.288745	-5.975518	0.000000
6.471626	1.000104	6119.035102	4079.779891	-0.000000	0.000000	-51.553170	0.002000	1.216755	3.928444	-0.999955	-1.288745	-5.975518	0.000000
6.491626	1.000104	6119.035102	4079.779891	-0.000000	0.000000	-51.553170	0.002000	1.216755	3.928444	-0.999955	-1.288745	-5.975518	0.000000
6.511626	1.000104	6119.035102	4079.779891	-0.000000	0.000000	-51.553170	0.002000	1.216755	3.928444	-0.999955	-1.288745	-5.975518	0.000000
6.531626	1.000104	6119.035102	4079.779891	-0.000000	0.000000	-51.553170	0.002000	1.216755	3.928444	-0.999955	-1.288745	-5.975518	0.000000
6.551626	1.000104	6119.035102	4079.779891	-0.000000	0.000000	-51.553170	0.002000	1.216755	3.928444	-0.999955	-1.288745	-5.975518	0.000000
6.571626	1.000104	6119.035102	4079.779891	-0.000000	0.000000	-51.553170	0.002000	1.216755	3.928444	-0.999955	-1.288745	-5.975518	0.000000
6.591626	1.000104	6119.035102	4079.779891	-0.000000	0.000000	-51.553170	0.002000	1.216755	3.928444	-0.999955	-1.288745	-5.975518	0.000000
6.611626	1.000104	6119.035102	4079.779891	-0.000000	0.000000	-51.553170	0.002000	1.216755	3.928444	-0.999955	-1.288745	-5.975518	0.000000
6.631626	1.000104	6119.035102	4079.779891	-0.000000	0.000000	-51.553170	0.002000	1.216755	3.928444	-0.999955	-1.288745	-5.975518	0.000000
6.651626	1.000104	6119.035102	4079.779891	-0.000000	0.000000	-51.553170	0.002000	1.216755	3.928444	-0.999955	-1.288745	-5.975518	0.000000
6.671626	1.000104	6119.035102	4079.779891	-0.000000	0.000000	-51.553170	0.002000	1.216755	3.928444	-0.999955	-1.288745	-5.975518	0.000000
6.691626	1.000104	6119.035102	4079.779891	-0.000000	0.000000	-51.553170	0.002000	1.216755	3.928444	-0.999955	-1.288745	-5.975518	0.000000
6.711626	1.000104	6119.035102	4079.779891	-0.000000	0.000000	-51.553170	0.002000	1.216755	3.928444	-0.999955	-1.288745	-5.975518	0.000000
6.731626	1.000104	6119.035102	4079.779891	-0.000000	0.000000	-51.553170	0.002000	1.216755	3.928444	-0.999955	-1.288745	-5.975518	0.000000
6.751626	1.000104	6119.035102	4079.779891	-0.000000	0.000000	-51.553170	0.002000	1.216755	3.928444	-0.999955	-1.288745	-5.975518	0.000000
6.771626	1.000104	6119.035102	4079.779891	-0.000000	0.000000	-51.553170	0.002000	1.216755	3.928444	-0.999955	-1.288745	-5.975518	0.000000
6.791626	1.000104	6119.035102	4079.779891	-0.000000	0.000000	-51.553170	0.002000	1.216755	3.928444	-0.999955	-1.288745	-5.975518	0.000000
6.811626	1.000104	6119.035102	4079.779891	-0.000000	0.000000	-51.553170	0.002000	1.216755	3.928444	-0.999955	-1.288745	-5.975518	0.000000
6.831626	1.000104	6119.035102	4079.779891	-0.000000	0.000000	-51.553170	0.002000	1.216755	3.928444	-0.999955	-1.288745	-5.975518	0.000000
6.851626	1.000104	6119.035102	4079.779891	-0.000000	0.000000	-51.553170	0.002000	1.216755	3.928444	-0.999955	-1.288745	-5.975518	0.000000
6.871626	1.000104	6119.035102	4079.779891	-0.000000	0.000000	-51.553170	0.002000	1.216755	3.928444	-0.999955	-1.288745	-5.975518	0.000000
6.891626	1.000104	6119.035102	4079.779891	-0.000000	0.000000	-51.553170	0.002000	1.216755	3.928444	-0.999955	-1.288745	-5.975518	0.000000
6.911626	1.000104	6119.035102	4079.779891	0.000000	0.000000	-51.553170	0.002000	1.216755	3.928444	-0.999955	-1.288745	-5.975518	0.000000
6.931626	1.000104	6119.035102	4079.779891	0.000000	0.000001	-51.553170	0.002000	1.216755	3.928444	-0.999955	-1.288745	-5.975518	0.000000
6.951626	1.000104	6119.035102	4079.779891	-0.000000	0.000004	-51.553170	0.002000	1.216755	3.928444	-0.999955	-1.288745	-5.975518	0.000000
6.971626	1.000104	6119.035102	4079.779891	-0.000000	0.000015	-51.553170	0.002000	1.216755	3.928444	-0.999955	-1.288745	-5.975518	0.000000
6.991626	1.000104	6119.035102	4079.779891	-0.000001	0.000054	-51.553170	0.002000	1.216755	3.928444	-0.999955	-1.288745	-5.975518	0.000000
7.011626	1.000104	6119.035102	4079.779891	-0.000002	0.000221	-51.553170	0.002000	1.216755	3.928444	-0.999955	-1.288745	-5.975518	0.000000
7.031626	1.000104	6119.035102	4079.779891	-0.000009	0.000908	-51.553170	0.002000	1.216755	3.928444	-0.999955	-1.288745	-5.975518	0.000000
7.051626	1.000104	6119.035102	4079.779891	-0.000036	0.003527	-51.553170	0.002000	1.216755	3.928444	-0.999955	-1.288745	-5.975518	0.000000
7.071626	1.000104	6119.035102	4079.779891	-0.000139	0.013325	-51.553170	0.002000	1.216755	3.928444	-0.999955	-1.288745	-5.975518	0.000000
7.091626	1.000104	6119.035102	4079.779891	-0.000523	0.048980	-51.553170	0.002000	1.216755	3.928444	-0.999955	-1.288745	-5.975518	0.000000
7.111626	1.000104	6119.035103	4079.779892	-0.001907	0.174709	-51.553170	0.002000	1.216755	3.928444	-0.999955	-1.288745	-5.975518	0.000000
7.131626	1.000104	6119.035107	4079.779896	-0.006748	0.602884	-51.553170	0.002000	1.216755	3.928444	-0.999955	-1.288745	-5.975518	0.000000
7.151626	1.000104	6119.035120	4079.779910	-0.023092	2.004593	-51.553170	0.002000	1.216755	3.928444	-0.999955	-1.288745	-5.975518	0.000000
7.171626	1.000104	6119.035165	4079.779956	-0.076083	6.388037	-51.553170	0.002000	1.216755	3.928444	-0.999955	-1.288745	-5.975518	0.000000
7.191626	1.000104	6119.035309	4079.780108	-0.239888	19.376163	-51.553170	0.002000	1.216755	3.928444	-0.999955	-1.288745	-5.975518	0.000000
7.211626	1.000104	6119.035751	4079.780582	-0.718101	55.399766	-51.553171	0.002000	1.216755	3.928444	-0.999955	-1.288745	-5.975518	0.000000
7.231626	1.000104	6119.037033	4079.781989	-2.017794	147.115721	-51.553173	0.002000	1.216755	3.928444	-0.999955	-1.288745	-5.975518	0.000000
7.251626	1.000105	6119.040504	4079.785902	-5.223281	353.755074	-51.553179	0.002000	1.216755	3.928444	-0.999955	-1.288745	-5.975518	0.000000
7.271626	1.000106	6119.049078	4079.795918	-12.049743	730.996555	-51.553195	0.002000	1.216755	3.928445	-0.999954	-1.288745	-5.975518	0.000000
7.291626	1.000108	6119.067604	4079.818745	-22.984463	1114.704211	-51.553232	0.002000	1.216755	3.928446	-0.999953	-1.288745	-5.975518	0.000000
7.311626	1.000114	6119.098910	4079.861690	-27.292056	264.789845	-51.553306	0.002000	1.216755	3.928449	-0.999951	-1.288745	-5.975518	0.000000
7.331626	1.000122	6119.120981	4079.911365	31.931128	-6771.026054	-51.553403	0.002000	1.216755	3.928450	-0.999947	-1.288745	-5.975516	0.000000
7.351626	1.000125	6119.001712	4079.847234	355.447221	-35404.633958	-51.553354	0.002000	1.216755	3.928442	-0.999946	-1.288745	-5.975514	0.000000
7.371625	1.000080	6118.240904	4079.168372	1518.773012	-125941.050571	-51.552397	0.002000	1.216755	3.928388	-0.999965	-1.288745	-5.975510	0.000000
7.391626	0.999835	6115.308031	4076.253630	4874.970756	-368061.864873	-51.548106	0.002000	1.216755	3.928179	-1.000069	-1.288745	-5.975507	0.000000
7.411634	0.998970	6106.177645	4066.736770	13065.397455	-929171.406327	-51.533908	0.002002	1.216755	3.927530	-1.000441	-1.288745	-5.975524	0.000000
7.431666	0.996449	6081.711208	4040.412064	30361.439289	-2055054.588808	-51.494761	0.002007	1.216755	3.925787	-1.001529	-1.288745	-5.975633	0.000000
7.451768	0.989953	6024.382680	3976.573785	61363.172558	-3972454.944480	-51.402352	0.002020	1.216755	3.921674	-1.004352	-1.288745	-5.976073	0.000000
7.472051	0.975370	5907.869552	3842.735065	108406.814368	-6639849.032635	-51.206361	0.002051	1.216755	3.913192	-1.010766	-1.288745	-5.977522	0.000000
7.492738	0.945597	5710.191062	3601.398067	169481.750951	-9404231.464012	-50.837374	0.002115	1.216755	3.898412	-1.024186	-1.288745	-5.981793	0.000000
7.514306	0.891642	5438.915061	3235.170433	232206.023979	-11229692.496923	-50.217932	0.002243	1.216755	3.877273	-1.049647	-1.288745	-5.992296	0.000000
7.537634	0.810288	5154.162446	2786.531428	285478.561340	-11674495.051478	-49.218478	0.002468	1.216755	3.853919	-1.091138	-1.288744	-6.013677	0.000000
7.563900	0.693500	4938.794350	2285.492743	338798.539056	-10538030.168387	-47.749939	0.002884	1.216755	3.835381	-1.158677	-1.288740	-6.052581	0.000000
7.596387	0.544417	4848.986615	1761.844081	361642.107439	-8916798.322109	-45.582501	0.003674	1.216755	3.827411	-1.263702	-1.288733	-6.105596	0.000000
7.640900	0.346163	5515.189727	1274.203544	431951.496661	-5758464.665263	-41.006290	0.005778	1.216755	3.883318	-1.460293	-1.288709	-6.244545	0.000000
-0.000330	30.296406	8331.878525	168286.369845	1973.448495	0.070000	0.011689	0.000066	1.000000	4.006209	0.481268	-313.648483	-inf	0.000000
-0.000990	30.187197	8365.026751	168330.402544	6162.354640	0.070000	0.035716	0.000066	1.000000	3.975335	0.479651	-313.648483	-inf	0.000000
-0.001654	29.975644	8407.024709	167986.695798	10988.201379	0.070000	0.061258	0.000067	1.000000	4.007393	0.476579	-313.648483	-inf	0.000000
-0.002324	29.655432	8478.134612	167595.170299	17011.133077	0.070000	0.089502	0.000067	1.000000	4.024457	0.471894	-313.648483	-inf	0.000000
-0.003003	29.222818	8576.324255	167058.811049	24717.581092	0.070000	0.121690	0.000068	1.000000	4.032227	0.465483	-313.648483	-inf	0.000000
-0.003693	28.673906	8701.223804	166301.764690	35226.692428	0.070000	0.159473	0.000070	1.000000	4.039405	0.457208	-313.648483	-inf	0.000000
-0.004398	28.002064	8853.092470	165230.640539	49411.939294	0.070000	0.204981	0.000071	1.000000	4.047586	0.446858	-313.648483	-inf	0.000000
-0.005122	27.191747	9034.828732	163729.627446	69700.382853	0.070000	0.261164	0.000074	1.000000	4.057529	0.434033	-313.648483	-inf	0.000000
-0.005869	26.217167	9252.256917	161641.457198	98900.180404	0.070000	0.332745	0.000076	1.000000	4.069035	0.418084	-313.648483	-inf	0.000000
-0.006648	25.042551	9515.379707	158763.820956	141206.680398	0.070000	0.426110	0.000080	1.000000	4.082252	0.398043	-313.648483	-inf	0.000000
-0.007468	23.623488	9838.704975	154819.597463	206307.251953	0.070000	0.552241	0.000085	1.000000	4.097520	0.372530	-313.648483	-inf	0.000000
-0.008344	21.924867	10240.259576	149504.612884	298280.263329	0.070000	0.726200	0.000091	1.000000	4.115413	0.339893	-313.648483	-inf	0.000000
-0.009298	19.929033	10743.843713	142518.037461	441453.981658	0.070000	0.970265	0.000100	1.000000	4.136619	0.298152	-313.648483	-inf	0.000000
-0.010362	17.664254	11371.486353	133633.362568	644064.848098	0.070000	1.320778	0.000113	1.000000	4.161568	0.245426	-313.648483	-inf	0.000000
-0.011584	15.209876	12154.873658	122918.823375	937675.548679	0.070000	1.816548	0.000131	1.000000	4.190813	0.180061	-313.648483	-inf	0.000000
-0.013032	12.657743	13132.994023	110445.794724	1444909.417536	0.070000	2.553854	0.000158	1.000000	4.224856	0.099852	-313.648483	-inf	0.000000
-0.014820	10.179131	14341.937612	96937.327196	2042861.412853	0.070000	3.635131	0.000196	1.000000	4.263783	0.004781	-313.648483	-inf	0.000000
-0.017093	7.854689	15998.887423	83388.442569	3337921.673200	0.070000	5.216953	0.000255	1.000000	4.312449	-0.108467	-313.648483	-inf	0.000000
-0.020167	5.679997	18490.086949	69622.974937	6503531.188456	0.070000	8.123478	0.000352	1.000000	4.377601	-0.250127	-313.648483	-inf	0.000000
-0.024730	3.874217	22097.140182	56740.502314	10214246.228407	0.070000	13.262434	0.000516	1.000000	4.459719	-0.416751	-313.648483	-inf	0.000000
-0.031608	2.617993	26897.213587	46679.232419	13467524.535826	0.070000	20.448269	0.000764	1.000000	4.554106	-0.586768	-313.648483	-inf	0.000000
-0.041578	1.822614	29215.673182	35071.509286	17269386.197692	0.070000	29.861645	0.001097	1.000000	4.601921	-0.743513	-313.648483	-inf	0.000000
-0.055387	1.350654	21078.457831	18532.222402	15702192.184572	0.070000	40.397384	0.001481	1.000000	4.465333	-0.872559	-313.648483	-inf	0.000000
-0.072687	1.118216	10690.394678	7797.116617	7724035.727569	0.070000	47.690507	0.001789	1.000000	4.170754	-0.953042	-313.648483	-inf	0.000000
-0.091865	1.032033	6967.787194	4758.567572	2347059.777953	0.070000	50.566433	0.001938	1.000000	3.984856	-0.986837	-313.648483	-inf	0.000000
-0.111672	1.007402	6253.672826	4194.020043	543521.166534	0.070000	51.348398	0.001985	1.000000	3.937896	-0.996934	-313.648483	-inf	0.000000
-0.131634	1.001555	6141.301318	4099.550873	104762.332223	0.070000	51.516589	0.001997	1.000000	3.930021	-0.999355	-313.648483	-inf	0.000000
-0.151628	1.000359	6122.893828	4083.214185	17531.122466	0.070000	51.547408	0.001999	1.000000	3.928718	-0.999850	-313.648483	-inf	0.000000
-0.171627	1.000144	6119.697359	4080.353911	2608.521935	0.070000	51.552350	0.002000	1.000000	3.928491	-0.999939	-313.648483	-inf	0.000000
-0.191627	1.000110	6119.143316	4079.870365	354.720991	0.070000	51.553062	0.002000	1.000000	3.928452	-0.999953	-313.648483	-inf	0.000000
-0.211626	1.000105	6119.051794	4079.793367	45.499005	0.070000	51.553156	0.002000	1.000000	3.928445	-0.999955	-313.648483	-inf	0.000000
-0.231626	1.000104	6119.037548	4079.781813	5.772198	0.070000	51.553168	0.002000	1.000000	3.928444	-0.999955	-313.648483	-inf	0.000000
-0.251626	1.000104	6119.035448	4079.780159	0.770690	0.070000	51.553170	0.002000	1.000000	3.928444	-0.999955	-313.648483	-inf	0.000000
-0.271626	1.000104	6119.035150	4079.779928	0.113313	0.070000	51.553170	0.002000	1.000000	3.928444	-0.999955	-313.648483	-inf	0.000000
-0.291626	1.000104	6119.035108	4079.779896	0.018179	0.070000	51.553170	0.002000	1.000000	3.928444	-0.999955	-313.648483	-inf	0.000000
-0.311626	1.000104	6119.035103	4079.779892	0.003027	0.070000	51.553170	0.002000	1.000000	3.928444	-0.999955	-313.648483	-inf	0.000000
-0.331626	1.000104	6119.035102	4079.779891	0.000499	0.070000	51.553170	0.002000	1.000000	3.928444	-0.999955	-313.648483	-inf	0.000000
-0.351626	1.000104	6119.035102	4079.779891	0.000079	0.070000	51.553170	0.002000	1.000000	3.928444	-0.999955	-313.648483	-inf	0.000000
