0.003000	3.336335	103547.052405	230312.558185	-29.434181	-3058841.892381	-0.001054	0.000599	1.216755	5.226303	-0.476733	0.000000
0.008993	3.345636	103232.062629	230251.601146	-70.166838	-3053889.092909	-0.003132	0.000598	1.216755	5.224980	-0.475525	0.000000
0.014960	3.363722	102622.779222	230130.069025	-66.114936	-2888153.374070	-0.005081	0.000595	1.216755	5.222409	-0.473183	0.000000
0.020888	3.389576	101760.966091	229951.453014	-16.943402	-2355013.042409	-0.006723	0.000590	1.216755	5.218745	-0.469857	0.000000
0.026765	3.421638	100708.797909	229726.349475	52.216523	-1341162.777508	-0.007813	0.000585	1.216755	5.214230	-0.465767	0.000000
0.032582	3.457844	99545.215266	229474.688929	103.034924	75777.966859	-0.008111	0.000578	1.216755	5.209181	-0.461194	0.000000
0.038335	3.495775	98357.816397	229224.363279	104.095577	1627818.220266	-0.007484	0.000572	1.216755	5.203967	-0.456455	0.000000
0.044026	3.532896	97231.808138	229006.152401	45.260479	2952589.526179	-0.005977	0.000566	1.216755	5.198965	-0.451866	0.000000
0.049658	3.566879	96238.432021	228846.689653	-58.479979	3729773.451680	-0.003823	0.000561	1.216755	5.194504	-0.447707	0.000000
0.055240	3.595916	95425.997678	228762.065575	-175.336935	3793993.859286	-0.001396	0.000556	1.216755	5.190822	-0.444186	0.000000
0.060782	3.618944	94815.530452	228754.339249	-270.967863	3180918.639203	0.000894	0.000553	1.216755	5.188035	-0.441414	0.000000
0.066293	3.635720	94401.708694	228811.986808	-322.132284	2099426.012057	0.002699	0.000550	1.216755	5.186137	-0.439407	0.000000
0.071784	3.646737	94158.294934	228913.861916	-323.508793	850625.974460	0.003817	0.000548	1.216755	5.185018	-0.438094	0.000000
0.077262	3.653009	94046.362341	229035.125333	-287.291462	-270842.807684	0.004214	0.000547	1.216755	5.184503	-0.437349	0.000000
0.082734	3.655791	94023.185748	229153.171900	-235.762483	-1057992.233612	0.004007	0.000547	1.216755	5.184397	-0.437020	0.000000
0.088204	3.656329	94049.830432	229251.879815	-191.024525	-1431155.006024	0.003406	0.000547	1.216755	5.184521	-0.436956	0.000000
0.093675	3.655672	94096.087471	229323.332357	-168.809984	-1430930.042887	0.002643	0.000547	1.216755	5.184734	-0.437034	0.000000
0.099147	3.654576	94142.319345	229367.119366	-175.288248	-1176487.898662	0.001913	0.000547	1.216755	5.184947	-0.437165	0.000000
0.104621	3.653501	94178.653256	229388.028733	-203.603968	-810572.926738	0.001343	0.000547	1.216755	5.185114	-0.437292	0.000000
0.110096	3.652659	94202.528274	229393.227144	-245.524029	-454122.659486	0.000981	0.000548	1.216755	5.185224	-0.437392	0.000000
0.115573	3.652094	94215.727318	229389.855929	-296.292370	-182337.602641	0.000820	0.000548	1.216755	5.185284	-0.437458	0.000000
0.121050	3.651759	94221.770945	229383.491510	-336.708903	-19600.620764	0.000811	0.000548	1.216755	5.185312	-0.437498	0.000000
0.126528	3.651573	94224.129782	229377.592154	-367.573952	46637.751261	0.000896	0.000548	1.216755	5.185323	-0.437520	0.000000
0.132006	3.651464	94225.341958	229373.752626	-414.976848	43395.932986	0.001028	0.000548	1.216755	5.185328	-0.437533	0.000000
0.137483	3.651381	94226.817429	229372.167626	-426.447221	7174.816672	0.001176	0.000548	1.216755	5.185335	-0.437543	0.000000
0.142961	3.651297	94229.021976	229372.240442	-419.662145	-31928.970341	0.001302	0.000548	1.216755	5.185345	-0.437553	0.000000
0.148440	3.651204	94231.876109	229373.423737	-522.303670	-74866.725590	0.001425	0.000548	1.216755	5.185359	-0.437564	0.000000
0.153918	3.651106	94235.092264	229375.058497	-486.254707	-101753.985388	0.001561	0.000548	1.216755	5.185374	-0.437576	0.000000
0.159396	3.651003	94238.264932	229376.301849	-357.652359	-91524.571291	0.001622	0.000548	1.216755	5.185388	-0.437588	0.000000
0.164875	3.650912	94241.167205	229377.692072	-741.667262	-122196.541173	0.001716	0.000548	1.216755	5.185402	-0.437599	0.000000
0.170354	3.650831	94243.828921	229378.996742	-500.013490	-135100.333740	0.001919	0.000548	1.216755	5.185414	-0.437608	0.000000
0.175832	3.650738	94245.888848	229378.012185	264.625866	-20883.681563	0.001791	0.000548	1.216755	5.185423	-0.437620	0.000000
0.181311	3.650673	94247.399476	229377.911490	-1352.886195	-125055.672964	0.001780	0.000548	1.216755	5.185430	-0.437627	0.000000
0.186791	3.650613	94249.146613	229377.919073	-174.708377	-180571.497346	0.002260	0.000548	1.216755	5.185438	-0.437635	0.000000
0.192270	3.650434	94249.661601	229366.903331	3846.834978	380702.990620	0.001133	0.000548	1.216755	5.185440	-0.437657	0.000000
0.197749	3.650303	94248.946185	229358.121748	-3168.526554	-27816.910719	0.000304	0.000548	1.216755	5.185437	-0.437671	0.000000
0.203229	3.650122	94250.512980	229347.926422	2302.838751	-271354.683368	0.001695	0.000548	1.216755	5.185445	-0.437698	0.000000
0.208709	3.649262	94247.341725	229280.564322	23014.753947	2509638.758564	-0.004677	0.000548	1.216755	5.185426	-0.437807	0.000000
0.214191	3.648429	94238.319078	229210.463384	-7011.104457	1032778.920755	-0.010901	0.000548	1.216755	5.185387	-0.437900	0.000000
0.219673	3.647149	94239.637400	229119.539446	18843.009009	63518.851974	-0.007335	0.000548	1.216755	5.185394	-0.438080	0.000000
0.225159	3.642225	94218.391822	228727.108463	125893.878972	14000029.568723	-0.041633	0.000549	1.216755	5.185275	-0.438705	0.000000
0.230657	3.636446	94163.939943	228243.030992	2294.610381	9711625.944619	-0.082256	0.000550	1.216755	5.185030	-0.439381	0.000000
0.236159	3.627470	94150.172081	227573.063911	127513.718459	6745807.856772	-0.081720	0.000551	1.216755	5.184971	-0.440599	0.000000
0.241679	3.599022	94020.880717	225300.018214	689820.430296	79530991.079873	-0.267858	0.000556	1.216755	5.184261	-0.444248	0.000000
0.247273	3.561336	93682.829281	222139.702037	225122.452189	82137177.399386	-0.529368	0.000562	1.216755	5.182692	-0.448814	0.000000
0.252910	3.506887	93456.956968	217868.707825	758324.678658	87201186.790844	-0.619328	0.000570	1.216755	5.181635	-0.456189	0.000000
0.258656	3.360661	92547.866673	205805.155920	3831229.954527	531615907.162394	-1.606873	0.000595	1.216755	5.176682	-0.475974	0.000000
0.264821	3.167930	89951.753154	188457.392723	2419533.583968	810830780.238873	-3.337080	0.000631	1.216755	5.163844	-0.501379	0.000000
0.271322	2.999442	87237.906980	172628.558717	1313291.063775	831338874.531494	-3.800375	0.000667	1.216755	5.150463	-0.526099	0.000000
0.278116	2.614007	81611.780309	137449.976485	16720709.176220	3091228658.613754	-6.941628	0.000765	1.216755	5.117311	-0.591915	0.000000
0.286905	1.963179	62902.780357	76434.555676	36994604.986837	7690810163.349468	-19.381057	0.001019	1.216755	4.991480	-0.720938	0.000000
0.300008	1.411014	33950.613963	28855.995798	30185459.596164	7206930745.548591	-35.828094	0.001417	1.216755	4.709634	-0.862146	0.000000
0.317078	1.133091	14486.508498	9980.410911	13997219.033959	3246335240.305788	-46.200672	0.001765	1.216755	4.337875	-0.951475	0.000000
0.336196	1.034553	7599.513329	5045.538123	4156951.042055	746548368.499877	-50.254366	0.001933	1.216755	4.077264	-0.987105	0.000000
0.356001	1.007517	6303.356074	4206.927610	867782.613494	98903400.503185	-51.309514	0.001985	1.216755	4.008420	-0.997204	0.000000
0.375967	1.001454	6141.212834	4096.519590	149147.635846	12045989.729619	-51.514393	0.001997	1.216755	3.999126	-0.999460	0.000000
0.395962	1.000317	6120.787772	4081.301145	21711.008420	1647278.723127	-51.547916	0.001999	1.216755	3.997928	-0.999878	0.000000
0.415961	1.000133	6117.923899	4079.083790	2689.240169	239482.874216	-51.552557	0.002000	1.216755	3.997759	-0.999945	0.000000
0.435961	1.000108	6117.508587	4078.767341	288.743962	34030.220455	-51.553108	0.002000	1.216755	3.997734	-0.999954	0.000000
0.455961	1.000104	6117.450594	4078.725085	26.675838	4533.828732	-51.553165	0.002000	1.216755	3.997731	-0.999955	0.000000
0.475961	1.000104	6117.443041	4078.719880	2.093009	558.438050	-51.553170	0.002000	1.216755	3.997731	-0.999955	0.000000
0.495961	1.000104	6117.442132	4078.719289	0.144990	63.519529	-51.553170	0.002000	1.216755	3.997731	-0.999955	0.000000
0.515961	1.000104	6117.442031	4078.719226	0.011904	6.725961	-51.553170	0.002000	1.216755	3.997731	-0.999955	0.000000
0.535961	1.000104	6117.442020	4078.719220	0.001827	0.678689	-51.553170	0.002000	1.216755	3.997731	-0.999955	0.000000
0.555961	1.000104	6117.442019	4078.719220	0.000375	0.068603	-51.553170	0.002000	1.216755	3.997731	-0.999955	0.000000
0.575961	1.000104	6117.442019	4078.719220	0.000070	0.007492	-51.553170	0.002000	1.216755	3.997731	-0.999955	0.000000
0.595961	1.000104	6117.442019	4078.719219	0.000011	0.000934	-51.553170	0.002000	1.216755	3.997731	-0.999955	0.000000
0.615961	1.000104	6117.442019	4078.719219	0.000001	0.000129	-51.553170	0.002000	1.216755	3.997731	-0.999955	0.000000
0.635961	1.000104	6117.442019	4078.719219	0.000000	0.000017	-51.553170	0.002000	1.216755	3.997731	-0.999955	0.000000
0.655961	1.000104	6117.442019	4078.719219	0.000000	0.000002	-51.553170	0.002000	1.216755	3.997731	-0.999955	0.000000
0.675961	1.000104	6117.442019	4078.719219	-0.000000	0.000000	-51.553170	0.002000	1.216755	3.997731	-0.999955	0.000000
0.695961	1.000104	6117.442019	4078.719219	-0.000000	-0.000000	-51.553170	0.002000	1.216755	3.997731	-0.999955	0.000000
0.715961	1.000104	6117.442019	4078.719219	0.000000	0.000000	-51.553170	0.002000	1.216755	3.997731	-0.999955	0.000000
0.735961	1.000104	6117.442019	4078.719219	0.000000	0.000000	-51.553170	0.002000	1.216755	3.997731	-0.999955	0.000000
0.755961	1.000104	6117.442019	4078.719219	0.000000	0.000001	-51.553170	0.002000	1.216755	3.997731	-0.999955	0.000000
0.775961	1.000104	6117.442019	4078.719219	-0.000000	0.000001	-51.553170	0.002000	1.216755	3.997731	-0.999955	0.000000
0.795961	1.000104	6117.442019	4078.719219	-0.000000	-0.000000	-51.553170	0.002000	1.216755	3.997731	-0.999955	0.000000
0.815961	1.000104	6117.442019	4078.719219	-0.000000	-0.000001	-51.553170	0.002000	1.216755	3.997731	-0.999955	0.000000
0.835961	1.000104	6117.442019	4078.719219	0.000000	-0.000001	-51.553170	0.002000	1.216755	3.997731	-0.999955	0.000000
0.855961	1.000104	6117.442019	4078.719219	0.000000	0.000001	-51.553170	0.002000	1.216755	3.997731	-0.999955	0.000000
0.875961	1.000104	6117.442019	4078.719219	-0.000000	0.000000	-51.553170	0.002000	1.216755	3.997731	-0.999955	0.000000
0.895961	1.000104	6117.442019	4078.719219	-0.000000	0.000000	-51.553170	0.002000	1.216755	3.997731	-0.999955	0.000000
0.915961	1.000104	6117.442019	4078.719219	-0.000000	0.000000	-51.553170	0.002000	1.216755	3.997731	-0.999955	0.000000
0.935961	1.000104	6117.442019	4078.719219	-0.000000	-0.000000	-51.553170	0.002000	1.216755	3.997731	-0.999955	0.000000
0.955961	1.000104	6117.442019	4078.719219	-0.000000	-0.000001	-51.553170	0.002000	1.216755	3.997731	-0.999955	0.000000
0.975961	1.000104	6117.442019	4078.719219	0.000000	-0.000001	-51.553170	0.002000	1.216755	3.997731	-0.999955	0.000000
0.995961	1.000104	6117.442019	4078.719219	0.000000	0.000000	-51.553170	0.002000	1.216755	3.997731	-0.999955	0.000000
1.015961	1.000104	6117.442019	4078.719219	-0.000000	0.000000	-51.553170	0.002000	1.216755	3.997731	-0.999955	0.000000
1.035961	1.000104	6117.442019	4078.719219	0.000000	-0.000001	-51.553170	0.002000	1.216755	3.997731	-0.999955	0.000000
1.055961	1.000104	6117.442019	4078.719219	0.000000	-0.000000	-51.553170	0.002000	1.216755	3.997731	-0.999955	0.000000
1.075961	1.000104	6117.442019	4078.719219	0.000000	-0.000000	-51.553170	0.002000	1.216755	3.997731	-0.999955	0.000000
1.095961	1.000104	6117.442019	4078.719219	0.000000	0.000001	-51.553170	0.002000	1.216755	3.997731	-0.999955	0.000000
1.115961	1.000104	6117.442019	4078.719219	-0.000000	0.000001	-51.553170	0.002000	1.216755	3.997731	-0.999955	0.000000
1.135961	1.000104	6117.442019	4078.719219	-0.000000	-0.000000	-51.553170	0.002000	1.216755	3.997731	-0.999955	0.000000
1.155961	1.000104	6117.442019	4078.719219	-0.000000	-0.000000	-51.553170	0.002000	1.216755	3.997731	-0.999955	0.000000
1.175961	1.000104	6117.442019	4078.719219	0.000000	-0.000001	-51.553170	0.002000	1.216755	3.997731	-0.999955	0.000000
1.195961	1.000104	6117.442019	4078.719219	0.000000	0.000001	-51.553170	0.002000	1.216755	3.997731	-0.999955	0.000000
1.215961	1.000104	6117.442019	4078.719219	-0.000000	-0.000000	-51.553170	0.002000	1.216755	3.997731	-0.999955	0.000000
1.235961	1.000104	6117.442019	4078.719219	0.000000	-0.000000	-51.553170	0.002000	1.216755	3.997731	-0.999955	0.000000
1.255961	1.000104	6117.442019	4078.719219	0.000000	0.000000	-51.553170	0.002000	1.216755	3.997731	-0.999955	0.000000
1.275961	1.000104	6117.442019	4078.719219	0.000000	0.000000	-51.553170	0.002000	1.216755	3.997731	-0.999955	0.000000
1.295961	1.000104	6117.442019	4078.719219	-0.000000	0.000000	-51.553170	0.002000	1.216755	3.997731	-0.999955	0.000000
1.315961	1.000104	6117.442019	4078.719219	0.000000	0.000000	-51.553170	0.002000	1.216755	3.997731	-0.999955	0.000000
1.335961	1.000104	6117.442019	4078.719219	0.000000	0.000000	-51.553170	0.002000	1.216755	3.997731	-0.999955	0.000000
1.355961	1.000104	6117.442019	4078.719219	0.000000	0.000000	-51.553170	0.002000	1.216755	3.997731	-0.999955	0.000000
1.375961	1.000104	6117.442019	4078.719219	0.000000	0.000000	-51.553170	0.002000	1.216755	3.997731	-0.999955	0.000000
1.395961	1.000104	6117.442019	4078.719219	0.000000	0.000000	-51.553170	0.002000	1.216755	3.997731	-0.999955	0.000000
1.415961	1.000104	6117.442019	4078.719219	0.000000	0.000000	-51.553170	0.002000	1.216755	3.997731	-0.999955	0.000000
1.435961	1.000104	6117.442019	4078.719219	0.000000	0.000000	-51.553170	0.002000	1.216755	3.997731	-0.999955	0.000000
1.455961	1.000104	6117.442019	4078.719219	0.000000	0.000000	-51.553170	0.002000	1.216755	3.997731	-0.999955	0.000000
1.475961	1.000104	6117.442019	4078.719219	0.000000	0.000000	-51.553170	0.002000	1.216755	3.997731	-0.999955	0.000000
1.495961	1.000104	6117.442019	4078.719219	0.000000	0.000000	-51.553170	0.002000	1.216755	3.997731	-0.999955	0.000000
1.515961	1.000104	6117.442019	4078.719219	0.000000	-0.000000	-51.553170	0.002000	1.216755	3.997731	-0.999955	0.000000
1.535961	1.000104	6117.442019	4078.719219	0.000000	-0.000000	-51.553170	0.002000	1.216755	3.997731	-0.999955	0.000000
1.555961	1.000104	6117.442019	4078.719219	0.000000	-0.000000	-51.553170	0.002000	1.216755	3.997731	-0.999955	0.000000
1.575961	1.000104	6117.442019	4078.719219	0.000000	-0.000000	-51.553170	0.002000	1.216755	3.997731	-0.999955	0.000000
1.595961	1.000104	6117.442019	4078.719219	0.000000	-0.000000	-51.553170	0.002000	1.216755	3.997731	-0.999955	0.000000
1.615961	1.000104	6117.442019	4078.719219	0.000000	-0.000000	-51.553170	0.002000	1.216755	3.997731	-0.999955	0.000000
1.635961	1.000104	6117.442019	4078.719219	-0.000000	-0.000000	-51.553170	0.002000	1.216755	3.997731	-0.999955	0.000000
1.655961	1.000104	6117.442019	4078.719219	-0.000000	-0.000000	-51.553170	0.002000	1.216755	3.997731	-0.999955	0.000000
1.675961	1.000104	6117.442019	4078.719219	-0.000000	-0.000000	-51.553170	0.002000	1.216755	3.997731	-0.999955	0.000000
1.695961	1.000104	6117.442019	4078.719219	-0.000000	-0.000000	-51.553170	0.002000	1.216755	3.997731	-0.999955	0.000000
1.715961	1.000104	6117.442019	4078.719219	0.000000	0.000000	-51.553170	0.002000	1.216755	3.997731	-0.999955	0.000000
1.735961	1.000104	6117.442019	4078.719219	0.000000	0.000001	-51.553170	0.002000	1.216755	3.997731	-0.999955	0.000000
1.755961	1.000104	6117.442019	4078.719219	-0.000000	0.000001	-51.553170	0.002000	1.216755	3.997731	-0.999955	0.000000
1.775961	1.000104	6117.442019	4078.719219	-0.000000	-0.000001	-51.553170	0.002000	1.216755	3.997731	-0.999955	0.000000
1.795961	1.000104	6117.442019	4078.719219	0.000000	-0.000001	-51.553170	0.002000	1.216755	3.997731	-0.999955	0.000000
1.815961	1.000104	6117.442019	4078.719219	0.000000	0.000000	-51.553170	0.002000	1.216755	3.997731	-0.999955	0.000000
1.835961	1.000104	6117.442019	4078.719219	0.000000	0.000001	-51.553170	0.002000	1.216755	3.997731	-0.999955	0.000000
1.855961	1.000104	6117.442019	4078.719219	-0.000000	-0.000000	-51.553170	0.002000	1.216755	3.997731	-0.999955	0.000000
1.875961	1.000104	6117.442019	4078.719219	-0.000000	-0.000001	-51.553170	0.002000	1.216755	3.997731	-0.999955	0.000000
1.895961	1.000104	6117.442019	4078.719219	0.000000	-0.000000	-51.553170	0.002000	1.216755	3.997731	-0.999955	0.000000
1.915961	1.000104	6117.442019	4078.719219	-0.000000	0.000000	-51.553170	0.002000	1.216755	3.997731	-0.999955	0.000000
1.935961	1.000104	6117.442019	4078.719219	-0.000000	-0.000000	-51.553170	0.002000	1.216755	3.997731	-0.999955	0.000000
1.955961	1.000104	6117.442019	4078.719219	-0.000000	-0.000000	-51.553170	0.002000	1.216755	3.997731	-0.999955	0.000000
1.975961	1.000104	6117.442019	4078.719219	0.000000	0.000000	-51.553170	0.002000	1.216755	3.997731	-0.999955	0.000000
1.995961	1.000104	6117.442019	4078.719219	-0.000000	0.000000	-51.553170	0.002000	1.216755	3.997731	-0.999955	0.000000
2.015961	1.000104	6117.442019	4078.719219	0.000000	-0.000001	-51.553170	0.002000	1.216755	3.997731	-0.999955	0.000000
2.035961	1.000104	6117.442019	4078.719219	0.000000	0.000001	-51.553170	0.002000	1.216755	3.997731	-0.999955	0.000000
2.055961	1.000104	6117.442019	4078.719219	-0.000000	0.000001	-51.553170	0.002000	1.216755	3.997731	-0.999955	0.000000
2.075961	1.000104	6117.442019	4078.719219	-0.000000	-0.000002	-51.553170	0.002000	1.216755	3.997731	-0.999955	0.000000
2.095961	1.000104	6117.442019	4078.719219	0.000000	0.000000	-51.553170	0.002000	1.216755	3.997731	-0.999955	0.000000
2.115961	1.000104	6117.442019	4078.719219	-0.000000	0.000001	-51.553170	0.002000	1.216755	3.997731	-0.999955	0.000000
2.135961	1.000104	6117.442019	4078.719219	-0.000000	-0.000001	-51.553170	0.002000	1.216755	3.997731	-0.999955	0.000000
2.155961	1.000104	6117.442019	4078.719219	0.000000	-0.000001	-51.553170	0.002000	1.216755	3.997731	-0.999955	0.000000
2.175961	1.000104	6117.442019	4078.719219	0.000000	-0.000000	-51.553170	0.002000	1.216755	3.997731	-0.999955	0.000000
2.195961	1.000104	6117.442019	4078.719219	0.000000	0.000000	-51.553170	0.002000	1.216755	3.997731	-0.999955	0.000000
2.215961	1.000104	6117.442019	4078.719219	-0.000000	0.000001	-51.553170	0.002000	1.216755	3.997731	-0.999955	0.000000
2.235961	1.000104	6117.442019	4078.719219	-0.000000	-0.000001	-51.553170	0.002000	1.216755	3.997731	-0.999955	0.000000
2.255961	1.000104	6117.442019	4078.719219	0.000000	0.000001	-51.553170	0.002000	1.216755	3.997731	-0.999955	0.000000
2.275961	1.000104	6117.442019	4078.719219	-0.000000	0.000001	-51.553170	0.002000	1.216755	3.997731	-0.999955	0.000000
2.295961	1.000104	6117.442019	4078.719219	-0.000000	0.000001	-51.553170	0.002000	1.216755	3.997731	-0.999955	0.000000
2.315961	1.000104	6117.442019	4078.719219	-0.000000	-0.000000	-51.553170	0.002000	1.216755	3.997731	-0.999955	0.000000
2.335961	1.000104	6117.442019	4078.719219	-0.000000	-0.000001	-51.553170	0.002000	1.216755	3.997731	-0.999955	0.000000
2.355961	1.000104	6117.442019	4078.719219	-0.000000	-0.000001	-51.553170	0.002000	1.216755	3.997731	-0.999955	0.000000
2.375961	1.000104	6117.442019	4078.719219	0.000000	-0.000001	-51.553170	0.002000	1.216755	3.997731	-0.999955	0.000000
2.395961	1.000104	6117.442019	4078.719219	0.000000	-0.000001	-51.553170	0.002000	1.216755	3.997731	-0.999955	0.000000
2.415961	1.000104	6117.442019	4078.719219	0.000000	0.000000	-51.553170	0.002000	1.216755	3.997731	-0.999955	0.000000
2.435961	1.000104	6117.442019	4078.719219	-0.000000	0.000004	-51.553170	0.002000	1.216755	3.997731	-0.999955	0.000000
2.455961	1.000104	6117.442019	4078.719219	-0.000000	0.000000	-51.553170	0.002000	1.216755	3.997731	-0.999955	0.000000
2.475961	1.000104	6117.442019	4078.719219	-0.000000	-0.000003	-51.553170	0.002000	1.216755	3.997731	-0.999955	0.000000
2.495961	1.000104	6117.442019	4078.719219	0.000000	-0.000001	-51.553170	0.002000	1.216755	3.997731	-0.999955	0.000000
2.515961	1.000104	6117.442019	4078.719219	0.000000	0.000001	-51.553170	0.002000	1.216755	3.997731	-0.999955	0.000000
2.535961	1.000104	6117.442019	4078.719219	0.000000	0.000000	-51.553170	0.002000	1.216755	3.997731	-0.999955	0.000000
2.555961	1.000104	6117.442019	4078.719219	-0.000000	0.000000	-51.553170	0.002000	1.216755	3.997731	-0.999955	0.000000
2.575961	1.000104	6117.442019	4078.719219	-0.000000	0.000000	-51.553170	0.002000	1.216755	3.997731	-0.999955	0.000000
2.595961	1.000104	6117.442019	4078.719219	-0.000000	0.000000	-51.553170	0.002000	1.216755	3.997731	-0.999955	0.000000
2.615961	1.000104	6117.442019	4078.719219	0.000000	0.000000	-51.553170	0.002000	1.216755	3.997731	-0.999955	0.000000
2.635961	1.000104	6117.442019	4078.719219	0.000000	0.000000	-51.553170	0.002000	1.216755	3.997731	-0.999955	0.000000
2.655961	1.000104	6117.442019	4078.719219	0.000000	0.000000	-51.553170	0.002000	1.216755	3.997731	-0.999955	0.000000
2.675961	1.000104	6117.442019	4078.719219	0.000000	0.000000	-51.553170	0.002000	1.216755	3.997731	-0.999955	0.000000
2.695961	1.000104	6117.442019	4078.719219	0.000000	0.000000	-51.553170	0.002000	1.216755	3.997731	-0.999955	0.000000
2.715961	1.000104	6117.442019	4078.719219	0.000000	0.000000	-51.553170	0.002000	1.216755	3.997731	-0.999955	0.000000
2.735961	1.000104	6117.442019	4078.719219	0.000000	0.000000	-51.553170	0.002000	1.216755	3.997731	-0.999955	0.000000
2.755961	1.000104	6117.442019	4078.719219	0.000000	0.000000	-51.553170	0.002000	1.216755	3.997731	-0.999955	0.000000
2.775961	1.000104	6117.442019	4078.719219	0.000000	0.000000	-51.553170	0.002000	1.216755	3.997731	-0.999955	0.000000
2.795961	1.000104	6117.442019	4078.719219	0.000000	0.000000	-51.553170	0.002000	1.216755	3.997731	-0.999955	0.000000
2.815961	1.000104	6117.442019	4078.719219	0.000000	0.000000	-51.553170	0.002000	1.216755	3.997731	-0.999955	0.000000
2.835961	1.000104	6117.442019	4078.719219	0.000000	0.000000	-51.553170	0.002000	1.216755	3.997731	-0.999955	0.000000
2.855961	1.000104	6117.442019	4078.719219	0.000000	0.000000	-51.553170	0.002000	1.216755	3.997731	-0.999955	0.000000
2.875961	1.000104	6117.442019	4078.719219	0.000000	0.000000	-51.553170	0.002000	1.216755	3.997731	-0.999955	0.000000
2.895961	1.000104	6117.442019	4078.719219	0.000000	0.000000	-51.553170	0.002000	1.216755	3.997731	-0.999955	0.000000
2.915961	1.000104	6117.442019	4078.719219	0.000000	0.000000	-51.553170	0.002000	1.216755	3.997731	-0.999955	0.000000
2.935961	1.000104	6117.442019	4078.719219	0.000000	0.000000	-51.553170	0.002000	1.216755	3.997731	-0.999955	0.000000
2.955961	1.000104	6117.442019	4078.719219	0.000000	0.000000	-51.553170	0.002000	1.216755	3.997731	-0.999955	0.000000
2.975961	1.000104	6117.442019	4078.719219	0.000000	0.000000	-51.553170	0.002000	1.216755	3.997731	-0.999955	0.000000
2.995961	1.000104	6117.442019	4078.719219	0.000000	0.000000	-51.553170	0.002000	1.216755	3.997731	-0.999955	0.000000
3.015961	1.000104	6117.442019	4078.719219	0.000000	0.000000	-51.553170	0.002000	1.216755	3.997731	-0.999955	0.000000
3.035961	1.000104	6117.442019	4078.719219	0.000000	0.000000	-51.553170	0.002000	1.216755	3.997731	-0.999955	0.000000
3.055961	1.000104	6117.442019	4078.719219	0.000000	0.000000	-51.553170	0.002000	1.216755	3.997731	-0.999955	0.000000
3.075961	1.000104	6117.442019	4078.719219	0.000000	0.000000	-51.553170	0.002000	1.216755	3.997731	-0.999955	0.000000
3.095961	1.000104	6117.442019	4078.719219	0.000000	0.000000	-51.553170	0.002000	1.216755	3.997731	-0.999955	0.000000
3.115961	1.000104	6117.442019	4078.719219	0.000000	0.000000	-51.553170	0.002000	1.216755	3.997731	-0.999955	0.000000
3.135961	1.000104	6117.442019	4078.719219	0.000000	0.000000	-51.553170	0.002000	1.216755	3.997731	-0.999955	0.000000
3.155961	1.000104	6117.442019	4078.719219	0.000000	0.000000	-51.553170	0.002000	1.216755	3.997731	-0.999955	0.000000
3.175961	1.000104	6117.442019	4078.719219	0.000000	0.000000	-51.553170	0.002000	1.216755	3.997731	-0.999955	0.000000
3.195961	1.000104	6117.442019	4078.719219	0.000000	0.000000	-51.553170	0.002000	1.216755	3.997731	-0.999955	0.000000
3.215961	1.000104	6117.442019	4078.719219	0.000000	0.000000	-51.553170	0.002000	1.216755	3.997731	-0.999955	0.000000
3.235961	1.000104	6117.442019	4078.719219	0.000000	0.000000	-51.553170	0.002000	1.216755	3.997731	-0.999955	0.000000
3.255961	1.000104	6117.442019	4078.719219	0.000000	0.000000	-51.553170	0.002000	1.216755	3.997731	-0.999955	0.000000
3.275961	1.000104	6117.442019	4078.719219	0.000000	0.000000	-51.553170	0.002000	1.216755	3.997731	-0.999955	0.000000
3.295961	1.000104	6117.442019	4078.719219	0.000000	0.000000	-51.553170	0.002000	1.216755	3.997731	-0.999955	0.000000
3.315961	1.000104	6117.442019	4078.719219	0.000000	0.000000	-51.553170	0.002000	1.216755	3.997731	-0.999955	0.000000
3.335961	1.000104	6117.442019	4078.719219	0.000000	0.000000	-51.553170	0.002000	1.216755	3.997731	-0.999955	0.000000
3.355961	1.000104	6117.442019	4078.719219	0.000000	0.000000	-51.553170	0.002000	1.216755	3.997731	-0.999955	0.000000
3.375961	1.000104	6117.442019	4078.719219	0.000000	0.000000	-51.553170	0.002000	1.216755	3.997731	-0.999955	0.000000
3.395961	1.000104	6117.442019	4078.719219	0.000000	0.000000	-51.553170	0.002000	1.216755	3.997731	-0.999955	0.000000
3.415961	1.000104	6117.442019	4078.719219	0.000000	0.000000	-51.553170	0.002000	1.216755	3.997731	-0.999955	0.000000
3.435961	1.000104	6117.442019	4078.719219	0.000000	0.000000	-51.553170	0.002000	1.216755	3.997731	-0.999955	0.000000
3.455961	1.000104	6117.442019	4078.719219	0.000000	0.000000	-51.553170	0.002000	1.216755	3.997731	-0.999955	0.000000
3.475961	1.000104	6117.442019	4078.719219	0.000000	0.000000	-51.553170	0.002000	1.216755	3.997731	-0.999955	0.000000
3.495961	1.000104	6117.442019	4078.719219	0.000000	0.000000	-51.553170	0.002000	1.216755	3.997731	-0.999955	0.000000
3.515961	1.000104	6117.442019	4078.719219	0.000000	0.000000	-51.553170	0.002000	1.216755	3.997731	-0.999955	0.000000
3.535961	1.000104	6117.442019	4078.719219	0.000000	0.000000	-51.553170	0.002000	1.216755	3.997731	-0.999955	0.000000
3.555961	1.000104	6117.442019	4078.719219	0.000000	0.000000	-51.553170	0.002000	1.216755	3.997731	-0.999955	0.000000
3.575961	1.000104	6117.442019	4078.719219	0.000000	0.000000	-51.553170	0.002000	1.216755	3.997731	-0.999955	0.000000
3.595961	1.000104	6117.442019	4078.719219	0.000000	0.000000	-51.553170	0.002000	1.216755	3.997731	-0.999955	0.000000
3.615961	1.000104	6117.442019	4078.719219	0.000000	0.000000	-51.553170	0.002000	1.216755	3.997731	-0.999955	0.000000
3.635961	1.000104	6117.442019	4078.719219	0.000000	0.000000	-51.553170	0.002000	1.216755	3.997731	-0.999955	0.000000
3.655961	1.000104	6117.442019	4078.719219	0.000000	0.000000	-51.553170	0.002000	1.216755	3.997731	-0.999955	0.000000
3.675961	1.000104	6117.442019	4078.719219	0.000000	0.000000	-51.553170	0.002000	1.216755	3.997731	-0.999955	0.000000
3.695961	1.000104	6117.442019	4078.719219	0.000000	0.000000	-51.553170	0.002000	1.216755	3.997731	-0.999955	0.000000
3.715961	1.000104	6117.442019	4078.719219	0.000000	0.000000	-51.553170	0.002000	1.216755	3.997731	-0.999955	0.000000
3.735961	1.000104	6117.442019	4078.719219	0.000000	0.000000	-51.553170	0.002000	1.216755	3.997731	-0.999955	0.000000
3.755961	1.000104	6117.442019	4078.719219	0.000000	0.000000	-51.553170	0.002000	1.216755	3.997731	-0.999955	0.000000
3.775961	1.000104	6117.442019	4078.719219	0.000000	0.000000	-51.553170	0.002000	1.216755	3.997731	-0.999955	0.000000
3.795961	1.000104	6117.442019	4078.719219	0.000000	0.000000	-51.553170	0.002000	1.216755	3.997731	-0.999955	0.000000
3.815961	1.000104	6117.442019	4078.719219	0.000000	0.000000	-51.553170	0.002000	1.216755	3.997731	-0.999955	0.000000
3.835961	1.000104	6117.442019	4078.719219	0.000000	0.000000	-51.553170	0.002000	1.216755	3.997731	-0.999955	0.000000
3.855961	1.000104	6117.442019	4078.719219	0.000000	0.000000	-51.553170	0.002000	1.216755	3.997731	-0.999955	0.000000
3.875961	1.000104	6117.442019	4078.719219	0.000000	0.000000	-51.553170	0.002000	1.216755	3.997731	-0.999955	0.000000
3.895961	1.000104	6117.442019	4078.719219	0.000000	0.000000	-51.553170	0.002000	1.216755	3.997731	-0.999955	0.000000
3.915961	1.000104	6117.442019	4078.719219	0.000000	0.000000	-51.553170	0.002000	1.216755	3.997731	-0.999955	0.000000
3.935961	1.000104	6117.442019	4078.719219	0.000000	0.000000	-51.553170	0.002000	1.216755	3.997731	-0.999955	0.000000
3.955961	1.000104	6117.442019	4078.719219	0.000000	0.000000	-51.553170	0.002000	1.216755	3.997731	-0.999955	0.000000
3.975961	1.000104	6117.442019	4078.719219	0.000000	0.000000	-51.553170	0.002000	1.216755	3.997731	-0.999955	0.000000
3.995961	1.000104	6117.442019	4078.719219	0.000000	0.000000	-51.553170	0.002000	1.216755	3.997731	-0.999955	0.000000
4.015961	1.000104	6117.442019	4078.719219	0.000000	0.000000	-51.553170	0.002000	1.216755	3.997731	-0.999955	0.000000
4.035961	1.000104	6117.442019	4078.719219	0.000000	0.000000	-51.553170	0.002000	1.216755	3.997731	-0.999955	0.000000
4.055961	1.000104	6117.442019	4078.719219	0.000000	0.000000	-51.553170	0.002000	1.216755	3.997731	-0.999955	0.000000
4.075961	1.000104	6117.442019	4078.719219	0.000000	0.000000	-51.553170	0.002000	1.216755	3.997731	-0.999955	0.000000
4.095961	1.000104	6117.442019	4078.719219	0.000000	0.000000	-51.553170	0.002000	1.216755	3.997731	-0.999955	0.000000
4.115961	1.000104	6117.442019	4078.719219	0.000000	-0.000000	-51.553170	0.002000	1.216755	3.997731	-0.999955	0.000000
4.135961	1.000104	6117.442019	4078.719219	0.000000	0.000000	-51.553170	0.002000	1.216755	3.997731	-0.999955	0.000000
4.155961	1.000104	6117.442019	4078.719219	0.000000	0.000000	-51.553170	0.002000	1.216755	3.997731	-0.999955	0.000000
4.175961	1.000104	6117.442019	4078.719219	0.000000	0.000000	-51.553170	0.002000	1.216755	3.997731	-0.999955	0.000000
4.195961	1.000104	6117.442019	4078.719219	0.000000	0.000000	-51.553170	0.002000	1.216755	3.997731	-0.999955	0.000000
4.215961	1.000104	6117.442019	4078.719219	0.000000	0.000000	-51.553170	0.002000	1.216755	3.997731	-0.999955	0.000000
4.235961	1.000104	6117.442019	4078.719219	0.000000	0.000000	-51.553170	0.002000	1.216755	3.997731	-0.999955	0.000000
4.255961	1.000104	6117.442019	4078.719219	-0.000000	-0.000000	-51.553170	0.002000	1.216755	3.997731	-0.999955	0.000000
4.275961	1.000104	6117.442019	4078.719219	-0.000000	-0.000001	-51.553170	0.002000	1.216755	3.997731	-0.999955	0.000000
4.295961	1.000104	6117.442019	4078.719219	0.000000	-0.000001	-51.553170	0.002000	1.216755	3.997731	-0.999955	0.000000
4.315961	1.000104	6117.442019	4078.719219	0.000000	0.000001	-51.553170	0.002000	1.216755	3.997731	-0.999955	0.000000
4.335961	1.000104	6117.442019	4078.719219	-0.000000	0.000001	-51.553170	0.002000	1.216755	3.997731	-0.999955	0.000000
4.355961	1.000104	6117.442019	4078.719219	-0.000000	-0.000001	-51.553170	0.002000	1.216755	3.997731	-0.999955	0.000000
4.375961	1.000104	6117.442019	4078.719219	0.000000	-0.000000	-51.553170	0.002000	1.216755	3.997731	-0.999955	0.000000
4.395961	1.000104	6117.442019	4078.719219	0.000000	0.000001	-51.553170	0.002000	1.216755	3.997731	-0.999955	0.000000
4.415961	1.000104	6117.442019	4078.719219	-0.000000	0.000001	-51.553170	0.002000	1.216755	3.997731	-0.999955	0.000000
4.435961	1.000104	6117.442019	4078.719219	-0.000000	-0.000001	-51.553170	0.002000	1.216755	3.997731	-0.999955	0.000000
4.455961	1.000104	6117.442019	4078.719219	-0.000000	-0.000000	-51.553170	0.002000	1.216755	3.997731	-0.999955	0.000000
4.475961	1.000104	6117.442019	4078.719219	-0.000000	-0.000001	-51.553170	0.002000	1.216755	3.997731	-0.999955	0.000000
4.495961	1.000104	6117.442019	4078.719219	0.000000	0.000001	-51.553170	0.002000	1.216755	3.997731	-0.999955	0.000000
4.515961	1.000104	6117.442019	4078.719219	-0.000000	-0.000000	-51.553170	0.002000	1.216755	3.997731	-0.999955	0.000000
4.535961	1.000104	6117.442019	4078.719219	0.000000	-0.000002	-51.553170	0.002000	1.216755	3.997731	-0.999955	0.000000
4.555961	1.000104	6117.442019	4078.719219	0.000000	0.000001	-51.553170	0.002000	1.216755	3.997731	-0.999955	0.000000
4.575961	1.000104	6117.442019	4078.719219	-0.000000	0.000001	-51.553170	0.002000	1.216755	3.997731	-0.999955	0.000000
4.595961	1.000104	6117.442019	4078.719219	-0.000000	-0.000001	-51.553170	0.002000	1.216755	3.997731	-0.999955	0.000000
4.615961	1.000104	6117.442019	4078.719219	0.000000	-0.000001	-51.553170	0.002000	1.216755	3.997731	-0.999955	0.000000
4.635961	1.000104	6117.442019	4078.719219	0.000000	-0.000001	-51.553170	0.002000	1.216755	3.997731	-0.999955	0.000000
4.655961	1.000104	6117.442019	4078.719219	0.000000	0.000000	-51.553170	0.002000	1.216755	3.997731	-0.999955	0.000000
4.675961	1.000104	6117.442019	4078.719219	-0.000000	0.000000	-51.553170	0.002000	1.216755	3.997731	-0.999955	0.000000
4.695961	1.000104	6117.442019	4078.719219	-0.000000	0.000001	-51.553170	0.002000	1.216755	3.997731	-0.999955	0.000000
4.715961	1.000104	6117.442019	4078.719219	0.000000	0.000001	-51.553170	0.002000	1.216755	3.997731	-0.999955	0.000000
4.735961	1.000104	6117.442019	4078.719219	-0.000000	0.000002	-51.553170	0.002000	1.216755	3.997731	-0.999955	0.000000
4.755961	1.000104	6117.442019	4078.719219	-0.000000	-0.000001	-51.553170	0.002000	1.216755	3.997731	-0.999955	0.000000
4.775961	1.000104	6117.442019	4078.719219	0.000000	-0.000002	-51.553170	0.002000	1.216755	3.997731	-0.999955	0.000000
4.795961	1.000104	6117.442019	4078.719219	0.000000	0.000000	-51.553170	0.002000	1.216755	3.997731	-0.999955	0.000000
4.815961	1.000104	6117.442019	4078.719219	0.000000	0.000002	-51.553170	0.002000	1.216755	3.997731	-0.999955	0.000000
4.835961	1.000104	6117.442019	4078.719219	-0.000000	0.000003	-51.553170	0.002000	1.216755	3.997731	-0.999955	0.000000
4.855961	1.000104	6117.442019	4078.719219	-0.000000	-0.000000	-51.553170	0.002000	1.216755	3.997731	-0.999955	0.000000
4.875961	1.000104	6117.442019	4078.719219	-0.000000	-0.000002	-51.553170	0.002000	1.216755	3.997731	-0.999955	0.000000
4.895961	1.000104	6117.442019	4078.719219	0.000000	-0.000001	-51.553170	0.002000	1.216755	3.997731	-0.999955	0.000000
4.915961	1.000104	6117.442019	4078.719219	-0.000000	0.000001	-51.553170	0.002000	1.216755	3.997731	-0.999955	0.000000
4.935961	1.000104	6117.442019	4078.719219	-0.000000	-0.000002	-51.553170	0.002000	1.216755	3.997731	-0.999955	0.000000
4.955961	1.000104	6117.442019	4078.719219	0.000000	-0.000002	-51.553170	0.002000	1.216755	3.997731	-0.999955	0.000000
4.975961	1.000104	6117.442019	4078.719219	0.000000	0.000001	-51.553170	0.002000	1.216755	3.997731	-0.999955	0.000000
4.995961	1.000104	6117.442019	4078.719219	0.000000	-0.000000	-51.553170	0.002000	1.216755	3.997731	-0.999955	0.000000
5.015961	1.000104	6117.442019	4078.719219	0.000000	0.000000	-51.553170	0.002000	1.216755	3.997731	-0.999955	0.000000
5.035961	1.000104	6117.442019	4078.719219	-0.000000	0.000000	-51.553170	0.002000	1.216755	3.997731	-0.999955	0.000000
5.055961	1.000104	6117.442019	4078.719219	-0.000000	0.000000	-51.553170	0.002000	1.216755	3.997731	-0.999955	0.000000
5.075961	1.000104	6117.442019	4078.719219	-0.000000	0.000000	-51.553170	0.002000	1.216755	3.997731	-0.999955	0.000000
5.095961	1.000104	6117.442019	4078.719219	0.000000	0.000000	-51.553170	0.002000	1.216755	3.997731	-0.999955	0.000000
5.115961	1.000104	6117.442019	4078.719219	0.000000	0.000000	-51.553170	0.002000	1.216755	3.997731	-0.999955	0.000000
5.135961	1.000104	6117.442019	4078.719219	0.000000	0.000000	-51.553170	0.002000	1.216755	3.997731	-0.999955	0.000000
5.155961	1.000104	6117.442019	4078.719219	0.000000	0.000000	-51.553170	0.002000	1.216755	3.997731	-0.999955	0.000000
5.175961	1.000104	6117.442019	4078.719219	0.000000	0.000000	-51.553170	0.002000	1.216755	3.997731	-0.999955	0.000000
5.195961	1.000104	6117.442019	4078.719219	0.000000	0.000000	-51.553170	0.002000	1.216755	3.997731	-0.999955	0.000000
5.215961	1.000104	6117.442019	4078.719219	0.000000	0.000000	-51.553170	0.002000	1.216755	3.997731	-0.999955	0.000000
5.235961	1.000104	6117.442019	4078.719219	0.000000	0.000000	-51.553170	0.002000	1.216755	3.997731	-0.999955	0.000000
5.255961	1.000104	6117.442019	4078.719219	0.000000	0.000000	-51.553170	0.002000	1.216755	3.997731	-0.999955	0.000000
5.275961	1.000104	6117.442019	4078.719219	0.000000	0.000000	-51.553170	0.002000	1.216755	3.997731	-0.999955	0.000000
5.295961	1.000104	6117.442019	4078.719219	0.000000	0.000000	-51.553170	0.002000	1.216755	3.997731	-0.999955	0.000000
5.315961	1.000104	6117.442019	4078.719219	0.000000	0.000000	-51.553170	0.002000	1.216755	3.997731	-0.999955	0.000000
5.335961	1.000104	6117.442019	4078.719219	0.000000	0.000000	-51.553170	0.002000	1.216755	3.997731	-0.999955	0.000000
5.355961	1.000104	6117.442019	4078.719219	0.000000	0.000000	-51.553170	0.002000	1.216755	3.997731	-0.999955	0.000000
5.375961	1.000104	6117.442019	4078.719219	0.000000	0.000000	-51.553170	0.002000	1.216755	3.997731	-0.999955	0.000000
5.395961	1.000104	6117.442019	4078.719219	0.000000	0.000000	-51.553170	0.002000	1.216755	3.997731	-0.999955	0.000000
5.415961	1.000104	6117.442019	4078.719219	0.000000	0.000000	-51.553170	0.002000	1.216755	3.997731	-0.999955	0.000000
5.435961	1.000104	6117.442019	4078.719219	0.000000	0.000000	-51.553170	0.002000	1.216755	3.997731	-0.999955	0.000000
5.455961	1.000104	6117.442019	4078.719219	0.000000	0.000000	-51.553170	0.002000	1.216755	3.997731	-0.999955	0.000000
5.475961	1.000104	6117.442019	4078.719219	0.000000	0.000000	-51.553170	0.002000	1.216755	3.997731	-0.999955	0.000000
5.495961	1.000104	6117.442019	4078.719219	0.000000	0.000000	-51.553170	0.002000	1.216755	3.997731	-0.999955	0.000000
5.515961	1.000104	6117.442019	4078.719219	0.000000	0.000000	-51.553170	0.002000	1.216755	3.997731	-0.999955	0.000000
5.535961	1.000104	6117.442019	4078.719219	0.000000	0.000000	-51.553170	0.002000	1.216755	3.997731	-0.999955	0.000000
5.555961	1.000104	6117.442019	4078.719219	0.000000	0.000000	-51.553170	0.002000	1.216755	3.997731	-0.999955	0.000000
5.575961	1.000104	6117.442019	4078.719219	0.000000	0.000000	-51.553170	0.002000	1.216755	3.997731	-0.999955	0.000000
5.595961	1.000104	6117.442019	4078.719219	0.000000	0.000000	-51.553170	0.002000	1.216755	3.997731	-0.999955	0.000000
5.615961	1.000104	6117.442019	4078.719219	0.000000	0.000000	-51.553170	0.002000	1.216755	3.997731	-0.999955	0.000000
5.635961	1.000104	6117.442019	4078.719219	0.000000	0.000000	-51.553170	0.002000	1.216755	3.997731	-0.999955	0.000000
5.655961	1.000104	6117.442019	4078.719219	0.000000	0.000000	-51.553170	0.002000	1.216755	3.997731	-0.999955	0.000000
5.675961	1.000104	6117.442019	4078.719219	0.000000	0.000000	-51.553170	0.002000	1.216755	3.997731	-0.999955	0.000000
5.695961	1.000104	6117.442019	4078.719219	0.000000	0.000000	-51.553170	0.002000	1.216755	3.997731	-0.999955	0.000000
5.715961	1.000104	6117.442019	4078.719219	0.000000	0.000000	-51.553170	0.002000	1.216755	3.997731	-0.999955	0.000000
5.735961	1.000104	6117.442019	4078.719219	0.000000	0.000000	-51.553170	0.002000	1.216755	3.997731	-0.999955	0.000000
5.755961	1.000104	6117.442019	4078.719219	0.000000	0.000000	-51.553170	0.002000	1.216755	3.997731	-0.999955	0.000000
5.775961	1.000104	6117.442019	4078.719219	0.000000	0.000000	-51.553170	0.002000	1.216755	3.997731	-0.999955	0.000000
5.795961	1.000104	6117.442019	4078.719219	0.000000	0.000000	-51.553170	0.002000	1.216755	3.997731	-0.999955	0.000000
5.815961	1.000104	6117.442019	4078.719219	0.000000	0.000000	-51.553170	0.002000	1.216755	3.997731	-0.999955	0.000000
5.835961	1.000104	6117.442019	4078.719219	0.000000	0.000000	-51.553170	0.002000	1.216755	3.997731	-0.999955	0.000000
5.855961	1.000104	6117.442019	4078.719219	0.000000	0.000000	-51.553170	0.002000	1.216755	3.997731	-0.999955	0.000000
5.875961	1.000104	6117.442019	4078.719219	0.000000	0.000000	-51.553170	0.002000	1.216755	3.997731	-0.999955	0.000000
5.895961	1.000104	6117.442019	4078.719219	0.000000	0.000000	-51.553170	0.002000	1.216755	3.997731	-0.999955	0.000000
5.915961	1.000104	6117.442019	4078.719219	0.000000	0.000000	-51.553170	0.002000	1.216755	3.997731	-0.999955	0.000000
5.935961	1.000104	6117.442019	4078.719219	0.000000	0.000000	-51.553170	0.002000	1.216755	3.997731	-0.999955	0.000000
5.955961	1.000104	6117.442019	4078.719219	0.000000	0.000000	-51.553170	0.002000	1.216755	3.997731	-0.999955	0.000000
5.975961	1.000104	6117.442019	4078.719219	0.000000	0.000000	-51.553170	0.002000	1.216755	3.997731	-0.999955	0.000000
5.995961	1.000104	6117.442019	4078.719219	0.000000	0.000000	-51.553170	0.002000	1.216755	3.997731	-0.999955	0.000000
6.015961	1.000104	6117.442019	4078.719219	0.000000	0.000000	-51.553170	0.002000	1.216755	3.997731	-0.999955	0.000000
6.035961	1.000104	6117.442019	4078.719219	0.000000	0.000000	-51.553170	0.002000	1.216755	3.997731	-0.999955	0.000000
6.055961	1.000104	6117.442019	4078.719219	0.000000	0.000000	-51.553170	0.002000	1.216755	3.997731	-0.999955	0.000000
6.075961	1.000104	6117.442019	4078.719219	0.000000	0.000000	-51.553170	0.002000	1.216755	3.997731	-0.999955	0.000000
6.095961	1.000104	6117.442019	4078.719219	0.000000	0.000000	-51.553170	0.002000	1.216755	3.997731	-0.999955	0.000000
6.115961	1.000104	6117.442019	4078.719219	0.000000	0.000000	-51.553170	0.002000	1.216755	3.997731	-0.999955	0.000000
6.135961	1.000104	6117.442019	4078.719219	0.000000	0.000000	-51.553170	0.002000	1.216755	3.997731	-0.999955	0.000000
6.155961	1.000104	6117.442019	4078.719219	0.000000	0.000000	-51.553170	0.002000	1.216755	3.997731	-0.999955	0.000000
6.175961	1.000104	6117.442019	4078.719219	0.000000	0.000000	-51.553170	0.002000	1.216755	3.997731	-0.999955	0.000000
6.195961	1.000104	6117.442019	4078.719219	0.000000	0.000000	-51.553170	0.002000	1.216755	3.997731	-0.999955	0.000000
6.215961	1.000104	6117.442019	4078.719219	0.000000	0.000000	-51.553170	0.002000	1.216755	3.997731	-0.999955	0.000000
6.235961	1.000104	6117.442019	4078.719219	0.000000	0.000000	-51.553170	0.002000	1.216755	3.997731	-0.999955	0.000000
6.255961	1.000104	6117.442019	4078.719219	0.000000	0.000000	-51.553170	0.002000	1.216755	3.997731	-0.999955	0.000000
6.275961	1.000104	6117.442019	4078.719219	0.000000	0.000000	-51.553170	0.002000	1.216755	3.997731	-0.999955	0.000000
6.295961	1.000104	6117.442019	4078.719219	0.000000	0.000000	-51.553170	0.002000	1.216755	3.997731	-0.999955	0.000000
6.315961	1.000104	6117.442019	4078.719219	0.000000	0.000000	-51.553170	0.002000	1.216755	3.997731	-0.999955	0.000000
6.335961	1.000104	6117.442019	4078.719219	0.000000	0.000000	-51.553170	0.002000	1.216755	3.997731	-0.999955	0.000000
6.355961	1.000104	6117.442019	4078.719219	0.000000	0.000000	-51.553170	0.002000	1.216755	3.997731	-0.999955	0.000000
6.375961	1.000104	6117.442019	4078.719219	0.000000	0.000000	-51.553170	0.002000	1.216755	3.997731	-0.999955	0.000000
6.395961	1.000104	6117.442019	4078.719219	-0.000000	0.000000	-51.553170	0.002000	1.216755	3.997731	-0.999955	0.000000
6.415961	1.000104	6117.442019	4078.719219	-0.000000	0.000000	-51.553170	0.002000	1.216755	3.997731	-0.999955	0.000000
6.435961	1.000104	6117.442019	4078.719219	-0.000000	0.000001	-51.553170	0.002000	1.216755	3.997731	-0.999955	0.000000
6.455961	1.000104	6117.442019	4078.719219	-0.000000	0.000003	-51.553170	0.002000	1.216755	3.997731	-0.999955	0.000000
6.475961	1.000104	6117.442019	4078.719219	-0.000000	0.000011	-51.553170	0.002000	1.216755	3.997731	-0.999955	0.000000
6.495961	1.000104	6117.442019	4078.719219	-0.000000	0.000035	-51.553170	0.002000	1.216755	3.997731	-0.999955	0.000000
6.515961	1.000104	6117.442019	4078.719219	-0.000001	0.000118	-51.553170	0.002000	1.216755	3.997731	-0.999955	0.000000
6.535961	1.000104	6117.442019	4078.719220	-0.000004	0.000392	-51.553170	0.002000	1.216755	3.997731	-0.999955	0.000000
6.555961	1.000104	6117.442019	4078.719220	-0.000015	0.001264	-51.553170	0.002000	1.216755	3.997731	-0.999955	0.000000
6.575961	1.000104	6117.442019	4078.719220	-0.000047	0.003914	-51.553170	0.002000	1.216755	3.997731	-0.999955	0.000000
6.595961	1.000104	6117.442019	4078.719220	-0.000145	0.011873	-51.553170	0.002000	1.216755	3.997731	-0.999955	0.000000
6.615961	1.000104	6117.442020	4078.719220	-0.000437	0.034938	-51.553170	0.002000	1.216755	3.997731	-0.999955	0.000000
6.635961	1.000104	6117.442020	4078.719221	-0.001273	0.099234	-51.553170	0.002000	1.216755	3.997731	-0.999955	0.000000
6.655961	1.000104	6117.442023	4078.719223	-0.003578	0.270794	-51.553170	0.002000	1.216755	3.997731	-0.999955	0.000000
6.675961	1.000104	6117.442029	4078.719230	-0.009637	0.704478	-51.553170	0.002000	1.216755	3.997731	-0.999955	0.000000
6.695961	1.000104	6117.442046	4078.719249	-0.024659	1.726611	-51.553170	0.002000	1.216755	3.997731	-0.999955	0.000000
6.715961	1.000104	6117.442087	4078.719297	-0.059099	3.905920	-51.553170	0.002000	1.216755	3.997731	-0.999955	0.000000
6.735961	1.000104	6117.442182	4078.719411	-0.129314	7.824772	-51.553170	0.002000	1.216755	3.997731	-0.999955	0.000000
6.755961	1.000104	6117.442376	4078.719655	-0.244258	12.411498	-51.553171	0.002000	1.216755	3.997731	-0.999955	0.000000
6.775961	1.000104	6117.442695	4078.720104	-0.333383	8.152984	-51.553172	0.002000	1.216755	3.997731	-0.999955	0.000000
6.795961	1.000104	6117.442957	4078.720666	0.022364	-45.269445	-51.553173	0.002000	1.216755	3.997731	-0.999955	0.000000
6.815961	1.000104	6117.442056	4078.720375	2.433200	-283.567525	-51.553173	0.002000	1.216755	3.997731	-0.999955	0.000000
6.835961	1.000104	6117.435715	4078.715009	12.040177	-1105.820338	-51.553166	0.002000	1.216755	3.997730	-0.999955	0.000000
6.855961	1.000102	6117.410221	4078.690148	43.377351	-3571.188316	-51.553132	0.002000	1.216755	3.997728	-0.999956	0.000000
6.875961	1.000094	6117.326600	4078.602951	133.667210	-10248.269946	-51.553003	0.002000	1.216755	3.997723	-0.999959	0.000000
6.895961	1.000067	6117.084176	4078.338648	369.985328	-26846.303849	-51.552603	0.002000	1.216755	3.997706	-0.999971	0.000000
6.915962	0.999990	6116.444299	4077.615857	938.310088	-64959.588541	-51.551485	0.002000	1.216755	3.997661	-1.000003	0.000000
6.935965	0.999791	6114.886457	4075.800454	2199.026802	-145915.894877	-51.548627	0.002000	1.216755	3.997553	-1.000088	0.000000
6.955974	0.999314	6111.368050	4071.579703	4778.766636	-304698.154405	-51.541886	0.002001	1.216755	3.997306	-1.000292	0.000000
6.975995	0.998252	6103.980854	4062.466551	9632.903003	-591069.175711	-51.527149	0.002004	1.216755	3.996788	-1.000747	0.000000
6.996044	0.996062	6089.553742	4044.189179	17992.793168	-1063387.114636	-51.497245	0.002008	1.216755	3.995772	-1.001689	0.000000
7.016151	0.991865	6063.340689	4010.156072	31104.727953	-1771312.690457	-51.440921	0.002016	1.216755	3.993916	-1.003503	0.000000
7.036366	0.984406	6018.950581	3951.336987	49703.449465	-2730129.829663	-51.342515	0.002032	1.216755	3.990748	-1.006752	0.000000
7.056774	0.972117	5948.556167	3856.982794	73473.791161	-3900914.494503	-51.182580	0.002057	1.216755	3.985669	-1.012169	0.000000
7.077499	0.953234	5843.265544	3715.817251	100789.498542	-5186935.917312	-50.940544	0.002098	1.216755	3.977947	-1.020641	0.000000
7.098722	0.926074	5693.098916	3517.896390	128842.814852	-6456814.723618	-50.596772	0.002160	1.216755	3.966676	-1.033141	0.000000
7.120685	0.888949	5489.031501	3256.509341	154940.084295	-7555481.740930	-50.133180	0.002250	1.216755	3.950859	-1.050855	0.000000
7.143730	0.839673	5228.044403	2930.319787	176817.996621	-8287724.923595	-49.535010	0.002382	1.216755	3.929733	-1.075566	0.000000
7.168381	0.776485	4924.634901	2552.984183	193033.749796	-8513266.271079	-48.773219	0.002576	1.216755	3.903789	-1.109489	0.000000
7.195397	0.696252	4622.519968	2149.033196	205365.854717	-8151965.253302	-47.810479	0.002873	1.216755	3.876299	-1.156804	0.000000
7.226263	0.599718	4374.385195	1751.892911	212122.111858	-7367516.092523	-46.573873	0.003335	1.216755	3.852325	-1.221566	0.000000
7.263125	0.490367	4253.088395	1392.816116	217293.103221	-6398637.425855	-44.871203	0.004079	1.216755	3.840086	-1.308941	0.000000
7.310305	0.357621	4282.989259	1022.993140	226729.595696	-5236809.328726	-42.549318	0.005593	1.216755	3.843087	-1.445963	0.000000
7.385921	0.214101	5137.328606	734.606575	232616.268216	-3588492.965619	-37.683530	0.009341	1.216755	3.922001	-1.668694	0.000000
-0.003000	3.336335	103547.052405	230312.558185	-29.434181	0.000000	0.001054	0.000599	0.000000	5.226303	-0.476733	0.000000
-0.008993	3.345636	103232.062629	230251.601146	-70.166838	0.000000	0.003132	0.000598	0.000000	5.224980	-0.475525	0.000000
-0.014960	3.363722	102622.779222	230130.069025	-66.114936	0.000000	0.005081	0.000595	0.000000	5.222409	-0.473183	0.000000
-0.020888	3.389576	101760.966091	229951.453014	-16.943402	0.000000	0.006723	0.000590	0.000000	5.218745	-0.469857	0.000000
-0.026765	3.421638	100708.797909	229726.349475	52.216523	0.000000	0.007813	0.000585	0.000000	5.214230	-0.465767	0.000000
-0.032582	3.457844	99545.215266	229474.688929	103.034924	0.000000	0.008111	0.000578	0.000000	5.209181	-0.461194	0.000000
-0.038335	3.495775	98357.816397	229224.363279	104.095577	0.000000	0.007484	0.000572	0.000000	5.203967	-0.456455	0.000000
-0.044026	3.532896	97231.808138	229006.152401	45.260479	0.000000	0.005977	0.000566	0.000000	5.198965	-0.451866	0.000000
-0.049658	3.566879	96238.432021	228846.689653	-58.479979	0.000000	0.003823	0.000561	0.000000	5.194504	-0.447707	0.000000
-0.055240	3.595916	95425.997678	228762.065575	-175.336935	0.000000	0.001396	0.000556	0.000000	5.190822	-0.444186	0.000000
-0.060782	3.618944	94815.530452	228754.339249	-270.967863	0.000000	-0.000894	0.000553	0.000000	5.188035	-0.441414	0.000000
-0.066293	3.635720	94401.708694	228811.986808	-322.132284	0.000000	-0.002699	0.000550	0.000000	5.186137	-0.439407	0.000000
-0.071784	3.646737	94158.294934	228913.861916	-323.508793	0.000000	-0.003817	0.000548	0.000000	5.185018	-0.438094	0.000000
-0.077262	3.653009	94046.362341	229035.125333	-287.291462	0.000000	-0.004214	0.000547	0.000000	5.184503	-0.437349	0.000000
-0.082734	3.655791	94023.185748	229153.171900	-235.762483	0.000000	-0.004007	0.000547	0.000000	5.184397	-0.437020	0.000000
-0.088204	3.656329	94049.830432	229251.879815	-191.024525	0.000000	-0.003406	0.000547	0.000000	5.184521	-0.436956	0.000000
-0.093675	3.655672	94096.087471	229323.332357	-168.809984	0.000000	-0.002643	0.000547	0.000000	5.184734	-0.437034	0.000000
-0.317078	1.133091	14486.508498	9980.410911	13997219.033959	0.000000	46.200672	0.001765	0.000000	4.337875	-0.951475	0.000000
-0.336196	1.034553	7599.513329	5045.538123	4156951.042055	0.000000	50.254366	0.001933	0.000000	4.077264	-0.987105	0.000000
-0.356001	1.007517	6303.356074	4206.927610	867782.613494	0.000000	51.309514	0.001985	0.000000	4.008420	-0.997204	0.000000
