0.003000	3.337146	103519.699148	230307.677704	-19.865229	-3150306.758939	-0.001081	0.000599	1.216755	5.226188	-0.476628	0.000000
0.008991	3.346412	103205.102736	230244.851623	-45.550259	-3071815.264033	-0.003196	0.000598	1.216755	5.224866	-0.475425	0.000000
0.014957	3.364409	102597.778750	230120.959889	-36.775862	-2800708.982504	-0.005138	0.000594	1.216755	5.222303	-0.473095	0.000000
0.020884	3.390094	101741.025997	229941.471875	6.549031	-2189914.366243	-0.006728	0.000590	1.216755	5.218660	-0.469791	0.000000
0.026760	3.421894	100697.807929	229718.445480	64.443348	-1170029.207703	-0.007747	0.000584	1.216755	5.214182	-0.465735	0.000000
0.032576	3.457764	99546.354253	229471.928362	106.377720	175265.213490	-0.007993	0.000578	1.216755	5.209186	-0.461204	0.000000
0.038330	3.495331	98372.060387	229228.447797	106.920148	1610514.517164	-0.007365	0.000572	1.216755	5.204030	-0.456510	0.000000
0.044022	3.532134	97257.189956	229016.537053	57.414373	2825056.177855	-0.005918	0.000566	1.216755	5.199078	-0.451960	0.000000
0.049656	3.565913	96270.377964	228860.682290	-30.444857	3543525.135904	-0.003871	0.000561	1.216755	5.194648	-0.447825	0.000000
0.055239	3.594905	95458.568220	228775.802206	-130.706103	3619802.857158	-0.001565	0.000556	1.216755	5.190970	-0.444308	0.000000
0.060782	3.618049	94843.046606	228764.153994	-214.385200	3078664.596301	0.000625	0.000553	1.216755	5.188161	-0.441522	0.000000
0.066295	3.635066	94420.176484	228815.592142	-260.722593	2096807.809277	0.002375	0.000550	1.216755	5.186222	-0.439485	0.000000
0.071786	3.646385	94166.192809	228910.912335	-263.665327	937749.246136	0.003490	0.000548	1.216755	5.185054	-0.438136	0.000000
0.077265	3.652948	94044.631947	229027.043189	-232.074325	-131663.396217	0.003925	0.000548	1.216755	5.184495	-0.437356	0.000000
0.082736	3.655956	94014.548420	229142.416619	-184.104061	-913769.993063	0.003774	0.000547	1.216755	5.184357	-0.437000	0.000000
0.088206	3.656627	94037.751558	229241.022050	-139.532222	-1320076.890859	0.003224	0.000547	1.216755	5.184465	-0.436921	0.000000
0.093676	3.656007	94083.768920	229314.294834	-113.284973	-1371430.953592	0.002488	0.000547	1.216755	5.184678	-0.436995	0.000000
0.099148	3.654876	94132.013591	229360.800924	-111.175865	-1165916.742922	0.001756	0.000547	1.216755	5.184900	-0.437129	0.000000
0.104622	3.653723	94171.420573	229384.344497	-130.383335	-832085.059154	0.001159	0.000547	1.216755	5.185081	-0.437266	0.000000
0.110097	3.652792	94198.383896	229391.435286	-164.538307	-486551.525683	0.000755	0.000548	1.216755	5.185205	-0.437376	0.000000
0.115573	3.652147	94214.012671	229388.963024	-203.823439	-207546.730206	0.000546	0.000548	1.216755	5.185277	-0.437452	0.000000
0.121051	3.651753	94221.566723	229382.605635	-238.870622	-27867.656855	0.000492	0.000548	1.216755	5.185311	-0.437499	0.000000
0.126528	3.651533	94224.584943	229376.138550	-271.648508	55681.112724	0.000540	0.000548	1.216755	5.185325	-0.437525	0.000000
0.132006	3.651409	94225.848448	229371.460652	-298.363757	67757.008612	0.000642	0.000548	1.216755	5.185331	-0.437540	0.000000
0.137484	3.651323	94227.041598	229369.022097	-309.750158	40943.509104	0.000760	0.000548	1.216755	5.185336	-0.437550	0.000000
0.142962	3.651243	94228.872882	229368.471837	-335.119738	-234.800069	0.000871	0.000548	1.216755	5.185345	-0.437559	0.000000
0.148440	3.651156	94231.406915	229369.175151	-363.548743	-40248.080402	0.000976	0.000548	1.216755	5.185356	-0.437570	0.000000
0.153919	3.651060	94234.376294	229370.405250	-342.678585	-64039.864125	0.001064	0.000548	1.216755	5.185370	-0.437581	0.000000
0.159397	3.650963	94237.430896	229371.742557	-395.590558	-79059.005841	0.001136	0.000548	1.216755	5.185384	-0.437593	0.000000
0.164876	3.650872	94240.333500	229373.121839	-470.656195	-95908.291373	0.001237	0.000548	1.216755	5.185398	-0.437603	0.000000
0.170355	3.650788	94242.906684	229374.061773	-303.233243	-82785.208484	0.001312	0.000548	1.216755	5.185409	-0.437613	0.000000
0.175834	3.650715	94245.018911	229374.670535	-452.922905	-77832.815116	0.001339	0.000548	1.216755	5.185419	-0.437622	0.000000
0.181313	3.650663	94246.829198	229375.798963	-726.202531	-122818.962808	0.001511	0.000548	1.216755	5.185428	-0.437628	0.000000
0.186792	3.650605	94248.307842	229375.561618	165.771462	-51238.461173	0.001558	0.000548	1.216755	5.185434	-0.437635	0.000000
0.192271	3.650548	94249.148275	229374.121977	-328.337167	-13555.211586	0.001331	0.000548	1.216755	5.185438	-0.437642	0.000000
0.197750	3.650527	94250.078785	229375.168582	-1527.886401	-214514.334481	0.001720	0.000548	1.216755	5.185443	-0.437645	0.000000
0.203229	3.650426	94250.850159	229369.519654	2832.476821	130050.629023	0.001516	0.000548	1.216755	5.185446	-0.437658	0.000000
0.208709	3.650257	94249.725081	229356.424971	1180.625087	381803.847848	-0.000148	0.000548	1.216755	5.185440	-0.437678	0.000000
0.214189	3.650191	94249.770535	229352.628595	-4313.424152	-498191.424506	0.000870	0.000548	1.216755	5.185442	-0.437686	0.000000
0.219668	3.649675	94249.846803	229314.355682	16730.351115	1159799.316534	-0.000905	0.000548	1.216755	5.185440	-0.437757	0.000000
0.225149	3.648685	94241.211075	229230.998383	12113.145183	2694897.880539	-0.010338	0.000548	1.216755	5.185397	-0.437872	0.000000
0.230632	3.647980	94237.281419	229177.070500	-12636.466521	-1097452.699924	-0.008364	0.000548	1.216755	5.185385	-0.437962	0.000000
0.236115	3.644886	94233.328966	228941.791501	89523.477750	6957107.215489	-0.019841	0.000549	1.216755	5.185354	-0.438378	0.000000
0.241607	3.638806	94185.576673	228435.689582	85220.280076	16190962.917218	-0.071768	0.000550	1.216755	5.185120	-0.439104	0.000000
0.247109	3.632996	94151.448770	227979.629777	-22293.849717	736829.386838	-0.077400	0.000551	1.216755	5.184987	-0.439839	0.000000
0.252615	3.614521	94110.988511	226559.135634	477199.617324	41184156.064350	-0.149360	0.000553	1.216755	5.184737	-0.442303	0.000000
0.258172	3.577924	93836.548084	223523.902193	570720.538663	101235343.859144	-0.439345	0.000559	1.216755	5.183374	-0.446798	0.000000
0.263797	3.538114	93549.038762	220292.024980	100836.004112	50846665.999751	-0.558893	0.000565	1.216755	5.182120	-0.451870	0.000000
0.269463	3.440049	93153.199635	212486.654573	2474457.965076	278574351.917874	-0.976479	0.000581	1.216755	5.179919	-0.465335	0.000000
0.275409	3.250743	91260.073765	196086.770564	3946198.825631	785694817.634925	-2.629543	0.000615	1.216755	5.170174	-0.490474	0.000000
0.281808	3.080931	88429.102856	180240.153130	389792.887699	719524486.138772	-3.703621	0.000649	1.216755	5.156558	-0.513455	0.000000
0.288388	2.833998	85089.856084	157487.390995	7649917.093459	1635827546.252443	-4.675801	0.000706	1.216755	5.138204	-0.553706	0.000000
0.295947	2.266876	73480.915984	105103.927717	29903240.636638	5688045722.877574	-12.535083	0.000882	1.216755	5.065808	-0.656937	0.000000
0.306949	1.626921	46819.385000	46258.566645	36209831.584350	8309207783.161481	-28.807042	0.001229	1.216755	4.854689	-0.802245	0.000000
0.322448	1.228011	21449.951833	15858.106987	20961387.577228	5029401443.578440	-42.466558	0.001629	1.216755	4.506685	-0.919182	0.000000
0.340870	1.064961	9558.111901	6359.996376	7560983.858491	1576319642.957161	-48.998885	0.001878	1.216755	4.166594	-0.975885	0.000000
0.360472	1.015241	6598.868647	4398.666803	1817009.635527	256193703.687886	-51.022778	0.001970	1.216755	4.024887	-0.994314	0.000000
0.380395	1.003067	6176.626681	4121.620352	335701.853360	30667290.828405	-51.462730	0.001994	1.216755	4.001182	-0.998862	0.000000
0.400383	1.000602	6125.467919	4084.875363	52871.362253	3983655.836395	-51.539986	0.001999	1.216755	3.998204	-0.999774	0.000000
0.420381	1.000176	6118.598226	4079.605788	7015.766173	570212.938180	-51.551528	0.002000	1.216755	3.997799	-0.999929	0.000000
0.440381	1.000113	6117.605622	4078.840170	802.952398	82468.888761	-51.552992	0.002000	1.216755	3.997740	-0.999952	0.000000
0.460381	1.000105	6117.463808	4078.734509	79.536433	11345.014388	-51.553154	0.002000	1.216755	3.997732	-0.999955	0.000000
0.480381	1.000104	6117.444709	4078.721002	6.721310	1448.705519	-51.553169	0.002000	1.216755	3.997731	-0.999955	0.000000
0.500381	1.000104	6117.442327	4078.719412	0.485878	170.732481	-51.553170	0.002000	1.216755	3.997731	-0.999955	0.000000
0.520381	1.000104	6117.442052	4078.719239	0.034611	18.638376	-51.553170	0.002000	1.216755	3.997731	-0.999955	0.000000
0.540381	1.000104	6117.442023	4078.719221	0.003947	1.913736	-51.553170	0.002000	1.216755	3.997731	-0.999955	0.000000
0.560381	1.000104	6117.442020	4078.719220	0.000765	0.191713	-51.553170	0.002000	1.216755	3.997731	-0.999955	0.000000
0.580381	1.000104	6117.442019	4078.719220	0.000152	0.020025	-51.553170	0.002000	1.216755	3.997731	-0.999955	0.000000
0.600381	1.000104	6117.442019	4078.719220	0.000026	0.002343	-51.553170	0.002000	1.216755	3.997731	-0.999955	0.000000
0.620381	1.000104	6117.442019	4078.719219	0.000004	0.000311	-51.553170	0.002000	1.216755	3.997731	-0.999955	0.000000
0.640381	1.000104	6117.442019	4078.719219	0.000000	0.000045	-51.553170	0.002000	1.216755	3.997731	-0.999955	0.000000
0.660381	1.000104	6117.442019	4078.719219	0.000000	0.000006	-51.553170	0.002000	1.216755	3.997731	-0.999955	0.000000
0.680381	1.000104	6117.442019	4078.719219	0.000000	0.000001	-51.553170	0.002000	1.216755	3.997731	-0.999955	0.000000
0.700381	1.000104	6117.442019	4078.719219	0.000000	0.000000	-51.553170	0.002000	1.216755	3.997731	-0.999955	0.000000
0.720381	1.000104	6117.442019	4078.719219	0.000000	0.000001	-51.553170	0.002000	1.216755	3.997731	-0.999955	0.000000
0.740381	1.000104	6117.442019	4078.719219	-0.000000	0.000001	-51.553170	0.002000	1.216755	3.997731	-0.999955	0.000000
0.760381	1.000104	6117.442019	4078.719219	-0.000000	-0.000000	-51.553170	0.002000	1.216755	3.997731	-0.999955	0.000000
0.780381	1.000104	6117.442019	4078.719219	-0.000000	-0.000001	-51.553170	0.002000	1.216755	3.997731	-0.999955	0.000000
0.800381	1.000104	6117.442019	4078.719219	0.000000	-0.000001	-51.553170	0.002000	1.216755	3.997731	-0.999955	0.000000
0.820381	1.000104	6117.442019	4078.719219	0.000000	0.000001	-51.553170	0.002000	1.216755	3.997731	-0.999955	0.000000
0.840381	1.000104	6117.442019	4078.719219	-0.000000	0.000000	-51.553170	0.002000	1.216755	3.997731	-0.999955	0.000000
0.860381	1.000104	6117.442019	4078.719219	-0.000000	0.000000	-51.553170	0.002000	1.216755	3.997731	-0.999955	0.000000
0.880381	1.000104	6117.442019	4078.719219	-0.000000	0.000000	-51.553170	0.002000	1.216755	3.997731	-0.999955	0.000000
0.900381	1.000104	6117.442019	4078.719219	-0.000000	-0.000000	-51.553170	0.002000	1.216755	3.997731	-0.999955	0.000000
0.920381	1.000104	6117.442019	4078.719219	-0.000000	-0.000001	-51.553170	0.002000	1.216755	3.997731	-0.999955	0.000000
0.940381	1.000104	6117.442019	4078.719219	0.000000	-0.000001	-51.553170	0.002000	1.216755	3.997731	-0.999955	0.000000
0.960381	1.000104	6117.442019	4078.719219	0.000000	0.000000	-51.553170	0.002000	1.216755	3.997731	-0.999955	0.000000
0.980381	1.000104	6117.442019	4078.719219	-0.000000	0.000000	-51.553170	0.002000	1.216755	3.997731	-0.999955	0.000000
1.000381	1.000104	6117.442019	4078.719219	0.000000	-0.000001	-51.553170	0.002000	1.216755	3.997731	-0.999955	0.000000
1.020381	1.000104	6117.442019	4078.719219	0.000000	-0.000000	-51.553170	0.002000	1.216755	3.997731	-0.999955	0.000000
1.040381	1.000104	6117.442019	4078.719219	0.000000	-0.000000	-51.553170	0.002000	1.216755	3.997731	-0.999955	0.000000
1.060381	1.000104	6117.442019	4078.719219	0.000000	0.000001	-51.553170	0.002000	1.216755	3.997731	-0.999955	0.000000
1.080381	1.000104	6117.442019	4078.719219	-0.000000	0.000001	-51.553170	0.002000	1.216755	3.997731	-0.999955	0.000000
1.100381	1.000104	6117.442019	4078.719219	-0.000000	-0.000000	-51.553170	0.002000	1.216755	3.997731	-0.999955	0.000000
1.120381	1.000104	6117.442019	4078.719219	-0.000000	-0.000000	-51.553170	0.002000	1.216755	3.997731	-0.999955	0.000000
1.140381	1.000104	6117.442019	4078.719219	0.000000	-0.000001	-51.553170	0.002000	1.216755	3.997731	-0.999955	0.000000
1.160381	1.000104	6117.442019	4078.719219	0.000000	0.000001	-51.553170	0.002000	1.216755	3.997731	-0.999955	0.000000
1.180381	1.000104	6117.442019	4078.719219	-0.000000	0.000000	-51.553170	0.002000	1.216755	3.997731	-0.999955	0.000000
1.200381	1.000104	6117.442019	4078.719219	-0.000000	-0.000000	-51.553170	0.002000	1.216755	3.997731	-0.999955	0.000000
1.220381	1.000104	6117.442019	4078.719219	-0.000000	-0.000000	-51.553170	0.002000	1.216755	3.997731	-0.999955	0.000000
1.240381	1.000104	6117.442019	4078.719219	0.000000	-0.000001	-51.553170	0.002000	1.216755	3.997731	-0.999955	0.000000
1.260381	1.000104	6117.442019	4078.719219	0.000000	0.000000	-51.553170	0.002000	1.216755	3.997731	-0.999955	0.000000
1.280381	1.000104	6117.442019	4078.719219	0.000000	0.000000	-51.553170	0.002000	1.216755	3.997731	-0.999955	0.000000
1.300381	1.000104	6117.442019	4078.719219	-0.000000	0.000000	-51.553170	0.002000	1.216755	3.997731	-0.999955	0.000000
1.320381	1.000104	6117.442019	4078.719219	-0.000000	0.000000	-51.553170	0.002000	1.216755	3.997731	-0.999955	0.000000
1.340381	1.000104	6117.442019	4078.719219	0.000000	0.000000	-51.553170	0.002000	1.216755	3.997731	-0.999955	0.000000
1.360381	1.000104	6117.442019	4078.719219	0.000000	0.000000	-51.553170	0.002000	1.216755	3.997731	-0.999955	0.000000
1.380381	1.000104	6117.442019	4078.719219	0.000000	0.000000	-51.553170	0.002000	1.216755	3.997731	-0.999955	0.000000
1.400381	1.000104	6117.442019	4078.719219	0.000000	0.000000	-51.553170	0.002000	1.216755	3.997731	-0.999955	0.000000
1.420381	1.000104	6117.442019	4078.719219	0.000000	0.000000	-51.553170	0.002000	1.216755	3.997731	-0.999955	0.000000
1.440381	1.000104	6117.442019	4078.719219	0.000000	0.000000	-51.553170	0.002000	1.216755	3.997731	-0.999955	0.000000
1.460381	1.000104	6117.442019	4078.719219	0.000000	0.000000	-51.553170	0.002000	1.216755	3.997731	-0.999955	0.000000
1.480381	1.000104	6117.442019	4078.719219	0.000000	0.000000	-51.553170	0.002000	1.216755	3.997731	-0.999955	0.000000
1.500381	1.000104	6117.442019	4078.719219	0.000000	-0.000000	-51.553170	0.002000	1.216755	3.997731	-0.999955	0.000000
1.520381	1.000104	6117.442019	4078.719219	0.000000	-0.000000	-51.553170	0.002000	1.216755	3.997731	-0.999955	0.000000
1.540381	1.000104	6117.442019	4078.719219	0.000000	-0.000000	-51.553170	0.002000	1.216755	3.997731	-0.999955	0.000000
1.560381	1.000104	6117.442019	4078.719219	0.000000	-0.000000	-51.553170	0.002000	1.216755	3.997731	-0.999955	0.000000
1.580381	1.000104	6117.442019	4078.719219	0.000000	-0.000000	-51.553170	0.002000	1.216755	3.997731	-0.999955	0.000000
1.600381	1.000104	6117.442019	4078.719219	-0.000000	-0.000000	-51.553170	0.002000	1.216755	3.997731	-0.999955	0.000000
1.620381	1.000104	6117.442019	4078.719219	-0.000000	-0.000000	-51.553170	0.002000	1.216755	3.997731	-0.999955	0.000000
1.640381	1.000104	6117.442019	4078.719219	-0.000000	-0.000000	-51.553170	0.002000	1.216755	3.997731	-0.999955	0.000000
1.660381	1.000104	6117.442019	4078.719219	-0.000000	-0.000000	-51.553170	0.002000	1.216755	3.997731	-0.999955	0.000000
1.680381	1.000104	6117.442019	4078.719219	0.000000	0.000000	-51.553170	0.002000	1.216755	3.997731	-0.999955	0.000000
1.700381	1.000104	6117.442019	4078.719219	0.000000	0.000001	-51.553170	0.002000	1.216755	3.997731	-0.999955	0.000000
1.720381	1.000104	6117.442019	4078.719219	-0.000000	0.000001	-51.553170	0.002000	1.216755	3.997731	-0.999955	0.000000
1.740381	1.000104	6117.442019	4078.719219	-0.000000	-0.000001	-51.553170	0.002000	1.216755	3.997731	-0.999955	0.000000
1.760381	1.000104	6117.442019	4078.719219	0.000000	-0.000001	-51.553170	0.002000	1.216755	3.997731	-0.999955	0.000000
1.780381	1.000104	6117.442019	4078.719219	0.000000	0.000000	-51.553170	0.002000	1.216755	3.997731	-0.999955	0.000000
1.800381	1.000104	6117.442019	4078.719219	0.000000	0.000001	-51.553170	0.002000	1.216755	3.997731	-0.999955	0.000000
1.820381	1.000104	6117.442019	4078.719219	-0.000000	-0.000000	-51.553170	0.002000	1.216755	3.997731	-0.999955	0.000000
1.840381	1.000104	6117.442019	4078.719219	-0.000000	-0.000001	-51.553170	0.002000	1.216755	3.997731	-0.999955	0.000000
1.860381	1.000104	6117.442019	4078.719219	0.000000	-0.000000	-51.553170	0.002000	1.216755	3.997731	-0.999955	0.000000
1.880381	1.000104	6117.442019	4078.719219	-0.000000	0.000000	-51.553170	0.002000	1.216755	3.997731	-0.999955	0.000000
1.900381	1.000104	6117.442019	4078.719219	-0.000000	-0.000000	-51.553170	0.002000	1.216755	3.997731	-0.999955	0.000000
1.920381	1.000104	6117.442019	4078.719219	-0.000000	-0.000000	-51.553170	0.002000	1.216755	3.997731	-0.999955	0.000000
1.940381	1.000104	6117.442019	4078.719219	0.000000	0.000000	-51.553170	0.002000	1.216755	3.997731	-0.999955	0.000000
1.960381	1.000104	6117.442019	4078.719219	-0.000000	0.000000	-51.553170	0.002000	1.216755	3.997731	-0.999955	0.000000
1.980381	1.000104	6117.442019	4078.719219	0.000000	-0.000001	-51.553170	0.002000	1.216755	3.997731	-0.999955	0.000000
2.000381	1.000104	6117.442019	4078.719219	0.000000	0.000001	-51.553170	0.002000	1.216755	3.997731	-0.999955	0.000000
2.020381	1.000104	6117.442019	4078.719219	-0.000000	0.000001	-51.553170	0.002000	1.216755	3.997731	-0.999955	0.000000
2.040381	1.000104	6117.442019	4078.719219	-0.000000	-0.000002	-51.553170	0.002000	1.216755	3.997731	-0.999955	0.000000
2.060381	1.000104	6117.442019	4078.719219	0.000000	0.000000	-51.553170	0.002000	1.216755	3.997731	-0.999955	0.000000
2.080381	1.000104	6117.442019	4078.719219	-0.000000	0.000001	-51.553170	0.002000	1.216755	3.997731	-0.999955	0.000000
2.100381	1.000104	6117.442019	4078.719219	-0.000000	-0.000001	-51.553170	0.002000	1.216755	3.997731	-0.999955	0.000000
2.120381	1.000104	6117.442019	4078.719219	0.000000	-0.000001	-51.553170	0.002000	1.216755	3.997731	-0.999955	0.000000
2.140381	1.000104	6117.442019	4078.719219	0.000000	-0.000000	-51.553170	0.002000	1.216755	3.997731	-0.999955	0.000000
2.160381	1.000104	6117.442019	4078.719219	0.000000	0.000000	-51.553170	0.002000	1.216755	3.997731	-0.999955	0.000000
2.180381	1.000104	6117.442019	4078.719219	-0.000000	0.000001	-51.553170	0.002000	1.216755	3.997731	-0.999955	0.000000
2.200381	1.000104	6117.442019	4078.719219	-0.000000	-0.000001	-51.553170	0.002000	1.216755	3.997731	-0.999955	0.000000
2.220381	1.000104	6117.442019	4078.719219	0.000000	0.000001	-51.553170	0.002000	1.216755	3.997731	-0.999955	0.000000
2.240381	1.000104	6117.442019	4078.719219	-0.000000	0.000001	-51.553170	0.002000	1.216755	3.997731	-0.999955	0.000000
2.260381	1.000104	6117.442019	4078.719219	-0.000000	0.000001	-51.553170	0.002000	1.216755	3.997731	-0.999955	0.000000
2.280381	1.000104	6117.442019	4078.719219	-0.000000	-0.000000	-51.553170	0.002000	1.216755	3.997731	-0.999955	0.000000
2.300381	1.000104	6117.442019	4078.719219	-0.000000	-0.000001	-51.553170	0.002000	1.216755	3.997731	-0.999955	0.000000
2.320381	1.000104	6117.442019	4078.719219	-0.000000	-0.000001	-51.553170	0.002000	1.216755	3.997731	-0.999955	0.000000
2.340381	1.000104	6117.442019	4078.719219	0.000000	-0.000001	-51.553170	0.002000	1.216755	3.997731	-0.999955	0.000000
2.360381	1.000104	6117.442019	4078.719219	0.000000	-0.000001	-51.553170	0.002000	1.216755	3.997731	-0.999955	0.000000
2.380381	1.000104	6117.442019	4078.719219	0.000000	0.000001	-51.553170	0.002000	1.216755	3.997731	-0.999955	0.000000
2.400381	1.000104	6117.442019	4078.719219	-0.000000	0.000004	-51.553170	0.002000	1.216755	3.997731	-0.999955	0.000000
2.420381	1.000104	6117.442019	4078.719219	-0.000000	0.000000	-51.553170	0.002000	1.216755	3.997731	-0.999955	0.000000
2.440381	1.000104	6117.442019	4078.719219	-0.000000	-0.000003	-51.553170	0.002000	1.216755	3.997731	-0.999955	0.000000
2.460381	1.000104	6117.442019	4078.719219	0.000000	-0.000002	-51.553170	0.002000	1.216755	3.997731	-0.999955	0.000000
2.480381	1.000104	6117.442019	4078.719219	0.000000	0.000001	-51.553170	0.002000	1.216755	3.997731	-0.999955	0.000000
2.500381	1.000104	6117.442019	4078.719219	0.000000	0.000001	-51.553170	0.002000	1.216755	3.997731	-0.999955	0.000000
2.520381	1.000104	6117.442019	4078.719219	-0.000000	0.000000	-51.553170	0.002000	1.216755	3.997731	-0.999955	0.000000
2.540381	1.000104	6117.442019	4078.719219	-0.000000	0.000000	-51.553170	0.002000	1.216755	3.997731	-0.999955	0.000000
2.560381	1.000104	6117.442019	4078.719219	0.000000	0.000000	-51.553170	0.002000	1.216755	3.997731	-0.999955	0.000000
2.580381	1.000104	6117.442019	4078.719219	0.000000	0.000000	-51.553170	0.002000	1.216755	3.997731	-0.999955	0.000000
2.600381	1.000104	6117.442019	4078.719219	0.000000	0.000000	-51.553170	0.002000	1.216755	3.997731	-0.999955	0.000000
2.620381	1.000104	6117.442019	4078.719219	0.000000	0.000000	-51.553170	0.002000	1.216755	3.997731	-0.999955	0.000000
2.640381	1.000104	6117.442019	4078.719219	0.000000	0.000000	-51.553170	0.002000	1.216755	3.997731	-0.999955	0.000000
2.660381	1.000104	6117.442019	4078.719219	0.000000	0.000000	-51.553170	0.002000	1.216755	3.997731	-0.999955	0.000000
2.680381	1.000104	6117.442019	4078.719219	0.000000	0.000000	-51.553170	0.002000	1.216755	3.997731	-0.999955	0.000000
2.700381	1.000104	6117.442019	4078.719219	0.000000	0.000000	-51.553170	0.002000	1.216755	3.997731	-0.999955	0.000000
2.720381	1.000104	6117.442019	4078.719219	0.000000	0.000000	-51.553170	0.002000	1.216755	3.997731	-0.999955	0.000000
2.740381	1.000104	6117.442019	4078.719219	0.000000	0.000000	-51.553170	0.002000	1.216755	3.997731	-0.999955	0.000000
2.760381	1.000104	6117.442019	4078.719219	0.000000	0.000000	-51.553170	0.002000	1.216755	3.997731	-0.999955	0.000000
2.780381	1.000104	6117.442019	4078.719219	0.000000	0.000000	-51.553170	0.002000	1.216755	3.997731	-0.999955	0.000000
2.800381	1.000104	6117.442019	4078.719219	0.000000	0.000000	-51.553170	0.002000	1.216755	3.997731	-0.999955	0.000000
2.820381	1.000104	6117.442019	4078.719219	0.000000	0.000000	-51.553170	0.002000	1.216755	3.997731	-0.999955	0.000000
2.840381	1.000104	6117.442019	4078.719219	0.000000	0.000000	-51.553170	0.002000	1.216755	3.997731	-0.999955	0.000000
2.860381	1.000104	6117.442019	4078.719219	0.000000	0.000000	-51.553170	0.002000	1.216755	3.997731	-0.999955	0.000000
2.880381	1.000104	6117.442019	4078.719219	0.000000	0.000000	-51.553170	0.002000	1.216755	3.997731	-0.999955	0.000000
2.900381	1.000104	6117.442019	4078.719219	0.000000	0.000000	-51.553170	0.002000	1.216755	3.997731	-0.999955	0.000000
2.920381	1.000104	6117.442019	4078.719219	0.000000	0.000000	-51.553170	0.002000	1.216755	3.997731	-0.999955	0.000000
2.940381	1.000104	6117.442019	4078.719219	0.000000	0.000000	-51.553170	0.002000	1.216755	3.997731	-0.999955	0.000000
2.960381	1.000104	6117.442019	4078.719219	0.000000	0.000000	-51.553170	0.002000	1.216755	3.997731	-0.999955	0.000000
2.980381	1.000104	6117.442019	4078.719219	0.000000	0.000000	-51.553170	0.002000	1.216755	3.997731	-0.999955	0.000000
3.000381	1.000104	6117.442019	4078.719219	0.000000	0.000000	-51.553170	0.002000	1.216755	3.997731	-0.999955	0.000000
3.020381	1.000104	6117.442019	4078.719219	0.000000	0.000000	-51.553170	0.002000	1.216755	3.997731	-0.999955	0.000000
3.040381	1.000104	6117.442019	4078.719219	0.000000	0.000000	-51.553170	0.002000	1.216755	3.997731	-0.999955	0.000000
3.060381	1.000104	6117.442019	4078.719219	0.000000	0.000000	-51.553170	0.002000	1.216755	3.997731	-0.999955	0.000000
3.080381	1.000104	6117.442019	4078.719219	0.000000	0.000000	-51.553170	0.002000	1.216755	3.997731	-0.999955	0.000000
3.100381	1.000104	6117.442019	4078.719219	0.000000	0.000000	-51.553170	0.002000	1.216755	3.997731	-0.999955	0.000000
3.120381	1.000104	6117.442019	4078.719219	0.000000	0.000000	-51.553170	0.002000	1.216755	3.997731	-0.999955	0.000000
3.140381	1.000104	6117.442019	4078.719219	0.000000	0.000000	-51.553170	0.002000	1.216755	3.997731	-0.999955	0.000000
3.160381	1.000104	6117.442019	4078.719219	0.000000	0.000000	-51.553170	0.002000	1.216755	3.997731	-0.999955	0.000000
3.180381	1.000104	6117.442019	4078.719219	0.000000	0.000000	-51.553170	0.002000	1.216755	3.997731	-0.999955	0.000000
3.200381	1.000104	6117.442019	4078.719219	0.000000	0.000000	-51.553170	0.002000	1.216755	3.997731	-0.999955	0.000000
3.220381	1.000104	6117.442019	4078.719219	0.000000	0.000000	-51.553170	0.002000	1.216755	3.997731	-0.999955	0.000000
3.240381	1.000104	6117.442019	4078.719219	0.000000	0.000000	-51.553170	0.002000	1.216755	3.997731	-0.999955	0.000000
3.260381	1.000104	6117.442019	4078.719219	0.000000	0.000000	-51.553170	0.002000	1.216755	3.997731	-0.999955	0.000000
3.280381	1.000104	6117.442019	4078.719219	0.000000	0.000000	-51.553170	0.002000	1.216755	3.997731	-0.999955	0.000000
3.300381	1.000104	6117.442019	4078.719219	0.000000	0.000000	-51.553170	0.002000	1.216755	3.997731	-0.999955	0.000000
3.320381	1.000104	6117.442019	4078.719219	0.000000	0.000000	-51.553170	0.002000	1.216755	3.997731	-0.999955	0.000000
3.340381	1.000104	6117.442019	4078.719219	0.000000	0.000000	-51.553170	0.002000	1.216755	3.997731	-0.999955	0.000000
3.360381	1.000104	6117.442019	4078.719219	0.000000	0.000000	-51.553170	0.002000	1.216755	3.997731	-0.999955	0.000000
3.380381	1.000104	6117.442019	4078.719219	0.000000	0.000000	-51.553170	0.002000	1.216755	3.997731	-0.999955	0.000000
3.400381	1.000104	6117.442019	4078.719219	0.000000	0.000000	-51.553170	0.002000	1.216755	3.997731	-0.999955	0.000000
3.420381	1.000104	6117.442019	4078.719219	0.000000	0.000000	-51.553170	0.002000	1.216755	3.997731	-0.999955	0.000000
3.440381	1.000104	6117.442019	4078.719219	0.000000	0.000000	-51.553170	0.002000	1.216755	3.997731	-0.999955	0.000000
3.460381	1.000104	6117.442019	4078.719219	0.000000	0.000000	-51.553170	0.002000	1.216755	3.997731	-0.999955	0.000000
3.480381	1.000104	6117.442019	4078.719219	0.000000	0.000000	-51.553170	0.002000	1.216755	3.997731	-0.999955	0.000000
3.500381	1.000104	6117.442019	4078.719219	0.000000	0.000000	-51.553170	0.002000	1.216755	3.997731	-0.999955	0.000000
3.520381	1.000104	6117.442019	4078.719219	0.000000	0.000000	-51.553170	0.002000	1.216755	3.997731	-0.999955	0.000000
3.540381	1.000104	6117.442019	4078.719219	0.000000	0.000000	-51.553170	0.002000	1.216755	3.997731	-0.999955	0.000000
3.560381	1.000104	6117.442019	4078.719219	0.000000	0.000000	-51.553170	0.002000	1.216755	3.997731	-0.999955	0.000000
3.580381	1.000104	6117.442019	4078.719219	0.000000	0.000000	-51.553170	0.002000	1.216755	3.997731	-0.999955	0.000000
3.600381	1.000104	6117.442019	4078.719219	0.000000	0.000000	-51.553170	0.002000	1.216755	3.997731	-0.999955	0.000000
3.620381	1.000104	6117.442019	4078.719219	0.000000	0.000000	-51.553170	0.002000	1.216755	3.997731	-0.999955	0.000000
3.640381	1.000104	6117.442019	4078.719219	0.000000	0.000000	-51.553170	0.002000	1.216755	3.997731	-0.999955	0.000000
3.660381	1.000104	6117.442019	4078.719219	0.000000	0.000000	-51.553170	0.002000	1.216755	3.997731	-0.999955	0.000000
3.680381	1.000104	6117.442019	4078.719219	0.000000	0.000000	-51.553170	0.002000	1.216755	3.997731	-0.999955	0.000000
3.700381	1.000104	6117.442019	4078.719219	0.000000	0.000000	-51.553170	0.002000	1.216755	3.997731	-0.999955	0.000000
3.720381	1.000104	6117.442019	4078.719219	0.000000	0.000000	-51.553170	0.002000	1.216755	3.997731	-0.999955	0.000000
3.740381	1.000104	6117.442019	4078.719219	0.000000	0.000000	-51.553170	0.002000	1.216755	3.997731	-0.999955	0.000000
3.760381	1.000104	6117.442019	4078.719219	0.000000	0.000000	-51.553170	0.002000	1.216755	3.997731	-0.999955	0.000000
3.780381	1.000104	6117.442019	4078.719219	0.000000	0.000000	-51.553170	0.002000	1.216755	3.997731	-0.999955	0.000000
3.800381	1.000104	6117.442019	4078.719219	0.000000	0.000000	-51.553170	0.002000	1.216755	3.997731	-0.999955	0.000000
3.820381	1.000104	6117.442019	4078.719219	0.000000	0.000000	-51.553170	0.002000	1.216755	3.997731	-0.999955	0.000000
3.840381	1.000104	6117.442019	4078.719219	0.000000	0.000000	-51.553170	0.002000	1.216755	3.997731	-0.999955	0.000000
3.860381	1.000104	6117.442019	4078.719219	0.000000	0.000000	-51.553170	0.002000	1.216755	3.997731	-0.999955	0.000000
3.880381	1.000104	6117.442019	4078.719219	0.000000	0.000000	-51.553170	0.002000	1.216755	3.997731	-0.999955	0.000000
3.900381	1.000104	6117.442019	4078.719219	0.000000	0.000000	-51.553170	0.002000	1.216755	3.997731	-0.999955	0.000000
3.920381	1.000104	6117.442019	4078.719219	0.000000	0.000000	-51.553170	0.002000	1.216755	3.997731	-0.999955	0.000000
3.940381	1.000104	6117.442019	4078.719219	0.000000	0.000000	-51.553170	0.002000	1.216755	3.997731	-0.999955	0.000000
3.960381	1.000104	6117.442019	4078.719219	0.000000	0.000000	-51.553170	0.002000	1.216755	3.997731	-0.999955	0.000000
3.980381	1.000104	6117.442019	4078.719219	0.000000	0.000000	-51.553170	0.002000	1.216755	3.997731	-0.999955	0.000000
4.000381	1.000104	6117.442019	4078.719219	0.000000	0.000000	-51.553170	0.002000	1.216755	3.997731	-0.999955	0.000000
4.020381	1.000104	6117.442019	4078.719219	0.000000	0.000000	-51.553170	0.002000	1.216755	3.997731	-0.999955	0.000000
4.040381	1.000104	6117.442019	4078.719219	0.000000	0.000000	-51.553170	0.002000	1.216755	3.997731	-0.999955	0.000000
4.060381	1.000104	6117.442019	4078.719219	0.000000	0.000000	-51.553170	0.002000	1.216755	3.997731	-0.999955	0.000000
4.080381	1.000104	6117.442019	4078.719219	0.000000	-0.000000	-51.553170	0.002000	1.216755	3.997731	-0.999955	0.000000
4.100381	1.000104	6117.442019	4078.719219	0.000000	0.000000	-51.553170	0.002000	1.216755	3.997731	-0.999955	0.000000
4.120381	1.000104	6117.442019	4078.719219	0.000000	0.000000	-51.553170	0.002000	1.216755	3.997731	-0.999955	0.000000
4.140381	1.000104	6117.442019	4078.719219	0.000000	0.000000	-51.553170	0.002000	1.216755	3.997731	-0.999955	0.000000
4.160381	1.000104	6117.442019	4078.719219	0.000000	0.000000	-51.553170	0.002000	1.216755	3.997731	-0.999955	0.000000
4.180381	1.000104	6117.442019	4078.719219	0.000000	0.000000	-51.553170	0.002000	1.216755	3.997731	-0.999955	0.000000
4.200381	1.000104	6117.442019	4078.719219	0.000000	0.000000	-51.553170	0.002000	1.216755	3.997731	-0.999955	0.000000
4.220381	1.000104	6117.442019	4078.719219	-0.000000	-0.000000	-51.553170	0.002000	1.216755	3.997731	-0.999955	0.000000
4.240381	1.000104	6117.442019	4078.719219	-0.000000	-0.000001	-51.553170	0.002000	1.216755	3.997731	-0.999955	0.000000
4.260381	1.000104	6117.442019	4078.719219	0.000000	-0.000001	-51.553170	0.002000	1.216755	3.997731	-0.999955	0.000000
4.280381	1.000104	6117.442019	4078.719219	0.000000	0.000001	-51.553170	0.002000	1.216755	3.997731	-0.999955	0.000000
4.300381	1.000104	6117.442019	4078.719219	-0.000000	0.000001	-51.553170	0.002000	1.216755	3.997731	-0.999955	0.000000
4.320381	1.000104	6117.442019	4078.719219	-0.000000	-0.000001	-51.553170	0.002000	1.216755	3.997731	-0.999955	0.000000
4.340381	1.000104	6117.442019	4078.719219	0.000000	-0.000000	-51.553170	0.002000	1.216755	3.997731	-0.999955	0.000000
4.360381	1.000104	6117.442019	4078.719219	0.000000	0.000001	-51.553170	0.002000	1.216755	3.997731	-0.999955	0.000000
4.380381	1.000104	6117.442019	4078.719219	-0.000000	0.000001	-51.553170	0.002000	1.216755	3.997731	-0.999955	0.000000
4.400381	1.000104	6117.442019	4078.719219	-0.000000	-0.000001	-51.553170	0.002000	1.216755	3.997731	-0.999955	0.000000
4.420381	1.000104	6117.442019	4078.719219	-0.000000	-0.000000	-51.553170	0.002000	1.216755	3.997731	-0.999955	0.000000
4.440381	1.000104	6117.442019	4078.719219	-0.000000	-0.000001	-51.553170	0.002000	1.216755	3.997731	-0.999955	0.000000
4.460381	1.000104	6117.442019	4078.719219	0.000000	0.000000	-51.553170	0.002000	1.216755	3.997731	-0.999955	0.000000
4.480381	1.000104	6117.442019	4078.719219	-0.000000	-0.000000	-51.553170	0.002000	1.216755	3.997731	-0.999955	0.000000
4.500381	1.000104	6117.442019	4078.719219	0.000000	-0.000002	-51.553170	0.002000	1.216755	3.997731	-0.999955	0.000000
4.520381	1.000104	6117.442019	4078.719219	0.000000	0.000001	-51.553170	0.002000	1.216755	3.997731	-0.999955	0.000000
4.540381	1.000104	6117.442019	4078.719219	-0.000000	0.000001	-51.553170	0.002000	1.216755	3.997731	-0.999955	0.000000
4.560381	1.000104	6117.442019	4078.719219	-0.000000	-0.000001	-51.553170	0.002000	1.216755	3.997731	-0.999955	0.000000
4.580381	1.000104	6117.442019	4078.719219	0.000000	-0.000001	-51.553170	0.002000	1.216755	3.997731	-0.999955	0.000000
4.600381	1.000104	6117.442019	4078.719219	0.000000	-0.000001	-51.553170	0.002000	1.216755	3.997731	-0.999955	0.000000
4.620381	1.000104	6117.442019	4078.719219	0.000000	0.000000	-51.553170	0.002000	1.216755	3.997731	-0.999955	0.000000
4.640381	1.000104	6117.442019	4078.719219	-0.000000	0.000001	-51.553170	0.002000	1.216755	3.997731	-0.999955	0.000000
4.660381	1.000104	6117.442019	4078.719219	-0.000000	0.000001	-51.553170	0.002000	1.216755	3.997731	-0.999955	0.000000
4.680381	1.000104	6117.442019	4078.719219	0.000000	0.000001	-51.553170	0.002000	1.216755	3.997731	-0.999955	0.000000
4.700381	1.000104	6117.442019	4078.719219	-0.000000	0.000001	-51.553170	0.002000	1.216755	3.997731	-0.999955	0.000000
4.720381	1.000104	6117.442019	4078.719219	-0.000000	-0.000001	-51.553170	0.002000	1.216755	3.997731	-0.999955	0.000000
4.740381	1.000104	6117.442019	4078.719219	0.000000	-0.000002	-51.553170	0.002000	1.216755	3.997731	-0.999955	0.000000
4.760381	1.000104	6117.442019	4078.719219	-0.000000	0.000000	-51.553170	0.002000	1.216755	3.997731	-0.999955	0.000000
4.780381	1.000104	6117.442019	4078.719219	0.000000	0.000002	-51.553170	0.002000	1.216755	3.997731	-0.999955	0.000000
4.800381	1.000104	6117.442019	4078.719219	-0.000000	0.000003	-51.553170	0.002000	1.216755	3.997731	-0.999955	0.000000
4.820381	1.000104	6117.442019	4078.719219	-0.000000	-0.000000	-51.553170	0.002000	1.216755	3.997731	-0.999955	0.000000
4.840381	1.000104	6117.442019	4078.719219	-0.000000	-0.000002	-51.553170	0.002000	1.216755	3.997731	-0.999955	0.000000
4.860381	1.000104	6117.442019	4078.719219	0.000000	-0.000001	-51.553170	0.002000	1.216755	3.997731	-0.999955	0.000000
4.880381	1.000104	6117.442019	4078.719219	-0.000000	0.000001	-51.553170	0.002000	1.216755	3.997731	-0.999955	0.000000
4.900381	1.000104	6117.442019	4078.719219	-0.000000	-0.000002	-51.553170	0.002000	1.216755	3.997731	-0.999955	0.000000
4.920381	1.000104	6117.442019	4078.719219	0.000000	-0.000002	-51.553170	0.002000	1.216755	3.997731	-0.999955	0.000000
4.940381	1.000104	6117.442019	4078.719219	-0.000000	0.000000	-51.553170	0.002000	1.216755	3.997731	-0.999955	0.000000
4.960381	1.000104	6117.442019	4078.719219	0.000000	-0.000003	-51.553170	0.002000	1.216755	3.997731	-0.999955	0.000000
4.980381	1.000104	6117.442019	4078.719219	0.000000	0.000003	-51.553170	0.002000	1.216755	3.997731	-0.999955	0.000000
5.000381	1.000104	6117.442019	4078.719219	-0.000000	0.000004	-51.553170	0.002000	1.216755	3.997731	-0.999955	0.000000
5.020381	1.000104	6117.442019	4078.719219	-0.000000	-0.000002	-51.553170	0.002000	1.216755	3.997731	-0.999955	0.000000
5.040381	1.000104	6117.442019	4078.719219	0.000000	-0.000001	-51.553170	0.002000	1.216755	3.997731	-0.999955	0.000000
5.060381	1.000104	6117.442019	4078.719219	0.000000	-0.000000	-51.553170	0.002000	1.216755	3.997731	-0.999955	0.000000
5.080381	1.000104	6117.442019	4078.719219	0.000000	-0.000000	-51.553170	0.002000	1.216755	3.997731	-0.999955	0.000000
5.100381	1.000104	6117.442019	4078.719219	0.000000	-0.000000	-51.553170	0.002000	1.216755	3.997731	-0.999955	0.000000
5.120381	1.000104	6117.442019	4078.719219	0.000000	-0.000000	-51.553170	0.002000	1.216755	3.997731	-0.999955	0.000000
5.140381	1.000104	6117.442019	4078.719219	0.000000	-0.000000	-51.553170	0.002000	1.216755	3.997731	-0.999955	0.000000
5.160381	1.000104	6117.442019	4078.719219	0.000000	-0.000000	-51.553170	0.002000	1.216755	3.997731	-0.999955	0.000000
5.180381	1.000104	6117.442019	4078.719219	0.000000	-0.000000	-51.553170	0.002000	1.216755	3.997731	-0.999955	0.000000
5.200381	1.000104	6117.442019	4078.719219	0.000000	-0.000000	-51.553170	0.002000	1.216755	3.997731	-0.999955	0.000000
5.220381	1.000104	6117.442019	4078.719219	0.000000	-0.000000	-51.553170	0.002000	1.216755	3.997731	-0.999955	0.000000
5.240381	1.000104	6117.442019	4078.719219	0.000000	-0.000000	-51.553170	0.002000	1.216755	3.997731	-0.999955	0.000000
5.260381	1.000104	6117.442019	4078.719219	0.000000	0.000000	-51.553170	0.002000	1.216755	3.997731	-0.999955	0.000000
5.280381	1.000104	6117.442019	4078.719219	0.000000	0.000000	-51.553170	0.002000	1.216755	3.997731	-0.999955	0.000000
5.300381	1.000104	6117.442019	4078.719219	0.000000	0.000000	-51.553170	0.002000	1.216755	3.997731	-0.999955	0.000000
5.320381	1.000104	6117.442019	4078.719219	0.000000	0.000000	-51.553170	0.002000	1.216755	3.997731	-0.999955	0.000000
5.340381	1.000104	6117.442019	4078.719219	0.000000	0.000000	-51.553170	0.002000	1.216755	3.997731	-0.999955	0.000000
5.360381	1.000104	6117.442019	4078.719219	0.000000	0.000000	-51.553170	0.002000	1.216755	3.997731	-0.999955	0.000000
5.380381	1.000104	6117.442019	4078.719219	0.000000	0.000000	-51.553170	0.002000	1.216755	3.997731	-0.999955	0.000000
5.400381	1.000104	6117.442019	4078.719219	0.000000	0.000000	-51.553170	0.002000	1.216755	3.997731	-0.999955	0.000000
5.420381	1.000104	6117.442019	4078.719219	0.000000	0.000000	-51.553170	0.002000	1.216755	3.997731	-0.999955	0.000000
5.440381	1.000104	6117.442019	4078.719219	0.000000	0.000000	-51.553170	0.002000	1.216755	3.997731	-0.999955	0.000000
5.460381	1.000104	6117.442019	4078.719219	0.000000	0.000000	-51.553170	0.002000	1.216755	3.997731	-0.999955	0.000000
5.480381	1.000104	6117.442019	4078.719219	0.000000	0.000000	-51.553170	0.002000	1.216755	3.997731	-0.999955	0.000000
5.500381	1.000104	6117.442019	4078.719219	0.000000	0.000000	-51.553170	0.002000	1.216755	3.997731	-0.999955	0.000000
5.520381	1.000104	6117.442019	4078.719219	0.000000	0.000000	-51.553170	0.002000	1.216755	3.997731	-0.999955	0.000000
5.540381	1.000104	6117.442019	4078.719219	0.000000	0.000000	-51.553170	0.002000	1.216755	3.997731	-0.999955	0.000000
5.560381	1.000104	6117.442019	4078.719219	0.000000	0.000000	-51.553170	0.002000	1.216755	3.997731	-0.999955	0.000000
5.580381	1.000104	6117.442019	4078.719219	0.000000	0.000000	-51.553170	0.002000	1.216755	3.997731	-0.999955	0.000000
5.600381	1.000104	6117.442019	4078.719219	0.000000	0.000000	-51.553170	0.002000	1.216755	3.997731	-0.999955	0.000000
5.620381	1.000104	6117.442019	4078.719219	0.000000	0.000000	-51.553170	0.002000	1.216755	3.997731	-0.999955	0.000000
5.640381	1.000104	6117.442019	4078.719219	0.000000	0.000000	-51.553170	0.002000	1.216755	3.997731	-0.999955	0.000000
5.660381	1.000104	6117.442019	4078.719219	0.000000	0.000000	-51.553170	0.002000	1.216755	3.997731	-0.999955	0.000000
5.680381	1.000104	6117.442019	4078.719219	0.000000	0.000000	-51.553170	0.002000	1.216755	3.997731	-0.999955	0.000000
5.700381	1.000104	6117.442019	4078.719219	0.000000	0.000000	-51.553170	0.002000	1.216755	3.997731	-0.999955	0.000000
5.720381	1.000104	6117.442019	4078.719219	0.000000	0.000000	-51.553170	0.002000	1.216755	3.997731	-0.999955	0.000000
5.740381	1.000104	6117.442019	4078.719219	0.000000	0.000000	-51.553170	0.002000	1.216755	3.997731	-0.999955	0.000000
5.760381	1.000104	6117.442019	4078.719219	0.000000	0.000000	-51.553170	0.002000	1.216755	3.997731	-0.999955	0.000000
5.780381	1.000104	6117.442019	4078.719219	0.000000	0.000000	-51.553170	0.002000	1.216755	3.997731	-0.999955	0.000000
5.800381	1.000104	6117.442019	4078.719219	0.000000	0.000000	-51.553170	0.002000	1.216755	3.997731	-0.999955	0.000000
5.820381	1.000104	6117.442019	4078.719219	0.000000	0.000000	-51.553170	0.002000	1.216755	3.997731	-0.999955	0.000000
5.840381	1.000104	6117.442019	4078.719219	0.000000	0.000000	-51.553170	0.002000	1.216755	3.997731	-0.999955	0.000000
5.860381	1.000104	6117.442019	4078.719219	0.000000	0.000000	-51.553170	0.002000	1.216755	3.997731	-0.999955	0.000000
5.880381	1.000104	6117.442019	4078.719219	0.000000	0.000000	-51.553170	0.002000	1.216755	3.997731	-0.999955	0.000000
5.900381	1.000104	6117.442019	4078.719219	0.000000	0.000000	-51.553170	0.002000	1.216755	3.997731	-0.999955	0.000000
5.920381	1.000104	6117.442019	4078.719219	0.000000	0.000000	-51.553170	0.002000	1.216755	3.997731	-0.999955	0.000000
5.940381	1.000104	6117.442019	4078.719219	0.000000	0.000000	-51.553170	0.002000	1.216755	3.997731	-0.999955	0.000000
5.960381	1.000104	6117.442019	4078.719219	0.000000	0.000000	-51.553170	0.002000	1.216755	3.997731	-0.999955	0.000000
5.980381	1.000104	6117.442019	4078.719219	0.000000	0.000000	-51.553170	0.002000	1.216755	3.997731	-0.999955	0.000000
6.000381	1.000104	6117.442019	4078.719219	0.000000	0.000000	-51.553170	0.002000	1.216755	3.997731	-0.999955	0.000000
6.020381	1.000104	6117.442019	4078.719219	0.000000	0.000000	-51.553170	0.002000	1.216755	3.997731	-0.999955	0.000000
6.040381	1.000104	6117.442019	4078.719219	0.000000	0.000000	-51.553170	0.002000	1.216755	3.997731	-0.999955	0.000000
6.060381	1.000104	6117.442019	4078.719219	0.000000	0.000000	-51.553170	0.002000	1.216755	3.997731	-0.999955	0.000000
6.080381	1.000104	6117.442019	4078.719219	0.000000	0.000000	-51.553170	0.002000	1.216755	3.997731	-0.999955	0.000000
6.100381	1.000104	6117.442019	4078.719219	0.000000	0.000000	-51.553170	0.002000	1.216755	3.997731	-0.999955	0.000000
6.120381	1.000104	6117.442019	4078.719219	0.000000	0.000000	-51.553170	0.002000	1.216755	3.997731	-0.999955	0.000000
6.140381	1.000104	6117.442019	4078.719219	0.000000	0.000000	-51.553170	0.002000	1.216755	3.997731	-0.999955	0.000000
6.160381	1.000104	6117.442019	4078.719219	0.000000	0.000000	-51.553170	0.002000	1.216755	3.997731	-0.999955	0.000000
6.180381	1.000104	6117.442019	4078.719219	0.000000	0.000000	-51.553170	0.002000	1.216755	3.997731	-0.999955	0.000000
6.200381	1.000104	6117.442019	4078.719219	0.000000	0.000000	-51.553170	0.002000	1.216755	3.997731	-0.999955	0.000000
6.220381	1.000104	6117.442019	4078.719219	0.000000	0.000000	-51.553170	0.002000	1.216755	3.997731	-0.999955	0.000000
6.240381	1.000104	6117.442019	4078.719219	0.000000	0.000000	-51.553170	0.002000	1.216755	3.997731	-0.999955	0.000000
6.260381	1.000104	6117.442019	4078.719219	0.000000	0.000000	-51.553170	0.002000	1.216755	3.997731	-0.999955	0.000000
6.280381	1.000104	6117.442019	4078.719219	0.000000	0.000000	-51.553170	0.002000	1.216755	3.997731	-0.999955	0.000000
6.300381	1.000104	6117.442019	4078.719219	0.000000	0.000000	-51.553170	0.002000	1.216755	3.997731	-0.999955	0.000000
6.320381	1.000104	6117.442019	4078.719219	0.000000	0.000000	-51.553170	0.002000	1.216755	3.997731	-0.999955	0.000000
6.340381	1.000104	6117.442019	4078.719219	-0.000000	0.000000	-51.553170	0.002000	1.216755	3.997731	-0.999955	0.000000
6.360381	1.000104	6117.442019	4078.719219	-0.000000	0.000000	-51.553170	0.002000	1.216755	3.997731	-0.999955	0.000000
6.380381	1.000104	6117.442019	4078.719219	-0.000000	0.000000	-51.553170	0.002000	1.216755	3.997731	-0.999955	0.000000
6.400381	1.000104	6117.442019	4078.719219	-0.000000	0.000002	-51.553170	0.002000	1.216755	3.997731	-0.999955	0.000000
6.420381	1.000104	6117.442019	4078.719219	-0.000000	0.000007	-51.553170	0.002000	1.216755	3.997731	-0.999955	0.000000
6.440381	1.000104	6117.442019	4078.719219	-0.000000	0.000027	-51.553170	0.002000	1.216755	3.997731	-0.999955	0.000000
6.460381	1.000104	6117.442019	4078.719219	-0.000001	0.000091	-51.553170	0.002000	1.216755	3.997731	-0.999955	0.000000
6.480381	1.000104	6117.442019	4078.719220	-0.000003	0.000281	-51.553170	0.002000	1.216755	3.997731	-0.999955	0.000000
6.500381	1.000104	6117.442019	4078.719220	-0.000010	0.000897	-51.553170	0.002000	1.216755	3.997731	-0.999955	0.000000
6.520381	1.000104	6117.442019	4078.719220	-0.000033	0.002783	-51.553170	0.002000	1.216755	3.997731	-0.999955	0.000000
6.540381	1.000104	6117.442019	4078.719220	-0.000103	0.008319	-51.553170	0.002000	1.216755	3.997731	-0.999955	0.000000
6.560381	1.000104	6117.442020	4078.719220	-0.000305	0.024210	-51.553170	0.002000	1.216755	3.997731	-0.999955	0.000000
6.580381	1.000104	6117.442020	4078.719220	-0.000879	0.068089	-51.553170	0.002000	1.216755	3.997731	-0.999955	0.000000
6.600381	1.000104	6117.442022	4078.719222	-0.002447	0.183944	-51.553170	0.002000	1.216755	3.997731	-0.999955	0.000000
6.620381	1.000104	6117.442026	4078.719227	-0.006524	0.473900	-51.553170	0.002000	1.216755	3.997731	-0.999955	0.000000
6.640381	1.000104	6117.442037	4078.719240	-0.016529	1.150372	-51.553170	0.002000	1.216755	3.997731	-0.999955	0.000000
6.660381	1.000104	6117.442065	4078.719272	-0.039225	2.576645	-51.553170	0.002000	1.216755	3.997731	-0.999955	0.000000
6.680381	1.000104	6117.442128	4078.719347	-0.084928	5.102044	-51.553170	0.002000	1.216755	3.997731	-0.999955	0.000000
6.700381	1.000104	6117.442254	4078.719507	-0.158279	7.937832	-51.553171	0.002000	1.216755	3.997731	-0.999955	0.000000
6.720381	1.000104	6117.442459	4078.719797	-0.210007	4.650776	-51.553171	0.002000	1.216755	3.997731	-0.999955	0.000000
6.740381	1.000104	6117.442614	4078.720149	0.041074	-31.613641	-51.553172	0.002000	1.216755	3.997731	-0.999955	0.000000
6.760381	1.000104	6117.441979	4078.719908	1.664194	-190.833410	-51.553172	0.002000	1.216755	3.997731	-0.999955	0.000000
6.780381	1.000104	6117.437709	4078.716260	8.063868	-737.763015	-51.553167	0.002000	1.216755	3.997730	-0.999955	0.000000
6.800381	1.000103	6117.420712	4078.699638	28.885238	-2378.435726	-51.553144	0.002000	1.216755	3.997729	-0.999956	0.000000
6.820381	1.000097	6117.365074	4078.641608	88.996123	-6840.623942	-51.553059	0.002000	1.216755	3.997725	-0.999958	0.000000
6.840381	1.000079	6117.203439	4078.465614	247.217540	-18018.366154	-51.552792	0.002000	1.216755	3.997714	-0.999965	0.000000
6.860382	1.000028	6116.774459	4077.982366	631.333007	-43979.626259	-51.552046	0.002000	1.216755	3.997684	-0.999987	0.000000
6.880384	0.999895	6115.720966	4076.759623	1495.137148	-99988.051085	-51.550126	0.002000	1.216755	3.997611	-1.000044	0.000000
6.900389	0.999572	6113.313080	4073.885920	3294.845054	-212089.415970	-51.545552	0.002001	1.216755	3.997442	-1.000182	0.000000
6.920404	0.998844	6108.179771	4067.593005	6761.625155	-419548.389283	-51.535414	0.002002	1.216755	3.997083	-1.000493	0.000000
6.940437	0.997316	6097.969900	4054.742940	12910.352323	-772732.777347	-51.514488	0.002005	1.216755	3.996365	-1.001150	0.000000
6.960511	0.994327	6079.029667	4030.297550	22898.361682	-1322584.803166	-51.474258	0.002011	1.216755	3.995027	-1.002438	0.000000
6.980661	0.988888	6046.256391	3987.022281	37686.624184	-2100732.351010	-51.402231	0.002022	1.216755	3.992698	-1.004798	0.000000
7.000952	0.979670	5993.242556	3915.734231	57522.747286	-3096890.395612	-51.282203	0.002042	1.216755	3.988898	-1.008834	0.000000
7.021480	0.965145	5912.611444	3806.392147	81552.647481	-4249666.329472	-51.095407	0.002072	1.216755	3.983046	-1.015280	0.000000
7.042383	0.943719	5796.363568	3649.383989	107850.324600	-5454866.028163	-50.823285	0.002119	1.216755	3.974455	-1.024983	0.000000
7.063855	0.913971	5635.629261	3437.008758	133706.859681	-6592142.229687	-50.449312	0.002188	1.216755	3.962275	-1.038843	0.000000
7.086148	0.874539	5422.622949	3165.031326	156850.165596	-7533726.634996	-49.958182	0.002287	1.216755	3.945574	-1.057944	0.000000
7.109613	0.823458	5155.895924	2834.082348	175709.400306	-8115805.637545	-49.337263	0.002429	1.216755	3.923696	-1.084032	0.000000
7.134796	0.759138	4851.035776	2458.608389	189229.972242	-8228090.297482	-48.558895	0.002635	1.216755	3.897244	-1.119303	0.000000
7.162482	0.678702	4552.332983	2062.991360	199326.861610	-7818129.035798	-47.583661	0.002947	1.216755	3.869647	-1.167898	0.000000
7.194203	0.582702	4311.119664	1677.490884	204725.482552	-7030705.188398	-46.340292	0.003432	1.216755	3.845990	-1.234078	0.000000
7.232242	0.475034	4198.151061	1331.766748	208333.808212	-6104501.763751	-44.632762	0.004210	1.216755	3.834432	-1.322752	0.000000
7.281029	0.344935	4237.996318	976.276516	216982.317739	-5002965.450169	-42.300756	0.005798	1.216755	3.838495	-1.461670	0.000000
7.360005	0.205651	5106.443186	701.321740	221092.351249	-3439918.900028	-37.429436	0.009725	1.216755	3.919378	-1.686209	0.000000
-0.003000	3.337146	103519.699148	230307.677704	-19.865229	0.000000	0.001081	0.000599	0.000000	5.226188	-0.476628	0.000000
-0.008991	3.346412	103205.102736	230244.851623	-45.550259	0.000000	0.003196	0.000598	0.000000	5.224866	-0.475425	0.000000
-0.014957	3.364409	102597.778750	230120.959889	-36.775862	0.000000	0.005138	0.000594	0.000000	5.222303	-0.473095	0.000000
-0.020884	3.390094	101741.025997	229941.471875	6.549031	0.000000	0.006728	0.000590	0.000000	5.218660	-0.469791	0.000000
-0.026760	3.421894	100697.807929	229718.445480	64.443348	0.000000	0.007747	0.000584	0.000000	5.214182	-0.465735	0.000000
-0.032576	3.457764	99546.354253	229471.928362	106.377720	0.000000	0.007993	0.000578	0.000000	5.209186	-0.461204	0.000000
-0.038330	3.495331	98372.060387	229228.447797	106.920148	0.000000	0.007365	0.000572	0.000000	5.204030	-0.456510	0.000000
-0.044022	3.532134	97257.189956	229016.537053	57.414373	0.000000	0.005918	0.000566	0.000000	5.199078	-0.451960	0.000000
-0.049656	3.565913	96270.377964	228860.682290	-30.444857	0.000000	0.003871	0.000561	0.000000	5.194648	-0.447825	0.000000
-0.055239	3.594905	95458.568220	228775.802206	-130.706103	0.000000	0.001565	0.000556	0.000000	5.190970	-0.444308	0.000000
-0.060782	3.618049	94843.046606	228764.153994	-214.385200	0.000000	-0.000625	0.000553	0.000000	5.188161	-0.441522	0.000000
-0.066295	3.635066	94420.176484	228815.592142	-260.722593	0.000000	-0.002375	0.000550	0.000000	5.186222	-0.439485	0.000000
-0.071786	3.646385	94166.192809	228910.912335	-263.665327	0.000000	-0.003490	0.000548	0.000000	5.185054	-0.438136	0.000000
-0.077265	3.652948	94044.631947	229027.043189	-232.074325	0.000000	-0.003925	0.000548	0.000000	5.184495	-0.437356	0.000000
-0.082736	3.655956	94014.548420	229142.416619	-184.104061	0.000000	-0.003774	0.000547	0.000000	5.184357	-0.437000	0.000000
-0.088206	3.656627	94037.751558	229241.022050	-139.532222	0.000000	-0.003224	0.000547	0.000000	5.184465	-0.436921	0.000000
-0.093676	3.656007	94083.768920	229314.294834	-113.284973	0.000000	-0.002488	0.000547	0.000000	5.184678	-0.436995	0.000000
