0.000325	30.722821	8242.434504	168823.322364	1660.945664	15318973.597585	-0.010494	0.000065	1.216755	4.001572	0.487350	-0.891220	-5.567425	0.000000
0.000977	30.628093	8271.288834	168877.194805	5173.370791	11716009.306562	-0.031982	0.000065	1.216755	3.970536	0.485966	-0.756026	-5.541072	0.000000
0.001631	30.444902	8307.202440	168593.371026	9130.657360	15624342.162390	-0.054649	0.000066	1.216755	4.002257	0.483347	-0.878415	-5.575151	0.000000
0.002290	30.167842	8368.430535	168288.475716	13886.972447	17138113.781963	-0.079365	0.000066	1.216755	4.018836	0.479361	-0.945170	-5.604509	0.000000
0.002957	29.794106	8453.173532	167883.767306	19900.842388	18382361.907837	-0.107079	0.000067	1.216755	4.025976	0.473924	-0.960184	-5.622701	0.000000
0.003633	29.322392	8560.701314	167323.182608	27608.829896	20207637.747772	-0.138941	0.000068	1.216755	4.032361	0.466964	-0.965153	-5.640821	0.000000
0.004321	28.749829	8690.584841	166538.700216	38037.900611	22811991.452906	-0.176396	0.000070	1.216755	4.039564	0.458360	-0.968866	-5.661239	0.000000
0.005024	28.067417	8844.026456	165447.301459	52085.888558	26378149.541694	-0.221495	0.000071	1.216755	4.048278	0.447876	-0.975163	-5.685026	0.000000
0.005746	27.257740	9024.636939	163942.884634	71954.040845	31155570.098071	-0.277008	0.000073	1.216755	4.058230	0.435093	-0.981883	-5.711641	0.000000
0.006492	26.292538	9238.944875	161874.605629	100615.427826	37791822.944029	-0.347513	0.000076	1.216755	4.069452	0.419342	-0.987871	-5.741073	0.000000
0.007268	25.134694	9497.106621	159044.643444	141724.014441	47266309.153226	-0.439171	0.000080	1.216755	4.082166	0.399654	-0.992250	-5.773567	0.000000
0.008084	23.738179	9813.805719	155181.442068	205055.285232	61985271.826316	-0.562474	0.000084	1.216755	4.096915	0.374655	-0.995228	-5.809692	0.000000
0.008956	22.065423	10206.911264	149978.379861	294562.246628	85801544.908643	-0.732260	0.000091	1.216755	4.114302	0.342697	-0.997189	-5.849899	0.000000
0.009902	20.096244	10700.097119	143135.625572	432558.698192	125525456.747062	-0.969635	0.000100	1.216755	4.135039	0.301817	-0.998644	-5.894306	0.000000
0.010956	17.853008	11315.716057	134406.860925	631027.723364	192115809.128882	-1.310378	0.000112	1.216755	4.159559	0.250084	-1.000001	-5.942327	0.000000
0.012163	15.413281	12083.744373	123843.089918	911526.185169	296179437.085556	-1.792036	0.000130	1.216755	4.188353	0.185883	-1.001653	-5.993327	0.000000
0.013590	12.865389	13044.449972	111510.313668	1402089.624292	458986152.463405	-2.504388	0.000155	1.216755	4.221978	0.106975	-1.004072	-6.045968	0.000000
0.015344	10.375835	14229.404779	98042.723702	1992576.211597	684995524.450674	-3.555771	0.000193	1.216755	4.260387	0.013158	-1.008005	-6.099828	0.000000
0.017570	8.041561	15833.643168	84500.047380	3170035.535564	991973343.951665	-5.075733	0.000249	1.216755	4.307900	-0.098153	-1.014883	-6.157140	0.000000
0.020557	5.850243	18241.451354	70754.007132	6176512.893676	1489528739.128515	-7.825056	0.000342	1.216755	4.371540	-0.237195	-1.028464	-6.215039	0.000000
0.024963	4.004302	21742.365920	57704.683710	9937761.374036	2148989665.737510	-12.769433	0.000499	1.216755	4.452224	-0.402353	-1.057624	-6.263991	0.000000
0.031619	2.703232	26466.063061	47433.937674	13139073.379791	2744006132.405045	-19.784767	0.000740	1.216755	4.546182	-0.572839	-1.119712	-6.282908	0.000000
0.041294	1.875834	29345.735255	36292.784102	17006248.423018	3270828854.389172	-28.989639	0.001066	1.216755	4.602995	-0.731033	-1.223074	-6.207479	0.000000
0.054766	1.380274	22087.031844	19865.566907	16171077.467718	3201906685.824571	-39.571090	0.001449	1.216755	4.485511	-0.863229	-1.284431	-6.041965	0.000000
0.071824	1.130892	11298.868938	8327.259958	8388523.232014	1564331424.196341	-47.267522	0.001769	1.216755	4.194795	-0.948253	-1.288737	-5.962825	0.000000
0.090905	1.036063	7108.333535	4869.170452	2626296.206386	362668931.286764	-50.434937	0.001930	1.216755	3.993529	-0.985197	-1.288748	-5.955643	0.000000
0.110684	1.008432	6276.565518	4212.782929	620712.341987	58893240.638554	-51.317442	0.001983	1.216755	3.939483	-0.996507	-1.288748	-5.955671	0.000000
0.130640	1.001779	6145.032940	4102.807218	121219.989074	9362715.621983	-51.510553	0.001996	1.216755	3.930286	-0.999262	-1.288748	-5.955731	0.000000
0.150632	1.000401	6123.604166	4083.834555	20529.381391	1597628.814594	-51.546386	0.001999	1.216755	3.928768	-0.999832	-1.288748	-5.955743	0.000000
0.170631	1.000151	6119.892217	4080.508129	3084.192023	280362.004758	-51.552196	0.002000	1.216755	3.928505	-0.999936	-1.288748	-5.955746	0.000000
0.190631	1.000111	6119.246753	4079.942906	422.576656	47495.135692	-51.553041	0.002000	1.216755	3.928459	-0.999952	-1.288748	-5.955746	0.000000
0.210631	1.000105	6119.139535	4079.852357	54.454820	7589.965022	-51.553154	0.002000	1.216755	3.928452	-0.999955	-1.288748	-5.955746	0.000000
0.230631	1.000104	6119.122749	4079.838693	6.909745	1144.517464	-51.553168	0.002000	1.216755	3.928450	-0.999955	-1.288748	-5.955746	0.000000
0.250631	1.000104	6119.120261	4079.836728	0.917957	164.714364	-51.553170	0.002000	1.216755	3.928450	-0.999955	-1.288748	-5.955746	0.000000
0.270631	1.000104	6119.119907	4079.836454	0.133964	23.061450	-51.553170	0.002000	1.216755	3.928450	-0.999955	-1.288748	-5.955746	0.000000
0.290631	1.000104	6119.119858	4079.836415	0.021383	3.219719	-51.553170	0.002000	1.216755	3.928450	-0.999955	-1.288748	-5.955746	0.000000
0.310631	1.000104	6119.119851	4079.836410	0.003558	0.459335	-51.553170	0.002000	1.216755	3.928450	-0.999955	-1.288748	-5.955746	0.000000
0.330631	1.000104	6119.119850	4079.836409	0.000588	0.067936	-51.553170	0.002000	1.216755	3.928450	-0.999955	-1.288748	-5.955746	0.000000
0.350631	1.000104	6119.119850	4079.836409	0.000094	0.010396	-51.553170	0.002000	1.216755	3.928450	-0.999955	-1.288748	-5.955746	0.000000
0.370631	1.000104	6119.119850	4079.836409	0.000014	0.001621	-51.553170	0.002000	1.216755	3.928450	-0.999955	-1.288748	-5.955746	0.000000
0.390631	1.000104	6119.119850	4079.836409	0.000002	0.000252	-51.553170	0.002000	1.216755	3.928450	-0.999955	-1.288748	-5.955746	0.000000
0.410631	1.000104	6119.119850	4079.836409	0.000000	0.000039	-51.553170	0.002000	1.216755	3.928450	-0.999955	-1.288748	-5.955746	0.000000
0.430631	1.000104	6119.119850	4079.836409	0.000000	0.000006	-51.553170	0.002000	1.216755	3.928450	-0.999955	-1.288748	-5.955746	0.000000
0.450631	1.000104	6119.119850	4079.836409	0.000000	0.000000	-51.553170	0.002000	1.216755	3.928450	-0.999955	-1.288748	-5.955746	0.000000
0.470631	1.000104	6119.119850	4079.836409	0.000000	0.000000	-51.553170	0.002000	1.216755	3.928450	-0.999955	-1.288748	-5.955746	0.000000
0.490631	1.000104	6119.119850	4079.836409	-0.000000	0.000000	-51.553170	0.002000	1.216755	3.928450	-0.999955	-1.288748	-5.955746	0.000000
0.510631	1.000104	6119.119850	4079.836409	-0.000000	-0.000000	-51.553170	0.002000	1.216755	3.928450	-0.999955	-1.288748	-5.955746	0.000000
0.530631	1.000104	6119.119850	4079.836409	0.000000	-0.000001	-51.553170	0.002000	1.216755	3.928450	-0.999955	-1.288748	-5.955746	0.000000
0.550631	1.000104	6119.119850	4079.836409	0.000000	0.000000	-51.553170	0.002000	1.216755	3.928450	-0.999955	-1.288748	-5.955746	0.000000
0.570631	1.000104	6119.119850	4079.836409	-0.000000	0.000000	-51.553170	0.002000	1.216755	3.928450	-0.999955	-1.288748	-5.955746	0.000000
0.590631	1.000104	6119.119850	4079.836409	-0.000000	0.000000	-51.553170	0.002000	1.216755	3.928450	-0.999955	-1.288748	-5.955746	0.000000
0.610631	1.000104	6119.119850	4079.836409	0.000000	-0.000000	-51.553170	0.002000	1.216755	3.928450	-0.999955	-1.288748	-5.955746	0.000000
0.630631	1.000104	6119.119850	4079.836409	0.000000	0.000000	-51.553170	0.002000	1.216755	3.928450	-0.999955	-1.288748	-5.955746	0.000000
0.650631	1.000104	6119.119850	4079.836409	-0.000000	0.000000	-51.553170	0.002000	1.216755	3.928450	-0.999955	-1.288748	-5.955746	0.000000
0.670631	1.000104	6119.119850	4079.836409	0.000000	-0.000000	-51.553170	0.002000	1.216755	3.928450	-0.999955	-1.288748	-5.955746	0.000000
0.690631	1.000104	6119.119850	4079.836409	0.000000	-0.000000	-51.553170	0.002000	1.216755	3.928450	-0.999955	-1.288748	-5.955746	0.000000
0.710631	1.000104	6119.119850	4079.836409	0.000000	-0.000000	-51.553170	0.002000	1.216755	3.928450	-0.999955	-1.288748	-5.955746	0.000000
0.730631	1.000104	6119.119850	4079.836409	0.000000	-0.000000	-51.553170	0.002000	1.216755	3.928450	-0.999955	-1.288748	-5.955746	0.000000
0.750631	1.000104	6119.119850	4079.836409	0.000000	0.000000	-51.553170	0.002000	1.216755	3.928450	-0.999955	-1.288748	-5.955746	0.000000
0.770631	1.000104	6119.119850	4079.836409	0.000000	0.000000	-51.553170	0.002000	1.216755	3.928450	-0.999955	-1.288748	-5.955746	0.000000
0.790631	1.000104	6119.119850	4079.836409	0.000000	0.000000	-51.553170	0.002000	1.216755	3.928450	-0.999955	-1.288748	-5.955746	0.000000
0.810631	1.000104	6119.119850	4079.836409	0.000000	0.000000	-51.553170	0.002000	1.216755	3.928450	-0.999955	-1.288748	-5.955746	0.000000
0.830631	1.000104	6119.119850	4079.836409	-0.000000	0.000000	-51.553170	0.002000	1.216755	3.928450	-0.999955	-1.288748	-5.955746	0.000000
0.850631	1.000104	6119.119850	4079.836409	-0.000000	0.000000	-51.553170	0.002000	1.216755	3.928450	-0.999955	-1.288748	-5.955746	0.000000
0.870631	1.000104	6119.119850	4079.836409	-0.000000	-0.000001	-51.553170	0.002000	1.216755	3.928450	-0.999955	-1.288748	-5.955746	0.000000
0.890631	1.000104	6119.119850	4079.836409	0.000000	-0.000000	-51.553170	0.002000	1.216755	3.928450	-0.999955	-1.288748	-5.955746	0.000000
0.910631	1.000104	6119.119850	4079.836409	-0.000000	-0.000000	-51.553170	0.002000	1.216755	3.928450	-0.999955	-1.288748	-5.955746	0.000000
0.930631	1.000104	6119.119850	4079.836409	0.000000	-0.000000	-51.553170	0.002000	1.216755	3.928450	-0.999955	-1.288748	-5.955746	0.000000
0.950631	1.000104	6119.119850	4079.836409	0.000000	0.000000	-51.553170	0.002000	1.216755	3.928450	-0.999955	-1.288748	-5.955746	0.000000
0.970631	1.000104	6119.119850	4079.836409	0.000000	-0.000000	-51.553170	0.002000	1.216755	3.928450	-0.999955	-1.288748	-5.955746	0.000000
0.990631	1.000104	6119.119850	4079.836409	0.000000	0.000000	-51.553170	0.002000	1.216755	3.928450	-0.999955	-1.288748	-5.955746	0.000000
1.010631	1.000104	6119.119850	4079.836409	-0.000000	0.000000	-51.553170	0.002000	1.216755	3.928450	-0.999955	-1.288748	-5.955746	0.000000
1.030631	1.000104	6119.119850	4079.836409	0.000000	0.000000	-51.553170	0.002000	1.216755	3.928450	-0.999955	-1.288748	-5.955746	0.000000
1.050631	1.000104	6119.119850	4079.836409	-0.000000	0.000001	-51.553170	0.002000	1.216755	3.928450	-0.999955	-1.288748	-5.955746	0.000000
1.070631	1.000104	6119.119850	4079.836409	-0.000000	-0.000001	-51.553170	0.002000	1.216755	3.928450	-0.999955	-1.288748	-5.955746	0.000000
1.090631	1.000104	6119.119850	4079.836409	0.000000	-0.000002	-51.553170	0.002000	1.216755	3.928450	-0.999955	-1.288748	-5.955746	0.000000
1.110631	1.000104	6119.119850	4079.836409	0.000000	0.000000	-51.553170	0.002000	1.216755	3.928450	-0.999955	-1.288748	-5.955746	0.000000
1.130631	1.000104	6119.119850	4079.836409	0.000000	0.000001	-51.553170	0.002000	1.216755	3.928450	-0.999955	-1.288748	-5.955746	0.000000
1.150631	1.000104	6119.119850	4079.836409	-0.000000	0.000000	-51.553170	0.002000	1.216755	3.928450	-0.999955	-1.288748	-5.955746	0.000000
1.170631	1.000104	6119.119850	4079.836409	0.000000	0.000000	-51.553170	0.002000	1.216755	3.928450	-0.999955	-1.288748	-5.955746	0.000000
1.190631	1.000104	6119.119850	4079.836409	-0.000000	0.000000	-51.553170	0.002000	1.216755	3.928450	-0.999955	-1.288748	-5.955746	0.000000
1.210631	1.000104	6119.119850	4079.836409	-0.000000	-0.000000	-51.553170	0.002000	1.216755	3.928450	-0.999955	-1.288748	-5.955746	0.000000
1.230631	1.000104	6119.119850	4079.836409	-0.000000	-0.000000	-51.553170	0.002000	1.216755	3.928450	-0.999955	-1.288748	-5.955746	0.000000
1.250631	1.000104	6119.119850	4079.836409	-0.000000	-0.000000	-51.553170	0.002000	1.216755	3.928450	-0.999955	-1.288748	-5.955746	0.000000
1.270631	1.000104	6119.119850	4079.836409	-0.000000	-0.000000	-51.553170	0.002000	1.216755	3.928450	-0.999955	-1.288748	-5.955746	0.000000
1.290631	1.000104	6119.119850	4079.836409	0.000000	-0.000000	-51.553170	0.002000	1.216755	3.928450	-0.999955	-1.288748	-5.955746	0.000000
1.310631	1.000104	6119.119850	4079.836409	0.000000	-0.000000	-51.553170	0.002000	1.216755	3.928450	-0.999955	-1.288748	-5.955746	0.000000
1.330631	1.000104	6119.119850	4079.836409	0.000000	-0.000000	-51.553170	0.002000	1.216755	3.928450	-0.999955	-1.288748	-5.955746	0.000000
1.350631	1.000104	6119.119850	4079.836409	0.000000	-0.000000	-51.553170	0.002000	1.216755	3.928450	-0.999955	-1.288748	-5.955746	0.000000
1.370631	1.000104	6119.119850	4079.836409	0.000000	-0.000000	-51.553170	0.002000	1.216755	3.928450	-0.999955	-1.288748	-5.955746	0.000000
1.390631	1.000104	6119.119850	4079.836409	0.000000	-0.000000	-51.553170	0.002000	1.216755	3.928450	-0.999955	-1.288748	-5.955746	0.000000
1.410631	1.000104	6119.119850	4079.836409	0.000000	-0.000000	-51.553170	0.002000	1.216755	3.928450	-0.999955	-1.288748	-5.955746	0.000000
1.430631	1.000104	6119.119850	4079.836409	0.000000	-0.000000	-51.553170	0.002000	1.216755	3.928450	-0.999955	-1.288748	-5.955746	0.000000
1.450631	1.000104	6119.119850	4079.836409	0.000000	-0.000000	-51.553170	0.002000	1.216755	3.928450	-0.999955	-1.288748	-5.955746	0.000000
1.470631	1.000104	6119.119850	4079.836409	0.000000	-0.000000	-51.553170	0.002000	1.216755	3.928450	-0.999955	-1.288748	-5.955746	0.000000
1.490631	1.000104	6119.119850	4079.836409	0.000000	-0.000000	-51.553170	0.002000	1.216755	3.928450	-0.999955	-1.288748	-5.955746	0.000000
1.510631	1.000104	6119.119850	4079.836409	0.000000	-0.000000	-51.553170	0.002000	1.216755	3.928450	-0.999955	-1.288748	-5.955746	0.000000
1.530631	1.000104	6119.119850	4079.836409	0.000000	-0.000000	-51.553170	0.002000	1.216755	3.928450	-0.999955	-1.288748	-5.955746	0.000000
1.550631	1.000104	6119.119850	4079.836409	0.000000	-0.000000	-51.553170	0.002000	1.216755	3.928450	-0.999955	-1.288748	-5.955746	0.000000
1.570631	1.000104	6119.119850	4079.836409	0.000000	-0.000000	-51.553170	0.002000	1.216755	3.928450	-0.999955	-1.288748	-5.955746	0.000000
1.590631	1.000104	6119.119850	4079.836409	0.000000	-0.000000	-51.553170	0.002000	1.216755	3.928450	-0.999955	-1.288748	-5.955746	0.000000
1.610631	1.000104	6119.119850	4079.836409	0.000000	-0.000000	-51.553170	0.002000	1.216755	3.928450	-0.999955	-1.288748	-5.955746	0.000000
1.630631	1.000104	6119.119850	4079.836409	0.000000	-0.000000	-51.553170	0.002000	1.216755	3.928450	-0.999955	-1.288748	-5.955746	0.000000
1.650631	1.000104	6119.119850	4079.836409	0.000000	-0.000000	-51.553170	0.002000	1.216755	3.928450	-0.999955	-1.288748	-5.955746	0.000000
1.670631	1.000104	6119.119850	4079.836409	0.000000	-0.000000	-51.553170	0.002000	1.216755	3.928450	-0.999955	-1.288748	-5.955746	0.000000
1.690631	1.000104	6119.119850	4079.836409	0.000000	-0.000000	-51.553170	0.002000	1.216755	3.928450	-0.999955	-1.288748	-5.955746	0.000000
1.710631	1.000104	6119.119850	4079.836409	0.000000	-0.000000	-51.553170	0.002000	1.216755	3.928450	-0.999955	-1.288748	-5.955746	0.000000
1.730631	1.000104	6119.119850	4079.836409	0.000000	-0.000000	-51.553170	0.002000	1.216755	3.928450	-0.999955	-1.288748	-5.955746	0.000000
1.750631	1.000104	6119.119850	4079.836409	0.000000	-0.000000	-51.553170	0.002000	1.216755	3.928450	-0.999955	-1.288748	-5.955746	0.000000
1.770631	1.000104	6119.119850	4079.836409	0.000000	-0.000000	-51.553170	0.002000	1.216755	3.928450	-0.999955	-1.288748	-5.955746	0.000000
1.790631	1.000104	6119.119850	4079.836409	0.000000	-0.000000	-51.553170	0.002000	1.216755	3.928450	-0.999955	-1.288748	-5.955746	0.000000
1.810631	1.000104	6119.119850	4079.836409	0.000000	-0.000000	-51.553170	0.002000	1.216755	3.928450	-0.999955	-1.288748	-5.955746	0.000000
1.830631	1.000104	6119.119850	4079.836409	0.000000	-0.000000	-51.553170	0.002000	1.216755	3.928450	-0.999955	-1.288748	-5.955746	0.000000
1.850631	1.000104	6119.119850	4079.836409	0.000000	-0.000000	-51.553170	0.002000	1.216755	3.928450	-0.999955	-1.288748	-5.955746	0.000000
1.870631	1.000104	6119.119850	4079.836409	0.000000	0.000000	-51.553170	0.002000	1.216755	3.928450	-0.999955	-1.288748	-5.955746	0.000000
1.890631	1.000104	6119.119850	4079.836409	0.000000	0.000000	-51.553170	0.002000	1.216755	3.928450	-0.999955	-1.288748	-5.955746	0.000000
1.910631	1.000104	6119.119850	4079.836409	0.000000	0.000000	-51.553170	0.002000	1.216755	3.928450	-0.999955	-1.288748	-5.955746	0.000000
1.930631	1.000104	6119.119850	4079.836409	0.000000	0.000000	-51.553170	0.002000	1.216755	3.928450	-0.999955	-1.288748	-5.955746	0.000000
1.950631	1.000104	6119.119850	4079.836409	0.000000	0.000000	-51.553170	0.002000	1.216755	3.928450	-0.999955	-1.288748	-5.955746	0.000000
1.970631	1.000104	6119.119850	4079.836409	0.000000	0.000000	-51.553170	0.002000	1.216755	3.928450	-0.999955	-1.288748	-5.955746	0.000000
1.990631	1.000104	6119.119850	4079.836409	0.000000	0.000000	-51.553170	0.002000	1.216755	3.928450	-0.999955	-1.288748	-5.955746	0.000000
2.010631	1.000104	6119.119850	4079.836409	0.000000	0.000000	-51.553170	0.002000	1.216755	3.928450	-0.999955	-1.288748	-5.955746	0.000000
2.030631	1.000104	6119.119850	4079.836409	0.000000	0.000000	-51.553170	0.002000	1.216755	3.928450	-0.999955	-1.288748	-5.955746	0.000000
2.050631	1.000104	6119.119850	4079.836409	-0.000000	-0.000000	-51.553170	0.002000	1.216755	3.928450	-0.999955	-1.288748	-5.955746	0.000000
2.070631	1.000104	6119.119850	4079.836409	0.000000	-0.000001	-51.553170	0.002000	1.216755	3.928450	-0.999955	-1.288748	-5.955746	0.000000
2.090631	1.000104	6119.119850	4079.836409	0.000000	-0.000000	-51.553170	0.002000	1.216755	3.928450	-0.999955	-1.288748	-5.955746	0.000000
2.110631	1.000104	6119.119850	4079.836409	-0.000000	0.000000	-51.553170	0.002000	1.216755	3.928450	-0.999955	-1.288748	-5.955746	0.000000
2.130631	1.000104	6119.119850	4079.836409	0.000000	-0.000000	-51.553170	0.002000	1.216755	3.928450	-0.999955	-1.288748	-5.955746	0.000000
2.150631	1.000104	6119.119850	4079.836409	0.000000	0.000001	-51.553170	0.002000	1.216755	3.928450	-0.999955	-1.288748	-5.955746	0.000000
2.170631	1.000104	6119.119850	4079.836409	-0.000000	0.000000	-51.553170	0.002000	1.216755	3.928450	-0.999955	-1.288748	-5.955746	0.000000
2.190631	1.000104	6119.119850	4079.836409	0.000000	0.000000	-51.553170	0.002000	1.216755	3.928450	-0.999955	-1.288748	-5.955746	0.000000
2.210631	1.000104	6119.119850	4079.836409	-0.000000	0.000002	-51.553170	0.002000	1.216755	3.928450	-0.999955	-1.288748	-5.955746	0.000000
2.230631	1.000104	6119.119850	4079.836409	-0.000000	-0.000002	-51.553170	0.002000	1.216755	3.928450	-0.999955	-1.288748	-5.955746	0.000000
2.250631	1.000104	6119.119850	4079.836409	0.000000	-0.000001	-51.553170	0.002000	1.216755	3.928450	-0.999955	-1.288748	-5.955746	0.000000
2.270631	1.000104	6119.119850	4079.836409	-0.000000	-0.000001	-51.553170	0.002000	1.216755	3.928450	-0.999955	-1.288748	-5.955746	0.000000
2.290631	1.000104	6119.119850	4079.836409	0.000000	-0.000002	-51.553170	0.002000	1.216755	3.928450	-0.999955	-1.288748	-5.955746	0.000000
2.310631	1.000104	6119.119850	4079.836409	0.000000	-0.000000	-51.553170	0.002000	1.216755	3.928450	-0.999955	-1.288748	-5.955746	0.000000
2.330631	1.000104	6119.119850	4079.836409	0.000000	0.000002	-51.553170	0.002000	1.216755	3.928450	-0.999955	-1.288748	-5.955746	0.000000
2.350631	1.000104	6119.119850	4079.836409	-0.000000	0.000002	-51.553170	0.002000	1.216755	3.928450	-0.999955	-1.288748	-5.955746	0.000000
2.370631	1.000104	6119.119850	4079.836409	-0.000000	0.000002	-51.553170	0.002000	1.216755	3.928450	-0.999955	-1.288748	-5.955746	0.000000
2.390631	1.000104	6119.119850	4079.836409	-0.000000	-0.000001	-51.553170	0.002000	1.216755	3.928450	-0.999955	-1.288748	-5.955746	0.000000
2.410631	1.000104	6119.119850	4079.836409	0.000000	-0.000003	-51.553170	0.002000	1.216755	3.928450	-0.999955	-1.288748	-5.955746	0.000000
2.430631	1.000104	6119.119850	4079.836409	0.000000	0.000000	-51.553170	0.002000	1.216755	3.928450	-0.999955	-1.288748	-5.955746	0.000000
2.450631	1.000104	6119.119850	4079.836409	0.000000	0.000001	-51.553170	0.002000	1.216755	3.928450	-0.999955	-1.288748	-5.955746	0.000000
2.470631	1.000104	6119.119850	4079.836409	0.000000	0.000000	-51.553170	0.002000	1.216755	3.928450	-0.999955	-1.288748	-5.955746	0.000000
2.490631	1.000104	6119.119850	4079.836409	0.000000	0.000001	-51.553170	0.002000	1.216755	3.928450	-0.999955	-1.288748	-5.955746	0.000000
2.510631	1.000104	6119.119850	4079.836409	-0.000000	-0.000000	-51.553170	0.002000	1.216755	3.928450	-0.999955	-1.288748	-5.955746	0.000000
2.530631	1.000104	6119.119850	4079.836409	-0.000000	-0.000001	-51.553170	0.002000	1.216755	3.928450	-0.999955	-1.288748	-5.955746	0.000000
2.550631	1.000104	6119.119850	4079.836409	0.000000	-0.000000	-51.553170	0.002000	1.216755	3.928450	-0.999955	-1.288748	-5.955746	0.000000
2.570631	1.000104	6119.119850	4079.836409	0.000000	-0.000000	-51.553170	0.002000	1.216755	3.928450	-0.999955	-1.288748	-5.955746	0.000000
2.590631	1.000104	6119.119850	4079.836409	0.000000	-0.000000	-51.553170	0.002000	1.216755	3.928450	-0.999955	-1.288748	-5.955746	0.000000
2.610631	1.000104	6119.119850	4079.836409	0.000000	-0.000000	-51.553170	0.002000	1.216755	3.928450	-0.999955	-1.288748	-5.955746	0.000000
2.630631	1.000104	6119.119850	4079.836409	0.000000	-0.000000	-51.553170	0.002000	1.216755	3.928450	-0.999955	-1.288748	-5.955746	0.000000
2.650631	1.000104	6119.119850	4079.836409	0.000000	-0.000000	-51.553170	0.002000	1.216755	3.928450	-0.999955	-1.288748	-5.955746	0.000000
2.670631	1.000104	6119.119850	4079.836409	0.000000	-0.000000	-51.553170	0.002000	1.216755	3.928450	-0.999955	-1.288748	-5.955746	0.000000
2.690631	1.000104	6119.119850	4079.836409	0.000000	-0.000000	-51.553170	0.002000	1.216755	3.928450	-0.999955	-1.288748	-5.955746	0.000000
2.710631	1.000104	6119.119850	4079.836409	0.000000	-0.000000	-51.553170	0.002000	1.216755	3.928450	-0.999955	-1.288748	-5.955746	0.000000
2.730631	1.000104	6119.119850	4079.836409	0.000000	-0.000000	-51.553170	0.002000	1.216755	3.928450	-0.999955	-1.288748	-5.955746	0.000000
2.750631	1.000104	6119.119850	4079.836409	0.000000	-0.000000	-51.553170	0.002000	1.216755	3.928450	-0.999955	-1.288748	-5.955746	0.000000
2.770631	1.000104	6119.119850	4079.836409	0.000000	-0.000000	-51.553170	0.002000	1.216755	3.928450	-0.999955	-1.288748	-5.955746	0.000000
2.790631	1.000104	6119.119850	4079.836409	0.000000	-0.000000	-51.553170	0.002000	1.216755	3.928450	-0.999955	-1.288748	-5.955746	0.000000
2.810631	1.000104	6119.119850	4079.836409	0.000000	-0.000000	-51.553170	0.002000	1.216755	3.928450	-0.999955	-1.288748	-5.955746	0.000000
2.830631	1.000104	6119.119850	4079.836409	0.000000	-0.000000	-51.553170	0.002000	1.216755	3.928450	-0.999955	-1.288748	-5.955746	0.000000
2.850631	1.000104	6119.119850	4079.836409	0.000000	-0.000000	-51.553170	0.002000	1.216755	3.928450	-0.999955	-1.288748	-5.955746	0.000000
2.870631	1.000104	6119.119850	4079.836409	0.000000	-0.000000	-51.553170	0.002000	1.216755	3.928450	-0.999955	-1.288748	-5.955746	0.000000
2.890631	1.000104	6119.119850	4079.836409	0.000000	-0.000000	-51.553170	0.002000	1.216755	3.928450	-0.999955	-1.288748	-5.955746	0.000000
2.910631	1.000104	6119.119850	4079.836409	0.000000	-0.000000	-51.553170	0.002000	1.216755	3.928450	-0.999955	-1.288748	-5.955746	0.000000
2.930631	1.000104	6119.119850	4079.836409	0.000000	-0.000000	-51.553170	0.002000	1.216755	3.928450	-0.999955	-1.288748	-5.955746	0.000000
2.950631	1.000104	6119.119850	4079.836409	0.000000	-0.000000	-51.553170	0.002000	1.216755	3.928450	-0.999955	-1.288748	-5.955746	0.000000
2.970631	1.000104	6119.119850	4079.836409	0.000000	-0.000000	-51.553170	0.002000	1.216755	3.928450	-0.999955	-1.288748	-5.955746	0.000000
2.990631	1.000104	6119.119850	4079.836409	0.000000	-0.000000	-51.553170	0.002000	1.216755	3.928450	-0.999955	-1.288748	-5.955746	0.000000
3.010631	1.000104	6119.119850	4079.836409	0.000000	-0.000000	-51.553170	0.002000	1.216755	3.928450	-0.999955	-1.288748	-5.955746	0.000000
3.030631	1.000104	6119.119850	4079.836409	0.000000	-0.000000	-51.553170	0.002000	1.216755	3.928450	-0.999955	-1.288748	-5.955746	0.000000
3.050631	1.000104	6119.119850	4079.836409	0.000000	-0.000000	-51.553170	0.002000	1.216755	3.928450	-0.999955	-1.288748	-5.955746	0.000000
3.070631	1.000104	6119.119850	4079.836409	0.000000	-0.000000	-51.553170	0.002000	1.216755	3.928450	-0.999955	-1.288748	-5.955746	0.000000
3.090631	1.000104	6119.119850	4079.836409	0.000000	-0.000000	-51.553170	0.002000	1.216755	3.928450	-0.999955	-1.288748	-5.955746	0.000000
3.110631	1.000104	6119.119850	4079.836409	0.000000	-0.000000	-51.553170	0.002000	1.216755	3.928450	-0.999955	-1.288748	-5.955746	0.000000
3.130631	1.000104	6119.119850	4079.836409	0.000000	-0.000000	-51.553170	0.002000	1.216755	3.928450	-0.999955	-1.288748	-5.955746	0.000000
3.150631	1.000104	6119.119850	4079.836409	0.000000	-0.000000	-51.553170	0.002000	1.216755	3.928450	-0.999955	-1.288748	-5.955746	0.000000
3.170631	1.000104	6119.119850	4079.836409	0.000000	-0.000000	-51.553170	0.002000	1.216755	3.928450	-0.999955	-1.288748	-5.955746	0.000000
3.190631	1.000104	6119.119850	4079.836409	0.000000	-0.000000	-51.553170	0.002000	1.216755	3.928450	-0.999955	-1.288748	-5.955746	0.000000
3.210631	1.000104	6119.119850	4079.836409	0.000000	-0.000000	-51.553170	0.002000	1.216755	3.928450	-0.999955	-1.288748	-5.955746	0.000000
3.230631	1.000104	6119.119850	4079.836409	0.000000	-0.000000	-51.553170	0.002000	1.216755	3.928450	-0.999955	-1.288748	-5.955746	0.000000
3.250631	1.000104	6119.119850	4079.836409	0.000000	-0.000000	-51.553170	0.002000	1.216755	3.928450	-0.999955	-1.288748	-5.955746	0.000000
3.270631	1.000104	6119.119850	4079.836409	0.000000	-0.000000	-51.553170	0.002000	1.216755	3.928450	-0.999955	-1.288748	-5.955746	0.000000
3.290631	1.000104	6119.119850	4079.836409	0.000000	-0.000000	-51.553170	0.002000	1.216755	3.928450	-0.999955	-1.288748	-5.955746	0.000000
3.310631	1.000104	6119.119850	4079.836409	0.000000	-0.000000	-51.553170	0.002000	1.216755	3.928450	-0.999955	-1.288748	-5.955746	0.000000
3.330631	1.000104	6119.119850	4079.836409	0.000000	-0.000000	-51.553170	0.002000	1.216755	3.928450	-0.999955	-1.288748	-5.955746	0.000000
3.350631	1.000104	6119.119850	4079.836409	0.000000	-0.000000	-51.553170	0.002000	1.216755	3.928450	-0.999955	-1.288748	-5.955746	0.000000
3.370631	1.000104	6119.119850	4079.836409	0.000000	-0.000000	-51.553170	0.002000	1.216755	3.928450	-0.999955	-1.288748	-5.955746	0.000000
3.390631	1.000104	6119.119850	4079.836409	0.000000	-0.000000	-51.553170	0.002000	1.216755	3.928450	-0.999955	-1.288748	-5.955746	0.000000
3.410631	1.000104	6119.119850	4079.836409	0.000000	-0.000000	-51.553170	0.002000	1.216755	3.928450	-0.999955	-1.288748	-5.955746	0.000000
3.430631	1.000104	6119.119850	4079.836409	0.000000	-0.000000	-51.553170	0.002000	1.216755	3.928450	-0.999955	-1.288748	-5.955746	0.000000
3.450631	1.000104	6119.119850	4079.836409	0.000000	-0.000000	-51.553170	0.002000	1.216755	3.928450	-0.999955	-1.288748	-5.955746	0.000000
3.470631	1.000104	6119.119850	4079.836409	0.000000	-0.000000	-51.553170	0.002000	1.216755	3.928450	-0.999955	-1.288748	-5.955746	0.000000
3.490631	1.000104	6119.119850	4079.836409	0.000000	-0.000000	-51.553170	0.002000	1.216755	3.928450	-0.999955	-1.288748	-5.955746	0.000000
3.510631	1.000104	6119.119850	4079.836409	0.000000	-0.000000	-51.553170	0.002000	1.216755	3.928450	-0.999955	-1.288748	-5.955746	0.000000
3.530631	1.000104	6119.119850	4079.836409	0.000000	-0.000000	-51.553170	0.002000	1.216755	3.928450	-0.999955	-1.288748	-5.955746	0.000000
3.550631	1.000104	6119.119850	4079.836409	0.000000	-0.000000	-51.553170	0.002000	1.216755	3.928450	-0.999955	-1.288748	-5.955746	0.000000
3.570631	1.000104	6119.119850	4079.836409	0.000000	-0.000000	-51.553170	0.002000	1.216755	3.928450	-0.999955	-1.288748	-5.955746	0.000000
3.590631	1.000104	6119.119850	4079.836409	0.000000	-0.000000	-51.553170	0.002000	1.216755	3.928450	-0.999955	-1.288748	-5.955746	0.000000
3.610631	1.000104	6119.119850	4079.836409	0.000000	-0.000000	-51.553170	0.002000	1.216755	3.928450	-0.999955	-1.288748	-5.955746	0.000000
3.630631	1.000104	6119.119850	4079.836409	0.000000	-0.000000	-51.553170	0.002000	1.216755	3.928450	-0.999955	-1.288748	-5.955746	0.000000
3.650631	1.000104	6119.119850	4079.836409	0.000000	-0.000000	-51.553170	0.002000	1.216755	3.928450	-0.999955	-1.288748	-5.955746	0.000000
3.670631	1.000104	6119.119850	4079.836409	0.000000	-0.000000	-51.553170	0.002000	1.216755	3.928450	-0.999955	-1.288748	-5.955746	0.000000
3.690631	1.000104	6119.119850	4079.836409	0.000000	-0.000000	-51.553170	0.002000	1.216755	3.928450	-0.999955	-1.288748	-5.955746	0.000000
3.710631	1.000104	6119.119850	4079.836409	0.000000	-0.000000	-51.553170	0.002000	1.216755	3.928450	-0.999955	-1.288748	-5.955746	0.000000
3.730631	1.000104	6119.119850	4079.836409	0.000000	-0.000000	-51.553170	0.002000	1.216755	3.928450	-0.999955	-1.288748	-5.955746	0.000000
3.750631	1.000104	6119.119850	4079.836409	0.000000	-0.000000	-51.553170	0.002000	1.216755	3.928450	-0.999955	-1.288748	-5.955746	0.000000
3.770631	1.000104	6119.119850	4079.836409	0.000000	-0.000000	-51.553170	0.002000	1.216755	3.928450	-0.999955	-1.288748	-5.955746	0.000000
3.790631	1.000104	6119.119850	4079.836409	0.000000	-0.000000	-51.553170	0.002000	1.216755	3.928450	-0.999955	-1.288748	-5.955746	0.000000
3.810631	1.000104	6119.119850	4079.836409	0.000000	-0.000000	-51.553170	0.002000	1.216755	3.928450	-0.999955	-1.288748	-5.955746	0.000000
3.830631	1.000104	6119.119850	4079.836409	0.000000	-0.000000	-51.553170	0.002000	1.216755	3.928450	-0.999955	-1.288748	-5.955746	0.000000
3.850631	1.000104	6119.119850	4079.836409	0.000000	-0.000000	-51.553170	0.002000	1.216755	3.928450	-0.999955	-1.288748	-5.955746	0.000000
3.870631	1.000104	6119.119850	4079.836409	0.000000	-0.000000	-51.553170	0.002000	1.216755	3.928450	-0.999955	-1.288748	-5.955746	0.000000
3.890631	1.000104	6119.119850	4079.836409	0.000000	-0.000000	-51.553170	0.002000	1.216755	3.928450	-0.999955	-1.288748	-5.955746	0.000000
3.910631	1.000104	6119.119850	4079.836409	0.000000	-0.000000	-51.553170	0.002000	1.216755	3.928450	-0.999955	-1.288748	-5.955746	0.000000
3.930631	1.000104	6119.119850	4079.836409	0.000000	-0.000000	-51.553170	0.002000	1.216755	3.928450	-0.999955	-1.288748	-5.955746	0.000000
3.950631	1.000104	6119.119850	4079.836409	0.000000	-0.000000	-51.553170	0.002000	1.216755	3.928450	-0.999955	-1.288748	-5.955746	0.000000
3.970631	1.000104	6119.119850	4079.836409	0.000000	-0.000000	-51.553170	0.002000	1.216755	3.928450	-0.999955	-1.288748	-5.955746	0.000000
3.990631	1.000104	6119.119850	4079.836409	0.000000	-0.000000	-51.553170	0.002000	1.216755	3.928450	-0.999955	-1.288748	-5.955746	0.000000
4.010631	1.000104	6119.119850	4079.836409	0.000000	-0.000000	-51.553170	0.002000	1.216755	3.928450	-0.999955	-1.288748	-5.955746	0.000000
4.030631	1.000104	6119.119850	4079.836409	0.000000	-0.000000	-51.553170	0.002000	1.216755	3.928450	-0.999955	-1.288748	-5.955746	0.000000
4.050631	1.000104	6119.119850	4079.836409	0.000000	-0.000000	-51.553170	0.002000	1.216755	3.928450	-0.999955	-1.288748	-5.955746	0.000000
4.070631	1.000104	6119.119850	4079.836409	0.000000	-0.000000	-51.553170	0.002000	1.216755	3.928450	-0.999955	-1.288748	-5.955746	0.000000
4.090631	1.000104	6119.119850	4079.836409	0.000000	-0.000000	-51.553170	0.002000	1.216755	3.928450	-0.999955	-1.288748	-5.955746	0.000000
4.110631	1.000104	6119.119850	4079.836409	0.000000	-0.000000	-51.553170	0.002000	1.216755	3.928450	-0.999955	-1.288748	-5.955746	0.000000
4.130631	1.000104	6119.119850	4079.836409	0.000000	-0.000000	-51.553170	0.002000	1.216755	3.928450	-0.999955	-1.288748	-5.955746	0.000000
4.150631	1.000104	6119.119850	4079.836409	0.000000	-0.000000	-51.553170	0.002000	1.216755	3.928450	-0.999955	-1.288748	-5.955746	0.000000
4.170631	1.000104	6119.119850	4079.836409	0.000000	-0.000000	-51.553170	0.002000	1.216755	3.928450	-0.999955	-1.288748	-5.955746	0.000000
4.190631	1.000104	6119.119850	4079.836409	0.000000	-0.000000	-51.553170	0.002000	1.216755	3.928450	-0.999955	-1.288748	-5.955746	0.000000
4.210631	1.000104	6119.119850	4079.836409	0.000000	-0.000000	-51.553170	0.002000	1.216755	3.928450	-0.999955	-1.288748	-5.955746	0.000000
4.230631	1.000104	6119.119850	4079.836409	0.000000	-0.000000	-51.553170	0.002000	1.216755	3.928450	-0.999955	-1.288748	-5.955746	0.000000
4.250631	1.000104	6119.119850	4079.836409	0.000000	-0.000000	-51.553170	0.002000	1.216755	3.928450	-0.999955	-1.288748	-5.955746	0.000000
4.270631	1.000104	6119.119850	4079.836409	0.000000	-0.000000	-51.553170	0.002000	1.216755	3.928450	-0.999955	-1.288748	-5.955746	0.000000
4.290631	1.000104	6119.119850	4079.836409	0.000000	-0.000000	-51.553170	0.002000	1.216755	3.928450	-0.999955	-1.288748	-5.955746	0.000000
4.310631	1.000104	6119.119850	4079.836409	0.000000	-0.000000	-51.553170	0.002000	1.216755	3.928450	-0.999955	-1.288748	-5.955746	0.000000
4.330631	1.000104	6119.119850	4079.836409	0.000000	-0.000000	-51.553170	0.002000	1.216755	3.928450	-0.999955	-1.288748	-5.955746	0.000000
4.350631	1.000104	6119.119850	4079.836409	0.000000	0.000000	-51.553170	0.002000	1.216755	3.928450	-0.999955	-1.288748	-5.955746	0.000000
4.370631	1.000104	6119.119850	4079.836409	0.000000	-0.000000	-51.553170	0.002000	1.216755	3.928450	-0.999955	-1.288748	-5.955746	0.000000
4.390631	1.000104	6119.119850	4079.836409	0.000000	0.000000	-51.553170	0.002000	1.216755	3.928450	-0.999955	-1.288748	-5.955746	0.000000
4.410631	1.000104	6119.119850	4079.836409	0.000000	0.000000	-51.553170	0.002000	1.216755	3.928450	-0.999955	-1.288748	-5.955746	0.000000
4.430631	1.000104	6119.119850	4079.836409	0.000000	0.000000	-51.553170	0.002000	1.216755	3.928450	-0.999955	-1.288748	-5.955746	0.000000
4.450631	1.000104	6119.119850	4079.836409	-0.000000	0.000000	-51.553170	0.002000	1.216755	3.928450	-0.999955	-1.288748	-5.955746	0.000000
4.470631	1.000104	6119.119850	4079.836409	-0.000000	-0.000000	-51.553170	0.002000	1.216755	3.928450	-0.999955	-1.288748	-5.955746	0.000000
4.490631	1.000104	6119.119850	4079.836409	0.000000	-0.000000	-51.553170	0.002000	1.216755	3.928450	-0.999955	-1.288748	-5.955746	0.000000
4.510631	1.000104	6119.119850	4079.836409	0.000000	-0.000000	-51.553170	0.002000	1.216755	3.928450	-0.999955	-1.288748	-5.955746	0.000000
4.530631	1.000104	6119.119850	4079.836409	0.000000	0.000002	-51.553170	0.002000	1.216755	3.928450	-0.999955	-1.288748	-5.955746	0.000000
4.550631	1.000104	6119.119850	4079.836409	-0.000000	0.000000	-51.553170	0.002000	1.216755	3.928450	-0.999955	-1.288748	-5.955746	0.000000
4.570631	1.000104	6119.119850	4079.836409	0.000000	-0.000003	-51.553170	0.002000	1.216755	3.928450	-0.999955	-1.288748	-5.955746	0.000000
4.590631	1.000104	6119.119850	4079.836409	0.000000	0.000001	-51.553170	0.002000	1.216755	3.928450	-0.999955	-1.288748	-5.955746	0.000000
4.610631	1.000104	6119.119850	4079.836409	-0.000000	0.000003	-51.553170	0.002000	1.216755	3.928450	-0.999955	-1.288748	-5.955746	0.000000
4.630631	1.000104	6119.119850	4079.836409	-0.000000	-0.000001	-51.553170	0.002000	1.216755	3.928450	-0.999955	-1.288748	-5.955746	0.000000
4.650631	1.000104	6119.119850	4079.836409	0.000000	-0.000001	-51.553170	0.002000	1.216755	3.928450	-0.999955	-1.288748	-5.955746	0.000000
4.670631	1.000104	6119.119850	4079.836409	0.000000	-0.000000	-51.553170	0.002000	1.216755	3.928450	-0.999955	-1.288748	-5.955746	0.000000
4.690631	1.000104	6119.119850	4079.836409	0.000000	0.000002	-51.553170	0.002000	1.216755	3.928450	-0.999955	-1.288748	-5.955746	0.000000
4.710631	1.000104	6119.119850	4079.836409	-0.000000	0.000001	-51.553170	0.002000	1.216755	3.928450	-0.999955	-1.288748	-5.955746	0.000000
4.730631	1.000104	6119.119850	4079.836409	0.000000	-0.000003	-51.553170	0.002000	1.216755	3.928450	-0.999955	-1.288748	-5.955746	0.000000
4.750631	1.000104	6119.119850	4079.836409	0.000000	0.000000	-51.553170	0.002000	1.216755	3.928450	-0.999955	-1.288748	-5.955746	0.000000
4.770631	1.000104	6119.119850	4079.836409	-0.000000	0.000002	-51.553170	0.002000	1.216755	3.928450	-0.999955	-1.288748	-5.955746	0.000000
4.790631	1.000104	6119.119850	4079.836409	-0.000000	0.000001	-51.553170	0.002000	1.216755	3.928450	-0.999955	-1.288748	-5.955746	0.000000
4.810631	1.000104	6119.119850	4079.836409	0.000000	-0.000001	-51.553170	0.002000	1.216755	3.928450	-0.999955	-1.288748	-5.955746	0.000000
4.830631	1.000104	6119.119850	4079.836409	0.000000	-0.000001	-51.553170	0.002000	1.216755	3.928450	-0.999955	-1.288748	-5.955746	0.000000
4.850631	1.000104	6119.119850	4079.836409	-0.000000	-0.000001	-51.553170	0.002000	1.216755	3.928450	-0.999955	-1.288748	-5.955746	0.000000
4.870631	1.000104	6119.119850	4079.836409	-0.000000	-0.000001	-51.553170	0.002000	1.216755	3.928450	-0.999955	-1.288748	-5.955746	0.000000
4.890631	1.000104	6119.119850	4079.836409	0.000000	-0.000000	-51.553170	0.002000	1.216755	3.928450	-0.999955	-1.288748	-5.955746	0.000000
4.910631	1.000104	6119.119850	4079.836409	0.000000	0.000001	-51.553170	0.002000	1.216755	3.928450	-0.999955	-1.288748	-5.955746	0.000000
4.930631	1.000104	6119.119850	4079.836409	-0.000000	0.000001	-51.553170	0.002000	1.216755	3.928450	-0.999955	-1.288748	-5.955746	0.000000
4.950631	1.000104	6119.119850	4079.836409	-0.000000	0.000000	-51.553170	0.002000	1.216755	3.928450	-0.999955	-1.288748	-5.955746	0.000000
4.970631	1.000104	6119.119850	4079.836409	-0.000000	-0.000001	-51.553170	0.002000	1.216755	3.928450	-0.999955	-1.288748	-5.955746	0.000000
4.990631	1.000104	6119.119850	4079.836409	0.000000	-0.000004	-51.553170	0.002000	1.216755	3.928450	-0.999955	-1.288748	-5.955746	0.000000
5.010631	1.000104	6119.119850	4079.836409	0.000000	0.000001	-51.553170	0.002000	1.216755	3.928450	-0.999955	-1.288748	-5.955746	0.000000
5.030631	1.000104	6119.119850	4079.836409	0.000000	0.000003	-51.553170	0.002000	1.216755	3.928450	-0.999955	-1.288748	-5.955746	0.000000
5.050631	1.000104	6119.119850	4079.836409	-0.000000	0.000001	-51.553170	0.002000	1.216755	3.928450	-0.999955	-1.288748	-5.955746	0.000000
5.070631	1.000104	6119.119850	4079.836409	-0.000000	0.000000	-51.553170	0.002000	1.216755	3.928450	-0.999955	-1.288748	-5.955746	0.000000
5.090631	1.000104	6119.119850	4079.836409	-0.000000	-0.000000	-51.553170	0.002000	1.216755	3.928450	-0.999955	-1.288748	-5.955746	0.000000
5.110631	1.000104	6119.119850	4079.836409	-0.000000	-0.000000	-51.553170	0.002000	1.216755	3.928450	-0.999955	-1.288748	-5.955746	0.000000
5.130631	1.000104	6119.119850	4079.836409	0.000000	-0.000000	-51.553170	0.002000	1.216755	3.928450	-0.999955	-1.288748	-5.955746	0.000000
5.150631	1.000104	6119.119850	4079.836409	0.000000	-0.000000	-51.553170	0.002000	1.216755	3.928450	-0.999955	-1.288748	-5.955746	0.000000
5.170631	1.000104	6119.119850	4079.836409	0.000000	0.000000	-51.553170	0.002000	1.216755	3.928450	-0.999955	-1.288748	-5.955746	0.000000
5.190631	1.000104	6119.119850	4079.836409	0.000000	-0.000000	-51.553170	0.002000	1.216755	3.928450	-0.999955	-1.288748	-5.955746	0.000000
5.210631	1.000104	6119.119850	4079.836409	0.000000	-0.000000	-51.553170	0.002000	1.216755	3.928450	-0.999955	-1.288748	-5.955746	0.000000
5.230631	1.000104	6119.119850	4079.836409	0.000000	-0.000000	-51.553170	0.002000	1.216755	3.928450	-0.999955	-1.288748	-5.955746	0.000000
5.250631	1.000104	6119.119850	4079.836409	0.000000	-0.000000	-51.553170	0.002000	1.216755	3.928450	-0.999955	-1.288748	-5.955746	0.000000
5.270631	1.000104	6119.119850	4079.836409	0.000000	-0.000000	-51.553170	0.002000	1.216755	3.928450	-0.999955	-1.288748	-5.955746	0.000000
5.290631	1.000104	6119.119850	4079.836409	0.000000	-0.000000	-51.553170	0.002000	1.216755	3.928450	-0.999955	-1.288748	-5.955746	0.000000
5.310631	1.000104	6119.119850	4079.836409	0.000000	-0.000000	-51.553170	0.002000	1.216755	3.928450	-0.999955	-1.288748	-5.955746	0.000000
5.330631	1.000104	6119.119850	4079.836409	0.000000	-0.000000	-51.553170	0.002000	1.216755	3.928450	-0.999955	-1.288748	-5.955746	0.000000
5.350631	1.000104	6119.119850	4079.836409	0.000000	-0.000000	-51.553170	0.002000	1.216755	3.928450	-0.999955	-1.288748	-5.955746	0.000000
5.370631	1.000104	6119.119850	4079.836409	0.000000	-0.000000	-51.553170	0.002000	1.216755	3.928450	-0.999955	-1.288748	-5.955746	0.000000
5.390631	1.000104	6119.119850	4079.836409	0.000000	-0.000000	-51.553170	0.002000	1.216755	3.928450	-0.999955	-1.288748	-5.955746	0.000000
5.410631	1.000104	6119.119850	4079.836409	0.000000	-0.000000	-51.553170	0.002000	1.216755	3.928450	-0.999955	-1.288748	-5.955746	0.000000
5.430631	1.000104	6119.119850	4079.836409	0.000000	-0.000000	-51.553170	0.002000	1.216755	3.928450	-0.999955	-1.288748	-5.955746	0.000000
5.450631	1.000104	6119.119850	4079.836409	0.000000	-0.000000	-51.553170	0.002000	1.216755	3.928450	-0.999955	-1.288748	-5.955746	0.000000
5.470631	1.000104	6119.119850	4079.836409	0.000000	-0.000000	-51.553170	0.002000	1.216755	3.928450	-0.999955	-1.288748	-5.955746	0.000000
5.490631	1.000104	6119.119850	4079.836409	0.000000	-0.000000	-51.553170	0.002000	1.216755	3.928450	-0.999955	-1.288748	-5.955746	0.000000
5.510631	1.000104	6119.119850	4079.836409	0.000000	-0.000000	-51.553170	0.002000	1.216755	3.928450	-0.999955	-1.288748	-5.955746	0.000000
5.530631	1.000104	6119.119850	4079.836409	0.000000	-0.000000	-51.553170	0.002000	1.216755	3.928450	-0.999955	-1.288748	-5.955746	0.000000
5.550631	1.000104	6119.119850	4079.836409	0.000000	-0.000000	-51.553170	0.002000	1.216755	3.928450	-0.999955	-1.288748	-5.955746	0.000000
5.570631	1.000104	6119.119850	4079.836409	0.000000	-0.000000	-51.553170	0.002000	1.216755	3.928450	-0.999955	-1.288748	-5.955746	0.000000
5.590631	1.000104	6119.119850	4079.836409	0.000000	-0.000000	-51.553170	0.002000	1.216755	3.928450	-0.999955	-1.288748	-5.955746	0.000000
5.610631	1.000104	6119.119850	4079.836409	0.000000	-0.000000	-51.553170	0.002000	1.216755	3.928450	-0.999955	-1.288748	-5.955746	0.000000
5.630631	1.000104	6119.119850	4079.836409	0.000000	-0.000000	-51.553170	0.002000	1.216755	3.928450	-0.999955	-1.288748	-5.955746	0.000000
5.650631	1.000104	6119.119850	4079.836409	0.000000	-0.000000	-51.553170	0.002000	1.216755	3.928450	-0.999955	-1.288748	-5.955746	0.000000
5.670631	1.000104	6119.119850	4079.836409	0.000000	-0.000000	-51.553170	0.002000	1.216755	3.928450	-0.999955	-1.288748	-5.955746	0.000000
5.690631	1.000104	6119.119850	4079.836409	0.000000	-0.000000	-51.553170	0.002000	1.216755	3.928450	-0.999955	-1.288748	-5.955746	0.000000
5.710631	1.000104	6119.119850	4079.836409	0.000000	-0.000000	-51.553170	0.002000	1.216755	3.928450	-0.999955	-1.288748	-5.955746	0.000000
5.730631	1.000104	6119.119850	4079.836409	0.000000	-0.000000	-51.553170	0.002000	1.216755	3.928450	-0.999955	-1.288748	-5.955746	0.000000
5.750631	1.000104	6119.119850	4079.836409	0.000000	-0.000000	-51.553170	0.002000	1.216755	3.928450	-0.999955	-1.288748	-5.955746	0.000000
5.770631	1.000104	6119.119850	4079.836409	0.000000	-0.000000	-51.553170	0.002000	1.216755	3.928450	-0.999955	-1.288748	-5.955746	0.000000
5.790631	1.000104	6119.119850	4079.836409	0.000000	-0.000000	-51.553170	0.002000	1.216755	3.928450	-0.999955	-1.288748	-5.955746	0.000000
5.810631	1.000104	6119.119850	4079.836409	0.000000	-0.000000	-51.553170	0.002000	1.216755	3.928450	-0.999955	-1.288748	-5.955746	0.000000
5.830631	1.000104	6119.119850	4079.836409	0.000000	-0.000000	-51.553170	0.002000	1.216755	3.928450	-0.999955	-1.288748	-5.955746	0.000000
5.850631	1.000104	6119.119850	4079.836409	0.000000	-0.000000	-51.553170	0.002000	1.216755	3.928450	-0.999955	-1.288748	-5.955746	0.000000
5.870631	1.000104	6119.119850	4079.836409	0.000000	-0.000000	-51.553170	0.002000	1.216755	3.928450	-0.999955	-1.288748	-5.955746	0.000000
5.890631	1.000104	6119.119850	4079.836409	0.000000	-0.000000	-51.553170	0.002000	1.216755	3.928450	-0.999955	-1.288748	-5.955746	0.000000
5.910631	1.000104	6119.119850	4079.836409	0.000000	-0.000000	-51.553170	0.002000	1.216755	3.928450	-0.999955	-1.288748	-5.955746	0.000000
5.930631	1.000104	6119.119850	4079.836409	0.000000	-0.000000	-51.553170	0.002000	1.216755	3.928450	-0.999955	-1.288748	-5.955746	0.000000
5.950631	1.000104	6119.119850	4079.836409	0.000000	-0.000000	-51.553170	0.002000	1.216755	3.928450	-0.999955	-1.288748	-5.955746	0.000000
5.970631	1.000104	6119.119850	4079.836409	0.000000	-0.000000	-51.553170	0.002000	1.216755	3.928450	-0.999955	-1.288748	-5.955746	0.000000
5.990631	1.000104	6119.119850	4079.836409	0.000000	-0.000000	-51.553170	0.002000	1.216755	3.928450	-0.999955	-1.288748	-5.955746	0.000000
6.010631	1.000104	6119.119850	4079.836409	0.000000	-0.000000	-51.553170	0.002000	1.216755	3.928450	-0.999955	-1.288748	-5.955746	0.000000
6.030631	1.000104	6119.119850	4079.836409	0.000000	-0.000000	-51.553170	0.002000	1.216755	3.928450	-0.999955	-1.288748	-5.955746	0.000000
6.050631	1.000104	6119.119850	4079.836409	0.000000	-0.000000	-51.553170	0.002000	1.216755	3.928450	-0.999955	-1.288748	-5.955746	0.000000
6.070631	1.000104	6119.119850	4079.836409	0.000000	-0.000000	-51.553170	0.002000	1.216755	3.928450	-0.999955	-1.288748	-5.955746	0.000000
6.090631	1.000104	6119.119850	4079.836409	0.000000	-0.000000	-51.553170	0.002000	1.216755	3.928450	-0.999955	-1.288748	-5.955746	0.000000
6.110631	1.000104	6119.119850	4079.836409	0.000000	-0.000000	-51.553170	0.002000	1.216755	3.928450	-0.999955	-1.288748	-5.955746	0.000000
6.130631	1.000104	6119.119850	4079.836409	0.000000	-0.000000	-51.553170	0.002000	1.216755	3.928450	-0.999955	-1.288748	-5.955746	0.000000
6.150631	1.000104	6119.119850	4079.836409	0.000000	-0.000000	-51.553170	0.002000	1.216755	3.928450	-0.999955	-1.288748	-5.955746	0.000000
6.170631	1.000104	6119.119850	4079.836409	0.000000	-0.000000	-51.553170	0.002000	1.216755	3.928450	-0.999955	-1.288748	-5.955746	0.000000
6.190631	1.000104	6119.119850	4079.836409	0.000000	-0.000000	-51.553170	0.002000	1.216755	3.928450	-0.999955	-1.288748	-5.955746	0.000000
6.210631	1.000104	6119.119850	4079.836409	0.000000	-0.000000	-51.553170	0.002000	1.216755	3.928450	-0.999955	-1.288748	-5.955746	0.000000
6.230631	1.000104	6119.119850	4079.836409	0.000000	-0.000000	-51.553170	0.002000	1.216755	3.928450	-0.999955	-1.288748	-5.955746	0.000000
6.250631	1.000104	6119.119850	4079.836409	0.000000	-0.000000	-51.553170	0.002000	1.216755	3.928450	-0.999955	-1.288748	-5.955746	0.000000
6.270631	1.000104	6119.119850	4079.836409	0.000000	-0.000000	-51.553170	0.002000	1.216755	3.928450	-0.999955	-1.288748	-5.955746	0.000000
6.290631	1.000104	6119.119850	4079.836409	0.000000	-0.000000	-51.553170	0.002000	1.216755	3.928450	-0.999955	-1.288748	-5.955746	0.000000
6.310631	1.000104	6119.119850	4079.836409	0.000000	-0.000000	-51.553170	0.002000	1.216755	3.928450	-0.999955	-1.288748	-5.955746	0.000000
6.330631	1.000104	6119.119850	4079.836409	0.000000	-0.000000	-51.553170	0.002000	1.216755	3.928450	-0.999955	-1.288748	-5.955746	0.000000
6.350631	1.000104	6119.119850	4079.836409	0.000000	-0.000000	-51.553170	0.002000	1.216755	3.928450	-0.999955	-1.288748	-5.955746	0.000000
6.370631	1.000104	6119.119850	4079.836409	0.000000	-0.000000	-51.553170	0.002000	1.216755	3.928450	-0.999955	-1.288748	-5.955746	0.000000
6.390631	1.000104	6119.119850	4079.836409	0.000000	-0.000000	-51.553170	0.002000	1.216755	3.928450	-0.999955	-1.288748	-5.955746	0.000000
6.410631	1.000104	6119.119850	4079.836409	0.000000	-0.000000	-51.553170	0.002000	1.216755	3.928450	-0.999955	-1.288748	-5.955746	0.000000
6.430631	1.000104	6119.119850	4079.836409	0.000000	-0.000000	-51.553170	0.002000	1.216755	3.928450	-0.999955	-1.288748	-5.955746	0.000000
6.450631	1.000104	6119.119850	4079.836409	0.000000	-0.000000	-51.553170	0.002000	1.216755	3.928450	-0.999955	-1.288748	-5.955746	0.000000
6.470631	1.000104	6119.119850	4079.836409	0.000000	-0.000000	-51.553170	0.002000	1.216755	3.928450	-0.999955	-1.288748	-5.955746	0.000000
6.490631	1.000104	6119.119850	4079.836409	0.000000	-0.000000	-51.553170	0.002000	1.216755	3.928450	-0.999955	-1.288748	-5.955746	0.000000
6.510631	1.000104	6119.119850	4079.836409	0.000000	-0.000000	-51.553170	0.002000	1.216755	3.928450	-0.999955	-1.288748	-5.955746	0.000000
6.530631	1.000104	6119.119850	4079.836409	0.000000	-0.000000	-51.553170	0.002000	1.216755	3.928450	-0.999955	-1.288748	-5.955746	0.000000
6.550631	1.000104	6119.119850	4079.836409	0.000000	-0.000000	-51.553170	0.002000	1.216755	3.928450	-0.999955	-1.288748	-5.955746	0.000000
6.570631	1.000104	6119.119850	4079.836409	0.000000	-0.000000	-51.553170	0.002000	1.216755	3.928450	-0.999955	-1.288748	-5.955746	0.000000
6.590631	1.000104	6119.119850	4079.836409	0.000000	-0.000000	-51.553170	0.002000	1.216755	3.928450	-0.999955	-1.288748	-5.955746	0.000000
6.610631	1.000104	6119.119850	4079.836409	0.000000	-0.000000	-51.553170	0.002000	1.216755	3.928450	-0.999955	-1.288748	-5.955746	0.000000
6.630631	1.000104	6119.119850	4079.836409	0.000000	-0.000000	-51.553170	0.002000	1.216755	3.928450	-0.999955	-1.288748	-5.955746	0.000000
6.650631	1.000104	6119.119850	4079.836409	0.000000	-0.000000	-51.553170	0.002000	1.216755	3.928450	-0.999955	-1.288748	-5.955746	0.000000
6.670631	1.000104	6119.119850	4079.836409	0.000000	-0.000000	-51.553170	0.002000	1.216755	3.928450	-0.999955	-1.288748	-5.955746	0.000000
6.690631	1.000104	6119.119850	4079.836409	0.000000	-0.000000	-51.553170	0.002000	1.216755	3.928450	-0.999955	-1.288748	-5.955746	0.000000
6.710631	1.000104	6119.119850	4079.836409	0.000000	-0.000000	-51.553170	0.002000	1.216755	3.928450	-0.999955	-1.288748	-5.955746	0.000000
6.730631	1.000104	6119.119850	4079.836409	0.000000	-0.000000	-51.553170	0.002000	1.216755	3.928450	-0.999955	-1.288748	-5.955746	0.000000
6.750631	1.000104	6119.119850	4079.836409	0.000000	0.000000	-51.553170	0.002000	1.216755	3.928450	-0.999955	-1.288748	-5.955746	0.000000
6.770631	1.000104	6119.119850	4079.836409	0.000000	0.000000	-51.553170	0.002000	1.216755	3.928450	-0.999955	-1.288748	-5.955746	0.000000
6.790631	1.000104	6119.119850	4079.836409	0.000000	0.000000	-51.553170	0.002000	1.216755	3.928450	-0.999955	-1.288748	-5.955746	0.000000
6.810631	1.000104	6119.119850	4079.836409	0.000000	0.000000	-51.553170	0.002000	1.216755	3.928450	-0.999955	-1.288748	-5.955746	0.000000
6.830631	1.000104	6119.119850	4079.836409	0.000000	0.000000	-51.553170	0.002000	1.216755	3.928450	-0.999955	-1.288748	-5.955746	0.000000
6.850631	1.000104	6119.119850	4079.836409	0.000000	0.000000	-51.553170	0.002000	1.216755	3.928450	-0.999955	-1.288748	-5.955746	0.000000
6.870631	1.000104	6119.119850	4079.836409	-0.000000	0.000000	-51.553170	0.002000	1.216755	3.928450	-0.999955	-1.288748	-5.955746	0.000000
6.890631	1.000104	6119.119850	4079.836409	-0.000000	0.000000	-51.553170	0.002000	1.216755	3.928450	-0.999955	-1.288748	-5.955746	0.000000
6.910631	1.000104	6119.119850	4079.836409	-0.000000	0.000002	-51.553170	0.002000	1.216755	3.928450	-0.999955	-1.288748	-5.955746	0.000000
6.930631	1.000104	6119.119850	4079.836409	-0.000000	0.000008	-51.553170	0.002000	1.216755	3.928450	-0.999955	-1.288748	-5.955746	0.000000
6.950631	1.000104	6119.119850	4079.836409	-0.000000	0.000030	-51.553170	0.002000	1.216755	3.928450	-0.999955	-1.288748	-5.955746	0.000000
6.970631	1.000104	6119.119850	4079.836409	-0.000001	0.000114	-51.553170	0.002000	1.216755	3.928450	-0.999955	-1.288748	-5.955746	0.000000
6.990631	1.000104	6119.119850	4079.836409	-0.000004	0.000459	-51.553170	0.002000	1.216755	3.928450	-0.999955	-1.288748	-5.955746	0.000000
7.010631	1.000104	6119.119850	4079.836409	-0.000018	0.001817	-51.553170	0.002000	1.216755	3.928450	-0.999955	-1.288748	-5.955746	0.000000
7.030631	1.000104	6119.119850	4079.836409	-0.000072	0.006794	-51.553170	0.002000	1.216755	3.928450	-0.999955	-1.288748	-5.955746	0.000000
7.050631	1.000104	6119.119850	4079.836409	-0.000266	0.024865	-51.553170	0.002000	1.216755	3.928450	-0.999955	-1.288748	-5.955746	0.000000
7.070631	1.000104	6119.119851	4079.836410	-0.000968	0.088502	-51.553170	0.002000	1.216755	3.928450	-0.999955	-1.288748	-5.955746	0.000000
7.090631	1.000104	6119.119853	4079.836412	-0.003416	0.305124	-51.553170	0.002000	1.216755	3.928450	-0.999955	-1.288748	-5.955746	0.000000
7.110631	1.000104	6119.119859	4079.836419	-0.011677	1.015776	-51.553170	0.002000	1.216755	3.928450	-0.999955	-1.288748	-5.955746	0.000000
7.130631	1.000104	6119.119882	4079.836442	-0.038515	3.249645	-51.553170	0.002000	1.216755	3.928450	-0.999955	-1.288748	-5.955746	0.000000
7.150631	1.000104	6119.119955	4079.836519	-0.121942	9.929220	-51.553170	0.002000	1.216755	3.928450	-0.999955	-1.288748	-5.955746	0.000000
7.170631	1.000104	6119.120181	4079.836761	-0.368035	28.732669	-51.553171	0.002000	1.216755	3.928450	-0.999955	-1.288748	-5.955746	0.000000
7.190631	1.000104	6119.120844	4079.837485	-1.048462	77.767738	-51.553172	0.002000	1.216755	3.928450	-0.999955	-1.288748	-5.955746	0.000000
7.210631	1.000104	6119.122665	4079.839527	-2.777943	192.902581	-51.553175	0.002000	1.216755	3.928450	-0.999955	-1.288748	-5.955746	0.000000
7.230631	1.000105	6119.127276	4079.844872	-6.669190	421.766098	-51.553183	0.002000	1.216755	3.928451	-0.999955	-1.288748	-5.955746	0.000000
7.250631	1.000106	6119.137682	4079.857509	-13.753191	737.367569	-51.553204	0.002000	1.216755	3.928452	-0.999954	-1.288748	-5.955746	0.000000
7.270631	1.000109	6119.157076	4079.883063	-20.873815	649.758261	-51.553247	0.002000	1.216755	3.928453	-0.999953	-1.288748	-5.955746	0.000000
7.290631	1.000115	6119.179317	4079.920477	-4.253202	-2085.396599	-51.553317	0.002000	1.216755	3.928455	-0.999950	-1.288748	-5.955745	0.000000
7.310631	1.000120	6119.150068	4079.922769	130.551625	-15007.641840	-51.553351	0.002000	1.216755	3.928452	-0.999948	-1.288748	-5.955744	0.000000
7.330630	1.000105	6118.842680	4079.664452	673.416085	-59140.725195	-51.553017	0.002000	1.216755	3.928431	-0.999954	-1.288748	-5.955742	0.000000
7.350630	0.999999	6117.521576	4078.371200	2374.970098	-184741.318269	-51.551114	0.002000	1.216755	3.928337	-0.999999	-1.288748	-5.955739	0.000000
7.370633	0.999583	6113.155976	4073.811181	6855.135388	-494458.675447	-51.544229	0.002001	1.216755	3.928027	-1.000178	-1.288748	-5.955742	0.000000
7.390648	0.998296	6100.830643	4060.476013	16990.517821	-1163064.901430	-51.523957	0.002003	1.216755	3.927150	-1.000732	-1.288748	-5.955778	0.000000
7.410699	0.994889	6070.175506	4026.500524	36968.914904	-2419210.957404	-51.472447	0.002010	1.216755	3.924963	-1.002206	-1.288748	-5.955936	0.000000
7.430843	0.986753	6002.656611	3949.516187	70614.987083	-4426896.783953	-51.358597	0.002027	1.216755	3.920105	-1.005752	-1.288748	-5.956496	0.000000
7.451212	0.969580	5872.420477	3797.094846	118574.471322	-7052510.351172	-51.131120	0.002063	1.216755	3.910578	-1.013345	-1.288748	-5.958206	0.000000
7.472058	0.936462	5660.974718	3535.933927	177433.160891	-9608949.316563	-50.722429	0.002136	1.216755	3.894653	-1.028396	-1.288748	-5.962994	0.000000
7.493886	0.878872	5381.025329	3154.917795	235428.452658	-11146903.686677	-50.063079	0.002276	1.216755	3.872626	-1.055908	-1.288748	-5.974395	0.000000
7.517629	0.794640	5094.541382	2701.086375	282300.352533	-11383403.216752	-49.030580	0.002517	1.216755	3.848866	-1.099607	-1.288746	-5.996973	0.000000
7.544500	0.677059	4885.211334	2207.056680	329427.413994	-10197791.552034	-47.528891	0.002954	1.216755	3.830644	-1.169102	-1.288742	-6.037266	0.000000
7.577873	0.527534	4803.829916	1691.241464	350442.179641	-8565857.879558	-45.346977	0.003791	1.216755	3.823348	-1.277396	-1.288734	-6.092127	0.000000
7.624259	0.333689	5485.910207	1221.717129	411329.441177	-5574760.097044	-40.727508	0.005994	1.216755	3.881006	-1.476247	-1.288710	-6.231401	0.000000
-0.000325	30.722821	8242.434504	168823.322364	1660.945664	0.070000	0.010494	0.000065	1.000000	4.001572	0.487350	-313.648483	-inf	0.000000
-0.000977	30.628093	8271.288834	168877.194805	5173.370791	0.070000	0.031982	0.000065	1.000000	3.970536	0.485966	-313.648483	-inf	0.000000
-0.001631	30.444902	8307.202440	168593.371026	9130.657360	0.070000	0.054649	0.000066	1.000000	4.002257	0.483347	-313.648483	-inf	0.000000
-0.002290	30.167842	8368.430535	168288.475716	13886.972447	0.070000	0.079365	0.000066	1.000000	4.018836	0.479361	-313.648483	-inf	0.000000
-0.002957	29.794106	8453.173532	167883.767306	19900.842388	0.070000	0.107079	0.000067	1.000000	4.025976	0.473924	-313.648483	-inf	0.000000
-0.003633	29.322392	8560.701314	167323.182608	27608.829896	0.070000	0.138941	0.000068	1.000000	4.032361	0.466964	-313.648483	-inf	0.000000
-0.004321	28.749829	8690.584841	166538.700216	38037.900611	0.070000	0.176396	0.000070	1.000000	4.039564	0.458360	-313.648483	-inf	0.000000
-0.005024	28.067417	8844.026456	165447.301459	52085.888558	0.070000	0.221495	0.000071	1.000000	4.048278	0.447876	-313.648483	-inf	0.000000
-0.005746	27.257740	9024.636939	163942.884634	71954.040845	0.070000	0.277008	0.000073	1.000000	4.058230	0.435093	-313.648483	-inf	0.000000
-0.006492	26.292538	9238.944875	161874.605629	100615.427826	0.070000	0.347513	0.000076	1.000000	4.069452	0.419342	-313.648483	-inf	0.000000
-0.007268	25.134694	9497.106621	159044.643444	141724.014441	0.070000	0.439171	0.000080	1.000000	4.082166	0.399654	-313.648483	-inf	0.000000
-0.008084	23.738179	9813.805719	155181.442068	205055.285232	0.070000	0.562474	0.000084	1.000000	4.096915	0.374655	-313.648483	-inf	0.000000
-0.008956	22.065423	10206.911264	149978.379861	294562.246628	0.070000	0.732260	0.000091	1.000000	4.114302	0.342697	-313.648483	-inf	0.000000
-0.009902	20.096244	10700.097119	143135.625572	432558.698192	0.070000	0.969635	0.000100	1.000000	4.135039	0.301817	-313.648483	-inf	0.000000
-0.010956	17.853008	11315.716057	134406.860925	631027.723364	0.070000	1.310378	0.000112	1.000000	4.159559	0.250084	-313.648483	-inf	0.000000
-0.012163	15.413281	12083.744373	123843.089918	911526.185169	0.070000	1.792036	0.000130	1.000000	4.188353	0.185883	-313.648483	-inf	0.000000
-0.013590	12.865389	13044.449972	111510.313668	1402089.624292	0.070000	2.504388	0.000155	1.000000	4.221978	0.106975	-313.648483	-inf	0.000000
-0.015344	10.375835	14229.404779	98042.723702	1992576.211597	0.070000	3.555771	0.000193	1.000000	4.260387	0.013158	-313.648483	-inf	0.000000
-0.017570	8.041561	15833.643168	84500.047380	3170035.535564	0.070000	5.075733	0.000249	1.000000	4.307900	-0.098153	-313.648483	-inf	0.000000
-0.020557	5.850243	18241.451354	70754.007132	6176512.893676	0.070000	7.825056	0.000342	1.000000	4.371540	-0.237195	-313.648483	-inf	0.000000
-0.024963	4.004302	21742.365920	57704.683710	9937761.374036	0.070000	12.769433	0.000499	1.000000	4.452224	-0.402353	-313.648483	-inf	0.000000
-0.031619	2.703232	26466.063061	47433.937674	13139073.379791	0.070000	19.784767	0.000740	1.000000	4.546182	-0.572839	-313.648483	-inf	0.000000
-0.041294	1.875834	29345.735255	36292.784102	17006248.423018	0.070000	28.989639	0.001066	1.000000	4.602995	-0.731033	-313.648483	-inf	0.000000
-0.054766	1.380274	22087.031844	19865.566907	16171077.467718	0.070000	39.571090	0.001449	1.000000	4.485511	-0.863229	-313.648483	-inf	0.000000
-0.071824	1.130892	11298.868938	8327.259958	8388523.232014	0.070000	47.267522	0.001769	1.000000	4.194795	-0.948253	-313.648483	-inf	0.000000
-0.090905	1.036063	7108.333535	4869.170452	2626296.206386	0.070000	50.434937	0.001930	1.000000	3.993529	-0.985197	-313.648483	-inf	0.000000
-0.110684	1.008432	6276.565518	4212.782929	620712.341987	0.070000	51.317442	0.001983	1.000000	3.939483	-0.996507	-313.648483	-inf	0.000000
-0.130640	1.001779	6145.032940	4102.807218	121219.989074	0.070000	51.510553	0.001996	1.000000	3.930286	-0.999262	-313.648483	-inf	0.000000
-0.150632	1.000401	6123.604166	4083.834555	20529.381391	0.070000	51.546386	0.001999	1.000000	3.928768	-0.999832	-313.648483	-inf	0.000000
-0.170631	1.000151	6119.892217	4080.508129	3084.192023	0.070000	51.552196	0.002000	1.000000	3.928505	-0.999936	-313.648483	-inf	0.000000
-0.190631	1.000111	6119.246753	4079.942906	422.576656	0.070000	51.553041	0.002000	1.000000	3.928459	-0.999952	-313.648483	-inf	0.000000
-0.210631	1.000105	6119.139535	4079.852357	54.454820	0.070000	51.553154	0.002000	1.000000	3.928452	-0.999955	-313.648483	-inf	0.000000
-0.230631	1.000104	6119.122749	4079.838693	6.909745	0.070000	51.553168	0.002000	1.000000	3.928450	-0.999955	-313.648483	-inf	0.000000
-0.250631	1.000104	6119.120261	4079.836728	0.917957	0.070000	51.553170	0.002000	1.000000	3.928450	-0.999955	-313.648483	-inf	0.000000
-0.270631	1.000104	6119.119907	4079.836454	0.133964	0.070000	51.553170	0.002000	1.000000	3.928450	-0.999955	-313.648483	-inf	0.000000
-0.290631	1.000104	6119.119858	4079.836415	0.021383	0.070000	51.553170	0.002000	1.000000	3.928450	-0.999955	-313.648483	-inf	0.000000
-0.310631	1.000104	6119.119851	4079.836410	0.003558	0.070000	51.553170	0.002000	1.000000	3.928450	-0.999955	-313.648483	-inf	0.000000
-0.330631	1.000104	6119.119850	4079.836409	0.000588	0.070000	51.553170	0.002000	1.000000	3.928450	-0.999955	-313.648483	-inf	0.000000
-0.350631	1.000104	6119.119850	4079.836409	0.000094	0.070000	51.553170	0.002000	1.000000	3.928450	-0.999955	-313.648483	-inf	0.000000
