0.002999	3.337779	103498.189020	230303.509349	-14.067739	-3201319.312532	-0.001096	0.000599	1.216755	5.226098	-0.476546	0.000000
0.008989	3.347012	103184.288802	230239.648447	-30.683882	-3077796.557394	-0.003228	0.000598	1.216755	5.224779	-0.475347	0.000000
0.014954	3.364931	102579.035757	230114.531509	-19.198573	-2742249.252805	-0.005161	0.000594	1.216755	5.222223	-0.473027	0.000000
0.020880	3.390478	101726.589737	229934.837227	20.243295	-2084302.895241	-0.006716	0.000590	1.216755	5.218598	-0.469742	0.000000
0.026755	3.422077	100690.283647	229713.510166	70.753228	-1061991.002910	-0.007688	0.000584	1.216755	5.214150	-0.465712	0.000000
0.032572	3.457696	99547.765349	229470.644420	106.606083	236701.491238	-0.007901	0.000578	1.216755	5.209192	-0.461213	0.000000
0.038326	3.494998	98382.909331	229231.878005	106.188615	1596123.310120	-0.007273	0.000572	1.216755	5.204078	-0.456551	0.000000
0.044019	3.531570	97275.995207	229024.283821	61.980280	2738064.143421	-0.005866	0.000566	1.216755	5.199162	-0.452029	0.000000
0.049654	3.565201	96293.900369	228870.932581	-16.180082	3416307.924583	-0.003891	0.000561	1.216755	5.194754	-0.447912	0.000000
0.055239	3.594158	95482.628643	228785.940506	-105.900523	3498322.765288	-0.001666	0.000556	1.216755	5.191080	-0.444399	0.000000
0.060783	3.617383	94863.612628	228771.652380	-181.630791	3003303.094545	0.000455	0.000553	1.216755	5.188256	-0.441602	0.000000
0.066296	3.634573	94434.338567	228818.806293	-224.448468	2087998.212061	0.002168	0.000550	1.216755	5.186287	-0.439544	0.000000
0.071788	3.646110	94172.735483	228909.495781	-228.045420	991325.905676	0.003280	0.000549	1.216755	5.185084	-0.438169	0.000000
0.077267	3.652888	94044.076025	229021.878689	-199.275972	-39203.508363	0.003740	0.000548	1.216755	5.184492	-0.437363	0.000000
0.082738	3.656067	94008.724592	229135.160902	-153.880683	-813813.050844	0.003630	0.000547	1.216755	5.184330	-0.436987	0.000000
0.088208	3.656843	94029.105569	229233.488077	-109.893487	-1239756.248566	0.003117	0.000547	1.216755	5.184425	-0.436895	0.000000
0.093678	3.656260	94074.650822	229307.912157	-81.222110	-1325492.614330	0.002405	0.000547	1.216755	5.184635	-0.436965	0.000000
0.099149	3.655110	94124.160966	229356.317262	-74.300708	-1154877.344059	0.001678	0.000547	1.216755	5.184864	-0.437101	0.000000
0.104622	3.653904	94165.738518	229381.809257	-88.218281	-845945.813997	0.001066	0.000547	1.216755	5.185055	-0.437244	0.000000
0.110097	3.652906	94195.004315	229390.390575	-116.240045	-510848.839662	0.000636	0.000548	1.216755	5.185189	-0.437362	0.000000
0.115574	3.652201	94212.532018	229388.722358	-149.824506	-229193.873494	0.000395	0.000548	1.216755	5.185270	-0.437446	0.000000
0.121051	3.651761	94221.339142	229382.515429	-183.303705	-39213.338677	0.000311	0.000548	1.216755	5.185310	-0.437498	0.000000
0.126529	3.651512	94224.969595	229375.730592	-211.219038	57056.170861	0.000335	0.000548	1.216755	5.185327	-0.437527	0.000000
0.132006	3.651374	94226.356004	229370.490020	-230.967114	80598.357942	0.000416	0.000548	1.216755	5.185333	-0.437544	0.000000
0.137484	3.651286	94227.385902	229367.466168	-250.017050	59816.595553	0.000518	0.000548	1.216755	5.185338	-0.437554	0.000000
0.142963	3.651208	94228.950945	229366.428184	-264.960031	21019.883868	0.000619	0.000548	1.216755	5.185345	-0.437563	0.000000
0.148441	3.651125	94231.225882	229366.729994	-269.916678	-16096.397341	0.000706	0.000548	1.216755	5.185356	-0.437573	0.000000
0.153919	3.651033	94234.001492	229367.736621	-295.594320	-44953.521721	0.000779	0.000548	1.216755	5.185368	-0.437584	0.000000
0.159398	3.650938	94236.958567	229368.986977	-318.122388	-64089.498231	0.000851	0.000548	1.216755	5.185382	-0.437596	0.000000
0.164876	3.650846	94239.801555	229370.107731	-295.834058	-68318.446106	0.000911	0.000548	1.216755	5.185395	-0.437607	0.000000
0.170355	3.650763	94242.334120	229371.063326	-363.176911	-72087.228648	0.000966	0.000548	1.216755	5.185407	-0.437616	0.000000
0.175834	3.650693	94244.511402	229371.993864	-414.416789	-81547.290280	0.001057	0.000548	1.216755	5.185417	-0.437625	0.000000
0.181313	3.650632	94246.295393	229372.497089	-237.529218	-63307.944664	0.001113	0.000548	1.216755	5.185425	-0.437632	0.000000
0.186792	3.650585	94247.664632	229372.886133	-456.215232	-66432.251008	0.001138	0.000548	1.216755	5.185431	-0.437638	0.000000
0.192272	3.650554	94248.836232	229373.833499	-625.879107	-109389.480200	0.001312	0.000548	1.216755	5.185437	-0.437641	0.000000
0.197751	3.650514	94249.718575	229373.181148	315.669655	-22925.067974	0.001300	0.000548	1.216755	5.185441	-0.437646	0.000000
0.203230	3.650476	94250.060026	229371.844449	-511.322054	-19483.074526	0.001087	0.000548	1.216755	5.185442	-0.437650	0.000000
0.208709	3.650468	94250.655719	229372.775601	-1253.104252	-206407.476129	0.001524	0.000548	1.216755	5.185445	-0.437652	0.000000
0.214189	3.650363	94250.918348	229365.543740	3388.855696	218638.736558	0.001074	0.000548	1.216755	5.185446	-0.437666	0.000000
0.219668	3.650214	94249.376729	229352.993537	174.598723	320365.833990	-0.000510	0.000548	1.216755	5.185439	-0.437683	0.000000
0.225148	3.650146	94249.506373	229348.746830	-3263.783795	-502490.289383	0.000774	0.000548	1.216755	5.185441	-0.437692	0.000000
0.230628	3.649547	94248.639382	229302.676320	19376.539700	1553093.341222	-0.002133	0.000548	1.216755	5.185433	-0.437772	0.000000
0.236109	3.648587	94239.183735	229220.592342	7505.279391	2418836.823509	-0.011302	0.000548	1.216755	5.185388	-0.437883	0.000000
0.241592	3.647820	94236.638836	229163.383285	-7989.457719	-1150049.804310	-0.008078	0.000548	1.216755	5.185382	-0.437985	0.000000
0.247075	3.644249	94229.131194	228887.759686	103063.775996	8876894.600299	-0.025002	0.000549	1.216755	5.185332	-0.438458	0.000000
0.252569	3.638165	94177.542272	228378.264922	65433.157231	15180856.842964	-0.076557	0.000550	1.216755	5.185084	-0.439178	0.000000
0.258071	3.631922	94149.688539	227897.432875	-610.240252	576780.413989	-0.076714	0.000551	1.216755	5.184979	-0.439987	0.000000
0.263579	3.610901	94092.045904	226264.677042	548624.586494	51120045.979324	-0.175274	0.000554	1.216755	5.184634	-0.442765	0.000000
0.269146	3.573615	93793.139130	223156.266349	491437.806848	99327150.937558	-0.469486	0.000560	1.216755	5.183176	-0.447315	0.000000
0.274775	3.531661	93526.388965	219788.512435	191157.971986	51881603.616108	-0.565001	0.000566	1.216755	5.182013	-0.452757	0.000000
0.280455	3.421579	93034.197756	210954.324045	2871487.669809	338420286.788011	-1.109236	0.000585	1.216755	5.179268	-0.467828	0.000000
0.286455	3.228405	90932.600037	194049.557679	3674209.815989	809769216.358699	-2.836774	0.000620	1.216755	5.168570	-0.493405	0.000000
0.292888	3.062373	88130.253243	178488.641399	299236.593726	719084784.085774	-3.723891	0.000653	1.216755	5.155085	-0.516223	0.000000
0.299500	2.785183	84401.438969	153048.526733	9668354.582975	1935974296.715572	-5.088687	0.000718	1.216755	5.134127	-0.562046	0.000000
0.307318	2.189099	71106.646932	97740.444218	32282067.883273	6262902138.495591	-14.123032	0.000914	1.216755	5.049930	-0.672604	0.000000
0.318848	1.565951	43389.474844	41150.440347	34966728.216246	8134577235.706681	-30.709789	0.001277	1.216755	4.820081	-0.818455	0.000000
0.334788	1.199608	19388.655665	14023.368390	19073621.249224	4553930891.255299	-43.562092	0.001667	1.216755	4.462743	-0.928638	0.000000
0.353419	1.055477	8916.495624	5921.563269	6538457.868549	1319045253.164161	-49.392281	0.001895	1.216755	4.139052	-0.979364	0.000000
0.373086	1.012759	6495.148529	4331.803196	1510762.999543	201636327.222671	-51.116989	0.001975	1.216755	4.019163	-0.995243	0.000000
0.393023	1.002535	6164.215094	4112.940223	273640.229127	24090392.072762	-51.480106	0.001995	1.216755	4.000464	-0.999060	0.000000
0.413013	1.000505	6123.853816	4083.650521	42252.847959	3173029.741139	-51.542718	0.001999	1.216755	3.998109	-0.999809	0.000000
0.433012	1.000162	6118.367067	4079.426531	5506.030055	456906.650434	-51.551890	0.002000	1.216755	3.997785	-0.999934	0.000000
0.453012	1.000111	6117.572200	4078.814934	619.994268	65847.397016	-51.553034	0.002000	1.216755	3.997738	-0.999952	0.000000
0.473012	1.000105	6117.459213	4078.731207	60.349234	8987.725329	-51.553158	0.002000	1.216755	3.997732	-0.999955	0.000000
0.493012	1.000104	6117.444123	4078.720604	5.003736	1137.240597	-51.553169	0.002000	1.216755	3.997731	-0.999955	0.000000
0.513012	1.000104	6117.442258	4078.719368	0.356688	132.804985	-51.553170	0.002000	1.216755	3.997731	-0.999955	0.000000
0.533012	1.000104	6117.442044	4078.719235	0.026033	14.380684	-51.553170	0.002000	1.216755	3.997731	-0.999955	0.000000
0.553012	1.000104	6117.442022	4078.719221	0.003214	1.468872	-51.553170	0.002000	1.216755	3.997731	-0.999955	0.000000
0.573012	1.000104	6117.442020	4078.719220	0.000639	0.147278	-51.553170	0.002000	1.216755	3.997731	-0.999955	0.000000
0.593012	1.000104	6117.442019	4078.719220	0.000125	0.015537	-51.553170	0.002000	1.216755	3.997731	-0.999955	0.000000
0.613012	1.000104	6117.442019	4078.719220	0.000021	0.001848	-51.553170	0.002000	1.216755	3.997731	-0.999955	0.000000
0.633012	1.000104	6117.442019	4078.719219	0.000003	0.000247	-51.553170	0.002000	1.216755	3.997731	-0.999955	0.000000
0.653012	1.000104	6117.442019	4078.719219	0.000000	0.000035	-51.553170	0.002000	1.216755	3.997731	-0.999955	0.000000
0.673012	1.000104	6117.442019	4078.719219	0.000000	0.000005	-51.553170	0.002000	1.216755	3.997731	-0.999955	0.000000
0.693012	1.000104	6117.442019	4078.719219	0.000000	0.000001	-51.553170	0.002000	1.216755	3.997731	-0.999955	0.000000
0.713012	1.000104	6117.442019	4078.719219	-0.000000	0.000001	-51.553170	0.002000	1.216755	3.997731	-0.999955	0.000000
0.733012	1.000104	6117.442019	4078.719219	-0.000000	-0.000000	-51.553170	0.002000	1.216755	3.997731	-0.999955	0.000000
0.753012	1.000104	6117.442019	4078.719219	-0.000000	-0.000001	-51.553170	0.002000	1.216755	3.997731	-0.999955	0.000000
0.773012	1.000104	6117.442019	4078.719219	0.000000	-0.000001	-51.553170	0.002000	1.216755	3.997731	-0.999955	0.000000
0.793012	1.000104	6117.442019	4078.719219	0.000000	0.000001	-51.553170	0.002000	1.216755	3.997731	-0.999955	0.000000
0.813012	1.000104	6117.442019	4078.719219	-0.000000	0.000000	-51.553170	0.002000	1.216755	3.997731	-0.999955	0.000000
0.833012	1.000104	6117.442019	4078.719219	-0.000000	0.000000	-51.553170	0.002000	1.216755	3.997731	-0.999955	0.000000
0.853012	1.000104	6117.442019	4078.719219	-0.000000	0.000000	-51.553170	0.002000	1.216755	3.997731	-0.999955	0.000000
0.873012	1.000104	6117.442019	4078.719219	-0.000000	-0.000000	-51.553170	0.002000	1.216755	3.997731	-0.999955	0.000000
0.893012	1.000104	6117.442019	4078.719219	-0.000000	-0.000001	-51.553170	0.002000	1.216755	3.997731	-0.999955	0.000000
0.913012	1.000104	6117.442019	4078.719219	0.000000	-0.000001	-51.553170	0.002000	1.216755	3.997731	-0.999955	0.000000
0.933012	1.000104	6117.442019	4078.719219	0.000000	0.000000	-51.553170	0.002000	1.216755	3.997731	-0.999955	0.000000
0.953012	1.000104	6117.442019	4078.719219	-0.000000	0.000000	-51.553170	0.002000	1.216755	3.997731	-0.999955	0.000000
0.973012	1.000104	6117.442019	4078.719219	0.000000	-0.000001	-51.553170	0.002000	1.216755	3.997731	-0.999955	0.000000
0.993012	1.000104	6117.442019	4078.719219	0.000000	-0.000000	-51.553170	0.002000	1.216755	3.997731	-0.999955	0.000000
1.013012	1.000104	6117.442019	4078.719219	0.000000	-0.000000	-51.553170	0.002000	1.216755	3.997731	-0.999955	0.000000
1.033012	1.000104	6117.442019	4078.719219	0.000000	0.000001	-51.553170	0.002000	1.216755	3.997731	-0.999955	0.000000
1.053012	1.000104	6117.442019	4078.719219	-0.000000	0.000001	-51.553170	0.002000	1.216755	3.997731	-0.999955	0.000000
1.073012	1.000104	6117.442019	4078.719219	-0.000000	-0.000000	-51.553170	0.002000	1.216755	3.997731	-0.999955	0.000000
1.093012	1.000104	6117.442019	4078.719219	-0.000000	-0.000000	-51.553170	0.002000	1.216755	3.997731	-0.999955	0.000000
1.113012	1.000104	6117.442019	4078.719219	0.000000	-0.000001	-51.553170	0.002000	1.216755	3.997731	-0.999955	0.000000
1.133012	1.000104	6117.442019	4078.719219	0.000000	0.000001	-51.553170	0.002000	1.216755	3.997731	-0.999955	0.000000
1.153012	1.000104	6117.442019	4078.719219	-0.000000	0.000000	-51.553170	0.002000	1.216755	3.997731	-0.999955	0.000000
1.173012	1.000104	6117.442019	4078.719219	-0.000000	0.000000	-51.553170	0.002000	1.216755	3.997731	-0.999955	0.000000
1.193012	1.000104	6117.442019	4078.719219	-0.000000	-0.000000	-51.553170	0.002000	1.216755	3.997731	-0.999955	0.000000
1.213012	1.000104	6117.442019	4078.719219	0.000000	-0.000001	-51.553170	0.002000	1.216755	3.997731	-0.999955	0.000000
1.233012	1.000104	6117.442019	4078.719219	0.000000	0.000000	-51.553170	0.002000	1.216755	3.997731	-0.999955	0.000000
1.253012	1.000104	6117.442019	4078.719219	0.000000	0.000000	-51.553170	0.002000	1.216755	3.997731	-0.999955	0.000000
1.273012	1.000104	6117.442019	4078.719219	-0.000000	-0.000000	-51.553170	0.002000	1.216755	3.997731	-0.999955	0.000000
1.293012	1.000104	6117.442019	4078.719219	-0.000000	-0.000000	-51.553170	0.002000	1.216755	3.997731	-0.999955	0.000000
1.313012	1.000104	6117.442019	4078.719219	0.000000	-0.000000	-51.553170	0.002000	1.216755	3.997731	-0.999955	0.000000
1.333012	1.000104	6117.442019	4078.719219	0.000000	-0.000000	-51.553170	0.002000	1.216755	3.997731	-0.999955	0.000000
1.353012	1.000104	6117.442019	4078.719219	0.000000	-0.000000	-51.553170	0.002000	1.216755	3.997731	-0.999955	0.000000
1.373012	1.000104	6117.442019	4078.719219	0.000000	-0.000000	-51.553170	0.002000	1.216755	3.997731	-0.999955	0.000000
1.393012	1.000104	6117.442019	4078.719219	0.000000	-0.000000	-51.553170	0.002000	1.216755	3.997731	-0.999955	0.000000
1.413012	1.000104	6117.442019	4078.719219	0.000000	-0.000000	-51.553170	0.002000	1.216755	3.997731	-0.999955	0.000000
1.433012	1.000104	6117.442019	4078.719219	0.000000	-0.000000	-51.553170	0.002000	1.216755	3.997731	-0.999955	0.000000
1.453012	1.000104	6117.442019	4078.719219	0.000000	-0.000000	-51.553170	0.002000	1.216755	3.997731	-0.999955	0.000000
1.473012	1.000104	6117.442019	4078.719219	0.000000	-0.000000	-51.553170	0.002000	1.216755	3.997731	-0.999955	0.000000
1.493012	1.000104	6117.442019	4078.719219	0.000000	-0.000000	-51.553170	0.002000	1.216755	3.997731	-0.999955	0.000000
1.513012	1.000104	6117.442019	4078.719219	0.000000	-0.000000	-51.553170	0.002000	1.216755	3.997731	-0.999955	0.000000
1.533012	1.000104	6117.442019	4078.719219	0.000000	-0.000000	-51.553170	0.002000	1.216755	3.997731	-0.999955	0.000000
1.553012	1.000104	6117.442019	4078.719219	0.000000	-0.000000	-51.553170	0.002000	1.216755	3.997731	-0.999955	0.000000
1.573012	1.000104	6117.442019	4078.719219	-0.000000	-0.000000	-51.553170	0.002000	1.216755	3.997731	-0.999955	0.000000
1.593012	1.000104	6117.442019	4078.719219	-0.000000	-0.000000	-51.553170	0.002000	1.216755	3.997731	-0.999955	0.000000
1.613012	1.000104	6117.442019	4078.719219	-0.000000	-0.000000	-51.553170	0.002000	1.216755	3.997731	-0.999955	0.000000
1.633012	1.000104	6117.442019	4078.719219	-0.000000	-0.000000	-51.553170	0.002000	1.216755	3.997731	-0.999955	0.000000
1.653012	1.000104	6117.442019	4078.719219	0.000000	0.000000	-51.553170	0.002000	1.216755	3.997731	-0.999955	0.000000
1.673012	1.000104	6117.442019	4078.719219	0.000000	0.000001	-51.553170	0.002000	1.216755	3.997731	-0.999955	0.000000
1.693012	1.000104	6117.442019	4078.719219	-0.000000	0.000001	-51.553170	0.002000	1.216755	3.997731	-0.999955	0.000000
1.713012	1.000104	6117.442019	4078.719219	-0.000000	-0.000001	-51.553170	0.002000	1.216755	3.997731	-0.999955	0.000000
1.733012	1.000104	6117.442019	4078.719219	0.000000	-0.000001	-51.553170	0.002000	1.216755	3.997731	-0.999955	0.000000
1.753012	1.000104	6117.442019	4078.719219	0.000000	0.000000	-51.553170	0.002000	1.216755	3.997731	-0.999955	0.000000
1.773012	1.000104	6117.442019	4078.719219	0.000000	0.000001	-51.553170	0.002000	1.216755	3.997731	-0.999955	0.000000
1.793012	1.000104	6117.442019	4078.719219	-0.000000	-0.000000	-51.553170	0.002000	1.216755	3.997731	-0.999955	0.000000
1.813012	1.000104	6117.442019	4078.719219	-0.000000	-0.000001	-51.553170	0.002000	1.216755	3.997731	-0.999955	0.000000
1.833012	1.000104	6117.442019	4078.719219	0.000000	-0.000000	-51.553170	0.002000	1.216755	3.997731	-0.999955	0.000000
1.853012	1.000104	6117.442019	4078.719219	-0.000000	0.000000	-51.553170	0.002000	1.216755	3.997731	-0.999955	0.000000
1.873012	1.000104	6117.442019	4078.719219	-0.000000	-0.000000	-51.553170	0.002000	1.216755	3.997731	-0.999955	0.000000
1.893012	1.000104	6117.442019	4078.719219	-0.000000	-0.000000	-51.553170	0.002000	1.216755	3.997731	-0.999955	0.000000
1.913012	1.000104	6117.442019	4078.719219	0.000000	0.000000	-51.553170	0.002000	1.216755	3.997731	-0.999955	0.000000
1.933012	1.000104	6117.442019	4078.719219	-0.000000	0.000000	-51.553170	0.002000	1.216755	3.997731	-0.999955	0.000000
1.953012	1.000104	6117.442019	4078.719219	0.000000	-0.000001	-51.553170	0.002000	1.216755	3.997731	-0.999955	0.000000
1.973012	1.000104	6117.442019	4078.719219	0.000000	0.000001	-51.553170	0.002000	1.216755	3.997731	-0.999955	0.000000
1.993012	1.000104	6117.442019	4078.719219	-0.000000	0.000001	-51.553170	0.002000	1.216755	3.997731	-0.999955	0.000000
2.013012	1.000104	6117.442019	4078.719219	-0.000000	-0.000001	-51.553170	0.002000	1.216755	3.997731	-0.999955	0.000000
2.033012	1.000104	6117.442019	4078.719219	0.000000	0.000000	-51.553170	0.002000	1.216755	3.997731	-0.999955	0.000000
2.053012	1.000104	6117.442019	4078.719219	-0.000000	0.000001	-51.553170	0.002000	1.216755	3.997731	-0.999955	0.000000
2.073012	1.000104	6117.442019	4078.719219	-0.000000	-0.000001	-51.553170	0.002000	1.216755	3.997731	-0.999955	0.000000
2.093012	1.000104	6117.442019	4078.719219	0.000000	-0.000001	-51.553170	0.002000	1.216755	3.997731	-0.999955	0.000000
2.113012	1.000104	6117.442019	4078.719219	0.000000	-0.000000	-51.553170	0.002000	1.216755	3.997731	-0.999955	0.000000
2.133012	1.000104	6117.442019	4078.719219	0.000000	0.000000	-51.553170	0.002000	1.216755	3.997731	-0.999955	0.000000
2.153012	1.000104	6117.442019	4078.719219	-0.000000	0.000001	-51.553170	0.002000	1.216755	3.997731	-0.999955	0.000000
2.173012	1.000104	6117.442019	4078.719219	-0.000000	-0.000001	-51.553170	0.002000	1.216755	3.997731	-0.999955	0.000000
2.193012	1.000104	6117.442019	4078.719219	0.000000	0.000001	-51.553170	0.002000	1.216755	3.997731	-0.999955	0.000000
2.213012	1.000104	6117.442019	4078.719219	-0.000000	0.000001	-51.553170	0.002000	1.216755	3.997731	-0.999955	0.000000
2.233012	1.000104	6117.442019	4078.719219	-0.000000	0.000001	-51.553170	0.002000	1.216755	3.997731	-0.999955	0.000000
2.253012	1.000104	6117.442019	4078.719219	-0.000000	-0.000000	-51.553170	0.002000	1.216755	3.997731	-0.999955	0.000000
2.273012	1.000104	6117.442019	4078.719219	-0.000000	-0.000001	-51.553170	0.002000	1.216755	3.997731	-0.999955	0.000000
2.293012	1.000104	6117.442019	4078.719219	-0.000000	-0.000001	-51.553170	0.002000	1.216755	3.997731	-0.999955	0.000000
2.313012	1.000104	6117.442019	4078.719219	0.000000	-0.000001	-51.553170	0.002000	1.216755	3.997731	-0.999955	0.000000
2.333012	1.000104	6117.442019	4078.719219	0.000000	-0.000001	-51.553170	0.002000	1.216755	3.997731	-0.999955	0.000000
2.353012	1.000104	6117.442019	4078.719219	0.000000	0.000001	-51.553170	0.002000	1.216755	3.997731	-0.999955	0.000000
2.373012	1.000104	6117.442019	4078.719219	-0.000000	0.000003	-51.553170	0.002000	1.216755	3.997731	-0.999955	0.000000
2.393012	1.000104	6117.442019	4078.719219	-0.000000	0.000000	-51.553170	0.002000	1.216755	3.997731	-0.999955	0.000000
2.413012	1.000104	6117.442019	4078.719219	-0.000000	-0.000003	-51.553170	0.002000	1.216755	3.997731	-0.999955	0.000000
2.433012	1.000104	6117.442019	4078.719219	0.000000	-0.000002	-51.553170	0.002000	1.216755	3.997731	-0.999955	0.000000
2.453012	1.000104	6117.442019	4078.719219	0.000000	0.000000	-51.553170	0.002000	1.216755	3.997731	-0.999955	0.000000
2.473012	1.000104	6117.442019	4078.719219	0.000000	0.000001	-51.553170	0.002000	1.216755	3.997731	-0.999955	0.000000
2.493012	1.000104	6117.442019	4078.719219	-0.000000	0.000000	-51.553170	0.002000	1.216755	3.997731	-0.999955	0.000000
2.513012	1.000104	6117.442019	4078.719219	-0.000000	-0.000000	-51.553170	0.002000	1.216755	3.997731	-0.999955	0.000000
2.533012	1.000104	6117.442019	4078.719219	0.000000	-0.000000	-51.553170	0.002000	1.216755	3.997731	-0.999955	0.000000
2.553012	1.000104	6117.442019	4078.719219	0.000000	-0.000000	-51.553170	0.002000	1.216755	3.997731	-0.999955	0.000000
2.573012	1.000104	6117.442019	4078.719219	0.000000	-0.000000	-51.553170	0.002000	1.216755	3.997731	-0.999955	0.000000
2.593012	1.000104	6117.442019	4078.719219	0.000000	-0.000000	-51.553170	0.002000	1.216755	3.997731	-0.999955	0.000000
2.613012	1.000104	6117.442019	4078.719219	0.000000	-0.000000	-51.553170	0.002000	1.216755	3.997731	-0.999955	0.000000
2.633012	1.000104	6117.442019	4078.719219	0.000000	-0.000000	-51.553170	0.002000	1.216755	3.997731	-0.999955	0.000000
2.653012	1.000104	6117.442019	4078.719219	0.000000	0.000000	-51.553170	0.002000	1.216755	3.997731	-0.999955	0.000000
2.673012	1.000104	6117.442019	4078.719219	0.000000	-0.000000	-51.553170	0.002000	1.216755	3.997731	-0.999955	0.000000
2.693012	1.000104	6117.442019	4078.719219	0.000000	-0.000000	-51.553170	0.002000	1.216755	3.997731	-0.999955	0.000000
2.713012	1.000104	6117.442019	4078.719219	0.000000	-0.000000	-51.553170	0.002000	1.216755	3.997731	-0.999955	0.000000
2.733012	1.000104	6117.442019	4078.719219	0.000000	-0.000000	-51.553170	0.002000	1.216755	3.997731	-0.999955	0.000000
2.753012	1.000104	6117.442019	4078.719219	0.000000	0.000000	-51.553170	0.002000	1.216755	3.997731	-0.999955	0.000000
2.773012	1.000104	6117.442019	4078.719219	0.000000	0.000000	-51.553170	0.002000	1.216755	3.997731	-0.999955	0.000000
2.793012	1.000104	6117.442019	4078.719219	0.000000	0.000000	-51.553170	0.002000	1.216755	3.997731	-0.999955	0.000000
2.813012	1.000104	6117.442019	4078.719219	0.000000	0.000000	-51.553170	0.002000	1.216755	3.997731	-0.999955	0.000000
2.833012	1.000104	6117.442019	4078.719219	0.000000	0.000000	-51.553170	0.002000	1.216755	3.997731	-0.999955	0.000000
2.853012	1.000104	6117.442019	4078.719219	0.000000	0.000000	-51.553170	0.002000	1.216755	3.997731	-0.999955	0.000000
2.873012	1.000104	6117.442019	4078.719219	0.000000	0.000000	-51.553170	0.002000	1.216755	3.997731	-0.999955	0.000000
2.893012	1.000104	6117.442019	4078.719219	0.000000	0.000000	-51.553170	0.002000	1.216755	3.997731	-0.999955	0.000000
2.913012	1.000104	6117.442019	4078.719219	0.000000	0.000000	-51.553170	0.002000	1.216755	3.997731	-0.999955	0.000000
2.933012	1.000104	6117.442019	4078.719219	0.000000	0.000000	-51.553170	0.002000	1.216755	3.997731	-0.999955	0.000000
2.953012	1.000104	6117.442019	4078.719219	0.000000	0.000000	-51.553170	0.002000	1.216755	3.997731	-0.999955	0.000000
2.973012	1.000104	6117.442019	4078.719219	0.000000	0.000000	-51.553170	0.002000	1.216755	3.997731	-0.999955	0.000000
2.993012	1.000104	6117.442019	4078.719219	0.000000	0.000000	-51.553170	0.002000	1.216755	3.997731	-0.999955	0.000000
3.013012	1.000104	6117.442019	4078.719219	0.000000	0.000000	-51.553170	0.002000	1.216755	3.997731	-0.999955	0.000000
3.033012	1.000104	6117.442019	4078.719219	0.000000	0.000000	-51.553170	0.002000	1.216755	3.997731	-0.999955	0.000000
3.053012	1.000104	6117.442019	4078.719219	0.000000	0.000000	-51.553170	0.002000	1.216755	3.997731	-0.999955	0.000000
3.073012	1.000104	6117.442019	4078.719219	0.000000	0.000000	-51.553170	0.002000	1.216755	3.997731	-0.999955	0.000000
3.093012	1.000104	6117.442019	4078.719219	0.000000	0.000000	-51.553170	0.002000	1.216755	3.997731	-0.999955	0.000000
3.113012	1.000104	6117.442019	4078.719219	0.000000	0.000000	-51.553170	0.002000	1.216755	3.997731	-0.999955	0.000000
3.133012	1.000104	6117.442019	4078.719219	0.000000	0.000000	-51.553170	0.002000	1.216755	3.997731	-0.999955	0.000000
3.153012	1.000104	6117.442019	4078.719219	0.000000	0.000000	-51.553170	0.002000	1.216755	3.997731	-0.999955	0.000000
3.173012	1.000104	6117.442019	4078.719219	0.000000	0.000000	-51.553170	0.002000	1.216755	3.997731	-0.999955	0.000000
3.193012	1.000104	6117.442019	4078.719219	0.000000	0.000000	-51.553170	0.002000	1.216755	3.997731	-0.999955	0.000000
3.213012	1.000104	6117.442019	4078.719219	0.000000	0.000000	-51.553170	0.002000	1.216755	3.997731	-0.999955	0.000000
3.233012	1.000104	6117.442019	4078.719219	0.000000	0.000000	-51.553170	0.002000	1.216755	3.997731	-0.999955	0.000000
3.253012	1.000104	6117.442019	4078.719219	0.000000	0.000000	-51.553170	0.002000	1.216755	3.997731	-0.999955	0.000000
3.273012	1.000104	6117.442019	4078.719219	0.000000	0.000000	-51.553170	0.002000	1.216755	3.997731	-0.999955	0.000000
3.293012	1.000104	6117.442019	4078.719219	0.000000	0.000000	-51.553170	0.002000	1.216755	3.997731	-0.999955	0.000000
3.313012	1.000104	6117.442019	4078.719219	0.000000	0.000000	-51.553170	0.002000	1.216755	3.997731	-0.999955	0.000000
3.333012	1.000104	6117.442019	4078.719219	0.000000	0.000000	-51.553170	0.002000	1.216755	3.997731	-0.999955	0.000000
3.353012	1.000104	6117.442019	4078.719219	0.000000	0.000000	-51.553170	0.002000	1.216755	3.997731	-0.999955	0.000000
3.373012	1.000104	6117.442019	4078.719219	0.000000	0.000000	-51.553170	0.002000	1.216755	3.997731	-0.999955	0.000000
3.393012	1.000104	6117.442019	4078.719219	0.000000	0.000000	-51.553170	0.002000	1.216755	3.997731	-0.999955	0.000000
3.413012	1.000104	6117.442019	4078.719219	0.000000	0.000000	-51.553170	0.002000	1.216755	3.997731	-0.999955	0.000000
3.433012	1.000104	6117.442019	4078.719219	0.000000	0.000000	-51.553170	0.002000	1.216755	3.997731	-0.999955	0.000000
3.453012	1.000104	6117.442019	4078.719219	0.000000	0.000000	-51.553170	0.002000	1.216755	3.997731	-0.999955	0.000000
3.473012	1.000104	6117.442019	4078.719219	0.000000	0.000000	-51.553170	0.002000	1.216755	3.997731	-0.999955	0.000000
3.493012	1.000104	6117.442019	4078.719219	0.000000	0.000000	-51.553170	0.002000	1.216755	3.997731	-0.999955	0.000000
3.513012	1.000104	6117.442019	4078.719219	0.000000	0.000000	-51.553170	0.002000	1.216755	3.997731	-0.999955	0.000000
3.533012	1.000104	6117.442019	4078.719219	0.000000	0.000000	-51.553170	0.002000	1.216755	3.997731	-0.999955	0.000000
3.553012	1.000104	6117.442019	4078.719219	0.000000	0.000000	-51.553170	0.002000	1.216755	3.997731	-0.999955	0.000000
3.573012	1.000104	6117.442019	4078.719219	0.000000	0.000000	-51.553170	0.002000	1.216755	3.997731	-0.999955	0.000000
3.593012	1.000104	6117.442019	4078.719219	0.000000	0.000000	-51.553170	0.002000	1.216755	3.997731	-0.999955	0.000000
3.613012	1.000104	6117.442019	4078.719219	0.000000	0.000000	-51.553170	0.002000	1.216755	3.997731	-0.999955	0.000000
3.633012	1.000104	6117.442019	4078.719219	0.000000	0.000000	-51.553170	0.002000	1.216755	3.997731	-0.999955	0.000000
3.653012	1.000104	6117.442019	4078.719219	0.000000	0.000000	-51.553170	0.002000	1.216755	3.997731	-0.999955	0.000000
3.673012	1.000104	6117.442019	4078.719219	0.000000	0.000000	-51.553170	0.002000	1.216755	3.997731	-0.999955	0.000000
3.693012	1.000104	6117.442019	4078.719219	0.000000	0.000000	-51.553170	0.002000	1.216755	3.997731	-0.999955	0.000000
3.713012	1.000104	6117.442019	4078.719219	0.000000	0.000000	-51.553170	0.002000	1.216755	3.997731	-0.999955	0.000000
3.733012	1.000104	6117.442019	4078.719219	0.000000	0.000000	-51.553170	0.002000	1.216755	3.997731	-0.999955	0.000000
3.753012	1.000104	6117.442019	4078.719219	0.000000	0.000000	-51.553170	0.002000	1.216755	3.997731	-0.999955	0.000000
3.773012	1.000104	6117.442019	4078.719219	0.000000	0.000000	-51.553170	0.002000	1.216755	3.997731	-0.999955	0.000000
3.793012	1.000104	6117.442019	4078.719219	0.000000	0.000000	-51.553170	0.002000	1.216755	3.997731	-0.999955	0.000000
3.813012	1.000104	6117.442019	4078.719219	0.000000	0.000000	-51.553170	0.002000	1.216755	3.997731	-0.999955	0.000000
3.833012	1.000104	6117.442019	4078.719219	0.000000	0.000000	-51.553170	0.002000	1.216755	3.997731	-0.999955	0.000000
3.853012	1.000104	6117.442019	4078.719219	0.000000	0.000000	-51.553170	0.002000	1.216755	3.997731	-0.999955	0.000000
3.873012	1.000104	6117.442019	4078.719219	0.000000	0.000000	-51.553170	0.002000	1.216755	3.997731	-0.999955	0.000000
3.893012	1.000104	6117.442019	4078.719219	0.000000	0.000000	-51.553170	0.002000	1.216755	3.997731	-0.999955	0.000000
3.913012	1.000104	6117.442019	4078.719219	0.000000	0.000000	-51.553170	0.002000	1.216755	3.997731	-0.999955	0.000000
3.933012	1.000104	6117.442019	4078.719219	0.000000	0.000000	-51.553170	0.002000	1.216755	3.997731	-0.999955	0.000000
3.953012	1.000104	6117.442019	4078.719219	0.000000	0.000000	-51.553170	0.002000	1.216755	3.997731	-0.999955	0.000000
3.973012	1.000104	6117.442019	4078.719219	0.000000	0.000000	-51.553170	0.002000	1.216755	3.997731	-0.999955	0.000000
3.993012	1.000104	6117.442019	4078.719219	0.000000	0.000000	-51.553170	0.002000	1.216755	3.997731	-0.999955	0.000000
4.013012	1.000104	6117.442019	4078.719219	0.000000	0.000000	-51.553170	0.002000	1.216755	3.997731	-0.999955	0.000000
4.033012	1.000104	6117.442019	4078.719219	0.000000	0.000000	-51.553170	0.002000	1.216755	3.997731	-0.999955	0.000000
4.053012	1.000104	6117.442019	4078.719219	0.000000	-0.000000	-51.553170	0.002000	1.216755	3.997731	-0.999955	0.000000
4.073012	1.000104	6117.442019	4078.719219	0.000000	0.000000	-51.553170	0.002000	1.216755	3.997731	-0.999955	0.000000
4.093012	1.000104	6117.442019	4078.719219	0.000000	0.000000	-51.553170	0.002000	1.216755	3.997731	-0.999955	0.000000
4.113012	1.000104	6117.442019	4078.719219	0.000000	0.000000	-51.553170	0.002000	1.216755	3.997731	-0.999955	0.000000
4.133012	1.000104	6117.442019	4078.719219	0.000000	0.000000	-51.553170	0.002000	1.216755	3.997731	-0.999955	0.000000
4.153012	1.000104	6117.442019	4078.719219	0.000000	0.000000	-51.553170	0.002000	1.216755	3.997731	-0.999955	0.000000
4.173012	1.000104	6117.442019	4078.719219	0.000000	0.000000	-51.553170	0.002000	1.216755	3.997731	-0.999955	0.000000
4.193012	1.000104	6117.442019	4078.719219	-0.000000	-0.000000	-51.553170	0.002000	1.216755	3.997731	-0.999955	0.000000
4.213012	1.000104	6117.442019	4078.719219	-0.000000	-0.000001	-51.553170	0.002000	1.216755	3.997731	-0.999955	0.000000
4.233012	1.000104	6117.442019	4078.719219	0.000000	-0.000001	-51.553170	0.002000	1.216755	3.997731	-0.999955	0.000000
4.253012	1.000104	6117.442019	4078.719219	0.000000	0.000001	-51.553170	0.002000	1.216755	3.997731	-0.999955	0.000000
4.273012	1.000104	6117.442019	4078.719219	-0.000000	0.000001	-51.553170	0.002000	1.216755	3.997731	-0.999955	0.000000
4.293012	1.000104	6117.442019	4078.719219	-0.000000	-0.000001	-51.553170	0.002000	1.216755	3.997731	-0.999955	0.000000
4.313012	1.000104	6117.442019	4078.719219	0.000000	-0.000000	-51.553170	0.002000	1.216755	3.997731	-0.999955	0.000000
4.333012	1.000104	6117.442019	4078.719219	0.000000	0.000001	-51.553170	0.002000	1.216755	3.997731	-0.999955	0.000000
4.353012	1.000104	6117.442019	4078.719219	-0.000000	0.000001	-51.553170	0.002000	1.216755	3.997731	-0.999955	0.000000
4.373012	1.000104	6117.442019	4078.719219	-0.000000	-0.000001	-51.553170	0.002000	1.216755	3.997731	-0.999955	0.000000
4.393012	1.000104	6117.442019	4078.719219	-0.000000	-0.000000	-51.553170	0.002000	1.216755	3.997731	-0.999955	0.000000
4.413012	1.000104	6117.442019	4078.719219	-0.000000	-0.000001	-51.553170	0.002000	1.216755	3.997731	-0.999955	0.000000
4.433012	1.000104	6117.442019	4078.719219	0.000000	0.000000	-51.553170	0.002000	1.216755	3.997731	-0.999955	0.000000
4.453012	1.000104	6117.442019	4078.719219	-0.000000	-0.000000	-51.553170	0.002000	1.216755	3.997731	-0.999955	0.000000
4.473012	1.000104	6117.442019	4078.719219	0.000000	-0.000002	-51.553170	0.002000	1.216755	3.997731	-0.999955	0.000000
4.493012	1.000104	6117.442019	4078.719219	0.000000	0.000001	-51.553170	0.002000	1.216755	3.997731	-0.999955	0.000000
4.513012	1.000104	6117.442019	4078.719219	-0.000000	0.000001	-51.553170	0.002000	1.216755	3.997731	-0.999955	0.000000
4.533012	1.000104	6117.442019	4078.719219	-0.000000	-0.000001	-51.553170	0.002000	1.216755	3.997731	-0.999955	0.000000
4.553012	1.000104	6117.442019	4078.719219	0.000000	-0.000001	-51.553170	0.002000	1.216755	3.997731	-0.999955	0.000000
4.573012	1.000104	6117.442019	4078.719219	0.000000	-0.000001	-51.553170	0.002000	1.216755	3.997731	-0.999955	0.000000
4.593012	1.000104	6117.442019	4078.719219	0.000000	0.000000	-51.553170	0.002000	1.216755	3.997731	-0.999955	0.000000
4.613012	1.000104	6117.442019	4078.719219	-0.000000	0.000001	-51.553170	0.002000	1.216755	3.997731	-0.999955	0.000000
4.633012	1.000104	6117.442019	4078.719219	-0.000000	0.000001	-51.553170	0.002000	1.216755	3.997731	-0.999955	0.000000
4.653012	1.000104	6117.442019	4078.719219	0.000000	0.000001	-51.553170	0.002000	1.216755	3.997731	-0.999955	0.000000
4.673012	1.000104	6117.442019	4078.719219	-0.000000	0.000001	-51.553170	0.002000	1.216755	3.997731	-0.999955	0.000000
4.693012	1.000104	6117.442019	4078.719219	-0.000000	-0.000001	-51.553170	0.002000	1.216755	3.997731	-0.999955	0.000000
4.713012	1.000104	6117.442019	4078.719219	0.000000	-0.000001	-51.553170	0.002000	1.216755	3.997731	-0.999955	0.000000
4.733012	1.000104	6117.442019	4078.719219	-0.000000	0.000000	-51.553170	0.002000	1.216755	3.997731	-0.999955	0.000000
4.753012	1.000104	6117.442019	4078.719219	0.000000	0.000002	-51.553170	0.002000	1.216755	3.997731	-0.999955	0.000000
4.773012	1.000104	6117.442019	4078.719219	-0.000000	0.000003	-51.553170	0.002000	1.216755	3.997731	-0.999955	0.000000
4.793012	1.000104	6117.442019	4078.719219	-0.000000	-0.000000	-51.553170	0.002000	1.216755	3.997731	-0.999955	0.000000
4.813012	1.000104	6117.442019	4078.719219	-0.000000	-0.000001	-51.553170	0.002000	1.216755	3.997731	-0.999955	0.000000
4.833012	1.000104	6117.442019	4078.719219	0.000000	-0.000001	-51.553170	0.002000	1.216755	3.997731	-0.999955	0.000000
4.853012	1.000104	6117.442019	4078.719219	-0.000000	0.000001	-51.553170	0.002000	1.216755	3.997731	-0.999955	0.000000
4.873012	1.000104	6117.442019	4078.719219	-0.000000	-0.000001	-51.553170	0.002000	1.216755	3.997731	-0.999955	0.000000
4.893012	1.000104	6117.442019	4078.719219	0.000000	-0.000001	-51.553170	0.002000	1.216755	3.997731	-0.999955	0.000000
4.913012	1.000104	6117.442019	4078.719219	-0.000000	-0.000000	-51.553170	0.002000	1.216755	3.997731	-0.999955	0.000000
4.933012	1.000104	6117.442019	4078.719219	0.000000	-0.000002	-51.553170	0.002000	1.216755	3.997731	-0.999955	0.000000
4.953012	1.000104	6117.442019	4078.719219	0.000000	0.000002	-51.553170	0.002000	1.216755	3.997731	-0.999955	0.000000
4.973012	1.000104	6117.442019	4078.719219	-0.000000	0.000004	-51.553170	0.002000	1.216755	3.997731	-0.999955	0.000000
4.993012	1.000104	6117.442019	4078.719219	-0.000000	0.000000	-51.553170	0.002000	1.216755	3.997731	-0.999955	0.000000
5.013012	1.000104	6117.442019	4078.719219	-0.000000	-0.000001	-51.553170	0.002000	1.216755	3.997731	-0.999955	0.000000
5.033012	1.000104	6117.442019	4078.719219	-0.000000	-0.000001	-51.553170	0.002000	1.216755	3.997731	-0.999955	0.000000
5.053012	1.000104	6117.442019	4078.719219	0.000000	-0.000000	-51.553170	0.002000	1.216755	3.997731	-0.999955	0.000000
5.073012	1.000104	6117.442019	4078.719219	0.000000	-0.000000	-51.553170	0.002000	1.216755	3.997731	-0.999955	0.000000
5.093012	1.000104	6117.442019	4078.719219	0.000000	-0.000000	-51.553170	0.002000	1.216755	3.997731	-0.999955	0.000000
5.113012	1.000104	6117.442019	4078.719219	0.000000	-0.000000	-51.553170	0.002000	1.216755	3.997731	-0.999955	0.000000
5.133012	1.000104	6117.442019	4078.719219	0.000000	-0.000000	-51.553170	0.002000	1.216755	3.997731	-0.999955	0.000000
5.153012	1.000104	6117.442019	4078.719219	0.000000	-0.000000	-51.553170	0.002000	1.216755	3.997731	-0.999955	0.000000
5.173012	1.000104	6117.442019	4078.719219	0.000000	-0.000000	-51.553170	0.002000	1.216755	3.997731	-0.999955	0.000000
5.193012	1.000104	6117.442019	4078.719219	0.000000	-0.000000	-51.553170	0.002000	1.216755	3.997731	-0.999955	0.000000
5.213012	1.000104	6117.442019	4078.719219	0.000000	-0.000000	-51.553170	0.002000	1.216755	3.997731	-0.999955	0.000000
5.233012	1.000104	6117.442019	4078.719219	0.000000	-0.000000	-51.553170	0.002000	1.216755	3.997731	-0.999955	0.000000
5.253012	1.000104	6117.442019	4078.719219	0.000000	0.000000	-51.553170	0.002000	1.216755	3.997731	-0.999955	0.000000
5.273012	1.000104	6117.442019	4078.719219	0.000000	0.000000	-51.553170	0.002000	1.216755	3.997731	-0.999955	0.000000
5.293012	1.000104	6117.442019	4078.719219	0.000000	0.000000	-51.553170	0.002000	1.216755	3.997731	-0.999955	0.000000
5.313012	1.000104	6117.442019	4078.719219	0.000000	0.000000	-51.553170	0.002000	1.216755	3.997731	-0.999955	0.000000
5.333012	1.000104	6117.442019	4078.719219	0.000000	0.000000	-51.553170	0.002000	1.216755	3.997731	-0.999955	0.000000
5.353012	1.000104	6117.442019	4078.719219	0.000000	0.000000	-51.553170	0.002000	1.216755	3.997731	-0.999955	0.000000
5.373012	1.000104	6117.442019	4078.719219	0.000000	0.000000	-51.553170	0.002000	1.216755	3.997731	-0.999955	0.000000
5.393012	1.000104	6117.442019	4078.719219	0.000000	0.000000	-51.553170	0.002000	1.216755	3.997731	-0.999955	0.000000
5.413012	1.000104	6117.442019	4078.719219	0.000000	0.000000	-51.553170	0.002000	1.216755	3.997731	-0.999955	0.000000
5.433012	1.000104	6117.442019	4078.719219	0.000000	0.000000	-51.553170	0.002000	1.216755	3.997731	-0.999955	0.000000
5.453012	1.000104	6117.442019	4078.719219	0.000000	0.000000	-51.553170	0.002000	1.216755	3.997731	-0.999955	0.000000
5.473012	1.000104	6117.442019	4078.719219	0.000000	0.000000	-51.553170	0.002000	1.216755	3.997731	-0.999955	0.000000
5.493012	1.000104	6117.442019	4078.719219	0.000000	0.000000	-51.553170	0.002000	1.216755	3.997731	-0.999955	0.000000
5.513012	1.000104	6117.442019	4078.719219	0.000000	0.000000	-51.553170	0.002000	1.216755	3.997731	-0.999955	0.000000
5.533012	1.000104	6117.442019	4078.719219	0.000000	0.000000	-51.553170	0.002000	1.216755	3.997731	-0.999955	0.000000
5.553012	1.000104	6117.442019	4078.719219	0.000000	0.000000	-51.553170	0.002000	1.216755	3.997731	-0.999955	0.000000
5.573012	1.000104	6117.442019	4078.719219	0.000000	0.000000	-51.553170	0.002000	1.216755	3.997731	-0.999955	0.000000
5.593012	1.000104	6117.442019	4078.719219	0.000000	0.000000	-51.553170	0.002000	1.216755	3.997731	-0.999955	0.000000
5.613012	1.000104	6117.442019	4078.719219	0.000000	0.000000	-51.553170	0.002000	1.216755	3.997731	-0.999955	0.000000
5.633012	1.000104	6117.442019	4078.719219	0.000000	0.000000	-51.553170	0.002000	1.216755	3.997731	-0.999955	0.000000
5.653012	1.000104	6117.442019	4078.719219	0.000000	0.000000	-51.553170	0.002000	1.216755	3.997731	-0.999955	0.000000
5.673012	1.000104	6117.442019	4078.719219	0.000000	0.000000	-51.553170	0.002000	1.216755	3.997731	-0.999955	0.000000
5.693012	1.000104	6117.442019	4078.719219	0.000000	0.000000	-51.553170	0.002000	1.216755	3.997731	-0.999955	0.000000
5.713012	1.000104	6117.442019	4078.719219	0.000000	0.000000	-51.553170	0.002000	1.216755	3.997731	-0.999955	0.000000
5.733012	1.000104	6117.442019	4078.719219	0.000000	0.000000	-51.553170	0.002000	1.216755	3.997731	-0.999955	0.000000
5.753012	1.000104	6117.442019	4078.719219	0.000000	0.000000	-51.553170	0.002000	1.216755	3.997731	-0.999955	0.000000
5.773012	1.000104	6117.442019	4078.719219	0.000000	0.000000	-51.553170	0.002000	1.216755	3.997731	-0.999955	0.000000
5.793012	1.000104	6117.442019	4078.719219	0.000000	0.000000	-51.553170	0.002000	1.216755	3.997731	-0.999955	0.000000
5.813012	1.000104	6117.442019	4078.719219	0.000000	0.000000	-51.553170	0.002000	1.216755	3.997731	-0.999955	0.000000
5.833012	1.000104	6117.442019	4078.719219	0.000000	0.000000	-51.553170	0.002000	1.216755	3.997731	-0.999955	0.000000
5.853012	1.000104	6117.442019	4078.719219	0.000000	0.000000	-51.553170	0.002000	1.216755	3.997731	-0.999955	0.000000
5.873012	1.000104	6117.442019	4078.719219	0.000000	0.000000	-51.553170	0.002000	1.216755	3.997731	-0.999955	0.000000
5.893012	1.000104	6117.442019	4078.719219	0.000000	0.000000	-51.553170	0.002000	1.216755	3.997731	-0.999955	0.000000
5.913012	1.000104	6117.442019	4078.719219	0.000000	0.000000	-51.553170	0.002000	1.216755	3.997731	-0.999955	0.000000
5.933012	1.000104	6117.442019	4078.719219	0.000000	0.000000	-51.553170	0.002000	1.216755	3.997731	-0.999955	0.000000
5.953012	1.000104	6117.442019	4078.719219	0.000000	0.000000	-51.553170	0.002000	1.216755	3.997731	-0.999955	0.000000
5.973012	1.000104	6117.442019	4078.719219	0.000000	0.000000	-51.553170	0.002000	1.216755	3.997731	-0.999955	0.000000
5.993012	1.000104	6117.442019	4078.719219	0.000000	0.000000	-51.553170	0.002000	1.216755	3.997731	-0.999955	0.000000
6.013012	1.000104	6117.442019	4078.719219	0.000000	0.000000	-51.553170	0.002000	1.216755	3.997731	-0.999955	0.000000
6.033012	1.000104	6117.442019	4078.719219	0.000000	0.000000	-51.553170	0.002000	1.216755	3.997731	-0.999955	0.000000
6.053012	1.000104	6117.442019	4078.719219	0.000000	0.000000	-51.553170	0.002000	1.216755	3.997731	-0.999955	0.000000
6.073012	1.000104	6117.442019	4078.719219	0.000000	0.000000	-51.553170	0.002000	1.216755	3.997731	-0.999955	0.000000
6.093012	1.000104	6117.442019	4078.719219	0.000000	0.000000	-51.553170	0.002000	1.216755	3.997731	-0.999955	0.000000
6.113012	1.000104	6117.442019	4078.719219	0.000000	0.000000	-51.553170	0.002000	1.216755	3.997731	-0.999955	0.000000
6.133012	1.000104	6117.442019	4078.719219	0.000000	0.000000	-51.553170	0.002000	1.216755	3.997731	-0.999955	0.000000
6.153012	1.000104	6117.442019	4078.719219	0.000000	0.000000	-51.553170	0.002000	1.216755	3.997731	-0.999955	0.000000
6.173012	1.000104	6117.442019	4078.719219	0.000000	0.000000	-51.553170	0.002000	1.216755	3.997731	-0.999955	0.000000
6.193012	1.000104	6117.442019	4078.719219	0.000000	0.000000	-51.553170	0.002000	1.216755	3.997731	-0.999955	0.000000
6.213012	1.000104	6117.442019	4078.719219	0.000000	0.000000	-51.553170	0.002000	1.216755	3.997731	-0.999955	0.000000
6.233012	1.000104	6117.442019	4078.719219	0.000000	0.000000	-51.553170	0.002000	1.216755	3.997731	-0.999955	0.000000
6.253012	1.000104	6117.442019	4078.719219	0.000000	0.000000	-51.553170	0.002000	1.216755	3.997731	-0.999955	0.000000
6.273012	1.000104	6117.442019	4078.719219	0.000000	0.000000	-51.553170	0.002000	1.216755	3.997731	-0.999955	0.000000
6.293012	1.000104	6117.442019	4078.719219	0.000000	0.000000	-51.553170	0.002000	1.216755	3.997731	-0.999955	0.000000
6.313012	1.000104	6117.442019	4078.719219	-0.000000	0.000000	-51.553170	0.002000	1.216755	3.997731	-0.999955	0.000000
6.333012	1.000104	6117.442019	4078.719219	-0.000000	0.000000	-51.553170	0.002000	1.216755	3.997731	-0.999955	0.000000
6.353012	1.000104	6117.442019	4078.719219	-0.000000	0.000001	-51.553170	0.002000	1.216755	3.997731	-0.999955	0.000000
6.373012	1.000104	6117.442019	4078.719219	-0.000000	0.000004	-51.553170	0.002000	1.216755	3.997731	-0.999955	0.000000
6.393012	1.000104	6117.442019	4078.719219	-0.000000	0.000016	-51.553170	0.002000	1.216755	3.997731	-0.999955	0.000000
6.413012	1.000104	6117.442019	4078.719219	-0.000001	0.000056	-51.553170	0.002000	1.216755	3.997731	-0.999955	0.000000
6.433012	1.000104	6117.442019	4078.719220	-0.000002	0.000170	-51.553170	0.002000	1.216755	3.997731	-0.999955	0.000000
6.453012	1.000104	6117.442019	4078.719220	-0.000006	0.000527	-51.553170	0.002000	1.216755	3.997731	-0.999955	0.000000
6.473012	1.000104	6117.442019	4078.719220	-0.000020	0.001643	-51.553170	0.002000	1.216755	3.997731	-0.999955	0.000000
6.493012	1.000104	6117.442019	4078.719220	-0.000061	0.004936	-51.553170	0.002000	1.216755	3.997731	-0.999955	0.000000
6.513012	1.000104	6117.442019	4078.719220	-0.000181	0.014333	-51.553170	0.002000	1.216755	3.997731	-0.999955	0.000000
6.533012	1.000104	6117.442020	4078.719220	-0.000520	0.040313	-51.553170	0.002000	1.216755	3.997731	-0.999955	0.000000
6.553012	1.000104	6117.442021	4078.719221	-0.001449	0.109213	-51.553170	0.002000	1.216755	3.997731	-0.999955	0.000000
6.573012	1.000104	6117.442023	4078.719224	-0.003876	0.282706	-51.553170	0.002000	1.216755	3.997731	-0.999955	0.000000
6.593012	1.000104	6117.442030	4078.719232	-0.009877	0.691849	-51.553170	0.002000	1.216755	3.997731	-0.999955	0.000000
6.613012	1.000104	6117.442047	4078.719251	-0.023664	1.571540	-51.553170	0.002000	1.216755	3.997731	-0.999955	0.000000
6.633012	1.000104	6117.442085	4078.719296	-0.052117	3.194439	-51.553170	0.002000	1.216755	3.997731	-0.999955	0.000000
6.653012	1.000104	6117.442163	4078.719395	-0.100485	5.294523	-51.553170	0.002000	1.216755	3.997731	-0.999955	0.000000
6.673012	1.000104	6117.442298	4078.719580	-0.147012	4.615612	-51.553171	0.002000	1.216755	3.997731	-0.999955	0.000000
6.693012	1.000104	6117.442434	4078.719834	-0.044998	-13.384646	-51.553171	0.002000	1.216755	3.997731	-0.999955	0.000000
6.713012	1.000104	6117.442184	4078.719829	0.792063	-99.126179	-51.553171	0.002000	1.216755	3.997731	-0.999955	0.000000
6.733012	1.000104	6117.439991	4078.718047	4.288936	-404.817517	-51.553169	0.002000	1.216755	3.997730	-0.999955	0.000000
6.753012	1.000103	6117.430712	4078.709140	16.035815	-1346.106260	-51.553157	0.002000	1.216755	3.997730	-0.999955	0.000000
6.773012	1.000100	6117.399335	4078.676788	50.801230	-3965.645707	-51.553110	0.002000	1.216755	3.997728	-0.999957	0.000000
6.793012	1.000090	6117.305900	4078.576009	144.462353	-10679.426130	-51.552958	0.002000	1.216755	3.997721	-0.999961	0.000000
6.813012	1.000061	6117.052288	4078.292842	377.367230	-26658.151759	-51.552523	0.002000	1.216755	3.997704	-0.999973	0.000000
6.833014	0.999982	6116.415190	4077.560112	915.035134	-62078.201150	-51.551379	0.002000	1.216755	3.997659	-1.000007	0.000000
6.853017	0.999785	6114.923563	4075.797165	2068.962525	-135190.885197	-51.548586	0.002000	1.216755	3.997555	-1.000091	0.000000
6.873025	0.999332	6111.659191	4071.836640	4367.913501	-275374.801302	-51.542239	0.002001	1.216755	3.997326	-1.000284	0.000000
6.893046	0.998355	6104.977142	4063.519285	8606.647886	-524006.735953	-51.528765	0.002003	1.216755	3.996857	-1.000703	0.000000
6.913092	0.996385	6092.190596	4047.196034	15806.411337	-929674.015600	-51.502061	0.002007	1.216755	3.995957	-1.001551	0.000000
6.933190	0.992678	6069.329607	4017.299414	27011.201609	-1534930.460559	-51.452658	0.002015	1.216755	3.994339	-1.003153	0.000000
6.953382	0.986172	6031.131299	3966.262645	42916.651946	-2356142.438519	-51.367355	0.002028	1.216755	3.991617	-1.005984	0.000000
6.973742	0.975518	5971.322341	3885.032101	63404.172062	-3365194.736337	-51.229899	0.002050	1.216755	3.987314	-1.010668	0.000000
6.994374	0.959252	5882.986956	3764.347790	87289.239348	-4488636.620324	-51.022416	0.002085	1.216755	3.980871	-1.017929	0.000000
7.015428	0.935937	5758.832005	3595.983054	112540.699255	-5622692.058001	-50.728066	0.002137	1.216755	3.971639	-1.028569	0.000000
7.037105	0.904352	5590.761454	3373.849472	136628.495202	-6658831.119723	-50.332584	0.002212	1.216755	3.958807	-1.043429	0.000000
7.059664	0.863356	5371.782746	3095.306725	157614.612371	-7489224.154903	-49.822472	0.002317	1.216755	3.941484	-1.063529	0.000000
7.083463	0.811119	5101.481175	2762.152140	174383.720370	-7970570.492077	-49.186244	0.002466	1.216755	3.919087	-1.090587	0.000000
7.109062	0.746134	4796.126804	2389.107939	186113.791834	-8009871.056480	-48.397039	0.002680	1.216755	3.892297	-1.126809	0.000000
7.137268	0.665697	4500.302657	2000.283198	194732.517819	-7571731.911182	-47.413776	0.003004	1.216755	3.864650	-1.176306	0.000000
7.169651	0.570215	4264.410864	1623.701906	199250.628656	-6787029.014582	-46.166158	0.003507	1.216755	3.841254	-1.243496	0.000000
7.208597	0.463847	4157.597750	1287.793155	201854.656462	-5892392.223203	-44.455981	0.004312	1.216755	3.830211	-1.333114	0.000000
7.258624	0.335766	4204.739647	942.824899	209929.077899	-4835093.904712	-42.116776	0.005957	1.216755	3.835069	-1.473386	0.000000
7.340187	0.199587	5083.545970	677.556018	212907.767299	-3333037.727603	-37.242435	0.010021	1.216755	3.917424	-1.699227	0.000000
-0.002999	3.337779	103498.189020	230303.509349	-14.067739	0.000000	0.001096	0.000599	0.000000	5.226098	-0.476546	0.000000
-0.008989	3.347012	103184.288802	230239.648447	-30.683882	0.000000	0.003228	0.000598	0.000000	5.224779	-0.475347	0.000000
-0.014954	3.364931	102579.035757	230114.531509	-19.198573	0.000000	0.005161	0.000594	0.000000	5.222223	-0.473027	0.000000
-0.020880	3.390478	101726.589737	229934.837227	20.243295	0.000000	0.006716	0.000590	0.000000	5.218598	-0.469742	0.000000
-0.026755	3.422077	100690.283647	229713.510166	70.753228	0.000000	0.007688	0.000584	0.000000	5.214150	-0.465712	0.000000
-0.032572	3.457696	99547.765349	229470.644420	106.606083	0.000000	0.007901	0.000578	0.000000	5.209192	-0.461213	0.000000
-0.038326	3.494998	98382.909331	229231.878005	106.188615	0.000000	0.007273	0.000572	0.000000	5.204078	-0.456551	0.000000
-0.044019	3.531570	97275.995207	229024.283821	61.980280	0.000000	0.005866	0.000566	0.000000	5.199162	-0.452029	0.000000
-0.049654	3.565201	96293.900369	228870.932581	-16.180082	0.000000	0.003891	0.000561	0.000000	5.194754	-0.447912	0.000000
-0.055239	3.594158	95482.628643	228785.940506	-105.900523	0.000000	0.001666	0.000556	0.000000	5.191080	-0.444399	0.000000
-0.060783	3.617383	94863.612628	228771.652380	-181.630791	0.000000	-0.000455	0.000553	0.000000	5.188256	-0.441602	0.000000
-0.066296	3.634573	94434.338567	228818.806293	-224.448468	0.000000	-0.002168	0.000550	0.000000	5.186287	-0.439544	0.000000
-0.071788	3.646110	94172.735483	228909.495781	-228.045420	0.000000	-0.003280	0.000549	0.000000	5.185084	-0.438169	0.000000
-0.077267	3.652888	94044.076025	229021.878689	-199.275972	0.000000	-0.003740	0.000548	0.000000	5.184492	-0.437363	0.000000
-0.082738	3.656067	94008.724592	229135.160902	-153.880683	0.000000	-0.003630	0.000547	0.000000	5.184330	-0.436987	0.000000
-0.088208	3.656843	94029.105569	229233.488077	-109.893487	0.000000	-0.003117	0.000547	0.000000	5.184425	-0.436895	0.000000
-0.093678	3.656260	94074.650822	229307.912157	-81.222110	0.000000	-0.002405	0.000547	0.000000	5.184635	-0.436965	0.000000
