0.002999	3.337938	103492.761901	230302.418125	-12.795483	-3211822.867676	-0.001099	0.000599	1.216755	5.226075	-0.476525	0.000000
0.008989	3.347162	103179.080828	230238.344959	-27.426581	-3078361.600755	-0.003234	0.000598	1.216755	5.224757	-0.475327	0.000000
0.014953	3.365060	102574.410010	230112.989880	-15.363731	-2728612.887156	-0.005165	0.000594	1.216755	5.222204	-0.473011	0.000000
0.020879	3.390572	101723.087730	229933.298006	23.186902	-2060343.482047	-0.006711	0.000590	1.216755	5.218583	-0.469730	0.000000
0.026754	3.422121	100688.511638	229712.407883	72.013402	-1037712.728244	-0.007673	0.000584	1.216755	5.214142	-0.465706	0.000000
0.032571	3.457678	99548.179705	229470.419530	106.453643	250283.528039	-0.007878	0.000578	1.216755	5.209194	-0.461215	0.000000
0.038325	3.494916	98385.606024	229232.766602	105.754144	1592369.078706	-0.007250	0.000572	1.216755	5.204090	-0.456561	0.000000
0.044018	3.531432	97280.606935	229026.187859	62.666000	2717610.629751	-0.005853	0.000566	1.216755	5.199183	-0.452046	0.000000
0.049653	3.565027	96299.650027	228873.428280	-13.363263	3386433.149276	-0.003894	0.000561	1.216755	5.194780	-0.447933	0.000000
0.055238	3.593975	95488.518171	228788.416191	-100.726419	3469523.881749	-0.001688	0.000556	1.216755	5.191107	-0.444421	0.000000
0.060783	3.617220	94868.675308	228773.511872	-174.658645	2984972.551697	0.000417	0.000553	1.216755	5.188279	-0.441621	0.000000
0.066296	3.634450	94437.868351	228819.654130	-216.666339	2085088.966399	0.002120	0.000550	1.216755	5.186304	-0.439559	0.000000
0.071788	3.646041	94174.424810	228909.237474	-220.396553	1003161.969306	0.003231	0.000549	1.216755	5.185092	-0.438177	0.000000
0.077267	3.652871	94044.031449	229020.710512	-192.301788	-17864.154029	0.003698	0.000548	1.216755	5.184492	-0.437365	0.000000
0.082739	3.656093	94007.371709	229133.468431	-147.547993	-790228.909871	0.003597	0.000547	1.216755	5.184324	-0.436984	0.000000
0.088208	3.656896	94027.027712	229231.703168	-103.698000	-1220389.599161	0.003094	0.000547	1.216755	5.184415	-0.436889	0.000000
0.093678	3.656323	94072.419817	229306.384436	-74.571093	-1314062.139888	0.002388	0.000547	1.216755	5.184625	-0.436957	0.000000
0.099149	3.655169	94122.210129	229355.239202	-66.621579	-1151796.690994	0.001663	0.000547	1.216755	5.184855	-0.437094	0.000000
0.104622	3.653950	94164.304109	229381.206028	-79.077309	-849025.550215	0.001048	0.000547	1.216755	5.185048	-0.437239	0.000000
0.110097	3.652936	94194.133993	229390.161957	-105.905536	-516760.426879	0.000612	0.000548	1.216755	5.185185	-0.437359	0.000000
0.115574	3.652216	94212.138524	229388.708043	-138.446371	-234835.396885	0.000364	0.000548	1.216755	5.185268	-0.437444	0.000000
0.121051	3.651764	94221.269514	229382.554690	-170.445610	-42474.085192	0.000273	0.000548	1.216755	5.185310	-0.437498	0.000000
0.126529	3.651508	94225.065898	229375.704905	-198.314017	56805.830609	0.000291	0.000548	1.216755	5.185327	-0.437528	0.000000
0.132006	3.651367	94226.494711	229370.338829	-217.999997	82870.984595	0.000368	0.000548	1.216755	5.185334	-0.437545	0.000000
0.137485	3.651277	94227.491500	229367.172199	-233.646146	64087.487155	0.000467	0.000548	1.216755	5.185338	-0.437555	0.000000
0.142963	3.651200	94228.991595	229366.009988	-250.682383	26038.943319	0.000564	0.000548	1.216755	5.185345	-0.437564	0.000000
0.148441	3.651118	94231.203148	229366.230178	-257.732565	-11684.510709	0.000649	0.000548	1.216755	5.185355	-0.437574	0.000000
0.153919	3.651027	94233.930879	229367.168150	-269.596189	-39730.231639	0.000719	0.000548	1.216755	5.185368	-0.437585	0.000000
0.159398	3.650932	94236.854879	229368.369481	-303.636458	-59267.872863	0.000784	0.000548	1.216755	5.185382	-0.437596	0.000000
0.164877	3.650841	94239.687361	229369.505287	-296.121306	-66923.916654	0.000847	0.000548	1.216755	5.185395	-0.437607	0.000000
0.170355	3.650757	94242.219208	229370.402846	-303.049256	-65707.609859	0.000896	0.000548	1.216755	5.185406	-0.437617	0.000000
0.175834	3.650686	94244.379546	229371.261477	-408.450093	-74772.899555	0.000967	0.000548	1.216755	5.185416	-0.437626	0.000000
0.181313	3.650628	94246.179479	229371.950217	-313.375376	-71693.020019	0.001052	0.000548	1.216755	5.185425	-0.437632	0.000000
0.186793	3.650578	94247.569324	229372.196470	-256.744277	-52165.854862	0.001067	0.000548	1.216755	5.185431	-0.437638	0.000000
0.192272	3.650546	94248.665621	229372.928983	-665.710099	-91648.018370	0.001166	0.000548	1.216755	5.185436	-0.437642	0.000000
0.197751	3.650518	94249.621005	229373.335363	-149.048958	-78942.942166	0.001311	0.000548	1.216755	5.185440	-0.437646	0.000000
0.203230	3.650475	94250.083018	229371.673646	289.912564	23709.020532	0.001090	0.000548	1.216755	5.185442	-0.437651	0.000000
0.208710	3.650463	94250.358498	229371.884953	-1489.984184	-139385.340559	0.001195	0.000548	1.216755	5.185444	-0.437652	0.000000
0.214189	3.650424	94250.984441	229370.141859	982.772621	-69649.037214	0.001507	0.000548	1.216755	5.185447	-0.437658	0.000000
0.219668	3.650263	94250.122761	229357.313279	3573.010035	465806.963529	0.000016	0.000548	1.216755	5.185442	-0.437678	0.000000
0.225148	3.650188	94248.880749	229350.760643	-4347.919100	-210188.679670	-0.000200	0.000548	1.216755	5.185437	-0.437685	0.000000
0.230628	3.649932	94249.765702	229332.770590	7281.142986	135806.506229	0.000532	0.000548	1.216755	5.185441	-0.437723	0.000000
0.236108	3.648995	94243.995210	229255.714255	21842.778475	2870152.264947	-0.007592	0.000548	1.216755	5.185410	-0.437838	0.000000
0.241591	3.648271	94235.666378	229194.194385	-12973.368331	129328.061993	-0.011049	0.000548	1.216755	5.185376	-0.437920	0.000000
0.247073	3.646489	94236.715372	229064.049709	42248.449703	1898729.710511	-0.010470	0.000548	1.216755	5.185378	-0.438169	0.000000
0.252560	3.640967	94205.260094	228615.072353	123530.400463	16007074.550270	-0.053796	0.000549	1.216755	5.185211	-0.438854	0.000000
0.258061	3.635415	94154.542539	228154.886776	-24906.882651	5825403.404667	-0.082791	0.000550	1.216755	5.184993	-0.439511	0.000000
0.263563	3.623761	94140.450795	227281.308771	240087.085406	15645571.002889	-0.096504	0.000552	1.216755	5.184913	-0.441097	0.000000
0.269094	3.591619	93959.313809	224674.049164	702831.339934	92307740.329930	-0.330670	0.000557	1.216755	5.183956	-0.445151	0.000000
0.274701	3.554039	93624.232353	221538.373531	103163.873690	68144873.812539	-0.547348	0.000563	1.216755	5.182442	-0.449741	0.000000
0.280344	3.487422	93384.707057	216320.407881	1281389.841171	134924680.003092	-0.698800	0.000573	1.216755	5.181224	-0.458875	0.000000
0.286148	3.322293	92154.544600	202463.060474	4127205.725938	640043272.594907	-1.955434	0.000602	1.216755	5.174656	-0.481058	0.000000
0.292406	3.136287	89389.611708	185472.687971	1555930.484837	777644043.368816	-3.532816	0.000638	1.216755	5.161167	-0.505636	0.000000
0.298930	2.952494	86629.253096	168296.194591	2888373.305363	1007987685.587453	-3.949425	0.000677	1.216755	5.147112	-0.533786	0.000000
0.305915	2.498688	79315.724377	126819.078419	21379497.788119	3931412430.118886	-8.527915	0.000800	1.216755	5.103174	-0.612738	0.000000
0.315406	1.837714	57454.197090	64852.568377	37874709.901509	8194663968.287141	-22.686113	0.001088	1.216755	4.948999	-0.749820	0.000000
0.329397	1.336984	29066.747400	23375.253538	26989076.837356	6487517560.798396	-38.430196	0.001496	1.216755	4.640452	-0.884444	0.000000
0.347013	1.104128	12353.236523	8358.905492	11439331.023750	2578786850.159052	-47.380628	0.001811	1.216755	4.271126	-0.961725	0.000000
0.366340	1.026055	7124.006081	4736.745216	3140864.116734	520970220.524361	-50.598130	0.001949	1.216755	4.053003	-0.990271	0.000000
0.386198	1.005501	6241.236084	4165.646899	624285.826484	65338121.992642	-51.380414	0.001989	1.216755	4.004890	-0.997956	0.000000
0.406174	1.001059	6133.612342	4090.956656	104173.783619	8126444.228248	-51.526495	0.001998	1.216755	3.998682	-0.999606	0.000000
0.426170	1.000250	6119.743738	4080.494168	14662.771132	1132485.305564	-51.549664	0.002000	1.216755	3.997867	-0.999902	0.000000
0.446170	1.000124	6117.772068	4078.967074	1765.670527	164762.470703	-51.552772	0.002000	1.216755	3.997750	-0.999948	0.000000
0.466170	1.000106	6117.487062	4078.751449	184.371148	23173.231351	-51.553131	0.002000	1.216755	3.997733	-0.999954	0.000000
0.486170	1.000104	6117.447736	4078.723087	16.514998	3042.541636	-51.553167	0.002000	1.216755	3.997731	-0.999955	0.000000
0.506170	1.000104	6117.442690	4078.719648	1.256624	368.963288	-51.553170	0.002000	1.216755	3.997731	-0.999955	0.000000
0.526170	1.000104	6117.442092	4078.719264	0.086729	41.351116	-51.553170	0.002000	1.216755	3.997731	-0.999955	0.000000
0.546170	1.000104	6117.442027	4078.719224	0.007871	4.327329	-51.553170	0.002000	1.216755	3.997731	-0.999955	0.000000
0.566170	1.000104	6117.442020	4078.719220	0.001340	0.434683	-51.553170	0.002000	1.216755	3.997731	-0.999955	0.000000
0.586170	1.000104	6117.442019	4078.719220	0.000275	0.044325	-51.553170	0.002000	1.216755	3.997731	-0.999955	0.000000
0.606170	1.000104	6117.442019	4078.719220	0.000050	0.004954	-51.553170	0.002000	1.216755	3.997731	-0.999955	0.000000
0.626170	1.000104	6117.442019	4078.719219	0.000008	0.000631	-51.553170	0.002000	1.216755	3.997731	-0.999955	0.000000
0.646170	1.000104	6117.442019	4078.719219	0.000001	0.000088	-51.553170	0.002000	1.216755	3.997731	-0.999955	0.000000
0.666170	1.000104	6117.442019	4078.719219	0.000000	0.000013	-51.553170	0.002000	1.216755	3.997731	-0.999955	0.000000
0.686170	1.000104	6117.442019	4078.719219	0.000000	0.000002	-51.553170	0.002000	1.216755	3.997731	-0.999955	0.000000
0.706170	1.000104	6117.442019	4078.719219	-0.000000	0.000001	-51.553170	0.002000	1.216755	3.997731	-0.999955	0.000000
0.726170	1.000104	6117.442019	4078.719219	-0.000000	-0.000000	-51.553170	0.002000	1.216755	3.997731	-0.999955	0.000000
0.746170	1.000104	6117.442019	4078.719219	-0.000000	-0.000001	-51.553170	0.002000	1.216755	3.997731	-0.999955	0.000000
0.766170	1.000104	6117.442019	4078.719219	0.000000	-0.000001	-51.553170	0.002000	1.216755	3.997731	-0.999955	0.000000
0.786170	1.000104	6117.442019	4078.719219	0.000000	0.000001	-51.553170	0.002000	1.216755	3.997731	-0.999955	0.000000
0.806170	1.000104	6117.442019	4078.719219	-0.000000	0.000000	-51.553170	0.002000	1.216755	3.997731	-0.999955	0.000000
0.826170	1.000104	6117.442019	4078.719219	-0.000000	0.000000	-51.553170	0.002000	1.216755	3.997731	-0.999955	0.000000
0.846170	1.000104	6117.442019	4078.719219	-0.000000	0.000000	-51.553170	0.002000	1.216755	3.997731	-0.999955	0.000000
0.866170	1.000104	6117.442019	4078.719219	-0.000000	-0.000000	-51.553170	0.002000	1.216755	3.997731	-0.999955	0.000000
0.886170	1.000104	6117.442019	4078.719219	-0.000000	-0.000001	-51.553170	0.002000	1.216755	3.997731	-0.999955	0.000000
0.906170	1.000104	6117.442019	4078.719219	0.000000	-0.000001	-51.553170	0.002000	1.216755	3.997731	-0.999955	0.000000
0.926170	1.000104	6117.442019	4078.719219	0.000000	0.000000	-51.553170	0.002000	1.216755	3.997731	-0.999955	0.000000
0.946170	1.000104	6117.442019	4078.719219	-0.000000	0.000000	-51.553170	0.002000	1.216755	3.997731	-0.999955	0.000000
0.966170	1.000104	6117.442019	4078.719219	0.000000	-0.000001	-51.553170	0.002000	1.216755	3.997731	-0.999955	0.000000
0.986170	1.000104	6117.442019	4078.719219	0.000000	-0.000000	-51.553170	0.002000	1.216755	3.997731	-0.999955	0.000000
1.006170	1.000104	6117.442019	4078.719219	0.000000	-0.000000	-51.553170	0.002000	1.216755	3.997731	-0.999955	0.000000
1.026170	1.000104	6117.442019	4078.719219	0.000000	0.000001	-51.553170	0.002000	1.216755	3.997731	-0.999955	0.000000
1.046170	1.000104	6117.442019	4078.719219	-0.000000	0.000001	-51.553170	0.002000	1.216755	3.997731	-0.999955	0.000000
1.066170	1.000104	6117.442019	4078.719219	-0.000000	-0.000000	-51.553170	0.002000	1.216755	3.997731	-0.999955	0.000000
1.086170	1.000104	6117.442019	4078.719219	-0.000000	-0.000000	-51.553170	0.002000	1.216755	3.997731	-0.999955	0.000000
1.106170	1.000104	6117.442019	4078.719219	0.000000	-0.000001	-51.553170	0.002000	1.216755	3.997731	-0.999955	0.000000
1.126170	1.000104	6117.442019	4078.719219	0.000000	0.000001	-51.553170	0.002000	1.216755	3.997731	-0.999955	0.000000
1.146170	1.000104	6117.442019	4078.719219	-0.000000	0.000000	-51.553170	0.002000	1.216755	3.997731	-0.999955	0.000000
1.166170	1.000104	6117.442019	4078.719219	-0.000000	0.000000	-51.553170	0.002000	1.216755	3.997731	-0.999955	0.000000
1.186170	1.000104	6117.442019	4078.719219	-0.000000	-0.000000	-51.553170	0.002000	1.216755	3.997731	-0.999955	0.000000
1.206170	1.000104	6117.442019	4078.719219	0.000000	-0.000001	-51.553170	0.002000	1.216755	3.997731	-0.999955	0.000000
1.226170	1.000104	6117.442019	4078.719219	0.000000	0.000000	-51.553170	0.002000	1.216755	3.997731	-0.999955	0.000000
1.246170	1.000104	6117.442019	4078.719219	0.000000	0.000001	-51.553170	0.002000	1.216755	3.997731	-0.999955	0.000000
1.266170	1.000104	6117.442019	4078.719219	-0.000000	0.000000	-51.553170	0.002000	1.216755	3.997731	-0.999955	0.000000
1.286170	1.000104	6117.442019	4078.719219	-0.000000	-0.000000	-51.553170	0.002000	1.216755	3.997731	-0.999955	0.000000
1.306170	1.000104	6117.442019	4078.719219	0.000000	-0.000000	-51.553170	0.002000	1.216755	3.997731	-0.999955	0.000000
1.326170	1.000104	6117.442019	4078.719219	0.000000	-0.000000	-51.553170	0.002000	1.216755	3.997731	-0.999955	0.000000
1.346170	1.000104	6117.442019	4078.719219	0.000000	-0.000000	-51.553170	0.002000	1.216755	3.997731	-0.999955	0.000000
1.366170	1.000104	6117.442019	4078.719219	0.000000	-0.000000	-51.553170	0.002000	1.216755	3.997731	-0.999955	0.000000
1.386170	1.000104	6117.442019	4078.719219	0.000000	-0.000000	-51.553170	0.002000	1.216755	3.997731	-0.999955	0.000000
1.406170	1.000104	6117.442019	4078.719219	0.000000	-0.000000	-51.553170	0.002000	1.216755	3.997731	-0.999955	0.000000
1.426170	1.000104	6117.442019	4078.719219	0.000000	0.000000	-51.553170	0.002000	1.216755	3.997731	-0.999955	0.000000
1.446170	1.000104	6117.442019	4078.719219	0.000000	-0.000000	-51.553170	0.002000	1.216755	3.997731	-0.999955	0.000000
1.466170	1.000104	6117.442019	4078.719219	0.000000	-0.000000	-51.553170	0.002000	1.216755	3.997731	-0.999955	0.000000
1.486170	1.000104	6117.442019	4078.719219	0.000000	-0.000000	-51.553170	0.002000	1.216755	3.997731	-0.999955	0.000000
1.506170	1.000104	6117.442019	4078.719219	0.000000	-0.000000	-51.553170	0.002000	1.216755	3.997731	-0.999955	0.000000
1.526170	1.000104	6117.442019	4078.719219	0.000000	-0.000000	-51.553170	0.002000	1.216755	3.997731	-0.999955	0.000000
1.546170	1.000104	6117.442019	4078.719219	0.000000	-0.000000	-51.553170	0.002000	1.216755	3.997731	-0.999955	0.000000
1.566170	1.000104	6117.442019	4078.719219	-0.000000	-0.000000	-51.553170	0.002000	1.216755	3.997731	-0.999955	0.000000
1.586170	1.000104	6117.442019	4078.719219	-0.000000	-0.000000	-51.553170	0.002000	1.216755	3.997731	-0.999955	0.000000
1.606170	1.000104	6117.442019	4078.719219	-0.000000	-0.000000	-51.553170	0.002000	1.216755	3.997731	-0.999955	0.000000
1.626170	1.000104	6117.442019	4078.719219	-0.000000	-0.000000	-51.553170	0.002000	1.216755	3.997731	-0.999955	0.000000
1.646170	1.000104	6117.442019	4078.719219	0.000000	0.000000	-51.553170	0.002000	1.216755	3.997731	-0.999955	0.000000
1.666170	1.000104	6117.442019	4078.719219	0.000000	0.000001	-51.553170	0.002000	1.216755	3.997731	-0.999955	0.000000
1.686170	1.000104	6117.442019	4078.719219	-0.000000	0.000001	-51.553170	0.002000	1.216755	3.997731	-0.999955	0.000000
1.706170	1.000104	6117.442019	4078.719219	-0.000000	-0.000001	-51.553170	0.002000	1.216755	3.997731	-0.999955	0.000000
1.726170	1.000104	6117.442019	4078.719219	0.000000	-0.000001	-51.553170	0.002000	1.216755	3.997731	-0.999955	0.000000
1.746170	1.000104	6117.442019	4078.719219	0.000000	0.000000	-51.553170	0.002000	1.216755	3.997731	-0.999955	0.000000
1.766170	1.000104	6117.442019	4078.719219	0.000000	0.000001	-51.553170	0.002000	1.216755	3.997731	-0.999955	0.000000
1.786170	1.000104	6117.442019	4078.719219	-0.000000	-0.000000	-51.553170	0.002000	1.216755	3.997731	-0.999955	0.000000
1.806170	1.000104	6117.442019	4078.719219	-0.000000	-0.000001	-51.553170	0.002000	1.216755	3.997731	-0.999955	0.000000
1.826170	1.000104	6117.442019	4078.719219	0.000000	-0.000000	-51.553170	0.002000	1.216755	3.997731	-0.999955	0.000000
1.846170	1.000104	6117.442019	4078.719219	-0.000000	0.000000	-51.553170	0.002000	1.216755	3.997731	-0.999955	0.000000
1.866170	1.000104	6117.442019	4078.719219	-0.000000	-0.000000	-51.553170	0.002000	1.216755	3.997731	-0.999955	0.000000
1.886170	1.000104	6117.442019	4078.719219	-0.000000	-0.000000	-51.553170	0.002000	1.216755	3.997731	-0.999955	0.000000
1.906170	1.000104	6117.442019	4078.719219	0.000000	0.000000	-51.553170	0.002000	1.216755	3.997731	-0.999955	0.000000
1.926170	1.000104	6117.442019	4078.719219	-0.000000	0.000000	-51.553170	0.002000	1.216755	3.997731	-0.999955	0.000000
1.946170	1.000104	6117.442019	4078.719219	0.000000	-0.000001	-51.553170	0.002000	1.216755	3.997731	-0.999955	0.000000
1.966170	1.000104	6117.442019	4078.719219	0.000000	0.000001	-51.553170	0.002000	1.216755	3.997731	-0.999955	0.000000
1.986170	1.000104	6117.442019	4078.719219	-0.000000	0.000001	-51.553170	0.002000	1.216755	3.997731	-0.999955	0.000000
2.006170	1.000104	6117.442019	4078.719219	-0.000000	-0.000001	-51.553170	0.002000	1.216755	3.997731	-0.999955	0.000000
2.026170	1.000104	6117.442019	4078.719219	0.000000	0.000000	-51.553170	0.002000	1.216755	3.997731	-0.999955	0.000000
2.046170	1.000104	6117.442019	4078.719219	-0.000000	0.000001	-51.553170	0.002000	1.216755	3.997731	-0.999955	0.000000
2.066170	1.000104	6117.442019	4078.719219	-0.000000	-0.000001	-51.553170	0.002000	1.216755	3.997731	-0.999955	0.000000
2.086170	1.000104	6117.442019	4078.719219	0.000000	-0.000001	-51.553170	0.002000	1.216755	3.997731	-0.999955	0.000000
2.106170	1.000104	6117.442019	4078.719219	0.000000	-0.000000	-51.553170	0.002000	1.216755	3.997731	-0.999955	0.000000
2.126170	1.000104	6117.442019	4078.719219	0.000000	0.000000	-51.553170	0.002000	1.216755	3.997731	-0.999955	0.000000
2.146170	1.000104	6117.442019	4078.719219	-0.000000	0.000001	-51.553170	0.002000	1.216755	3.997731	-0.999955	0.000000
2.166170	1.000104	6117.442019	4078.719219	-0.000000	-0.000001	-51.553170	0.002000	1.216755	3.997731	-0.999955	0.000000
2.186170	1.000104	6117.442019	4078.719219	0.000000	0.000001	-51.553170	0.002000	1.216755	3.997731	-0.999955	0.000000
2.206170	1.000104	6117.442019	4078.719219	-0.000000	0.000001	-51.553170	0.002000	1.216755	3.997731	-0.999955	0.000000
2.226170	1.000104	6117.442019	4078.719219	-0.000000	0.000001	-51.553170	0.002000	1.216755	3.997731	-0.999955	0.000000
2.246170	1.000104	6117.442019	4078.719219	-0.000000	-0.000000	-51.553170	0.002000	1.216755	3.997731	-0.999955	0.000000
2.266170	1.000104	6117.442019	4078.719219	-0.000000	-0.000001	-51.553170	0.002000	1.216755	3.997731	-0.999955	0.000000
2.286170	1.000104	6117.442019	4078.719219	-0.000000	-0.000001	-51.553170	0.002000	1.216755	3.997731	-0.999955	0.000000
2.306170	1.000104	6117.442019	4078.719219	0.000000	-0.000001	-51.553170	0.002000	1.216755	3.997731	-0.999955	0.000000
2.326170	1.000104	6117.442019	4078.719219	0.000000	-0.000001	-51.553170	0.002000	1.216755	3.997731	-0.999955	0.000000
2.346170	1.000104	6117.442019	4078.719219	0.000000	0.000001	-51.553170	0.002000	1.216755	3.997731	-0.999955	0.000000
2.366170	1.000104	6117.442019	4078.719219	-0.000000	0.000003	-51.553170	0.002000	1.216755	3.997731	-0.999955	0.000000
2.386170	1.000104	6117.442019	4078.719219	-0.000000	0.000001	-51.553170	0.002000	1.216755	3.997731	-0.999955	0.000000
2.406170	1.000104	6117.442019	4078.719219	-0.000000	-0.000003	-51.553170	0.002000	1.216755	3.997731	-0.999955	0.000000
2.426170	1.000104	6117.442019	4078.719219	0.000000	-0.000002	-51.553170	0.002000	1.216755	3.997731	-0.999955	0.000000
2.446170	1.000104	6117.442019	4078.719219	0.000000	0.000000	-51.553170	0.002000	1.216755	3.997731	-0.999955	0.000000
2.466170	1.000104	6117.442019	4078.719219	-0.000000	0.000002	-51.553170	0.002000	1.216755	3.997731	-0.999955	0.000000
2.486170	1.000104	6117.442019	4078.719219	-0.000000	-0.000000	-51.553170	0.002000	1.216755	3.997731	-0.999955	0.000000
2.506170	1.000104	6117.442019	4078.719219	0.000000	-0.000001	-51.553170	0.002000	1.216755	3.997731	-0.999955	0.000000
2.526170	1.000104	6117.442019	4078.719219	0.000000	0.000000	-51.553170	0.002000	1.216755	3.997731	-0.999955	0.000000
2.546170	1.000104	6117.442019	4078.719219	-0.000000	0.000000	-51.553170	0.002000	1.216755	3.997731	-0.999955	0.000000
2.566170	1.000104	6117.442019	4078.719219	-0.000000	0.000000	-51.553170	0.002000	1.216755	3.997731	-0.999955	0.000000
2.586170	1.000104	6117.442019	4078.719219	-0.000000	0.000000	-51.553170	0.002000	1.216755	3.997731	-0.999955	0.000000
2.606170	1.000104	6117.442019	4078.719219	0.000000	0.000000	-51.553170	0.002000	1.216755	3.997731	-0.999955	0.000000
2.626170	1.000104	6117.442019	4078.719219	0.000000	0.000000	-51.553170	0.002000	1.216755	3.997731	-0.999955	0.000000
2.646170	1.000104	6117.442019	4078.719219	0.000000	0.000000	-51.553170	0.002000	1.216755	3.997731	-0.999955	0.000000
2.666170	1.000104	6117.442019	4078.719219	0.000000	0.000000	-51.553170	0.002000	1.216755	3.997731	-0.999955	0.000000
2.686170	1.000104	6117.442019	4078.719219	0.000000	0.000000	-51.553170	0.002000	1.216755	3.997731	-0.999955	0.000000
2.706170	1.000104	6117.442019	4078.719219	0.000000	0.000000	-51.553170	0.002000	1.216755	3.997731	-0.999955	0.000000
2.726170	1.000104	6117.442019	4078.719219	0.000000	0.000000	-51.553170	0.002000	1.216755	3.997731	-0.999955	0.000000
2.746170	1.000104	6117.442019	4078.719219	0.000000	0.000000	-51.553170	0.002000	1.216755	3.997731	-0.999955	0.000000
2.766170	1.000104	6117.442019	4078.719219	0.000000	0.000000	-51.553170	0.002000	1.216755	3.997731	-0.999955	0.000000
2.786170	1.000104	6117.442019	4078.719219	0.000000	0.000000	-51.553170	0.002000	1.216755	3.997731	-0.999955	0.000000
2.806170	1.000104	6117.442019	4078.719219	0.000000	0.000000	-51.553170	0.002000	1.216755	3.997731	-0.999955	0.000000
2.826170	1.000104	6117.442019	4078.719219	0.000000	0.000000	-51.553170	0.002000	1.216755	3.997731	-0.999955	0.000000
2.846170	1.000104	6117.442019	4078.719219	0.000000	0.000000	-51.553170	0.002000	1.216755	3.997731	-0.999955	0.000000
2.866170	1.000104	6117.442019	4078.719219	0.000000	0.000000	-51.553170	0.002000	1.216755	3.997731	-0.999955	0.000000
2.886170	1.000104	6117.442019	4078.719219	0.000000	0.000000	-51.553170	0.002000	1.216755	3.997731	-0.999955	0.000000
2.906170	1.000104	6117.442019	4078.719219	0.000000	0.000000	-51.553170	0.002000	1.216755	3.997731	-0.999955	0.000000
2.926170	1.000104	6117.442019	4078.719219	0.000000	0.000000	-51.553170	0.002000	1.216755	3.997731	-0.999955	0.000000
2.946170	1.000104	6117.442019	4078.719219	0.000000	0.000000	-51.553170	0.002000	1.216755	3.997731	-0.999955	0.000000
2.966170	1.000104	6117.442019	4078.719219	0.000000	0.000000	-51.553170	0.002000	1.216755	3.997731	-0.999955	0.000000
2.986170	1.000104	6117.442019	4078.719219	0.000000	0.000000	-51.553170	0.002000	1.216755	3.997731	-0.999955	0.000000
3.006170	1.000104	6117.442019	4078.719219	0.000000	0.000000	-51.553170	0.002000	1.216755	3.997731	-0.999955	0.000000
3.026170	1.000104	6117.442019	4078.719219	0.000000	0.000000	-51.553170	0.002000	1.216755	3.997731	-0.999955	0.000000
3.046170	1.000104	6117.442019	4078.719219	0.000000	0.000000	-51.553170	0.002000	1.216755	3.997731	-0.999955	0.000000
3.066170	1.000104	6117.442019	4078.719219	0.000000	0.000000	-51.553170	0.002000	1.216755	3.997731	-0.999955	0.000000
3.086170	1.000104	6117.442019	4078.719219	0.000000	0.000000	-51.553170	0.002000	1.216755	3.997731	-0.999955	0.000000
3.106170	1.000104	6117.442019	4078.719219	0.000000	0.000000	-51.553170	0.002000	1.216755	3.997731	-0.999955	0.000000
3.126170	1.000104	6117.442019	4078.719219	0.000000	0.000000	-51.553170	0.002000	1.216755	3.997731	-0.999955	0.000000
3.146170	1.000104	6117.442019	4078.719219	0.000000	0.000000	-51.553170	0.002000	1.216755	3.997731	-0.999955	0.000000
3.166170	1.000104	6117.442019	4078.719219	0.000000	0.000000	-51.553170	0.002000	1.216755	3.997731	-0.999955	0.000000
3.186170	1.000104	6117.442019	4078.719219	0.000000	0.000000	-51.553170	0.002000	1.216755	3.997731	-0.999955	0.000000
3.206170	1.000104	6117.442019	4078.719219	0.000000	0.000000	-51.553170	0.002000	1.216755	3.997731	-0.999955	0.000000
3.226170	1.000104	6117.442019	4078.719219	0.000000	0.000000	-51.553170	0.002000	1.216755	3.997731	-0.999955	0.000000
3.246170	1.000104	6117.442019	4078.719219	0.000000	0.000000	-51.553170	0.002000	1.216755	3.997731	-0.999955	0.000000
3.266170	1.000104	6117.442019	4078.719219	0.000000	0.000000	-51.553170	0.002000	1.216755	3.997731	-0.999955	0.000000
3.286170	1.000104	6117.442019	4078.719219	0.000000	0.000000	-51.553170	0.002000	1.216755	3.997731	-0.999955	0.000000
3.306170	1.000104	6117.442019	4078.719219	0.000000	0.000000	-51.553170	0.002000	1.216755	3.997731	-0.999955	0.000000
3.326170	1.000104	6117.442019	4078.719219	0.000000	0.000000	-51.553170	0.002000	1.216755	3.997731	-0.999955	0.000000
3.346170	1.000104	6117.442019	4078.719219	0.000000	0.000000	-51.553170	0.002000	1.216755	3.997731	-0.999955	0.000000
3.366170	1.000104	6117.442019	4078.719219	0.000000	0.000000	-51.553170	0.002000	1.216755	3.997731	-0.999955	0.000000
3.386170	1.000104	6117.442019	4078.719219	0.000000	0.000000	-51.553170	0.002000	1.216755	3.997731	-0.999955	0.000000
3.406170	1.000104	6117.442019	4078.719219	0.000000	0.000000	-51.553170	0.002000	1.216755	3.997731	-0.999955	0.000000
3.426170	1.000104	6117.442019	4078.719219	0.000000	0.000000	-51.553170	0.002000	1.216755	3.997731	-0.999955	0.000000
3.446170	1.000104	6117.442019	4078.719219	0.000000	0.000000	-51.553170	0.002000	1.216755	3.997731	-0.999955	0.000000
3.466170	1.000104	6117.442019	4078.719219	0.000000	0.000000	-51.553170	0.002000	1.216755	3.997731	-0.999955	0.000000
3.486170	1.000104	6117.442019	4078.719219	0.000000	0.000000	-51.553170	0.002000	1.216755	3.997731	-0.999955	0.000000
3.506170	1.000104	6117.442019	4078.719219	0.000000	0.000000	-51.553170	0.002000	1.216755	3.997731	-0.999955	0.000000
3.526170	1.000104	6117.442019	4078.719219	0.000000	0.000000	-51.553170	0.002000	1.216755	3.997731	-0.999955	0.000000
3.546170	1.000104	6117.442019	4078.719219	0.000000	0.000000	-51.553170	0.002000	1.216755	3.997731	-0.999955	0.000000
3.566170	1.000104	6117.442019	4078.719219	0.000000	0.000000	-51.553170	0.002000	1.216755	3.997731	-0.999955	0.000000
3.586170	1.000104	6117.442019	4078.719219	0.000000	0.000000	-51.553170	0.002000	1.216755	3.997731	-0.999955	0.000000
3.606170	1.000104	6117.442019	4078.719219	0.000000	0.000000	-51.553170	0.002000	1.216755	3.997731	-0.999955	0.000000
3.626170	1.000104	6117.442019	4078.719219	0.000000	0.000000	-51.553170	0.002000	1.216755	3.997731	-0.999955	0.000000
3.646170	1.000104	6117.442019	4078.719219	0.000000	0.000000	-51.553170	0.002000	1.216755	3.997731	-0.999955	0.000000
3.666170	1.000104	6117.442019	4078.719219	0.000000	0.000000	-51.553170	0.002000	1.216755	3.997731	-0.999955	0.000000
3.686170	1.000104	6117.442019	4078.719219	0.000000	0.000000	-51.553170	0.002000	1.216755	3.997731	-0.999955	0.000000
3.706170	1.000104	6117.442019	4078.719219	0.000000	0.000000	-51.553170	0.002000	1.216755	3.997731	-0.999955	0.000000
3.726170	1.000104	6117.442019	4078.719219	0.000000	0.000000	-51.553170	0.002000	1.216755	3.997731	-0.999955	0.000000
3.746170	1.000104	6117.442019	4078.719219	0.000000	0.000000	-51.553170	0.002000	1.216755	3.997731	-0.999955	0.000000
3.766170	1.000104	6117.442019	4078.719219	0.000000	0.000000	-51.553170	0.002000	1.216755	3.997731	-0.999955	0.000000
3.786170	1.000104	6117.442019	4078.719219	0.000000	0.000000	-51.553170	0.002000	1.216755	3.997731	-0.999955	0.000000
3.806170	1.000104	6117.442019	4078.719219	0.000000	0.000000	-51.553170	0.002000	1.216755	3.997731	-0.999955	0.000000
3.826170	1.000104	6117.442019	4078.719219	0.000000	0.000000	-51.553170	0.002000	1.216755	3.997731	-0.999955	0.000000
3.846170	1.000104	6117.442019	4078.719219	0.000000	0.000000	-51.553170	0.002000	1.216755	3.997731	-0.999955	0.000000
3.866170	1.000104	6117.442019	4078.719219	0.000000	0.000000	-51.553170	0.002000	1.216755	3.997731	-0.999955	0.000000
3.886170	1.000104	6117.442019	4078.719219	0.000000	0.000000	-51.553170	0.002000	1.216755	3.997731	-0.999955	0.000000
3.906170	1.000104	6117.442019	4078.719219	0.000000	0.000000	-51.553170	0.002000	1.216755	3.997731	-0.999955	0.000000
3.926170	1.000104	6117.442019	4078.719219	0.000000	0.000000	-51.553170	0.002000	1.216755	3.997731	-0.999955	0.000000
3.946170	1.000104	6117.442019	4078.719219	0.000000	0.000000	-51.553170	0.002000	1.216755	3.997731	-0.999955	0.000000
3.966170	1.000104	6117.442019	4078.719219	0.000000	0.000000	-51.553170	0.002000	1.216755	3.997731	-0.999955	0.000000
3.986170	1.000104	6117.442019	4078.719219	0.000000	0.000000	-51.553170	0.002000	1.216755	3.997731	-0.999955	0.000000
4.006170	1.000104	6117.442019	4078.719219	0.000000	0.000000	-51.553170	0.002000	1.216755	3.997731	-0.999955	0.000000
4.026170	1.000104	6117.442019	4078.719219	0.000000	0.000000	-51.553170	0.002000	1.216755	3.997731	-0.999955	0.000000
4.046170	1.000104	6117.442019	4078.719219	0.000000	-0.000000	-51.553170	0.002000	1.216755	3.997731	-0.999955	0.000000
4.066170	1.000104	6117.442019	4078.719219	0.000000	0.000000	-51.553170	0.002000	1.216755	3.997731	-0.999955	0.000000
4.086170	1.000104	6117.442019	4078.719219	0.000000	0.000000	-51.553170	0.002000	1.216755	3.997731	-0.999955	0.000000
4.106170	1.000104	6117.442019	4078.719219	0.000000	0.000000	-51.553170	0.002000	1.216755	3.997731	-0.999955	0.000000
4.126170	1.000104	6117.442019	4078.719219	0.000000	0.000000	-51.553170	0.002000	1.216755	3.997731	-0.999955	0.000000
4.146170	1.000104	6117.442019	4078.719219	0.000000	0.000000	-51.553170	0.002000	1.216755	3.997731	-0.999955	0.000000
4.166170	1.000104	6117.442019	4078.719219	0.000000	0.000000	-51.553170	0.002000	1.216755	3.997731	-0.999955	0.000000
4.186170	1.000104	6117.442019	4078.719219	-0.000000	-0.000000	-51.553170	0.002000	1.216755	3.997731	-0.999955	0.000000
4.206170	1.000104	6117.442019	4078.719219	-0.000000	-0.000001	-51.553170	0.002000	1.216755	3.997731	-0.999955	0.000000
4.226170	1.000104	6117.442019	4078.719219	0.000000	-0.000001	-51.553170	0.002000	1.216755	3.997731	-0.999955	0.000000
4.246170	1.000104	6117.442019	4078.719219	0.000000	0.000001	-51.553170	0.002000	1.216755	3.997731	-0.999955	0.000000
4.266170	1.000104	6117.442019	4078.719219	-0.000000	0.000001	-51.553170	0.002000	1.216755	3.997731	-0.999955	0.000000
4.286170	1.000104	6117.442019	4078.719219	-0.000000	-0.000001	-51.553170	0.002000	1.216755	3.997731	-0.999955	0.000000
4.306170	1.000104	6117.442019	4078.719219	0.000000	-0.000000	-51.553170	0.002000	1.216755	3.997731	-0.999955	0.000000
4.326170	1.000104	6117.442019	4078.719219	0.000000	0.000001	-51.553170	0.002000	1.216755	3.997731	-0.999955	0.000000
4.346170	1.000104	6117.442019	4078.719219	-0.000000	0.000001	-51.553170	0.002000	1.216755	3.997731	-0.999955	0.000000
4.366170	1.000104	6117.442019	4078.719219	-0.000000	-0.000001	-51.553170	0.002000	1.216755	3.997731	-0.999955	0.000000
4.386170	1.000104	6117.442019	4078.719219	-0.000000	-0.000000	-51.553170	0.002000	1.216755	3.997731	-0.999955	0.000000
4.406170	1.000104	6117.442019	4078.719219	-0.000000	-0.000001	-51.553170	0.002000	1.216755	3.997731	-0.999955	0.000000
4.426170	1.000104	6117.442019	4078.719219	0.000000	0.000000	-51.553170	0.002000	1.216755	3.997731	-0.999955	0.000000
4.446170	1.000104	6117.442019	4078.719219	-0.000000	-0.000000	-51.553170	0.002000	1.216755	3.997731	-0.999955	0.000000
4.466170	1.000104	6117.442019	4078.719219	0.000000	-0.000002	-51.553170	0.002000	1.216755	3.997731	-0.999955	0.000000
4.486170	1.000104	6117.442019	4078.719219	0.000000	0.000001	-51.553170	0.002000	1.216755	3.997731	-0.999955	0.000000
4.506170	1.000104	6117.442019	4078.719219	-0.000000	0.000001	-51.553170	0.002000	1.216755	3.997731	-0.999955	0.000000
4.526170	1.000104	6117.442019	4078.719219	-0.000000	-0.000001	-51.553170	0.002000	1.216755	3.997731	-0.999955	0.000000
4.546170	1.000104	6117.442019	4078.719219	0.000000	-0.000001	-51.553170	0.002000	1.216755	3.997731	-0.999955	0.000000
4.566170	1.000104	6117.442019	4078.719219	0.000000	-0.000001	-51.553170	0.002000	1.216755	3.997731	-0.999955	0.000000
4.586170	1.000104	6117.442019	4078.719219	0.000000	0.000000	-51.553170	0.002000	1.216755	3.997731	-0.999955	0.000000
4.606170	1.000104	6117.442019	4078.719219	-0.000000	0.000001	-51.553170	0.002000	1.216755	3.997731	-0.999955	0.000000
4.626170	1.000104	6117.442019	4078.719219	-0.000000	0.000001	-51.553170	0.002000	1.216755	3.997731	-0.999955	0.000000
4.646170	1.000104	6117.442019	4078.719219	0.000000	0.000001	-51.553170	0.002000	1.216755	3.997731	-0.999955	0.000000
4.666170	1.000104	6117.442019	4078.719219	-0.000000	0.000001	-51.553170	0.002000	1.216755	3.997731	-0.999955	0.000000
4.686170	1.000104	6117.442019	4078.719219	-0.000000	-0.000001	-51.553170	0.002000	1.216755	3.997731	-0.999955	0.000000
4.706170	1.000104	6117.442019	4078.719219	0.000000	-0.000001	-51.553170	0.002000	1.216755	3.997731	-0.999955	0.000000
4.726170	1.000104	6117.442019	4078.719219	-0.000000	0.000000	-51.553170	0.002000	1.216755	3.997731	-0.999955	0.000000
4.746170	1.000104	6117.442019	4078.719219	0.000000	0.000002	-51.553170	0.002000	1.216755	3.997731	-0.999955	0.000000
4.766170	1.000104	6117.442019	4078.719219	-0.000000	0.000002	-51.553170	0.002000	1.216755	3.997731	-0.999955	0.000000
4.786170	1.000104	6117.442019	4078.719219	-0.000000	-0.000000	-51.553170	0.002000	1.216755	3.997731	-0.999955	0.000000
4.806170	1.000104	6117.442019	4078.719219	-0.000000	-0.000001	-51.553170	0.002000	1.216755	3.997731	-0.999955	0.000000
4.826170	1.000104	6117.442019	4078.719219	0.000000	-0.000001	-51.553170	0.002000	1.216755	3.997731	-0.999955	0.000000
4.846170	1.000104	6117.442019	4078.719219	-0.000000	0.000001	-51.553170	0.002000	1.216755	3.997731	-0.999955	0.000000
4.866170	1.000104	6117.442019	4078.719219	-0.000000	-0.000001	-51.553170	0.002000	1.216755	3.997731	-0.999955	0.000000
4.886170	1.000104	6117.442019	4078.719219	0.000000	-0.000001	-51.553170	0.002000	1.216755	3.997731	-0.999955	0.000000
4.906170	1.000104	6117.442019	4078.719219	-0.000000	0.000000	-51.553170	0.002000	1.216755	3.997731	-0.999955	0.000000
4.926170	1.000104	6117.442019	4078.719219	0.000000	-0.000003	-51.553170	0.002000	1.216755	3.997731	-0.999955	0.000000
4.946170	1.000104	6117.442019	4078.719219	0.000000	0.000002	-51.553170	0.002000	1.216755	3.997731	-0.999955	0.000000
4.966170	1.000104	6117.442019	4078.719219	0.000000	0.000003	-51.553170	0.002000	1.216755	3.997731	-0.999955	0.000000
4.986170	1.000104	6117.442019	4078.719219	-0.000000	0.000001	-51.553170	0.002000	1.216755	3.997731	-0.999955	0.000000
5.006170	1.000104	6117.442019	4078.719219	-0.000000	-0.000000	-51.553170	0.002000	1.216755	3.997731	-0.999955	0.000000
5.026170	1.000104	6117.442019	4078.719219	-0.000000	-0.000001	-51.553170	0.002000	1.216755	3.997731	-0.999955	0.000000
5.046170	1.000104	6117.442019	4078.719219	0.000000	-0.000000	-51.553170	0.002000	1.216755	3.997731	-0.999955	0.000000
5.066170	1.000104	6117.442019	4078.719219	0.000000	-0.000000	-51.553170	0.002000	1.216755	3.997731	-0.999955	0.000000
5.086170	1.000104	6117.442019	4078.719219	0.000000	-0.000000	-51.553170	0.002000	1.216755	3.997731	-0.999955	0.000000
5.106170	1.000104	6117.442019	4078.719219	0.000000	-0.000000	-51.553170	0.002000	1.216755	3.997731	-0.999955	0.000000
5.126170	1.000104	6117.442019	4078.719219	0.000000	-0.000000	-51.553170	0.002000	1.216755	3.997731	-0.999955	0.000000
5.146170	1.000104	6117.442019	4078.719219	0.000000	-0.000000	-51.553170	0.002000	1.216755	3.997731	-0.999955	0.000000
5.166170	1.000104	6117.442019	4078.719219	0.000000	-0.000000	-51.553170	0.002000	1.216755	3.997731	-0.999955	0.000000
5.186170	1.000104	6117.442019	4078.719219	0.000000	-0.000000	-51.553170	0.002000	1.216755	3.997731	-0.999955	0.000000
5.206170	1.000104	6117.442019	4078.719219	0.000000	-0.000000	-51.553170	0.002000	1.216755	3.997731	-0.999955	0.000000
5.226170	1.000104	6117.442019	4078.719219	0.000000	-0.000000	-51.553170	0.002000	1.216755	3.997731	-0.999955	0.000000
5.246170	1.000104	6117.442019	4078.719219	0.000000	-0.000000	-51.553170	0.002000	1.216755	3.997731	-0.999955	0.000000
5.266170	1.000104	6117.442019	4078.719219	0.000000	0.000000	-51.553170	0.002000	1.216755	3.997731	-0.999955	0.000000
5.286170	1.000104	6117.442019	4078.719219	0.000000	0.000000	-51.553170	0.002000	1.216755	3.997731	-0.999955	0.000000
5.306170	1.000104	6117.442019	4078.719219	0.000000	0.000000	-51.553170	0.002000	1.216755	3.997731	-0.999955	0.000000
5.326170	1.000104	6117.442019	4078.719219	0.000000	0.000000	-51.553170	0.002000	1.216755	3.997731	-0.999955	0.000000
5.346170	1.000104	6117.442019	4078.719219	0.000000	0.000000	-51.553170	0.002000	1.216755	3.997731	-0.999955	0.000000
5.366170	1.000104	6117.442019	4078.719219	0.000000	0.000000	-51.553170	0.002000	1.216755	3.997731	-0.999955	0.000000
5.386170	1.000104	6117.442019	4078.719219	0.000000	0.000000	-51.553170	0.002000	1.216755	3.997731	-0.999955	0.000000
5.406170	1.000104	6117.442019	4078.719219	0.000000	0.000000	-51.553170	0.002000	1.216755	3.997731	-0.999955	0.000000
5.426170	1.000104	6117.442019	4078.719219	0.000000	0.000000	-51.553170	0.002000	1.216755	3.997731	-0.999955	0.000000
5.446170	1.000104	6117.442019	4078.719219	0.000000	0.000000	-51.553170	0.002000	1.216755	3.997731	-0.999955	0.000000
5.466170	1.000104	6117.442019	4078.719219	0.000000	0.000000	-51.553170	0.002000	1.216755	3.997731	-0.999955	0.000000
5.486170	1.000104	6117.442019	4078.719219	0.000000	0.000000	-51.553170	0.002000	1.216755	3.997731	-0.999955	0.000000
5.506170	1.000104	6117.442019	4078.719219	0.000000	0.000000	-51.553170	0.002000	1.216755	3.997731	-0.999955	0.000000
5.526170	1.000104	6117.442019	4078.719219	0.000000	0.000000	-51.553170	0.002000	1.216755	3.997731	-0.999955	0.000000
5.546170	1.000104	6117.442019	4078.719219	0.000000	0.000000	-51.553170	0.002000	1.216755	3.997731	-0.999955	0.000000
5.566170	1.000104	6117.442019	4078.719219	0.000000	0.000000	-51.553170	0.002000	1.216755	3.997731	-0.999955	0.000000
5.586170	1.000104	6117.442019	4078.719219	0.000000	0.000000	-51.553170	0.002000	1.216755	3.997731	-0.999955	0.000000
5.606170	1.000104	6117.442019	4078.719219	0.000000	0.000000	-51.553170	0.002000	1.216755	3.997731	-0.999955	0.000000
5.626170	1.000104	6117.442019	4078.719219	0.000000	0.000000	-51.553170	0.002000	1.216755	3.997731	-0.999955	0.000000
5.646170	1.000104	6117.442019	4078.719219	0.000000	0.000000	-51.553170	0.002000	1.216755	3.997731	-0.999955	0.000000
5.666170	1.000104	6117.442019	4078.719219	0.000000	0.000000	-51.553170	0.002000	1.216755	3.997731	-0.999955	0.000000
5.686170	1.000104	6117.442019	4078.719219	0.000000	0.000000	-51.553170	0.002000	1.216755	3.997731	-0.999955	0.000000
5.706170	1.000104	6117.442019	4078.719219	0.000000	0.000000	-51.553170	0.002000	1.216755	3.997731	-0.999955	0.000000
5.726170	1.000104	6117.442019	4078.719219	0.000000	0.000000	-51.553170	0.002000	1.216755	3.997731	-0.999955	0.000000
5.746170	1.000104	6117.442019	4078.719219	0.000000	0.000000	-51.553170	0.002000	1.216755	3.997731	-0.999955	0.000000
5.766170	1.000104	6117.442019	4078.719219	0.000000	0.000000	-51.553170	0.002000	1.216755	3.997731	-0.999955	0.000000
5.786170	1.000104	6117.442019	4078.719219	0.000000	0.000000	-51.553170	0.002000	1.216755	3.997731	-0.999955	0.000000
5.806170	1.000104	6117.442019	4078.719219	0.000000	0.000000	-51.553170	0.002000	1.216755	3.997731	-0.999955	0.000000
5.826170	1.000104	6117.442019	4078.719219	0.000000	0.000000	-51.553170	0.002000	1.216755	3.997731	-0.999955	0.000000
5.846170	1.000104	6117.442019	4078.719219	0.000000	0.000000	-51.553170	0.002000	1.216755	3.997731	-0.999955	0.000000
5.866170	1.000104	6117.442019	4078.719219	0.000000	0.000000	-51.553170	0.002000	1.216755	3.997731	-0.999955	0.000000
5.886170	1.000104	6117.442019	4078.719219	0.000000	0.000000	-51.553170	0.002000	1.216755	3.997731	-0.999955	0.000000
5.906170	1.000104	6117.442019	4078.719219	0.000000	0.000000	-51.553170	0.002000	1.216755	3.997731	-0.999955	0.000000
5.926170	1.000104	6117.442019	4078.719219	0.000000	0.000000	-51.553170	0.002000	1.216755	3.997731	-0.999955	0.000000
5.946170	1.000104	6117.442019	4078.719219	0.000000	0.000000	-51.553170	0.002000	1.216755	3.997731	-0.999955	0.000000
5.966170	1.000104	6117.442019	4078.719219	0.000000	0.000000	-51.553170	0.002000	1.216755	3.997731	-0.999955	0.000000
5.986170	1.000104	6117.442019	4078.719219	0.000000	0.000000	-51.553170	0.002000	1.216755	3.997731	-0.999955	0.000000
6.006170	1.000104	6117.442019	4078.719219	0.000000	0.000000	-51.553170	0.002000	1.216755	3.997731	-0.999955	0.000000
6.026170	1.000104	6117.442019	4078.719219	0.000000	0.000000	-51.553170	0.002000	1.216755	3.997731	-0.999955	0.000000
6.046170	1.000104	6117.442019	4078.719219	0.000000	0.000000	-51.553170	0.002000	1.216755	3.997731	-0.999955	0.000000
6.066170	1.000104	6117.442019	4078.719219	0.000000	0.000000	-51.553170	0.002000	1.216755	3.997731	-0.999955	0.000000
6.086170	1.000104	6117.442019	4078.719219	0.000000	0.000000	-51.553170	0.002000	1.216755	3.997731	-0.999955	0.000000
6.106170	1.000104	6117.442019	4078.719219	0.000000	0.000000	-51.553170	0.002000	1.216755	3.997731	-0.999955	0.000000
6.126170	1.000104	6117.442019	4078.719219	0.000000	0.000000	-51.553170	0.002000	1.216755	3.997731	-0.999955	0.000000
6.146170	1.000104	6117.442019	4078.719219	0.000000	0.000000	-51.553170	0.002000	1.216755	3.997731	-0.999955	0.000000
6.166170	1.000104	6117.442019	4078.719219	0.000000	0.000000	-51.553170	0.002000	1.216755	3.997731	-0.999955	0.000000
6.186170	1.000104	6117.442019	4078.719219	0.000000	0.000000	-51.553170	0.002000	1.216755	3.997731	-0.999955	0.000000
6.206170	1.000104	6117.442019	4078.719219	0.000000	0.000000	-51.553170	0.002000	1.216755	3.997731	-0.999955	0.000000
6.226170	1.000104	6117.442019	4078.719219	0.000000	0.000000	-51.553170	0.002000	1.216755	3.997731	-0.999955	0.000000
6.246170	1.000104	6117.442019	4078.719219	0.000000	0.000000	-51.553170	0.002000	1.216755	3.997731	-0.999955	0.000000
6.266170	1.000104	6117.442019	4078.719219	0.000000	0.000000	-51.553170	0.002000	1.216755	3.997731	-0.999955	0.000000
6.286170	1.000104	6117.442019	4078.719219	0.000000	0.000000	-51.553170	0.002000	1.216755	3.997731	-0.999955	0.000000
6.306170	1.000104	6117.442019	4078.719219	-0.000000	0.000000	-51.553170	0.002000	1.216755	3.997731	-0.999955	0.000000
6.326170	1.000104	6117.442019	4078.719219	-0.000000	0.000000	-51.553170	0.002000	1.216755	3.997731	-0.999955	0.000000
6.346170	1.000104	6117.442019	4078.719219	-0.000000	0.000001	-51.553170	0.002000	1.216755	3.997731	-0.999955	0.000000
6.366170	1.000104	6117.442019	4078.719219	-0.000000	0.000005	-51.553170	0.002000	1.216755	3.997731	-0.999955	0.000000
6.386170	1.000104	6117.442019	4078.719219	-0.000000	0.000019	-51.553170	0.002000	1.216755	3.997731	-0.999955	0.000000
6.406170	1.000104	6117.442019	4078.719219	-0.000001	0.000067	-51.553170	0.002000	1.216755	3.997731	-0.999955	0.000000
6.426170	1.000104	6117.442019	4078.719220	-0.000003	0.000200	-51.553170	0.002000	1.216755	3.997731	-0.999955	0.000000
6.446170	1.000104	6117.442019	4078.719220	-0.000008	0.000612	-51.553170	0.002000	1.216755	3.997731	-0.999955	0.000000
6.466170	1.000104	6117.442019	4078.719220	-0.000023	0.001902	-51.553170	0.002000	1.216755	3.997731	-0.999955	0.000000
6.486170	1.000104	6117.442019	4078.719220	-0.000070	0.005672	-51.553170	0.002000	1.216755	3.997731	-0.999955	0.000000
6.506170	1.000104	6117.442019	4078.719220	-0.000207	0.016337	-51.553170	0.002000	1.216755	3.997731	-0.999955	0.000000
6.526170	1.000104	6117.442020	4078.719220	-0.000592	0.045555	-51.553170	0.002000	1.216755	3.997731	-0.999955	0.000000
6.546170	1.000104	6117.442021	4078.719221	-0.001633	0.122199	-51.553170	0.002000	1.216755	3.997731	-0.999955	0.000000
6.566170	1.000104	6117.442024	4078.719225	-0.004323	0.312708	-51.553170	0.002000	1.216755	3.997731	-0.999955	0.000000
6.586170	1.000104	6117.442031	4078.719233	-0.010879	0.754439	-51.553170	0.002000	1.216755	3.997731	-0.999955	0.000000
6.606170	1.000104	6117.442049	4078.719254	-0.025659	1.680749	-51.553170	0.002000	1.216755	3.997731	-0.999955	0.000000
6.626170	1.000104	6117.442090	4078.719303	-0.055259	3.312189	-51.553170	0.002000	1.216755	3.997731	-0.999955	0.000000
6.646170	1.000104	6117.442172	4078.719408	-0.102493	5.130594	-51.553170	0.002000	1.216755	3.997731	-0.999955	0.000000
6.666170	1.000104	6117.442304	4078.719595	-0.135288	2.973992	-51.553171	0.002000	1.216755	3.997731	-0.999955	0.000000
6.686170	1.000104	6117.442404	4078.719822	0.027942	-20.497130	-51.553171	0.002000	1.216755	3.997731	-0.999955	0.000000
6.706170	1.000104	6117.441992	4078.719664	1.077169	-123.474645	-51.553171	0.002000	1.216755	3.997731	-0.999955	0.000000
6.726170	1.000104	6117.439233	4078.717304	5.215131	-477.943010	-51.553168	0.002000	1.216755	3.997730	-0.999955	0.000000
6.746170	1.000103	6117.428234	4078.706556	18.716887	-1545.918803	-51.553153	0.002000	1.216755	3.997730	-0.999955	0.000000
6.766170	1.000100	6117.392119	4078.668942	57.902951	-4470.201337	-51.553098	0.002000	1.216755	3.997727	-0.999957	0.000000
6.786170	1.000088	6117.286641	4078.554367	161.875297	-11864.872739	-51.552925	0.002000	1.216755	3.997720	-0.999962	0.000000
6.806170	1.000055	6117.004574	4078.237665	417.068591	-29255.185043	-51.552437	0.002000	1.216755	3.997700	-0.999976	0.000000
6.826172	0.999967	6116.304823	4077.429037	999.254765	-67379.019560	-51.551170	0.002000	1.216755	3.997651	-1.000013	0.000000
6.846175	0.999752	6114.684701	4075.506063	2234.850448	-145240.249811	-51.548119	0.002000	1.216755	3.997538	-1.000105	0.000000
6.866185	0.999261	6111.175508	4071.231833	4670.048093	-292980.221995	-51.541258	0.002001	1.216755	3.997292	-1.000315	0.000000
6.886207	0.998213	6104.061956	4062.345017	9112.467051	-552309.201743	-51.526843	0.002004	1.216755	3.996793	-1.000764	0.000000
6.906257	0.996121	6090.575775	4045.069902	16579.101335	-971055.191294	-51.498552	0.002008	1.216755	3.995842	-1.001665	0.000000
6.926361	0.992220	6066.677449	4013.718304	28078.519721	-1589363.698644	-51.446694	0.002016	1.216755	3.994150	-1.003351	0.000000
6.946566	0.985434	6027.080352	3960.664922	44235.879251	-2419718.408437	-51.357928	0.002030	1.216755	3.991327	-1.006307	0.000000
6.966944	0.974412	5965.562894	3876.920838	64844.983927	-3429918.789533	-51.216037	0.002053	1.216755	3.986897	-1.011158	0.000000
6.987604	0.957711	5875.335934	3753.447498	88651.539143	-4544221.896104	-51.003412	0.002088	1.216755	3.980307	-1.018625	0.000000
7.008698	0.933935	5749.281131	3582.370194	113613.428886	-5659656.150929	-50.703653	0.002141	1.216755	3.970919	-1.029497	0.000000
7.030427	0.901913	5579.482813	3357.982355	137255.343094	-6670913.028539	-50.303033	0.002218	1.216755	3.957930	-1.044600	0.000000
7.053054	0.860554	5359.126049	3078.000164	157721.251106	-7474887.599885	-49.788463	0.002324	1.216755	3.940460	-1.064939	0.000000
7.076938	0.808058	5088.033843	2744.470851	173998.612417	-7932925.383609	-49.148681	0.002475	1.216755	3.917940	-1.092229	0.000000
7.102642	0.742931	4782.629852	2372.149378	185315.832664	-7955690.679862	-48.357000	0.002692	1.216755	3.891072	-1.128678	0.000000
7.130978	0.662512	4487.553120	1985.060357	193594.243058	-7511572.758086	-47.371923	0.003019	1.216755	3.863416	-1.178391	0.000000
7.163527	0.567172	4252.987745	1610.696665	197911.349560	-6728107.440827	-46.123356	0.003526	1.216755	3.840087	-1.245822	0.000000
7.202700	0.461129	4147.680439	1277.180642	200287.824189	-5841180.944098	-44.412647	0.004337	1.216755	3.829173	-1.335669	0.000000
7.253037	0.333549	4196.600251	934.775365	208222.984367	-4794641.335877	-42.071718	0.005996	1.216755	3.834226	-1.476267	0.000000
7.335248	0.198126	5077.932990	671.845562	210946.505263	-3307259.809582	-37.196769	0.010095	1.216755	3.916943	-1.702422	0.000000
-0.002999	3.337938	103492.761901	230302.418125	-12.795483	0.000000	0.001099	0.000599	0.000000	5.226075	-0.476525	0.000000
-0.008989	3.347162	103179.080828	230238.344959	-27.426581	0.000000	0.003234	0.000598	0.000000	5.224757	-0.475327	0.000000
-0.014953	3.365060	102574.410010	230112.989880	-15.363731	0.000000	0.005165	0.000594	0.000000	5.222204	-0.473011	0.000000
-0.020879	3.390572	101723.087730	229933.298006	23.186902	0.000000	0.006711	0.000590	0.000000	5.218583	-0.469730	0.000000
-0.026754	3.422121	100688.511638	229712.407883	72.013402	0.000000	0.007673	0.000584	0.000000	5.214142	-0.465706	0.000000
-0.032571	3.457678	99548.179705	229470.419530	106.453643	0.000000	0.007878	0.000578	0.000000	5.209194	-0.461215	0.000000
-0.038325	3.494916	98385.606024	229232.766602	105.754144	0.000000	0.007250	0.000572	0.000000	5.204090	-0.456561	0.000000
-0.044018	3.531432	97280.606935	229026.187859	62.666000	0.000000	0.005853	0.000566	0.000000	5.199183	-0.452046	0.000000
-0.049653	3.565027	96299.650027	228873.428280	-13.363263	0.000000	0.003894	0.000561	0.000000	5.194780	-0.447933	0.000000
-0.055238	3.593975	95488.518171	228788.416191	-100.726419	0.000000	0.001688	0.000556	0.000000	5.191107	-0.444421	0.000000
-0.060783	3.617220	94868.675308	228773.511872	-174.658645	0.000000	-0.000417	0.000553	0.000000	5.188279	-0.441621	0.000000
-0.066296	3.634450	94437.868351	228819.654130	-216.666339	0.000000	-0.002120	0.000550	0.000000	5.186304	-0.439559	0.000000
-0.071788	3.646041	94174.424810	228909.237474	-220.396553	0.000000	-0.003231	0.000549	0.000000	5.185092	-0.438177	0.000000
-0.077267	3.652871	94044.031449	229020.710512	-192.301788	0.000000	-0.003698	0.000548	0.000000	5.184492	-0.437365	0.000000
-0.082739	3.656093	94007.371709	229133.468431	-147.547993	0.000000	-0.003597	0.000547	0.000000	5.184324	-0.436984	0.000000
-0.088208	3.656896	94027.027712	229231.703168	-103.698000	0.000000	-0.003094	0.000547	0.000000	5.184415	-0.436889	0.000000
-0.093678	3.656323	94072.419817	229306.384436	-74.571093	0.000000	-0.002388	0.000547	0.000000	5.184625	-0.436957	0.000000
