0.002996	3.341438	103372.158444	230275.301730	3.793252	-3286359.175095	-0.001113	0.000599	1.216755	5.225569	-0.476070	0.000000
0.008979	3.350410	103066.220303	230209.735573	14.767835	-3024422.117546	-0.003246	0.000597	1.216755	5.224281	-0.474906	0.000000
0.014939	3.367785	102478.444402	230083.802348	33.490271	-2493810.289402	-0.005101	0.000594	1.216755	5.221797	-0.472659	0.000000
0.020860	3.392484	101654.573920	229907.834282	58.570353	-1701709.091634	-0.006502	0.000590	1.216755	5.218290	-0.469485	0.000000
0.026733	3.422951	100657.528506	229697.286129	82.649748	-695749.939645	-0.007300	0.000584	1.216755	5.214008	-0.465600	0.000000
0.032549	3.457250	99561.207551	229471.924333	95.406888	420362.470493	-0.007402	0.000578	1.216755	5.209250	-0.461269	0.000000
0.038305	3.493214	98442.613273	229253.879141	88.315349	1495227.155553	-0.006793	0.000573	1.216755	5.204342	-0.456773	0.000000
0.044001	3.528646	97373.759246	229064.718681	58.752943	2361116.588957	-0.005560	0.000567	1.216755	5.199599	-0.452389	0.000000
0.049642	3.561542	96414.343761	228922.114135	11.636634	2877037.692306	-0.003879	0.000562	1.216755	5.195298	-0.448358	0.000000
0.055233	3.590301	95606.466616	228836.941674	-42.051067	2966995.528963	-0.001994	0.000557	1.216755	5.191643	-0.444866	0.000000
0.060783	3.613884	94972.031647	228811.614011	-89.029629	2640333.705497	-0.000165	0.000553	1.216755	5.188752	-0.442023	0.000000
0.066301	3.631882	94513.094699	228840.107369	-118.179613	1988238.513983	0.001375	0.000551	1.216755	5.186650	-0.439866	0.000000
0.071796	3.644486	94214.811426	228909.671268	-123.971740	1158717.813266	0.002463	0.000549	1.216755	5.185278	-0.438362	0.000000
0.077277	3.652360	94050.284109	229003.751358	-107.752957	318477.487257	0.003032	0.000548	1.216755	5.184520	-0.437426	0.000000
0.082748	3.656466	93986.316890	229105.358125	-76.656436	-386749.532531	0.003108	0.000547	1.216755	5.184226	-0.436939	0.000000
0.088217	3.657871	93989.034443	229200.059436	-40.793126	-862315.047895	0.002794	0.000547	1.216755	5.184239	-0.436773	0.000000
0.093685	3.657581	94028.436649	229277.961096	-9.896311	-1077828.325842	0.002235	0.000547	1.216755	5.184422	-0.436808	0.000000
0.099154	3.656427	94081.288295	229334.388481	9.374795	-1061899.729392	0.001581	0.000547	1.216755	5.184666	-0.436945	0.000000
0.104625	3.655009	94132.170056	229369.364855	14.698877	-882862.944446	0.000958	0.000547	1.216755	5.184900	-0.437113	0.000000
0.110099	3.653697	94172.940206	229386.272043	7.779995	-623568.879723	0.000450	0.000547	1.216755	5.185088	-0.437269	0.000000
0.115574	3.652666	94201.142626	229390.201010	-7.090473	-358633.291795	0.000096	0.000548	1.216755	5.185217	-0.437391	0.000000
0.121051	3.651954	94217.989662	229386.450980	-24.868564	-139870.863932	-0.000107	0.000548	1.216755	5.185295	-0.437475	0.000000
0.126529	3.651515	94226.458470	229379.472227	-41.338056	8303.489631	-0.000188	0.000548	1.216755	5.185334	-0.437527	0.000000
0.132007	3.651270	94229.841636	229372.349600	-53.991898	85209.158946	-0.000186	0.000548	1.216755	5.185349	-0.437556	0.000000
0.137485	3.651141	94230.873014	229366.759586	-62.119202	105586.405156	-0.000139	0.000548	1.216755	5.185354	-0.437572	0.000000
0.142963	3.651065	94231.376180	229363.240508	-66.450028	90402.512826	-0.000078	0.000548	1.216755	5.185356	-0.437581	0.000000
0.148442	3.651003	94232.285605	229361.596038	-68.486051	59522.479854	-0.000022	0.000548	1.216755	5.185360	-0.437588	0.000000
0.153920	3.650937	94233.867278	229361.286088	-69.656759	27520.392899	0.000021	0.000548	1.216755	5.185368	-0.437596	0.000000
0.159399	3.650861	94235.993806	229361.719846	-71.205539	2477.490302	0.000050	0.000548	1.216755	5.185378	-0.437605	0.000000
0.164878	3.650780	94238.381233	229362.424702	-74.075557	-13118.996159	0.000067	0.000548	1.216755	5.185389	-0.437614	0.000000
0.170357	3.650699	94240.746919	229363.104271	-77.967695	-20331.876894	0.000078	0.000548	1.216755	5.185399	-0.437624	0.000000
0.175836	3.650625	94242.886924	229363.624104	-82.913787	-21834.573932	0.000087	0.000548	1.216755	5.185409	-0.437633	0.000000
0.181315	3.650560	94244.693846	229363.966338	-89.872676	-20624.331479	0.000097	0.000548	1.216755	5.185418	-0.437641	0.000000
0.186794	3.650507	94246.140071	229364.171679	-96.227281	-18725.807724	0.000109	0.000548	1.216755	5.185424	-0.437647	0.000000
0.192273	3.650466	94247.247471	229364.295511	-102.210383	-17172.045746	0.000123	0.000548	1.216755	5.185429	-0.437652	0.000000
0.197753	3.650436	94248.062065	229364.397892	-113.576570	-17137.178668	0.000141	0.000548	1.216755	5.185433	-0.437655	0.000000
0.203232	3.650416	94248.635636	229364.513899	-119.581756	-18003.345436	0.000163	0.000548	1.216755	5.185436	-0.437658	0.000000
0.208711	3.650403	94249.009743	229364.642577	-121.185608	-18437.652868	0.000184	0.000548	1.216755	5.185438	-0.437659	0.000000
0.214191	3.650398	94249.220471	229364.822778	-146.538095	-21454.752773	0.000209	0.000548	1.216755	5.185438	-0.437660	0.000000
0.219670	3.650398	94249.302678	229365.051772	-146.989261	-24380.154156	0.000241	0.000548	1.216755	5.185439	-0.437660	0.000000
0.225150	3.650403	94249.263929	229365.228576	-122.023010	-21696.927412	0.000261	0.000548	1.216755	5.185439	-0.437659	0.000000
0.230629	3.650412	94249.122217	229365.491914	-206.134039	-28650.711608	0.000288	0.000548	1.216755	5.185438	-0.437658	0.000000
0.236109	3.650425	94248.928175	229365.837826	-178.912544	-34971.841157	0.000343	0.000548	1.216755	5.185437	-0.437657	0.000000
0.241588	3.650437	94248.632448	229365.787444	-15.000743	-13731.368270	0.000334	0.000548	1.216755	5.185436	-0.437655	0.000000
0.247067	3.650453	94248.242711	229365.958814	-355.490046	-35446.025209	0.000343	0.000548	1.216755	5.185434	-0.437653	0.000000
0.252547	3.650473	94247.937919	229366.379997	-205.529785	-57682.946218	0.000475	0.000548	1.216755	5.185433	-0.437651	0.000000
0.258026	3.650469	94247.438862	229364.717088	659.906247	53506.598676	0.000297	0.000548	1.216755	5.185430	-0.437652	0.000000
0.263505	3.650476	94246.695330	229363.618021	-803.551615	-25593.568407	0.000150	0.000548	1.216755	5.185427	-0.437651	0.000000
0.268984	3.650485	94246.500571	229363.329502	-117.363266	-122195.329387	0.000565	0.000548	1.216755	5.185426	-0.437650	0.000000
0.274464	3.650366	94245.531557	229352.404620	4269.791600	426416.231028	-0.000495	0.000548	1.216755	5.185421	-0.437666	0.000000
0.279943	3.650266	94243.341070	229341.876679	-2039.150276	140081.608697	-0.001641	0.000548	1.216755	5.185411	-0.437676	0.000000
0.285423	3.650149	94243.592265	229333.087894	1069.348825	-290956.160010	-0.000242	0.000548	1.216755	5.185413	-0.437694	0.000000
0.290903	3.649365	94240.167320	229269.528950	23210.639697	2401314.793262	-0.005917	0.000548	1.216755	5.185393	-0.437795	0.000000
0.296385	3.648513	94230.065122	229195.124688	-3393.637208	1486781.849746	-0.013175	0.000548	1.216755	5.185348	-0.437891	0.000000
0.301867	3.647406	94230.153377	229114.938670	11316.909089	-346831.851263	-0.009223	0.000548	1.216755	5.185351	-0.438046	0.000000
0.307352	3.642781	94212.076216	228747.634191	123782.185707	13025058.168622	-0.039585	0.000549	1.216755	5.185247	-0.438639	0.000000
0.312849	3.636905	94156.777486	228253.519951	16786.749299	11310802.764602	-0.084062	0.000550	1.216755	5.184995	-0.439325	0.000000
0.318351	3.628777	94140.620348	227644.527961	89764.128402	4386905.985410	-0.081208	0.000551	1.216755	5.184931	-0.440422	0.000000
0.323868	3.601986	94030.313976	225517.231636	669128.454540	73427403.816171	-0.246692	0.000555	1.216755	5.184314	-0.443882	0.000000
0.329455	3.564242	93696.365987	222351.918661	286320.874332	87408006.774241	-0.521634	0.000561	1.216755	5.182746	-0.448454	0.000000
0.335090	3.513627	93466.164270	218369.303169	586080.622938	74031483.698655	-0.601815	0.000569	1.216755	5.181699	-0.455255	0.000000
0.340817	3.375651	92671.512179	207064.421609	3648609.886544	485771076.392411	-1.480103	0.000592	1.216755	5.177336	-0.473979	0.000000
0.346944	3.181357	90170.506837	189688.358480	2756527.506687	818706300.569065	-3.240184	0.000629	1.216755	5.164889	-0.499597	0.000000
0.353432	3.015788	87446.521036	174122.493555	888522.775620	786120965.277640	-3.772910	0.000663	1.216755	5.151580	-0.523474	0.000000
0.360170	2.657420	82373.991954	141406.106200	14938417.021901	2785665533.583495	-6.417269	0.000753	1.216755	5.121953	-0.584233	0.000000
0.368703	2.015163	64963.039894	81296.346168	36239198.332344	7408351414.775673	-18.091521	0.000992	1.216755	5.006738	-0.709415	0.000000
0.381441	1.444027	36046.810223	31384.403566	31406318.374708	7465507347.555678	-34.702479	0.001385	1.216755	4.736476	-0.852511	0.000000
0.398269	1.146598	15485.022813	10768.291413	15110214.094320	3535597865.137377	-45.656879	0.001744	1.216755	4.366156	-0.946757	0.000000
0.417289	1.038649	7843.135019	5205.264470	4636474.708543	857691924.128341	-50.086916	0.001926	1.216755	4.089277	-0.985582	0.000000
0.437068	1.008514	6336.658007	4228.826222	989242.561509	116870482.360845	-51.273700	0.001983	1.216755	4.010302	-0.996831	0.000000
0.457028	1.001655	6145.239655	4099.435016	172054.769544	14136280.237488	-51.508156	0.001997	1.216755	3.999361	-0.999386	0.000000
0.477022	1.000351	6121.333652	4081.721840	25393.292547	1917307.382357	-51.546994	0.001999	1.216755	3.997961	-0.999866	0.000000
0.497021	1.000138	6118.003174	4079.144953	3182.111045	278409.691058	-51.552441	0.002000	1.216755	3.997764	-0.999943	0.000000
0.517021	1.000108	6117.519901	4078.775751	345.510146	39711.235276	-51.553095	0.002000	1.216755	3.997735	-0.999954	0.000000
0.537021	1.000105	6117.452111	4078.726154	32.318762	5321.615476	-51.553164	0.002000	1.216755	3.997731	-0.999955	0.000000
0.557021	1.000104	6117.443229	4078.720005	2.568624	659.636172	-51.553170	0.002000	1.216755	3.997731	-0.999955	0.000000
0.577021	1.000104	6117.442154	4078.719302	0.178811	75.491088	-51.553170	0.002000	1.216755	3.997731	-0.999955	0.000000
0.597021	1.000104	6117.442033	4078.719228	0.014198	8.034341	-51.553170	0.002000	1.216755	3.997731	-0.999955	0.000000
0.617021	1.000104	6117.442021	4078.719220	0.002078	0.812720	-51.553170	0.002000	1.216755	3.997731	-0.999955	0.000000
0.637021	1.000104	6117.442019	4078.719220	0.000425	0.081942	-51.553170	0.002000	1.216755	3.997731	-0.999955	0.000000
0.657021	1.000104	6117.442019	4078.719220	0.000081	0.008872	-51.553170	0.002000	1.216755	3.997731	-0.999955	0.000000
0.677021	1.000104	6117.442019	4078.719220	0.000013	0.001093	-51.553170	0.002000	1.216755	3.997731	-0.999955	0.000000
0.697021	1.000104	6117.442019	4078.719219	0.000002	0.000151	-51.553170	0.002000	1.216755	3.997731	-0.999955	0.000000
0.717021	1.000104	6117.442019	4078.719219	0.000000	0.000021	-51.553170	0.002000	1.216755	3.997731	-0.999955	0.000000
0.737021	1.000104	6117.442019	4078.719219	0.000000	0.000002	-51.553170	0.002000	1.216755	3.997731	-0.999955	0.000000
0.757021	1.000104	6117.442019	4078.719219	0.000000	-0.000000	-51.553170	0.002000	1.216755	3.997731	-0.999955	0.000000
0.777021	1.000104	6117.442019	4078.719219	0.000000	0.000000	-51.553170	0.002000	1.216755	3.997731	-0.999955	0.000000
0.797021	1.000104	6117.442019	4078.719219	-0.000000	0.000000	-51.553170	0.002000	1.216755	3.997731	-0.999955	0.000000
0.817021	1.000104	6117.442019	4078.719219	0.000000	-0.000001	-51.553170	0.002000	1.216755	3.997731	-0.999955	0.000000
0.837021	1.000104	6117.442019	4078.719219	0.000000	-0.000000	-51.553170	0.002000	1.216755	3.997731	-0.999955	0.000000
0.857021	1.000104	6117.442019	4078.719219	0.000000	0.000000	-51.553170	0.002000	1.216755	3.997731	-0.999955	0.000000
0.877021	1.000104	6117.442019	4078.719219	0.000000	0.000001	-51.553170	0.002000	1.216755	3.997731	-0.999955	0.000000
0.897021	1.000104	6117.442019	4078.719219	-0.000000	0.000000	-51.553170	0.002000	1.216755	3.997731	-0.999955	0.000000
0.917021	1.000104	6117.442019	4078.719219	-0.000000	0.000000	-51.553170	0.002000	1.216755	3.997731	-0.999955	0.000000
0.937021	1.000104	6117.442019	4078.719219	-0.000000	-0.000000	-51.553170	0.002000	1.216755	3.997731	-0.999955	0.000000
0.957021	1.000104	6117.442019	4078.719219	0.000000	-0.000001	-51.553170	0.002000	1.216755	3.997731	-0.999955	0.000000
0.977021	1.000104	6117.442019	4078.719219	0.000000	0.000001	-51.553170	0.002000	1.216755	3.997731	-0.999955	0.000000
0.997021	1.000104	6117.442019	4078.719219	-0.000000	0.000000	-51.553170	0.002000	1.216755	3.997731	-0.999955	0.000000
1.017021	1.000104	6117.442019	4078.719219	-0.000000	-0.000000	-51.553170	0.002000	1.216755	3.997731	-0.999955	0.000000
1.037021	1.000104	6117.442019	4078.719219	-0.000000	-0.000000	-51.553170	0.002000	1.216755	3.997731	-0.999955	0.000000
1.057021	1.000104	6117.442019	4078.719219	0.000000	-0.000001	-51.553170	0.002000	1.216755	3.997731	-0.999955	0.000000
1.077021	1.000104	6117.442019	4078.719219	0.000000	0.000000	-51.553170	0.002000	1.216755	3.997731	-0.999955	0.000000
1.097021	1.000104	6117.442019	4078.719219	-0.000000	0.000001	-51.553170	0.002000	1.216755	3.997731	-0.999955	0.000000
1.117021	1.000104	6117.442019	4078.719219	-0.000000	-0.000000	-51.553170	0.002000	1.216755	3.997731	-0.999955	0.000000
1.137021	1.000104	6117.442019	4078.719219	0.000000	0.000000	-51.553170	0.002000	1.216755	3.997731	-0.999955	0.000000
1.157021	1.000104	6117.442019	4078.719219	-0.000000	0.000001	-51.553170	0.002000	1.216755	3.997731	-0.999955	0.000000
1.177021	1.000104	6117.442019	4078.719219	-0.000000	-0.000001	-51.553170	0.002000	1.216755	3.997731	-0.999955	0.000000
1.197021	1.000104	6117.442019	4078.719219	0.000000	-0.000001	-51.553170	0.002000	1.216755	3.997731	-0.999955	0.000000
1.217021	1.000104	6117.442019	4078.719219	0.000000	0.000000	-51.553170	0.002000	1.216755	3.997731	-0.999955	0.000000
1.237021	1.000104	6117.442019	4078.719219	0.000000	0.000000	-51.553170	0.002000	1.216755	3.997731	-0.999955	0.000000
1.257021	1.000104	6117.442019	4078.719219	0.000000	0.000000	-51.553170	0.002000	1.216755	3.997731	-0.999955	0.000000
1.277021	1.000104	6117.442019	4078.719219	0.000000	0.000000	-51.553170	0.002000	1.216755	3.997731	-0.999955	0.000000
1.297021	1.000104	6117.442019	4078.719219	-0.000000	0.000000	-51.553170	0.002000	1.216755	3.997731	-0.999955	0.000000
1.317021	1.000104	6117.442019	4078.719219	-0.000000	0.000000	-51.553170	0.002000	1.216755	3.997731	-0.999955	0.000000
1.337021	1.000104	6117.442019	4078.719219	0.000000	0.000000	-51.553170	0.002000	1.216755	3.997731	-0.999955	0.000000
1.357021	1.000104	6117.442019	4078.719219	0.000000	0.000000	-51.553170	0.002000	1.216755	3.997731	-0.999955	0.000000
1.377021	1.000104	6117.442019	4078.719219	0.000000	0.000000	-51.553170	0.002000	1.216755	3.997731	-0.999955	0.000000
1.397021	1.000104	6117.442019	4078.719219	0.000000	-0.000000	-51.553170	0.002000	1.216755	3.997731	-0.999955	0.000000
1.417021	1.000104	6117.442019	4078.719219	-0.000000	-0.000000	-51.553170	0.002000	1.216755	3.997731	-0.999955	0.000000
1.437021	1.000104	6117.442019	4078.719219	-0.000000	-0.000000	-51.553170	0.002000	1.216755	3.997731	-0.999955	0.000000
1.457021	1.000104	6117.442019	4078.719219	-0.000000	-0.000000	-51.553170	0.002000	1.216755	3.997731	-0.999955	0.000000
1.477021	1.000104	6117.442019	4078.719219	-0.000000	-0.000000	-51.553170	0.002000	1.216755	3.997731	-0.999955	0.000000
1.497021	1.000104	6117.442019	4078.719219	0.000000	0.000000	-51.553170	0.002000	1.216755	3.997731	-0.999955	0.000000
1.517021	1.000104	6117.442019	4078.719219	0.000000	0.000001	-51.553170	0.002000	1.216755	3.997731	-0.999955	0.000000
1.537021	1.000104	6117.442019	4078.719219	-0.000000	0.000001	-51.553170	0.002000	1.216755	3.997731	-0.999955	0.000000
1.557021	1.000104	6117.442019	4078.719219	-0.000000	-0.000001	-51.553170	0.002000	1.216755	3.997731	-0.999955	0.000000
1.577021	1.000104	6117.442019	4078.719219	0.000000	-0.000001	-51.553170	0.002000	1.216755	3.997731	-0.999955	0.000000
1.597021	1.000104	6117.442019	4078.719219	0.000000	0.000000	-51.553170	0.002000	1.216755	3.997731	-0.999955	0.000000
1.617021	1.000104	6117.442019	4078.719219	0.000000	0.000001	-51.553170	0.002000	1.216755	3.997731	-0.999955	0.000000
1.637021	1.000104	6117.442019	4078.719219	-0.000000	-0.000000	-51.553170	0.002000	1.216755	3.997731	-0.999955	0.000000
1.657021	1.000104	6117.442019	4078.719219	0.000000	-0.000001	-51.553170	0.002000	1.216755	3.997731	-0.999955	0.000000
1.677021	1.000104	6117.442019	4078.719219	0.000000	0.000000	-51.553170	0.002000	1.216755	3.997731	-0.999955	0.000000
1.697021	1.000104	6117.442019	4078.719219	-0.000000	0.000000	-51.553170	0.002000	1.216755	3.997731	-0.999955	0.000000
1.717021	1.000104	6117.442019	4078.719219	-0.000000	-0.000000	-51.553170	0.002000	1.216755	3.997731	-0.999955	0.000000
1.737021	1.000104	6117.442019	4078.719219	0.000000	-0.000000	-51.553170	0.002000	1.216755	3.997731	-0.999955	0.000000
1.757021	1.000104	6117.442019	4078.719219	0.000000	0.000000	-51.553170	0.002000	1.216755	3.997731	-0.999955	0.000000
1.777021	1.000104	6117.442019	4078.719219	-0.000000	0.000000	-51.553170	0.002000	1.216755	3.997731	-0.999955	0.000000
1.797021	1.000104	6117.442019	4078.719219	0.000000	-0.000001	-51.553170	0.002000	1.216755	3.997731	-0.999955	0.000000
1.817021	1.000104	6117.442019	4078.719219	0.000000	0.000001	-51.553170	0.002000	1.216755	3.997731	-0.999955	0.000000
1.837021	1.000104	6117.442019	4078.719219	-0.000000	0.000001	-51.553170	0.002000	1.216755	3.997731	-0.999955	0.000000
1.857021	1.000104	6117.442019	4078.719219	-0.000000	-0.000001	-51.553170	0.002000	1.216755	3.997731	-0.999955	0.000000
1.877021	1.000104	6117.442019	4078.719219	0.000000	0.000000	-51.553170	0.002000	1.216755	3.997731	-0.999955	0.000000
1.897021	1.000104	6117.442019	4078.719219	-0.000000	0.000001	-51.553170	0.002000	1.216755	3.997731	-0.999955	0.000000
1.917021	1.000104	6117.442019	4078.719219	-0.000000	-0.000001	-51.553170	0.002000	1.216755	3.997731	-0.999955	0.000000
1.937021	1.000104	6117.442019	4078.719219	0.000000	-0.000001	-51.553170	0.002000	1.216755	3.997731	-0.999955	0.000000
1.957021	1.000104	6117.442019	4078.719219	0.000000	-0.000000	-51.553170	0.002000	1.216755	3.997731	-0.999955	0.000000
1.977021	1.000104	6117.442019	4078.719219	0.000000	0.000000	-51.553170	0.002000	1.216755	3.997731	-0.999955	0.000000
1.997021	1.000104	6117.442019	4078.719219	-0.000000	0.000001	-51.553170	0.002000	1.216755	3.997731	-0.999955	0.000000
2.017021	1.000104	6117.442019	4078.719219	-0.000000	-0.000001	-51.553170	0.002000	1.216755	3.997731	-0.999955	0.000000
2.037021	1.000104	6117.442019	4078.719219	0.000000	0.000001	-51.553170	0.002000	1.216755	3.997731	-0.999955	0.000000
2.057021	1.000104	6117.442019	4078.719219	-0.000000	0.000001	-51.553170	0.002000	1.216755	3.997731	-0.999955	0.000000
2.077021	1.000104	6117.442019	4078.719219	-0.000000	0.000001	-51.553170	0.002000	1.216755	3.997731	-0.999955	0.000000
2.097021	1.000104	6117.442019	4078.719219	-0.000000	-0.000000	-51.553170	0.002000	1.216755	3.997731	-0.999955	0.000000
2.117021	1.000104	6117.442019	4078.719219	-0.000000	-0.000001	-51.553170	0.002000	1.216755	3.997731	-0.999955	0.000000
2.137021	1.000104	6117.442019	4078.719219	-0.000000	-0.000001	-51.553170	0.002000	1.216755	3.997731	-0.999955	0.000000
2.157021	1.000104	6117.442019	4078.719219	0.000000	-0.000001	-51.553170	0.002000	1.216755	3.997731	-0.999955	0.000000
2.177021	1.000104	6117.442019	4078.719219	0.000000	-0.000000	-51.553170	0.002000	1.216755	3.997731	-0.999955	0.000000
2.197021	1.000104	6117.442019	4078.719219	0.000000	0.000001	-51.553170	0.002000	1.216755	3.997731	-0.999955	0.000000
2.217021	1.000104	6117.442019	4078.719219	-0.000000	0.000001	-51.553170	0.002000	1.216755	3.997731	-0.999955	0.000000
2.237021	1.000104	6117.442019	4078.719219	0.000000	0.000000	-51.553170	0.002000	1.216755	3.997731	-0.999955	0.000000
2.257021	1.000104	6117.442019	4078.719219	-0.000000	-0.000001	-51.553170	0.002000	1.216755	3.997731	-0.999955	0.000000
2.277021	1.000104	6117.442019	4078.719219	-0.000000	-0.000001	-51.553170	0.002000	1.216755	3.997731	-0.999955	0.000000
2.297021	1.000104	6117.442019	4078.719219	0.000000	0.000000	-51.553170	0.002000	1.216755	3.997731	-0.999955	0.000000
2.317021	1.000104	6117.442019	4078.719219	0.000000	0.000001	-51.553170	0.002000	1.216755	3.997731	-0.999955	0.000000
2.337021	1.000104	6117.442019	4078.719219	-0.000000	0.000001	-51.553170	0.002000	1.216755	3.997731	-0.999955	0.000000
2.357021	1.000104	6117.442019	4078.719219	-0.000000	-0.000001	-51.553170	0.002000	1.216755	3.997731	-0.999955	0.000000
2.377021	1.000104	6117.442019	4078.719219	0.000000	-0.000001	-51.553170	0.002000	1.216755	3.997731	-0.999955	0.000000
2.397021	1.000104	6117.442019	4078.719219	0.000000	-0.000001	-51.553170	0.002000	1.216755	3.997731	-0.999955	0.000000
2.417021	1.000104	6117.442019	4078.719219	0.000000	0.000001	-51.553170	0.002000	1.216755	3.997731	-0.999955	0.000000
2.437021	1.000104	6117.442019	4078.719219	-0.000000	0.000003	-51.553170	0.002000	1.216755	3.997731	-0.999955	0.000000
2.457021	1.000104	6117.442019	4078.719219	-0.000000	0.000000	-51.553170	0.002000	1.216755	3.997731	-0.999955	0.000000
2.477021	1.000104	6117.442019	4078.719219	0.000000	-0.000001	-51.553170	0.002000	1.216755	3.997731	-0.999955	0.000000
2.497021	1.000104	6117.442019	4078.719219	-0.000000	0.000001	-51.553170	0.002000	1.216755	3.997731	-0.999955	0.000000
2.517021	1.000104	6117.442019	4078.719219	-0.000000	-0.000000	-51.553170	0.002000	1.216755	3.997731	-0.999955	0.000000
2.537021	1.000104	6117.442019	4078.719219	-0.000000	-0.000001	-51.553170	0.002000	1.216755	3.997731	-0.999955	0.000000
2.557021	1.000104	6117.442019	4078.719219	0.000000	-0.000000	-51.553170	0.002000	1.216755	3.997731	-0.999955	0.000000
2.577021	1.000104	6117.442019	4078.719219	0.000000	0.000000	-51.553170	0.002000	1.216755	3.997731	-0.999955	0.000000
2.597021	1.000104	6117.442019	4078.719219	0.000000	0.000000	-51.553170	0.002000	1.216755	3.997731	-0.999955	0.000000
2.617021	1.000104	6117.442019	4078.719219	0.000000	0.000000	-51.553170	0.002000	1.216755	3.997731	-0.999955	0.000000
2.637021	1.000104	6117.442019	4078.719219	0.000000	0.000000	-51.553170	0.002000	1.216755	3.997731	-0.999955	0.000000
2.657021	1.000104	6117.442019	4078.719219	0.000000	0.000000	-51.553170	0.002000	1.216755	3.997731	-0.999955	0.000000
2.677021	1.000104	6117.442019	4078.719219	0.000000	0.000000	-51.553170	0.002000	1.216755	3.997731	-0.999955	0.000000
2.697021	1.000104	6117.442019	4078.719219	0.000000	0.000000	-51.553170	0.002000	1.216755	3.997731	-0.999955	0.000000
2.717021	1.000104	6117.442019	4078.719219	0.000000	0.000000	-51.553170	0.002000	1.216755	3.997731	-0.999955	0.000000
2.737021	1.000104	6117.442019	4078.719219	0.000000	0.000000	-51.553170	0.002000	1.216755	3.997731	-0.999955	0.000000
2.757021	1.000104	6117.442019	4078.719219	0.000000	0.000000	-51.553170	0.002000	1.216755	3.997731	-0.999955	0.000000
2.777021	1.000104	6117.442019	4078.719219	0.000000	0.000000	-51.553170	0.002000	1.216755	3.997731	-0.999955	0.000000
2.797021	1.000104	6117.442019	4078.719219	0.000000	0.000000	-51.553170	0.002000	1.216755	3.997731	-0.999955	0.000000
2.817021	1.000104	6117.442019	4078.719219	0.000000	0.000000	-51.553170	0.002000	1.216755	3.997731	-0.999955	0.000000
2.837021	1.000104	6117.442019	4078.719219	0.000000	0.000000	-51.553170	0.002000	1.216755	3.997731	-0.999955	0.000000
2.857021	1.000104	6117.442019	4078.719219	0.000000	0.000000	-51.553170	0.002000	1.216755	3.997731	-0.999955	0.000000
2.877021	1.000104	6117.442019	4078.719219	0.000000	0.000000	-51.553170	0.002000	1.216755	3.997731	-0.999955	0.000000
2.897021	1.000104	6117.442019	4078.719219	0.000000	0.000000	-51.553170	0.002000	1.216755	3.997731	-0.999955	0.000000
2.917021	1.000104	6117.442019	4078.719219	0.000000	0.000000	-51.553170	0.002000	1.216755	3.997731	-0.999955	0.000000
2.937021	1.000104	6117.442019	4078.719219	0.000000	0.000000	-51.553170	0.002000	1.216755	3.997731	-0.999955	0.000000
2.957021	1.000104	6117.442019	4078.719219	0.000000	0.000000	-51.553170	0.002000	1.216755	3.997731	-0.999955	0.000000
2.977021	1.000104	6117.442019	4078.719219	0.000000	0.000000	-51.553170	0.002000	1.216755	3.997731	-0.999955	0.000000
2.997021	1.000104	6117.442019	4078.719219	0.000000	0.000000	-51.553170	0.002000	1.216755	3.997731	-0.999955	0.000000
3.017021	1.000104	6117.442019	4078.719219	0.000000	0.000000	-51.553170	0.002000	1.216755	3.997731	-0.999955	0.000000
3.037021	1.000104	6117.442019	4078.719219	0.000000	0.000000	-51.553170	0.002000	1.216755	3.997731	-0.999955	0.000000
3.057021	1.000104	6117.442019	4078.719219	0.000000	0.000000	-51.553170	0.002000	1.216755	3.997731	-0.999955	0.000000
3.077021	1.000104	6117.442019	4078.719219	0.000000	0.000000	-51.553170	0.002000	1.216755	3.997731	-0.999955	0.000000
3.097021	1.000104	6117.442019	4078.719219	0.000000	0.000000	-51.553170	0.002000	1.216755	3.997731	-0.999955	0.000000
3.117021	1.000104	6117.442019	4078.719219	0.000000	0.000000	-51.553170	0.002000	1.216755	3.997731	-0.999955	0.000000
3.137021	1.000104	6117.442019	4078.719219	0.000000	0.000000	-51.553170	0.002000	1.216755	3.997731	-0.999955	0.000000
3.157021	1.000104	6117.442019	4078.719219	0.000000	0.000000	-51.553170	0.002000	1.216755	3.997731	-0.999955	0.000000
3.177021	1.000104	6117.442019	4078.719219	0.000000	0.000000	-51.553170	0.002000	1.216755	3.997731	-0.999955	0.000000
3.197021	1.000104	6117.442019	4078.719219	0.000000	0.000000	-51.553170	0.002000	1.216755	3.997731	-0.999955	0.000000
3.217021	1.000104	6117.442019	4078.719219	0.000000	0.000000	-51.553170	0.002000	1.216755	3.997731	-0.999955	0.000000
3.237021	1.000104	6117.442019	4078.719219	0.000000	0.000000	-51.553170	0.002000	1.216755	3.997731	-0.999955	0.000000
3.257021	1.000104	6117.442019	4078.719219	0.000000	0.000000	-51.553170	0.002000	1.216755	3.997731	-0.999955	0.000000
3.277021	1.000104	6117.442019	4078.719219	0.000000	0.000000	-51.553170	0.002000	1.216755	3.997731	-0.999955	0.000000
3.297021	1.000104	6117.442019	4078.719219	0.000000	0.000000	-51.553170	0.002000	1.216755	3.997731	-0.999955	0.000000
3.317021	1.000104	6117.442019	4078.719219	0.000000	0.000000	-51.553170	0.002000	1.216755	3.997731	-0.999955	0.000000
3.337021	1.000104	6117.442019	4078.719219	0.000000	0.000000	-51.553170	0.002000	1.216755	3.997731	-0.999955	0.000000
3.357021	1.000104	6117.442019	4078.719219	0.000000	0.000000	-51.553170	0.002000	1.216755	3.997731	-0.999955	0.000000
3.377021	1.000104	6117.442019	4078.719219	0.000000	0.000000	-51.553170	0.002000	1.216755	3.997731	-0.999955	0.000000
3.397021	1.000104	6117.442019	4078.719219	0.000000	0.000000	-51.553170	0.002000	1.216755	3.997731	-0.999955	0.000000
3.417021	1.000104	6117.442019	4078.719219	0.000000	0.000000	-51.553170	0.002000	1.216755	3.997731	-0.999955	0.000000
3.437021	1.000104	6117.442019	4078.719219	0.000000	0.000000	-51.553170	0.002000	1.216755	3.997731	-0.999955	0.000000
3.457021	1.000104	6117.442019	4078.719219	0.000000	0.000000	-51.553170	0.002000	1.216755	3.997731	-0.999955	0.000000
3.477021	1.000104	6117.442019	4078.719219	0.000000	0.000000	-51.553170	0.002000	1.216755	3.997731	-0.999955	0.000000
3.497021	1.000104	6117.442019	4078.719219	0.000000	0.000000	-51.553170	0.002000	1.216755	3.997731	-0.999955	0.000000
3.517021	1.000104	6117.442019	4078.719219	0.000000	0.000000	-51.553170	0.002000	1.216755	3.997731	-0.999955	0.000000
3.537021	1.000104	6117.442019	4078.719219	0.000000	0.000000	-51.553170	0.002000	1.216755	3.997731	-0.999955	0.000000
3.557021	1.000104	6117.442019	4078.719219	0.000000	0.000000	-51.553170	0.002000	1.216755	3.997731	-0.999955	0.000000
3.577021	1.000104	6117.442019	4078.719219	0.000000	0.000000	-51.553170	0.002000	1.216755	3.997731	-0.999955	0.000000
3.597021	1.000104	6117.442019	4078.719219	0.000000	0.000000	-51.553170	0.002000	1.216755	3.997731	-0.999955	0.000000
3.617021	1.000104	6117.442019	4078.719219	0.000000	0.000000	-51.553170	0.002000	1.216755	3.997731	-0.999955	0.000000
3.637021	1.000104	6117.442019	4078.719219	0.000000	0.000000	-51.553170	0.002000	1.216755	3.997731	-0.999955	0.000000
3.657021	1.000104	6117.442019	4078.719219	0.000000	0.000000	-51.553170	0.002000	1.216755	3.997731	-0.999955	0.000000
3.677021	1.000104	6117.442019	4078.719219	0.000000	0.000000	-51.553170	0.002000	1.216755	3.997731	-0.999955	0.000000
3.697021	1.000104	6117.442019	4078.719219	0.000000	0.000000	-51.553170	0.002000	1.216755	3.997731	-0.999955	0.000000
3.717021	1.000104	6117.442019	4078.719219	0.000000	0.000000	-51.553170	0.002000	1.216755	3.997731	-0.999955	0.000000
3.737021	1.000104	6117.442019	4078.719219	0.000000	0.000000	-51.553170	0.002000	1.216755	3.997731	-0.999955	0.000000
3.757021	1.000104	6117.442019	4078.719219	0.000000	0.000000	-51.553170	0.002000	1.216755	3.997731	-0.999955	0.000000
3.777021	1.000104	6117.442019	4078.719219	0.000000	0.000000	-51.553170	0.002000	1.216755	3.997731	-0.999955	0.000000
3.797021	1.000104	6117.442019	4078.719219	0.000000	0.000000	-51.553170	0.002000	1.216755	3.997731	-0.999955	0.000000
3.817021	1.000104	6117.442019	4078.719219	0.000000	0.000000	-51.553170	0.002000	1.216755	3.997731	-0.999955	0.000000
3.837021	1.000104	6117.442019	4078.719219	0.000000	0.000000	-51.553170	0.002000	1.216755	3.997731	-0.999955	0.000000
3.857021	1.000104	6117.442019	4078.719219	0.000000	0.000000	-51.553170	0.002000	1.216755	3.997731	-0.999955	0.000000
3.877021	1.000104	6117.442019	4078.719219	0.000000	0.000000	-51.553170	0.002000	1.216755	3.997731	-0.999955	0.000000
3.897021	1.000104	6117.442019	4078.719219	0.000000	-0.000000	-51.553170	0.002000	1.216755	3.997731	-0.999955	0.000000
3.917021	1.000104	6117.442019	4078.719219	0.000000	0.000000	-51.553170	0.002000	1.216755	3.997731	-0.999955	0.000000
3.937021	1.000104	6117.442019	4078.719219	0.000000	0.000000	-51.553170	0.002000	1.216755	3.997731	-0.999955	0.000000
3.957021	1.000104	6117.442019	4078.719219	0.000000	0.000000	-51.553170	0.002000	1.216755	3.997731	-0.999955	0.000000
3.977021	1.000104	6117.442019	4078.719219	0.000000	0.000000	-51.553170	0.002000	1.216755	3.997731	-0.999955	0.000000
3.997021	1.000104	6117.442019	4078.719219	0.000000	0.000000	-51.553170	0.002000	1.216755	3.997731	-0.999955	0.000000
4.017021	1.000104	6117.442019	4078.719219	0.000000	0.000000	-51.553170	0.002000	1.216755	3.997731	-0.999955	0.000000
4.037021	1.000104	6117.442019	4078.719219	-0.000000	-0.000000	-51.553170	0.002000	1.216755	3.997731	-0.999955	0.000000
4.057021	1.000104	6117.442019	4078.719219	-0.000000	-0.000001	-51.553170	0.002000	1.216755	3.997731	-0.999955	0.000000
4.077021	1.000104	6117.442019	4078.719219	0.000000	-0.000001	-51.553170	0.002000	1.216755	3.997731	-0.999955	0.000000
4.097021	1.000104	6117.442019	4078.719219	0.000000	0.000001	-51.553170	0.002000	1.216755	3.997731	-0.999955	0.000000
4.117021	1.000104	6117.442019	4078.719219	-0.000000	0.000002	-51.553170	0.002000	1.216755	3.997731	-0.999955	0.000000
4.137021	1.000104	6117.442019	4078.719219	-0.000000	-0.000001	-51.553170	0.002000	1.216755	3.997731	-0.999955	0.000000
4.157021	1.000104	6117.442019	4078.719219	0.000000	-0.000001	-51.553170	0.002000	1.216755	3.997731	-0.999955	0.000000
4.177021	1.000104	6117.442019	4078.719219	0.000000	0.000001	-51.553170	0.002000	1.216755	3.997731	-0.999955	0.000000
4.197021	1.000104	6117.442019	4078.719219	-0.000000	0.000001	-51.553170	0.002000	1.216755	3.997731	-0.999955	0.000000
4.217021	1.000104	6117.442019	4078.719219	0.000000	-0.000001	-51.553170	0.002000	1.216755	3.997731	-0.999955	0.000000
4.237021	1.000104	6117.442019	4078.719219	-0.000000	0.000001	-51.553170	0.002000	1.216755	3.997731	-0.999955	0.000000
4.257021	1.000104	6117.442019	4078.719219	-0.000000	-0.000001	-51.553170	0.002000	1.216755	3.997731	-0.999955	0.000000
4.277021	1.000104	6117.442019	4078.719219	0.000000	0.000001	-51.553170	0.002000	1.216755	3.997731	-0.999955	0.000000
4.297021	1.000104	6117.442019	4078.719219	-0.000000	-0.000000	-51.553170	0.002000	1.216755	3.997731	-0.999955	0.000000
4.317021	1.000104	6117.442019	4078.719219	0.000000	-0.000003	-51.553170	0.002000	1.216755	3.997731	-0.999955	0.000000
4.337021	1.000104	6117.442019	4078.719219	0.000000	0.000001	-51.553170	0.002000	1.216755	3.997731	-0.999955	0.000000
4.357021	1.000104	6117.442019	4078.719219	-0.000000	0.000001	-51.553170	0.002000	1.216755	3.997731	-0.999955	0.000000
4.377021	1.000104	6117.442019	4078.719219	-0.000000	-0.000001	-51.553170	0.002000	1.216755	3.997731	-0.999955	0.000000
4.397021	1.000104	6117.442019	4078.719219	0.000000	-0.000001	-51.553170	0.002000	1.216755	3.997731	-0.999955	0.000000
4.417021	1.000104	6117.442019	4078.719219	0.000000	-0.000001	-51.553170	0.002000	1.216755	3.997731	-0.999955	0.000000
4.437021	1.000104	6117.442019	4078.719219	0.000000	0.000001	-51.553170	0.002000	1.216755	3.997731	-0.999955	0.000000
4.457021	1.000104	6117.442019	4078.719219	-0.000000	0.000001	-51.553170	0.002000	1.216755	3.997731	-0.999955	0.000000
4.477021	1.000104	6117.442019	4078.719219	-0.000000	-0.000000	-51.553170	0.002000	1.216755	3.997731	-0.999955	0.000000
4.497021	1.000104	6117.442019	4078.719219	0.000000	0.000001	-51.553170	0.002000	1.216755	3.997731	-0.999955	0.000000
4.517021	1.000104	6117.442019	4078.719219	0.000000	0.000001	-51.553170	0.002000	1.216755	3.997731	-0.999955	0.000000
4.537021	1.000104	6117.442019	4078.719219	0.000000	-0.000001	-51.553170	0.002000	1.216755	3.997731	-0.999955	0.000000
4.557021	1.000104	6117.442019	4078.719219	0.000000	0.000001	-51.553170	0.002000	1.216755	3.997731	-0.999955	0.000000
4.577021	1.000104	6117.442019	4078.719219	-0.000000	0.000000	-51.553170	0.002000	1.216755	3.997731	-0.999955	0.000000
4.597021	1.000104	6117.442019	4078.719219	0.000000	-0.000000	-51.553170	0.002000	1.216755	3.997731	-0.999955	0.000000
4.617021	1.000104	6117.442019	4078.719219	0.000000	0.000001	-51.553170	0.002000	1.216755	3.997731	-0.999955	0.000000
4.637021	1.000104	6117.442019	4078.719219	-0.000000	0.000000	-51.553170	0.002000	1.216755	3.997731	-0.999955	0.000000
4.657021	1.000104	6117.442019	4078.719219	-0.000000	-0.000001	-51.553170	0.002000	1.216755	3.997731	-0.999955	0.000000
4.677021	1.000104	6117.442019	4078.719219	0.000000	-0.000001	-51.553170	0.002000	1.216755	3.997731	-0.999955	0.000000
4.697021	1.000104	6117.442019	4078.719219	-0.000000	0.000000	-51.553170	0.002000	1.216755	3.997731	-0.999955	0.000000
4.717021	1.000104	6117.442019	4078.719219	-0.000000	-0.000001	-51.553170	0.002000	1.216755	3.997731	-0.999955	0.000000
4.737021	1.000104	6117.442019	4078.719219	0.000000	-0.000001	-51.553170	0.002000	1.216755	3.997731	-0.999955	0.000000
4.757021	1.000104	6117.442019	4078.719219	0.000000	-0.000001	-51.553170	0.002000	1.216755	3.997731	-0.999955	0.000000
4.777021	1.000104	6117.442019	4078.719219	0.000000	-0.000001	-51.553170	0.002000	1.216755	3.997731	-0.999955	0.000000
4.797021	1.000104	6117.442019	4078.719219	-0.000000	0.000001	-51.553170	0.002000	1.216755	3.997731	-0.999955	0.000000
4.817021	1.000104	6117.442019	4078.719219	0.000000	0.000001	-51.553170	0.002000	1.216755	3.997731	-0.999955	0.000000
4.837021	1.000104	6117.442019	4078.719219	0.000000	0.000002	-51.553170	0.002000	1.216755	3.997731	-0.999955	0.000000
4.857021	1.000104	6117.442019	4078.719219	-0.000000	-0.000001	-51.553170	0.002000	1.216755	3.997731	-0.999955	0.000000
4.877021	1.000104	6117.442019	4078.719219	0.000000	0.000001	-51.553170	0.002000	1.216755	3.997731	-0.999955	0.000000
4.897021	1.000104	6117.442019	4078.719219	-0.000000	0.000003	-51.553170	0.002000	1.216755	3.997731	-0.999955	0.000000
4.917021	1.000104	6117.442019	4078.719219	-0.000000	-0.000003	-51.553170	0.002000	1.216755	3.997731	-0.999955	0.000000
4.937021	1.000104	6117.442019	4078.719219	0.000000	-0.000002	-51.553170	0.002000	1.216755	3.997731	-0.999955	0.000000
4.957021	1.000104	6117.442019	4078.719219	0.000000	0.000002	-51.553170	0.002000	1.216755	3.997731	-0.999955	0.000000
4.977021	1.000104	6117.442019	4078.719219	-0.000000	0.000003	-51.553170	0.002000	1.216755	3.997731	-0.999955	0.000000
4.997021	1.000104	6117.442019	4078.719219	-0.000000	-0.000001	-51.553170	0.002000	1.216755	3.997731	-0.999955	0.000000
5.017021	1.000104	6117.442019	4078.719219	-0.000000	-0.000002	-51.553170	0.002000	1.216755	3.997731	-0.999955	0.000000
5.037021	1.000104	6117.442019	4078.719219	0.000000	-0.000000	-51.553170	0.002000	1.216755	3.997731	-0.999955	0.000000
5.057021	1.000104	6117.442019	4078.719219	0.000000	0.000000	-51.553170	0.002000	1.216755	3.997731	-0.999955	0.000000
5.077021	1.000104	6117.442019	4078.719219	-0.000000	0.000000	-51.553170	0.002000	1.216755	3.997731	-0.999955	0.000000
5.097021	1.000104	6117.442019	4078.719219	-0.000000	0.000000	-51.553170	0.002000	1.216755	3.997731	-0.999955	0.000000
5.117021	1.000104	6117.442019	4078.719219	0.000000	0.000000	-51.553170	0.002000	1.216755	3.997731	-0.999955	0.000000
5.137021	1.000104	6117.442019	4078.719219	0.000000	0.000000	-51.553170	0.002000	1.216755	3.997731	-0.999955	0.000000
5.157021	1.000104	6117.442019	4078.719219	0.000000	0.000000	-51.553170	0.002000	1.216755	3.997731	-0.999955	0.000000
5.177021	1.000104	6117.442019	4078.719219	0.000000	0.000000	-51.553170	0.002000	1.216755	3.997731	-0.999955	0.000000
5.197021	1.000104	6117.442019	4078.719219	0.000000	0.000000	-51.553170	0.002000	1.216755	3.997731	-0.999955	0.000000
5.217021	1.000104	6117.442019	4078.719219	0.000000	0.000000	-51.553170	0.002000	1.216755	3.997731	-0.999955	0.000000
5.237021	1.000104	6117.442019	4078.719219	0.000000	0.000000	-51.553170	0.002000	1.216755	3.997731	-0.999955	0.000000
5.257021	1.000104	6117.442019	4078.719219	0.000000	0.000000	-51.553170	0.002000	1.216755	3.997731	-0.999955	0.000000
5.277021	1.000104	6117.442019	4078.719219	0.000000	0.000000	-51.553170	0.002000	1.216755	3.997731	-0.999955	0.000000
5.297021	1.000104	6117.442019	4078.719219	0.000000	0.000000	-51.553170	0.002000	1.216755	3.997731	-0.999955	0.000000
5.317021	1.000104	6117.442019	4078.719219	0.000000	0.000000	-51.553170	0.002000	1.216755	3.997731	-0.999955	0.000000
5.337021	1.000104	6117.442019	4078.719219	0.000000	0.000000	-51.553170	0.002000	1.216755	3.997731	-0.999955	0.000000
5.357021	1.000104	6117.442019	4078.719219	0.000000	0.000000	-51.553170	0.002000	1.216755	3.997731	-0.999955	0.000000
5.377021	1.000104	6117.442019	4078.719219	0.000000	0.000000	-51.553170	0.002000	1.216755	3.997731	-0.999955	0.000000
5.397021	1.000104	6117.442019	4078.719219	0.000000	0.000000	-51.553170	0.002000	1.216755	3.997731	-0.999955	0.000000
5.417021	1.000104	6117.442019	4078.719219	0.000000	0.000000	-51.553170	0.002000	1.216755	3.997731	-0.999955	0.000000
5.437021	1.000104	6117.442019	4078.719219	0.000000	0.000000	-51.553170	0.002000	1.216755	3.997731	-0.999955	0.000000
5.457021	1.000104	6117.442019	4078.719219	0.000000	0.000000	-51.553170	0.002000	1.216755	3.997731	-0.999955	0.000000
5.477021	1.000104	6117.442019	4078.719219	0.000000	0.000000	-51.553170	0.002000	1.216755	3.997731	-0.999955	0.000000
5.497021	1.000104	6117.442019	4078.719219	0.000000	0.000000	-51.553170	0.002000	1.216755	3.997731	-0.999955	0.000000
5.517021	1.000104	6117.442019	4078.719219	0.000000	0.000000	-51.553170	0.002000	1.216755	3.997731	-0.999955	0.000000
5.537021	1.000104	6117.442019	4078.719219	0.000000	0.000000	-51.553170	0.002000	1.216755	3.997731	-0.999955	0.000000
5.557021	1.000104	6117.442019	4078.719219	0.000000	0.000000	-51.553170	0.002000	1.216755	3.997731	-0.999955	0.000000
5.577021	1.000104	6117.442019	4078.719219	0.000000	0.000000	-51.553170	0.002000	1.216755	3.997731	-0.999955	0.000000
5.597021	1.000104	6117.442019	4078.719219	0.000000	0.000000	-51.553170	0.002000	1.216755	3.997731	-0.999955	0.000000
5.617021	1.000104	6117.442019	4078.719219	0.000000	0.000000	-51.553170	0.002000	1.216755	3.997731	-0.999955	0.000000
5.637021	1.000104	6117.442019	4078.719219	0.000000	0.000000	-51.553170	0.002000	1.216755	3.997731	-0.999955	0.000000
5.657021	1.000104	6117.442019	4078.719219	0.000000	0.000000	-51.553170	0.002000	1.216755	3.997731	-0.999955	0.000000
5.677021	1.000104	6117.442019	4078.719219	0.000000	0.000000	-51.553170	0.002000	1.216755	3.997731	-0.999955	0.000000
5.697021	1.000104	6117.442019	4078.719219	0.000000	0.000000	-51.553170	0.002000	1.216755	3.997731	-0.999955	0.000000
5.717021	1.000104	6117.442019	4078.719219	0.000000	0.000000	-51.553170	0.002000	1.216755	3.997731	-0.999955	0.000000
5.737021	1.000104	6117.442019	4078.719219	0.000000	0.000000	-51.553170	0.002000	1.216755	3.997731	-0.999955	0.000000
5.757021	1.000104	6117.442019	4078.719219	0.000000	0.000000	-51.553170	0.002000	1.216755	3.997731	-0.999955	0.000000
5.777021	1.000104	6117.442019	4078.719219	0.000000	0.000000	-51.553170	0.002000	1.216755	3.997731	-0.999955	0.000000
5.797021	1.000104	6117.442019	4078.719219	0.000000	0.000000	-51.553170	0.002000	1.216755	3.997731	-0.999955	0.000000
5.817021	1.000104	6117.442019	4078.719219	0.000000	0.000000	-51.553170	0.002000	1.216755	3.997731	-0.999955	0.000000
5.837021	1.000104	6117.442019	4078.719219	0.000000	0.000000	-51.553170	0.002000	1.216755	3.997731	-0.999955	0.000000
5.857021	1.000104	6117.442019	4078.719219	0.000000	0.000000	-51.553170	0.002000	1.216755	3.997731	-0.999955	0.000000
5.877021	1.000104	6117.442019	4078.719219	0.000000	0.000000	-51.553170	0.002000	1.216755	3.997731	-0.999955	0.000000
5.897021	1.000104	6117.442019	4078.719219	0.000000	0.000000	-51.553170	0.002000	1.216755	3.997731	-0.999955	0.000000
5.917021	1.000104	6117.442019	4078.719219	0.000000	0.000000	-51.553170	0.002000	1.216755	3.997731	-0.999955	0.000000
5.937021	1.000104	6117.442019	4078.719219	0.000000	0.000000	-51.553170	0.002000	1.216755	3.997731	-0.999955	0.000000
5.957021	1.000104	6117.442019	4078.719219	0.000000	0.000000	-51.553170	0.002000	1.216755	3.997731	-0.999955	0.000000
5.977021	1.000104	6117.442019	4078.719219	0.000000	0.000000	-51.553170	0.002000	1.216755	3.997731	-0.999955	0.000000
5.997021	1.000104	6117.442019	4078.719219	0.000000	-0.000000	-51.553170	0.002000	1.216755	3.997731	-0.999955	0.000000
6.017021	1.000104	6117.442019	4078.719219	0.000000	0.000000	-51.553170	0.002000	1.216755	3.997731	-0.999955	0.000000
6.037021	1.000104	6117.442019	4078.719219	0.000000	0.000000	-51.553170	0.002000	1.216755	3.997731	-0.999955	0.000000
6.057021	1.000104	6117.442019	4078.719219	0.000000	0.000000	-51.553170	0.002000	1.216755	3.997731	-0.999955	0.000000
6.077021	1.000104	6117.442019	4078.719219	0.000000	0.000000	-51.553170	0.002000	1.216755	3.997731	-0.999955	0.000000
6.097021	1.000104	6117.442019	4078.719219	0.000000	0.000000	-51.553170	0.002000	1.216755	3.997731	-0.999955	0.000000
6.117021	1.000104	6117.442019	4078.719219	0.000000	0.000000	-51.553170	0.002000	1.216755	3.997731	-0.999955	0.000000
6.137021	1.000104	6117.442019	4078.719219	-0.000000	0.000002	-51.553170	0.002000	1.216755	3.997731	-0.999955	0.000000
6.157021	1.000104	6117.442019	4078.719219	-0.000000	0.000008	-51.553170	0.002000	1.216755	3.997731	-0.999955	0.000000
6.177021	1.000104	6117.442019	4078.719219	-0.000000	0.000023	-51.553170	0.002000	1.216755	3.997731	-0.999955	0.000000
6.197021	1.000104	6117.442019	4078.719219	-0.000001	0.000063	-51.553170	0.002000	1.216755	3.997731	-0.999955	0.000000
6.217021	1.000104	6117.442019	4078.719220	-0.000002	0.000177	-51.553170	0.002000	1.216755	3.997731	-0.999955	0.000000
6.237021	1.000104	6117.442019	4078.719220	-0.000007	0.000532	-51.553170	0.002000	1.216755	3.997731	-0.999955	0.000000
6.257021	1.000104	6117.442019	4078.719220	-0.000019	0.001512	-51.553170	0.002000	1.216755	3.997731	-0.999955	0.000000
6.277021	1.000104	6117.442019	4078.719220	-0.000054	0.004196	-51.553170	0.002000	1.216755	3.997731	-0.999955	0.000000
6.297021	1.000104	6117.442019	4078.719220	-0.000150	0.011248	-51.553170	0.002000	1.216755	3.997731	-0.999955	0.000000
6.317021	1.000104	6117.442020	4078.719220	-0.000398	0.028932	-51.553170	0.002000	1.216755	3.997731	-0.999955	0.000000
6.337021	1.000104	6117.442020	4078.719221	-0.001008	0.070874	-51.553170	0.002000	1.216755	3.997731	-0.999955	0.000000
6.357021	1.000104	6117.442022	4078.719223	-0.002424	0.163133	-51.553170	0.002000	1.216755	3.997731	-0.999955	0.000000
6.377021	1.000104	6117.442026	4078.719227	-0.005440	0.343668	-51.553170	0.002000	1.216755	3.997731	-0.999955	0.000000
6.397021	1.000104	6117.442034	4078.719238	-0.011002	0.624154	-51.553170	0.002000	1.216755	3.997731	-0.999955	0.000000
6.417021	1.000104	6117.442050	4078.719258	-0.018420	0.801054	-51.553170	0.002000	1.216755	3.997731	-0.999955	0.000000
6.437021	1.000104	6117.442071	4078.719291	-0.017615	-0.232287	-51.553170	0.002000	1.216755	3.997731	-0.999955	0.000000
6.457021	1.000104	6117.442072	4078.719317	0.037487	-6.658109	-51.553170	0.002000	1.216755	3.997731	-0.999955	0.000000
6.477021	1.000104	6117.441930	4078.719222	0.309708	-31.926428	-51.553170	0.002000	1.216755	3.997731	-0.999955	0.000000
6.497021	1.000104	6117.441209	4078.718565	1.302053	-115.071542	-51.553169	0.002000	1.216755	3.997731	-0.999955	0.000000
6.517021	1.000104	6117.438553	4078.715907	4.430405	-360.744546	-51.553166	0.002000	1.216755	3.997730	-0.999955	0.000000
6.537021	1.000103	6117.430128	4078.707039	13.390679	-1030.906339	-51.553152	0.002000	1.216755	3.997730	-0.999955	0.000000
6.557021	1.000100	6117.405850	4078.680573	37.199515	-2740.571272	-51.553112	0.002000	1.216755	3.997728	-0.999957	0.000000
6.577021	1.000093	6117.340898	4078.607757	96.472710	-6845.185739	-51.553001	0.002000	1.216755	3.997724	-0.999960	0.000000
6.597021	1.000072	6117.177816	4078.420408	235.364766	-16144.219437	-51.552708	0.002000	1.216755	3.997712	-0.999968	0.000000
6.617022	1.000022	6116.791454	4077.966423	542.180466	-36033.610157	-51.551992	0.002000	1.216755	3.997685	-0.999990	0.000000
6.637024	0.999905	6115.925605	4076.926740	1180.885277	-76153.471646	-51.550336	0.002000	1.216755	3.997625	-1.000040	0.000000
6.657030	0.999644	6114.088739	4074.673542	2431.639703	-152299.454729	-51.546714	0.002001	1.216755	3.997496	-1.000152	0.000000
6.677042	0.999098	6110.401195	4070.052743	4729.018618	-287825.526974	-51.539230	0.002002	1.216755	3.997237	-1.000386	0.000000
6.697068	0.998016	6103.403463	4061.094216	8672.681052	-513066.396801	-51.524615	0.002004	1.216755	3.996745	-1.000850	0.000000
6.717122	0.995992	6090.868224	4044.698413	14972.634485	-860915.882459	-51.497685	0.002008	1.216755	3.995861	-1.001723	0.000000
6.737228	0.992418	6069.697375	4016.418960	24297.781316	-1357563.871444	-51.450895	0.002015	1.216755	3.994361	-1.003270	0.000000
6.757424	0.986470	6036.005562	3970.515147	37040.406573	-2010019.649703	-51.374271	0.002027	1.216755	3.991959	-1.005861	0.000000
6.777770	0.977141	5985.436418	3900.427969	53064.572976	-2795739.157473	-51.255951	0.002047	1.216755	3.988325	-1.009961	0.000000
6.798352	0.963350	5913.623874	3799.720428	71589.930432	-3661936.506362	-51.083241	0.002076	1.216755	3.983105	-1.016102	0.000000
6.819283	0.944085	5816.569696	3663.119956	91298.321846	-4536509.259780	-50.844201	0.002118	1.216755	3.975942	-1.024839	0.000000
6.840714	0.918579	5690.439996	3487.362294	110598.413632	-5349528.606383	-50.528712	0.002177	1.216755	3.966445	-1.036696	0.000000
6.862829	0.886350	5531.077714	3271.219857	128107.631977	-6048994.510200	-50.128875	0.002256	1.216755	3.954131	-1.052170	0.000000
6.885858	0.847039	5333.136160	3014.649797	142781.639998	-6596345.923836	-49.639195	0.002361	1.216755	3.938325	-1.071836	0.000000
6.910091	0.800213	5092.124092	2719.612262	154087.876115	-6957008.368402	-49.051778	0.002499	1.216755	3.918260	-1.096502	0.000000
6.935916	0.744389	4811.599910	2390.763660	162296.854404	-7056245.276030	-48.356440	0.002687	1.216755	3.893666	-1.127877	0.000000
6.963971	0.678079	4510.360550	2041.627066	167251.403210	-6844512.755177	-47.528376	0.002950	1.216755	3.865595	-1.168367	0.000000
6.995199	0.599296	4233.112252	1693.609721	170294.967842	-6340982.347579	-46.518225	0.003337	1.216755	3.838041	-1.221975	0.000000
7.031381	0.507850	4026.469746	1365.183686	171568.897099	-5617835.763508	-45.257433	0.003938	1.216755	3.816290	-1.293847	0.000000
7.075511	0.408721	3950.980061	1078.142344	170675.497980	-4880690.816317	-43.544394	0.004893	1.216755	3.808047	-1.388119	0.000000
7.132668	0.291542	4034.514437	785.325828	175976.202670	-4039000.135606	-41.172700	0.006860	1.216755	3.817099	-1.534797	0.000000
7.228991	0.170849	4965.368600	566.377690	175087.677417	-2824776.271651	-36.294757	0.011706	1.216755	3.907196	-1.766838	0.000000
-0.002996	3.341438	103372.158444	230275.301730	3.793252	0.000000	0.001113	0.000599	0.000000	5.225569	-0.476070	0.000000
-0.008979	3.350410	103066.220303	230209.735573	14.767835	0.000000	0.003246	0.000597	0.000000	5.224281	-0.474906	0.000000
-0.014939	3.367785	102478.444402	230083.802348	33.490271	0.000000	0.005101	0.000594	0.000000	5.221797	-0.472659	0.000000
-0.020860	3.392484	101654.573920	229907.834282	58.570353	0.000000	0.006502	0.000590	0.000000	5.218290	-0.469485	0.000000
-0.026733	3.422951	100657.528506	229697.286129	82.649748	0.000000	0.007300	0.000584	0.000000	5.214008	-0.465600	0.000000
-0.032549	3.457250	99561.207551	229471.924333	95.406888	0.000000	0.007402	0.000578	0.000000	5.209250	-0.461269	0.000000
-0.038305	3.493214	98442.613273	229253.879141	88.315349	0.000000	0.006793	0.000573	0.000000	5.204342	-0.456773	0.000000
-0.044001	3.528646	97373.759246	229064.718681	58.752943	0.000000	0.005560	0.000567	0.000000	5.199599	-0.452389	0.000000
-0.049642	3.561542	96414.343761	228922.114135	11.636634	0.000000	0.003879	0.000562	0.000000	5.195298	-0.448358	0.000000
-0.055233	3.590301	95606.466616	228836.941674	-42.051067	0.000000	0.001994	0.000557	0.000000	5.191643	-0.444866	0.000000
-0.060783	3.613884	94972.031647	228811.614011	-89.029629	0.000000	0.000165	0.000553	0.000000	5.188752	-0.442023	0.000000
-0.066301	3.631882	94513.094699	228840.107369	-118.179613	0.000000	-0.001375	0.000551	0.000000	5.186650	-0.439866	0.000000
-0.071796	3.644486	94214.811426	228909.671268	-123.971740	0.000000	-0.002463	0.000549	0.000000	5.185278	-0.438362	0.000000
-0.077277	3.652360	94050.284109	229003.751358	-107.752957	0.000000	-0.003032	0.000548	0.000000	5.184520	-0.437426	0.000000
-0.082748	3.656466	93986.316890	229105.358125	-76.656436	0.000000	-0.003108	0.000547	0.000000	5.184226	-0.436939	0.000000
-0.088217	3.657871	93989.034443	229200.059436	-40.793126	0.000000	-0.002794	0.000547	0.000000	5.184239	-0.436773	0.000000
-0.093685	3.657581	94028.436649	229277.961096	-9.896311	0.000000	-0.002235	0.000547	0.000000	5.184422	-0.436808	0.000000
