0.002995	3.341790	103359.934771	230272.336127	4.714711	-3282510.942431	-0.001111	0.000598	1.216755	5.225518	-0.476024	0.000000
0.008978	3.350734	103054.985034	230206.847874	17.095076	-3014028.668299	-0.003238	0.000597	1.216755	5.224234	-0.474864	0.000000
0.014937	3.368050	102469.202207	230081.192735	36.141611	-2474602.540456	-0.005084	0.000594	1.216755	5.221758	-0.472625	0.000000
0.020858	3.392664	101648.290048	229905.867242	60.372196	-1677569.803994	-0.006474	0.000590	1.216755	5.218263	-0.469461	0.000000
0.026731	3.423025	100654.981230	229696.416889	82.921463	-675270.694175	-0.007261	0.000584	1.216755	5.213997	-0.465591	0.000000
0.032547	3.457204	99562.787600	229472.535848	94.291965	427830.599958	-0.007357	0.000579	1.216755	5.209257	-0.461275	0.000000
0.038303	3.493051	98448.155401	229256.102343	86.703375	1483986.934965	-0.006751	0.000573	1.216755	5.204366	-0.456793	0.000000
0.044000	3.528386	97382.487136	229068.320301	57.864531	2331881.824485	-0.005532	0.000567	1.216755	5.199638	-0.452421	0.000000
0.049641	3.561218	96424.969470	228926.507086	12.485081	2836911.727985	-0.003874	0.000562	1.216755	5.195346	-0.448398	0.000000
0.055232	3.589958	95617.427184	228841.320647	-39.066240	2926895.965425	-0.002013	0.000557	1.216755	5.191693	-0.444907	0.000000
0.060783	3.613568	94981.798738	228815.168556	-84.239977	2611114.265752	-0.000206	0.000553	1.216755	5.188797	-0.442060	0.000000
0.066302	3.631633	94520.471828	228842.237185	-112.457852	1977092.525963	0.001320	0.000551	1.216755	5.186684	-0.439896	0.000000
0.071797	3.644326	94219.141262	228910.131707	-118.350915	1167136.224549	0.002406	0.000549	1.216755	5.185298	-0.438381	0.000000
0.077278	3.652295	94051.518222	229002.686694	-103.028867	342314.276800	0.002982	0.000548	1.216755	5.184526	-0.437434	0.000000
0.082749	3.656485	93984.941636	229103.222056	-73.132348	-355364.496256	0.003072	0.000547	1.216755	5.184220	-0.436937	0.000000
0.088218	3.657952	93985.886735	229197.459914	-38.243595	-832102.931833	0.002775	0.000547	1.216755	5.184225	-0.436763	0.000000
0.093685	3.657696	94024.470363	229275.486645	-7.727783	-1055645.987677	0.002231	0.000547	1.216755	5.184403	-0.436794	0.000000
0.099154	3.656549	94077.358049	229332.470492	11.861139	-1051083.729643	0.001586	0.000547	1.216755	5.184647	-0.436930	0.000000
0.104626	3.655118	94128.883806	229368.209324	18.058536	-883001.732382	0.000966	0.000547	1.216755	5.184885	-0.437100	0.000000
0.110099	3.653781	94170.603190	229385.865694	12.285858	-631485.879293	0.000455	0.000547	1.216755	5.185077	-0.437259	0.000000
0.115574	3.652722	94199.784739	229390.372640	-1.459392	-369978.730749	0.000094	0.000548	1.216755	5.185211	-0.437384	0.000000
0.121051	3.651983	94217.447193	229386.956739	-18.344114	-150652.608806	-0.000118	0.000548	1.216755	5.185292	-0.437472	0.000000
0.126528	3.651524	94226.474064	229380.074634	-34.211885	726.569631	-0.000206	0.000548	1.216755	5.185334	-0.437526	0.000000
0.132006	3.651266	94230.152031	229372.870504	-46.494786	81828.718474	-0.000210	0.000548	1.216755	5.185350	-0.437557	0.000000
0.137485	3.651131	94231.266997	229367.100935	-54.397418	106013.891651	-0.000167	0.000548	1.216755	5.185356	-0.437573	0.000000
0.142963	3.651054	94231.718967	229363.377856	-58.486280	93452.108883	-0.000107	0.000548	1.216755	5.185358	-0.437582	0.000000
0.148442	3.650994	94232.515988	229361.555799	-60.123672	63826.788314	-0.000052	0.000548	1.216755	5.185361	-0.437589	0.000000
0.153920	3.650930	94233.978780	229361.118884	-60.861755	31949.645549	-0.000009	0.000548	1.216755	5.185368	-0.437597	0.000000
0.159399	3.650857	94236.010978	229361.478180	-61.798474	6357.453580	0.000019	0.000548	1.216755	5.185378	-0.437605	0.000000
0.164878	3.650777	94238.338888	229362.148566	-63.680702	-9966.907765	0.000035	0.000548	1.216755	5.185388	-0.437615	0.000000
0.170357	3.650697	94240.676395	229362.817231	-67.023574	-17825.957140	0.000044	0.000548	1.216755	5.185399	-0.437624	0.000000
0.175836	3.650623	94242.809985	229363.335191	-71.259516	-19749.757992	0.000051	0.000548	1.216755	5.185409	-0.437633	0.000000
0.181315	3.650558	94244.621519	229363.671542	-76.218195	-18518.672519	0.000058	0.000548	1.216755	5.185417	-0.437641	0.000000
0.186794	3.650505	94246.074913	229363.863556	-82.898343	-16508.629496	0.000067	0.000548	1.216755	5.185424	-0.437647	0.000000
0.192273	3.650463	94247.188219	229363.969455	-88.874423	-14939.328250	0.000079	0.000548	1.216755	5.185429	-0.437652	0.000000
0.197753	3.650433	94248.004795	229364.039063	-94.140222	-14118.426548	0.000093	0.000548	1.216755	5.185433	-0.437656	0.000000
0.203232	3.650412	94248.574986	229364.117313	-104.700353	-14755.407469	0.000110	0.000548	1.216755	5.185436	-0.437658	0.000000
0.208711	3.650399	94248.945913	229364.225259	-110.476670	-16120.208920	0.000130	0.000548	1.216755	5.185437	-0.437660	0.000000
0.214191	3.650393	94249.151487	229364.350313	-110.949186	-16748.362877	0.000149	0.000548	1.216755	5.185438	-0.437660	0.000000
0.219670	3.650393	94249.220005	229364.522864	-134.973927	-19630.225731	0.000171	0.000548	1.216755	5.185438	-0.437660	0.000000
0.225150	3.650398	94249.181011	229364.742428	-136.938168	-22598.720503	0.000201	0.000548	1.216755	5.185438	-0.437660	0.000000
0.230629	3.650406	94249.039264	229364.906065	-109.440168	-19757.715524	0.000219	0.000548	1.216755	5.185438	-0.437659	0.000000
0.236109	3.650419	94248.808657	229365.143287	-189.662153	-25947.846901	0.000242	0.000548	1.216755	5.185437	-0.437657	0.000000
0.241588	3.650435	94248.539293	229365.473248	-172.075963	-32909.080196	0.000295	0.000548	1.216755	5.185435	-0.437656	0.000000
0.247067	3.650448	94248.184701	229365.411865	0.143430	-11763.355964	0.000287	0.000548	1.216755	5.185434	-0.437654	0.000000
0.252547	3.650466	94247.742839	229365.529233	-323.901140	-30680.402279	0.000287	0.000548	1.216755	5.185432	-0.437652	0.000000
0.258026	3.650487	94247.394922	229365.955332	-221.765338	-56534.555090	0.000417	0.000548	1.216755	5.185430	-0.437649	0.000000
0.263505	3.650485	94246.879999	229364.338798	675.097772	53046.009360	0.000251	0.000548	1.216755	5.185428	-0.437650	0.000000
0.268985	3.650491	94246.107086	229363.095612	-710.485594	-13593.509355	0.000079	0.000548	1.216755	5.185424	-0.437649	0.000000
0.274464	3.650502	94245.880672	229362.940514	-250.724234	-127146.854996	0.000494	0.000548	1.216755	5.185423	-0.437648	0.000000
0.279943	3.650388	94244.971477	229352.396122	4258.148871	411031.293286	-0.000493	0.000548	1.216755	5.185418	-0.437663	0.000000
0.285423	3.650282	94242.751955	229341.392631	-1673.786696	182076.621366	-0.001737	0.000548	1.216755	5.185408	-0.437674	0.000000
0.290902	3.650176	94242.927464	229333.427089	374.272514	-326318.214643	-0.000323	0.000548	1.216755	5.185410	-0.437691	0.000000
0.296382	3.649417	94239.841596	229272.101406	22971.593863	2305185.811535	-0.005619	0.000548	1.216755	5.185392	-0.437789	0.000000
0.301864	3.648546	94229.684691	229196.136122	-1813.495939	1655105.836380	-0.013271	0.000548	1.216755	5.185346	-0.437887	0.000000
0.307346	3.647505	94229.456667	229120.517954	7939.503148	-530140.754377	-0.009226	0.000548	1.216755	5.185348	-0.438032	0.000000
0.312831	3.643021	94213.052743	228765.730659	121963.213598	12494308.931043	-0.037673	0.000549	1.216755	5.185252	-0.438610	0.000000
0.318327	3.637101	94157.817838	228267.748547	23687.004816	11984793.373266	-0.083678	0.000550	1.216755	5.184998	-0.439302	0.000000
0.323829	3.629321	94140.396003	227683.706553	73575.355262	3467649.400928	-0.080293	0.000551	1.216755	5.184931	-0.440348	0.000000
0.329344	3.603328	94038.637351	225626.100790	656507.436527	70403506.857254	-0.236019	0.000555	1.216755	5.184357	-0.443716	0.000000
0.334929	3.565578	93707.761208	222461.293154	315815.595253	89648620.143170	-0.516084	0.000561	1.216755	5.182796	-0.448289	0.000000
0.340564	3.516555	93474.151256	218596.168241	513660.765622	68965209.226969	-0.594274	0.000569	1.216755	5.181744	-0.454849	0.000000
0.346282	3.382512	92729.574685	207647.666942	3552987.199826	464292545.971137	-1.422188	0.000591	1.216755	5.177643	-0.473064	0.000000
0.352391	3.187770	90277.713591	190284.034080	2907278.590298	820917698.119470	-3.189792	0.000627	1.216755	5.165403	-0.498749	0.000000
0.358873	3.023012	87545.282616	174792.672865	730722.571939	769469160.309239	-3.762716	0.000662	1.216755	5.152100	-0.522325	0.000000
0.365587	2.677028	82707.087541	143194.914083	14131901.594143	2650307999.262692	-6.191837	0.000747	1.216755	5.123969	-0.580790	0.000000
0.374007	2.039663	65899.171825	83600.747195	35811584.335602	7264041839.698666	-17.499388	0.000981	1.216755	5.013534	-0.704072	0.000000
0.386573	1.460099	37051.342041	32634.501544	31960389.112382	7579267674.379804	-34.161378	0.001370	1.216755	4.748816	-0.847887	0.000000
0.403284	1.153303	15981.061536	11166.337554	15646451.427083	3674604103.526179	-45.388343	0.001734	1.216755	4.379593	-0.944431	0.000000
0.422255	1.040712	7968.934207	5288.130867	4875693.390918	914068042.146671	-50.002227	0.001922	1.216755	4.095371	-0.984817	0.000000
0.442020	1.009022	6354.241236	4240.336737	1051353.065760	126343419.723266	-51.255288	0.001982	1.216755	4.011293	-0.996641	0.000000
0.461978	1.001758	6147.356239	4100.959161	183879.578933	15238793.998279	-51.504922	0.001996	1.216755	3.999485	-0.999347	0.000000
0.481971	1.000369	6121.618731	4081.941093	27313.984489	2058647.417638	-51.546512	0.001999	1.216755	3.997978	-0.999859	0.000000
0.501970	1.000141	6118.044513	4079.176879	3441.527733	298702.537091	-51.552380	0.002000	1.216755	3.997766	-0.999942	0.000000
0.521970	1.000109	6117.525814	4078.780157	375.622239	42676.398721	-51.553089	0.002000	1.216755	3.997735	-0.999953	0.000000
0.541970	1.000105	6117.452908	4078.726717	35.337251	5734.302234	-51.553163	0.002000	1.216755	3.997731	-0.999955	0.000000
0.561970	1.000104	6117.443329	4078.720071	2.825392	712.881990	-51.553170	0.002000	1.216755	3.997731	-0.999955	0.000000
0.581970	1.000104	6117.442165	4078.719309	0.197205	81.817701	-51.553170	0.002000	1.216755	3.997731	-0.999955	0.000000
0.601970	1.000104	6117.442035	4078.719229	0.015433	8.728490	-51.553170	0.002000	1.216755	3.997731	-0.999955	0.000000
0.621970	1.000104	6117.442021	4078.719220	0.002208	0.884010	-51.553170	0.002000	1.216755	3.997731	-0.999955	0.000000
0.641970	1.000104	6117.442019	4078.719220	0.000451	0.089035	-51.553170	0.002000	1.216755	3.997731	-0.999955	0.000000
0.661970	1.000104	6117.442019	4078.719220	0.000086	0.009603	-51.553170	0.002000	1.216755	3.997731	-0.999955	0.000000
0.681970	1.000104	6117.442019	4078.719220	0.000014	0.001177	-51.553170	0.002000	1.216755	3.997731	-0.999955	0.000000
0.701970	1.000104	6117.442019	4078.719219	0.000002	0.000160	-51.553170	0.002000	1.216755	3.997731	-0.999955	0.000000
0.721970	1.000104	6117.442019	4078.719219	0.000000	0.000022	-51.553170	0.002000	1.216755	3.997731	-0.999955	0.000000
0.741970	1.000104	6117.442019	4078.719219	0.000000	0.000003	-51.553170	0.002000	1.216755	3.997731	-0.999955	0.000000
0.761970	1.000104	6117.442019	4078.719219	0.000000	0.000001	-51.553170	0.002000	1.216755	3.997731	-0.999955	0.000000
0.781970	1.000104	6117.442019	4078.719219	-0.000000	0.000000	-51.553170	0.002000	1.216755	3.997731	-0.999955	0.000000
0.801970	1.000104	6117.442019	4078.719219	0.000000	-0.000001	-51.553170	0.002000	1.216755	3.997731	-0.999955	0.000000
0.821970	1.000104	6117.442019	4078.719219	0.000000	-0.000000	-51.553170	0.002000	1.216755	3.997731	-0.999955	0.000000
0.841970	1.000104	6117.442019	4078.719219	0.000000	0.000000	-51.553170	0.002000	1.216755	3.997731	-0.999955	0.000000
0.861970	1.000104	6117.442019	4078.719219	0.000000	0.000001	-51.553170	0.002000	1.216755	3.997731	-0.999955	0.000000
0.881970	1.000104	6117.442019	4078.719219	-0.000000	0.000000	-51.553170	0.002000	1.216755	3.997731	-0.999955	0.000000
0.901970	1.000104	6117.442019	4078.719219	-0.000000	0.000000	-51.553170	0.002000	1.216755	3.997731	-0.999955	0.000000
0.921970	1.000104	6117.442019	4078.719219	-0.000000	-0.000000	-51.553170	0.002000	1.216755	3.997731	-0.999955	0.000000
0.941970	1.000104	6117.442019	4078.719219	0.000000	-0.000001	-51.553170	0.002000	1.216755	3.997731	-0.999955	0.000000
0.961970	1.000104	6117.442019	4078.719219	0.000000	0.000001	-51.553170	0.002000	1.216755	3.997731	-0.999955	0.000000
0.981970	1.000104	6117.442019	4078.719219	-0.000000	0.000000	-51.553170	0.002000	1.216755	3.997731	-0.999955	0.000000
1.001970	1.000104	6117.442019	4078.719219	-0.000000	-0.000000	-51.553170	0.002000	1.216755	3.997731	-0.999955	0.000000
1.021970	1.000104	6117.442019	4078.719219	-0.000000	-0.000000	-51.553170	0.002000	1.216755	3.997731	-0.999955	0.000000
1.041970	1.000104	6117.442019	4078.719219	0.000000	-0.000001	-51.553170	0.002000	1.216755	3.997731	-0.999955	0.000000
1.061970	1.000104	6117.442019	4078.719219	0.000000	0.000000	-51.553170	0.002000	1.216755	3.997731	-0.999955	0.000000
1.081970	1.000104	6117.442019	4078.719219	-0.000000	0.000001	-51.553170	0.002000	1.216755	3.997731	-0.999955	0.000000
1.101970	1.000104	6117.442019	4078.719219	-0.000000	-0.000000	-51.553170	0.002000	1.216755	3.997731	-0.999955	0.000000
1.121970	1.000104	6117.442019	4078.719219	0.000000	0.000000	-51.553170	0.002000	1.216755	3.997731	-0.999955	0.000000
1.141970	1.000104	6117.442019	4078.719219	-0.000000	0.000001	-51.553170	0.002000	1.216755	3.997731	-0.999955	0.000000
1.161970	1.000104	6117.442019	4078.719219	-0.000000	-0.000001	-51.553170	0.002000	1.216755	3.997731	-0.999955	0.000000
1.181970	1.000104	6117.442019	4078.719219	0.000000	-0.000001	-51.553170	0.002000	1.216755	3.997731	-0.999955	0.000000
1.201970	1.000104	6117.442019	4078.719219	0.000000	0.000000	-51.553170	0.002000	1.216755	3.997731	-0.999955	0.000000
1.221970	1.000104	6117.442019	4078.719219	0.000000	0.000000	-51.553170	0.002000	1.216755	3.997731	-0.999955	0.000000
1.241970	1.000104	6117.442019	4078.719219	0.000000	0.000000	-51.553170	0.002000	1.216755	3.997731	-0.999955	0.000000
1.261970	1.000104	6117.442019	4078.719219	-0.000000	0.000000	-51.553170	0.002000	1.216755	3.997731	-0.999955	0.000000
1.281970	1.000104	6117.442019	4078.719219	-0.000000	-0.000000	-51.553170	0.002000	1.216755	3.997731	-0.999955	0.000000
1.301970	1.000104	6117.442019	4078.719219	0.000000	-0.000000	-51.553170	0.002000	1.216755	3.997731	-0.999955	0.000000
1.321970	1.000104	6117.442019	4078.719219	0.000000	-0.000000	-51.553170	0.002000	1.216755	3.997731	-0.999955	0.000000
1.341970	1.000104	6117.442019	4078.719219	0.000000	-0.000000	-51.553170	0.002000	1.216755	3.997731	-0.999955	0.000000
1.361970	1.000104	6117.442019	4078.719219	0.000000	-0.000000	-51.553170	0.002000	1.216755	3.997731	-0.999955	0.000000
1.381970	1.000104	6117.442019	4078.719219	0.000000	-0.000000	-51.553170	0.002000	1.216755	3.997731	-0.999955	0.000000
1.401970	1.000104	6117.442019	4078.719219	-0.000000	-0.000000	-51.553170	0.002000	1.216755	3.997731	-0.999955	0.000000
1.421970	1.000104	6117.442019	4078.719219	-0.000000	-0.000000	-51.553170	0.002000	1.216755	3.997731	-0.999955	0.000000
1.441970	1.000104	6117.442019	4078.719219	-0.000000	-0.000000	-51.553170	0.002000	1.216755	3.997731	-0.999955	0.000000
1.461970	1.000104	6117.442019	4078.719219	-0.000000	-0.000000	-51.553170	0.002000	1.216755	3.997731	-0.999955	0.000000
1.481970	1.000104	6117.442019	4078.719219	0.000000	0.000000	-51.553170	0.002000	1.216755	3.997731	-0.999955	0.000000
1.501970	1.000104	6117.442019	4078.719219	0.000000	0.000001	-51.553170	0.002000	1.216755	3.997731	-0.999955	0.000000
1.521970	1.000104	6117.442019	4078.719219	-0.000000	0.000001	-51.553170	0.002000	1.216755	3.997731	-0.999955	0.000000
1.541970	1.000104	6117.442019	4078.719219	-0.000000	-0.000001	-51.553170	0.002000	1.216755	3.997731	-0.999955	0.000000
1.561970	1.000104	6117.442019	4078.719219	0.000000	-0.000001	-51.553170	0.002000	1.216755	3.997731	-0.999955	0.000000
1.581970	1.000104	6117.442019	4078.719219	0.000000	0.000000	-51.553170	0.002000	1.216755	3.997731	-0.999955	0.000000
1.601970	1.000104	6117.442019	4078.719219	0.000000	0.000001	-51.553170	0.002000	1.216755	3.997731	-0.999955	0.000000
1.621970	1.000104	6117.442019	4078.719219	-0.000000	-0.000000	-51.553170	0.002000	1.216755	3.997731	-0.999955	0.000000
1.641970	1.000104	6117.442019	4078.719219	0.000000	-0.000001	-51.553170	0.002000	1.216755	3.997731	-0.999955	0.000000
1.661970	1.000104	6117.442019	4078.719219	0.000000	0.000001	-51.553170	0.002000	1.216755	3.997731	-0.999955	0.000000
1.681970	1.000104	6117.442019	4078.719219	-0.000000	0.000000	-51.553170	0.002000	1.216755	3.997731	-0.999955	0.000000
1.701970	1.000104	6117.442019	4078.719219	-0.000000	-0.000001	-51.553170	0.002000	1.216755	3.997731	-0.999955	0.000000
1.721970	1.000104	6117.442019	4078.719219	0.000000	-0.000000	-51.553170	0.002000	1.216755	3.997731	-0.999955	0.000000
1.741970	1.000104	6117.442019	4078.719219	0.000000	0.000000	-51.553170	0.002000	1.216755	3.997731	-0.999955	0.000000
1.761970	1.000104	6117.442019	4078.719219	-0.000000	0.000000	-51.553170	0.002000	1.216755	3.997731	-0.999955	0.000000
1.781970	1.000104	6117.442019	4078.719219	0.000000	-0.000001	-51.553170	0.002000	1.216755	3.997731	-0.999955	0.000000
1.801970	1.000104	6117.442019	4078.719219	0.000000	0.000001	-51.553170	0.002000	1.216755	3.997731	-0.999955	0.000000
1.821970	1.000104	6117.442019	4078.719219	-0.000000	0.000001	-51.553170	0.002000	1.216755	3.997731	-0.999955	0.000000
1.841970	1.000104	6117.442019	4078.719219	-0.000000	-0.000002	-51.553170	0.002000	1.216755	3.997731	-0.999955	0.000000
1.861970	1.000104	6117.442019	4078.719219	0.000000	-0.000000	-51.553170	0.002000	1.216755	3.997731	-0.999955	0.000000
1.881970	1.000104	6117.442019	4078.719219	-0.000000	0.000002	-51.553170	0.002000	1.216755	3.997731	-0.999955	0.000000
1.901970	1.000104	6117.442019	4078.719219	-0.000000	-0.000001	-51.553170	0.002000	1.216755	3.997731	-0.999955	0.000000
1.921970	1.000104	6117.442019	4078.719219	0.000000	-0.000001	-51.553170	0.002000	1.216755	3.997731	-0.999955	0.000000
1.941970	1.000104	6117.442019	4078.719219	0.000000	0.000000	-51.553170	0.002000	1.216755	3.997731	-0.999955	0.000000
1.961970	1.000104	6117.442019	4078.719219	0.000000	0.000000	-51.553170	0.002000	1.216755	3.997731	-0.999955	0.000000
1.981970	1.000104	6117.442019	4078.719219	-0.000000	0.000001	-51.553170	0.002000	1.216755	3.997731	-0.999955	0.000000
2.001970	1.000104	6117.442019	4078.719219	-0.000000	-0.000001	-51.553170	0.002000	1.216755	3.997731	-0.999955	0.000000
2.021970	1.000104	6117.442019	4078.719219	0.000000	0.000001	-51.553170	0.002000	1.216755	3.997731	-0.999955	0.000000
2.041970	1.000104	6117.442019	4078.719219	-0.000000	0.000001	-51.553170	0.002000	1.216755	3.997731	-0.999955	0.000000
2.061970	1.000104	6117.442019	4078.719219	-0.000000	0.000001	-51.553170	0.002000	1.216755	3.997731	-0.999955	0.000000
2.081970	1.000104	6117.442019	4078.719219	-0.000000	-0.000000	-51.553170	0.002000	1.216755	3.997731	-0.999955	0.000000
2.101970	1.000104	6117.442019	4078.719219	-0.000000	-0.000001	-51.553170	0.002000	1.216755	3.997731	-0.999955	0.000000
2.121970	1.000104	6117.442019	4078.719219	-0.000000	-0.000001	-51.553170	0.002000	1.216755	3.997731	-0.999955	0.000000
2.141970	1.000104	6117.442019	4078.719219	0.000000	-0.000001	-51.553170	0.002000	1.216755	3.997731	-0.999955	0.000000
2.161970	1.000104	6117.442019	4078.719219	0.000000	-0.000000	-51.553170	0.002000	1.216755	3.997731	-0.999955	0.000000
2.181970	1.000104	6117.442019	4078.719219	-0.000000	0.000001	-51.553170	0.002000	1.216755	3.997731	-0.999955	0.000000
2.201970	1.000104	6117.442019	4078.719219	-0.000000	0.000000	-51.553170	0.002000	1.216755	3.997731	-0.999955	0.000000
2.221970	1.000104	6117.442019	4078.719219	0.000000	0.000000	-51.553170	0.002000	1.216755	3.997731	-0.999955	0.000000
2.241970	1.000104	6117.442019	4078.719219	-0.000000	-0.000001	-51.553170	0.002000	1.216755	3.997731	-0.999955	0.000000
2.261970	1.000104	6117.442019	4078.719219	-0.000000	-0.000001	-51.553170	0.002000	1.216755	3.997731	-0.999955	0.000000
2.281970	1.000104	6117.442019	4078.719219	0.000000	-0.000001	-51.553170	0.002000	1.216755	3.997731	-0.999955	0.000000
2.301970	1.000104	6117.442019	4078.719219	0.000000	0.000001	-51.553170	0.002000	1.216755	3.997731	-0.999955	0.000000
2.321970	1.000104	6117.442019	4078.719219	-0.000000	0.000001	-51.553170	0.002000	1.216755	3.997731	-0.999955	0.000000
2.341970	1.000104	6117.442019	4078.719219	-0.000000	-0.000001	-51.553170	0.002000	1.216755	3.997731	-0.999955	0.000000
2.361970	1.000104	6117.442019	4078.719219	0.000000	-0.000001	-51.553170	0.002000	1.216755	3.997731	-0.999955	0.000000
2.381970	1.000104	6117.442019	4078.719219	0.000000	-0.000001	-51.553170	0.002000	1.216755	3.997731	-0.999955	0.000000
2.401970	1.000104	6117.442019	4078.719219	0.000000	0.000001	-51.553170	0.002000	1.216755	3.997731	-0.999955	0.000000
2.421970	1.000104	6117.442019	4078.719219	-0.000000	0.000002	-51.553170	0.002000	1.216755	3.997731	-0.999955	0.000000
2.441970	1.000104	6117.442019	4078.719219	-0.000000	-0.000000	-51.553170	0.002000	1.216755	3.997731	-0.999955	0.000000
2.461970	1.000104	6117.442019	4078.719219	0.000000	-0.000001	-51.553170	0.002000	1.216755	3.997731	-0.999955	0.000000
2.481970	1.000104	6117.442019	4078.719219	0.000000	0.000002	-51.553170	0.002000	1.216755	3.997731	-0.999955	0.000000
2.501970	1.000104	6117.442019	4078.719219	-0.000000	0.000001	-51.553170	0.002000	1.216755	3.997731	-0.999955	0.000000
2.521970	1.000104	6117.442019	4078.719219	-0.000000	-0.000001	-51.553170	0.002000	1.216755	3.997731	-0.999955	0.000000
2.541970	1.000104	6117.442019	4078.719219	0.000000	-0.000001	-51.553170	0.002000	1.216755	3.997731	-0.999955	0.000000
2.561970	1.000104	6117.442019	4078.719219	0.000000	-0.000000	-51.553170	0.002000	1.216755	3.997731	-0.999955	0.000000
2.581970	1.000104	6117.442019	4078.719219	0.000000	-0.000000	-51.553170	0.002000	1.216755	3.997731	-0.999955	0.000000
2.601970	1.000104	6117.442019	4078.719219	0.000000	-0.000000	-51.553170	0.002000	1.216755	3.997731	-0.999955	0.000000
2.621970	1.000104	6117.442019	4078.719219	0.000000	-0.000000	-51.553170	0.002000	1.216755	3.997731	-0.999955	0.000000
2.641970	1.000104	6117.442019	4078.719219	0.000000	-0.000000	-51.553170	0.002000	1.216755	3.997731	-0.999955	0.000000
2.661970	1.000104	6117.442019	4078.719219	0.000000	-0.000000	-51.553170	0.002000	1.216755	3.997731	-0.999955	0.000000
2.681970	1.000104	6117.442019	4078.719219	0.000000	-0.000000	-51.553170	0.002000	1.216755	3.997731	-0.999955	0.000000
2.701970	1.000104	6117.442019	4078.719219	0.000000	-0.000000	-51.553170	0.002000	1.216755	3.997731	-0.999955	0.000000
2.721970	1.000104	6117.442019	4078.719219	0.000000	-0.000000	-51.553170	0.002000	1.216755	3.997731	-0.999955	0.000000
2.741970	1.000104	6117.442019	4078.719219	0.000000	-0.000000	-51.553170	0.002000	1.216755	3.997731	-0.999955	0.000000
2.761970	1.000104	6117.442019	4078.719219	0.000000	0.000000	-51.553170	0.002000	1.216755	3.997731	-0.999955	0.000000
2.781970	1.000104	6117.442019	4078.719219	0.000000	0.000000	-51.553170	0.002000	1.216755	3.997731	-0.999955	0.000000
2.801970	1.000104	6117.442019	4078.719219	0.000000	0.000000	-51.553170	0.002000	1.216755	3.997731	-0.999955	0.000000
2.821970	1.000104	6117.442019	4078.719219	0.000000	0.000000	-51.553170	0.002000	1.216755	3.997731	-0.999955	0.000000
2.841970	1.000104	6117.442019	4078.719219	0.000000	0.000000	-51.553170	0.002000	1.216755	3.997731	-0.999955	0.000000
2.861970	1.000104	6117.442019	4078.719219	0.000000	0.000000	-51.553170	0.002000	1.216755	3.997731	-0.999955	0.000000
2.881970	1.000104	6117.442019	4078.719219	0.000000	0.000000	-51.553170	0.002000	1.216755	3.997731	-0.999955	0.000000
2.901970	1.000104	6117.442019	4078.719219	0.000000	0.000000	-51.553170	0.002000	1.216755	3.997731	-0.999955	0.000000
2.921970	1.000104	6117.442019	4078.719219	0.000000	0.000000	-51.553170	0.002000	1.216755	3.997731	-0.999955	0.000000
2.941970	1.000104	6117.442019	4078.719219	0.000000	0.000000	-51.553170	0.002000	1.216755	3.997731	-0.999955	0.000000
2.961970	1.000104	6117.442019	4078.719219	0.000000	0.000000	-51.553170	0.002000	1.216755	3.997731	-0.999955	0.000000
2.981970	1.000104	6117.442019	4078.719219	0.000000	0.000000	-51.553170	0.002000	1.216755	3.997731	-0.999955	0.000000
3.001970	1.000104	6117.442019	4078.719219	0.000000	0.000000	-51.553170	0.002000	1.216755	3.997731	-0.999955	0.000000
3.021970	1.000104	6117.442019	4078.719219	0.000000	0.000000	-51.553170	0.002000	1.216755	3.997731	-0.999955	0.000000
3.041970	1.000104	6117.442019	4078.719219	0.000000	0.000000	-51.553170	0.002000	1.216755	3.997731	-0.999955	0.000000
3.061970	1.000104	6117.442019	4078.719219	0.000000	0.000000	-51.553170	0.002000	1.216755	3.997731	-0.999955	0.000000
3.081970	1.000104	6117.442019	4078.719219	0.000000	0.000000	-51.553170	0.002000	1.216755	3.997731	-0.999955	0.000000
3.101970	1.000104	6117.442019	4078.719219	0.000000	0.000000	-51.553170	0.002000	1.216755	3.997731	-0.999955	0.000000
3.121970	1.000104	6117.442019	4078.719219	0.000000	0.000000	-51.553170	0.002000	1.216755	3.997731	-0.999955	0.000000
3.141970	1.000104	6117.442019	4078.719219	0.000000	0.000000	-51.553170	0.002000	1.216755	3.997731	-0.999955	0.000000
3.161970	1.000104	6117.442019	4078.719219	0.000000	0.000000	-51.553170	0.002000	1.216755	3.997731	-0.999955	0.000000
3.181970	1.000104	6117.442019	4078.719219	0.000000	0.000000	-51.553170	0.002000	1.216755	3.997731	-0.999955	0.000000
3.201970	1.000104	6117.442019	4078.719219	0.000000	0.000000	-51.553170	0.002000	1.216755	3.997731	-0.999955	0.000000
3.221970	1.000104	6117.442019	4078.719219	0.000000	0.000000	-51.553170	0.002000	1.216755	3.997731	-0.999955	0.000000
3.241970	1.000104	6117.442019	4078.719219	0.000000	0.000000	-51.553170	0.002000	1.216755	3.997731	-0.999955	0.000000
3.261970	1.000104	6117.442019	4078.719219	0.000000	0.000000	-51.553170	0.002000	1.216755	3.997731	-0.999955	0.000000
3.281970	1.000104	6117.442019	4078.719219	0.000000	0.000000	-51.553170	0.002000	1.216755	3.997731	-0.999955	0.000000
3.301970	1.000104	6117.442019	4078.719219	0.000000	0.000000	-51.553170	0.002000	1.216755	3.997731	-0.999955	0.000000
3.321970	1.000104	6117.442019	4078.719219	0.000000	0.000000	-51.553170	0.002000	1.216755	3.997731	-0.999955	0.000000
3.341970	1.000104	6117.442019	4078.719219	0.000000	0.000000	-51.553170	0.002000	1.216755	3.997731	-0.999955	0.000000
3.361970	1.000104	6117.442019	4078.719219	0.000000	0.000000	-51.553170	0.002000	1.216755	3.997731	-0.999955	0.000000
3.381970	1.000104	6117.442019	4078.719219	0.000000	0.000000	-51.553170	0.002000	1.216755	3.997731	-0.999955	0.000000
3.401970	1.000104	6117.442019	4078.719219	0.000000	0.000000	-51.553170	0.002000	1.216755	3.997731	-0.999955	0.000000
3.421970	1.000104	6117.442019	4078.719219	0.000000	0.000000	-51.553170	0.002000	1.216755	3.997731	-0.999955	0.000000
3.441970	1.000104	6117.442019	4078.719219	0.000000	0.000000	-51.553170	0.002000	1.216755	3.997731	-0.999955	0.000000
3.461970	1.000104	6117.442019	4078.719219	0.000000	0.000000	-51.553170	0.002000	1.216755	3.997731	-0.999955	0.000000
3.481970	1.000104	6117.442019	4078.719219	0.000000	0.000000	-51.553170	0.002000	1.216755	3.997731	-0.999955	0.000000
3.501970	1.000104	6117.442019	4078.719219	0.000000	0.000000	-51.553170	0.002000	1.216755	3.997731	-0.999955	0.000000
3.521970	1.000104	6117.442019	4078.719219	0.000000	0.000000	-51.553170	0.002000	1.216755	3.997731	-0.999955	0.000000
3.541970	1.000104	6117.442019	4078.719219	0.000000	0.000000	-51.553170	0.002000	1.216755	3.997731	-0.999955	0.000000
3.561970	1.000104	6117.442019	4078.719219	0.000000	0.000000	-51.553170	0.002000	1.216755	3.997731	-0.999955	0.000000
3.581970	1.000104	6117.442019	4078.719219	0.000000	0.000000	-51.553170	0.002000	1.216755	3.997731	-0.999955	0.000000
3.601970	1.000104	6117.442019	4078.719219	0.000000	0.000000	-51.553170	0.002000	1.216755	3.997731	-0.999955	0.000000
3.621970	1.000104	6117.442019	4078.719219	0.000000	0.000000	-51.553170	0.002000	1.216755	3.997731	-0.999955	0.000000
3.641970	1.000104	6117.442019	4078.719219	0.000000	0.000000	-51.553170	0.002000	1.216755	3.997731	-0.999955	0.000000
3.661970	1.000104	6117.442019	4078.719219	0.000000	0.000000	-51.553170	0.002000	1.216755	3.997731	-0.999955	0.000000
3.681970	1.000104	6117.442019	4078.719219	0.000000	0.000000	-51.553170	0.002000	1.216755	3.997731	-0.999955	0.000000
3.701970	1.000104	6117.442019	4078.719219	0.000000	0.000000	-51.553170	0.002000	1.216755	3.997731	-0.999955	0.000000
3.721970	1.000104	6117.442019	4078.719219	0.000000	0.000000	-51.553170	0.002000	1.216755	3.997731	-0.999955	0.000000
3.741970	1.000104	6117.442019	4078.719219	0.000000	0.000000	-51.553170	0.002000	1.216755	3.997731	-0.999955	0.000000
3.761970	1.000104	6117.442019	4078.719219	0.000000	0.000000	-51.553170	0.002000	1.216755	3.997731	-0.999955	0.000000
3.781970	1.000104	6117.442019	4078.719219	0.000000	0.000000	-51.553170	0.002000	1.216755	3.997731	-0.999955	0.000000
3.801970	1.000104	6117.442019	4078.719219	0.000000	0.000000	-51.553170	0.002000	1.216755	3.997731	-0.999955	0.000000
3.821970	1.000104	6117.442019	4078.719219	0.000000	0.000000	-51.553170	0.002000	1.216755	3.997731	-0.999955	0.000000
3.841970	1.000104	6117.442019	4078.719219	0.000000	0.000000	-51.553170	0.002000	1.216755	3.997731	-0.999955	0.000000
3.861970	1.000104	6117.442019	4078.719219	0.000000	0.000000	-51.553170	0.002000	1.216755	3.997731	-0.999955	0.000000
3.881970	1.000104	6117.442019	4078.719219	0.000000	-0.000000	-51.553170	0.002000	1.216755	3.997731	-0.999955	0.000000
3.901970	1.000104	6117.442019	4078.719219	0.000000	0.000000	-51.553170	0.002000	1.216755	3.997731	-0.999955	0.000000
3.921970	1.000104	6117.442019	4078.719219	0.000000	0.000000	-51.553170	0.002000	1.216755	3.997731	-0.999955	0.000000
3.941970	1.000104	6117.442019	4078.719219	0.000000	0.000000	-51.553170	0.002000	1.216755	3.997731	-0.999955	0.000000
3.961970	1.000104	6117.442019	4078.719219	0.000000	0.000000	-51.553170	0.002000	1.216755	3.997731	-0.999955	0.000000
3.981970	1.000104	6117.442019	4078.719219	0.000000	0.000000	-51.553170	0.002000	1.216755	3.997731	-0.999955	0.000000
4.001970	1.000104	6117.442019	4078.719219	0.000000	0.000000	-51.553170	0.002000	1.216755	3.997731	-0.999955	0.000000
4.021970	1.000104	6117.442019	4078.719219	-0.000000	-0.000000	-51.553170	0.002000	1.216755	3.997731	-0.999955	0.000000
4.041970	1.000104	6117.442019	4078.719219	-0.000000	-0.000001	-51.553170	0.002000	1.216755	3.997731	-0.999955	0.000000
4.061970	1.000104	6117.442019	4078.719219	0.000000	-0.000001	-51.553170	0.002000	1.216755	3.997731	-0.999955	0.000000
4.081970	1.000104	6117.442019	4078.719219	0.000000	0.000001	-51.553170	0.002000	1.216755	3.997731	-0.999955	0.000000
4.101970	1.000104	6117.442019	4078.719219	-0.000000	0.000002	-51.553170	0.002000	1.216755	3.997731	-0.999955	0.000000
4.121970	1.000104	6117.442019	4078.719219	-0.000000	-0.000000	-51.553170	0.002000	1.216755	3.997731	-0.999955	0.000000
4.141970	1.000104	6117.442019	4078.719219	0.000000	-0.000001	-51.553170	0.002000	1.216755	3.997731	-0.999955	0.000000
4.161970	1.000104	6117.442019	4078.719219	0.000000	0.000001	-51.553170	0.002000	1.216755	3.997731	-0.999955	0.000000
4.181970	1.000104	6117.442019	4078.719219	-0.000000	0.000000	-51.553170	0.002000	1.216755	3.997731	-0.999955	0.000000
4.201970	1.000104	6117.442019	4078.719219	0.000000	-0.000001	-51.553170	0.002000	1.216755	3.997731	-0.999955	0.000000
4.221970	1.000104	6117.442019	4078.719219	-0.000000	0.000002	-51.553170	0.002000	1.216755	3.997731	-0.999955	0.000000
4.241970	1.000104	6117.442019	4078.719219	-0.000000	-0.000001	-51.553170	0.002000	1.216755	3.997731	-0.999955	0.000000
4.261970	1.000104	6117.442019	4078.719219	0.000000	0.000001	-51.553170	0.002000	1.216755	3.997731	-0.999955	0.000000
4.281970	1.000104	6117.442019	4078.719219	-0.000000	-0.000001	-51.553170	0.002000	1.216755	3.997731	-0.999955	0.000000
4.301970	1.000104	6117.442019	4078.719219	0.000000	-0.000003	-51.553170	0.002000	1.216755	3.997731	-0.999955	0.000000
4.321970	1.000104	6117.442019	4078.719219	0.000000	0.000001	-51.553170	0.002000	1.216755	3.997731	-0.999955	0.000000
4.341970	1.000104	6117.442019	4078.719219	-0.000000	0.000001	-51.553170	0.002000	1.216755	3.997731	-0.999955	0.000000
4.361970	1.000104	6117.442019	4078.719219	-0.000000	-0.000001	-51.553170	0.002000	1.216755	3.997731	-0.999955	0.000000
4.381970	1.000104	6117.442019	4078.719219	0.000000	-0.000001	-51.553170	0.002000	1.216755	3.997731	-0.999955	0.000000
4.401970	1.000104	6117.442019	4078.719219	0.000000	-0.000001	-51.553170	0.002000	1.216755	3.997731	-0.999955	0.000000
4.421970	1.000104	6117.442019	4078.719219	0.000000	0.000001	-51.553170	0.002000	1.216755	3.997731	-0.999955	0.000000
4.441970	1.000104	6117.442019	4078.719219	-0.000000	0.000001	-51.553170	0.002000	1.216755	3.997731	-0.999955	0.000000
4.461970	1.000104	6117.442019	4078.719219	-0.000000	-0.000000	-51.553170	0.002000	1.216755	3.997731	-0.999955	0.000000
4.481970	1.000104	6117.442019	4078.719219	0.000000	0.000001	-51.553170	0.002000	1.216755	3.997731	-0.999955	0.000000
4.501970	1.000104	6117.442019	4078.719219	0.000000	0.000000	-51.553170	0.002000	1.216755	3.997731	-0.999955	0.000000
4.521970	1.000104	6117.442019	4078.719219	0.000000	-0.000001	-51.553170	0.002000	1.216755	3.997731	-0.999955	0.000000
4.541970	1.000104	6117.442019	4078.719219	0.000000	0.000003	-51.553170	0.002000	1.216755	3.997731	-0.999955	0.000000
4.561970	1.000104	6117.442019	4078.719219	-0.000000	0.000001	-51.553170	0.002000	1.216755	3.997731	-0.999955	0.000000
4.581970	1.000104	6117.442019	4078.719219	-0.000000	-0.000002	-51.553170	0.002000	1.216755	3.997731	-0.999955	0.000000
4.601970	1.000104	6117.442019	4078.719219	0.000000	0.000000	-51.553170	0.002000	1.216755	3.997731	-0.999955	0.000000
4.621970	1.000104	6117.442019	4078.719219	-0.000000	0.000002	-51.553170	0.002000	1.216755	3.997731	-0.999955	0.000000
4.641970	1.000104	6117.442019	4078.719219	-0.000000	-0.000000	-51.553170	0.002000	1.216755	3.997731	-0.999955	0.000000
4.661970	1.000104	6117.442019	4078.719219	-0.000000	-0.000002	-51.553170	0.002000	1.216755	3.997731	-0.999955	0.000000
4.681970	1.000104	6117.442019	4078.719219	-0.000000	0.000000	-51.553170	0.002000	1.216755	3.997731	-0.999955	0.000000
4.701970	1.000104	6117.442019	4078.719219	-0.000000	-0.000001	-51.553170	0.002000	1.216755	3.997731	-0.999955	0.000000
4.721970	1.000104	6117.442019	4078.719219	0.000000	-0.000001	-51.553170	0.002000	1.216755	3.997731	-0.999955	0.000000
4.741970	1.000104	6117.442019	4078.719219	0.000000	-0.000001	-51.553170	0.002000	1.216755	3.997731	-0.999955	0.000000
4.761970	1.000104	6117.442019	4078.719219	0.000000	-0.000001	-51.553170	0.002000	1.216755	3.997731	-0.999955	0.000000
4.781970	1.000104	6117.442019	4078.719219	-0.000000	0.000001	-51.553170	0.002000	1.216755	3.997731	-0.999955	0.000000
4.801970	1.000104	6117.442019	4078.719219	0.000000	0.000001	-51.553170	0.002000	1.216755	3.997731	-0.999955	0.000000
4.821970	1.000104	6117.442019	4078.719219	0.000000	0.000002	-51.553170	0.002000	1.216755	3.997731	-0.999955	0.000000
4.841970	1.000104	6117.442019	4078.719219	-0.000000	-0.000000	-51.553170	0.002000	1.216755	3.997731	-0.999955	0.000000
4.861970	1.000104	6117.442019	4078.719219	0.000000	0.000001	-51.553170	0.002000	1.216755	3.997731	-0.999955	0.000000
4.881970	1.000104	6117.442019	4078.719219	-0.000000	0.000001	-51.553170	0.002000	1.216755	3.997731	-0.999955	0.000000
4.901970	1.000104	6117.442019	4078.719219	0.000000	-0.000002	-51.553170	0.002000	1.216755	3.997731	-0.999955	0.000000
4.921970	1.000104	6117.442019	4078.719219	0.000000	-0.000001	-51.553170	0.002000	1.216755	3.997731	-0.999955	0.000000
4.941970	1.000104	6117.442019	4078.719219	0.000000	0.000003	-51.553170	0.002000	1.216755	3.997731	-0.999955	0.000000
4.961970	1.000104	6117.442019	4078.719219	-0.000000	0.000004	-51.553170	0.002000	1.216755	3.997731	-0.999955	0.000000
4.981970	1.000104	6117.442019	4078.719219	-0.000000	-0.000003	-51.553170	0.002000	1.216755	3.997731	-0.999955	0.000000
5.001970	1.000104	6117.442019	4078.719219	0.000000	-0.000005	-51.553170	0.002000	1.216755	3.997731	-0.999955	0.000000
5.021970	1.000104	6117.442019	4078.719219	0.000000	0.000001	-51.553170	0.002000	1.216755	3.997731	-0.999955	0.000000
5.041970	1.000104	6117.442019	4078.719219	-0.000000	0.000001	-51.553170	0.002000	1.216755	3.997731	-0.999955	0.000000
5.061970	1.000104	6117.442019	4078.719219	-0.000000	0.000000	-51.553170	0.002000	1.216755	3.997731	-0.999955	0.000000
5.081970	1.000104	6117.442019	4078.719219	-0.000000	0.000000	-51.553170	0.002000	1.216755	3.997731	-0.999955	0.000000
5.101970	1.000104	6117.442019	4078.719219	0.000000	0.000000	-51.553170	0.002000	1.216755	3.997731	-0.999955	0.000000
5.121970	1.000104	6117.442019	4078.719219	0.000000	0.000000	-51.553170	0.002000	1.216755	3.997731	-0.999955	0.000000
5.141970	1.000104	6117.442019	4078.719219	0.000000	0.000000	-51.553170	0.002000	1.216755	3.997731	-0.999955	0.000000
5.161970	1.000104	6117.442019	4078.719219	0.000000	0.000000	-51.553170	0.002000	1.216755	3.997731	-0.999955	0.000000
5.181970	1.000104	6117.442019	4078.719219	0.000000	0.000000	-51.553170	0.002000	1.216755	3.997731	-0.999955	0.000000
5.201970	1.000104	6117.442019	4078.719219	0.000000	0.000000	-51.553170	0.002000	1.216755	3.997731	-0.999955	0.000000
5.221970	1.000104	6117.442019	4078.719219	0.000000	0.000000	-51.553170	0.002000	1.216755	3.997731	-0.999955	0.000000
5.241970	1.000104	6117.442019	4078.719219	0.000000	0.000000	-51.553170	0.002000	1.216755	3.997731	-0.999955	0.000000
5.261970	1.000104	6117.442019	4078.719219	0.000000	0.000000	-51.553170	0.002000	1.216755	3.997731	-0.999955	0.000000
5.281970	1.000104	6117.442019	4078.719219	0.000000	0.000000	-51.553170	0.002000	1.216755	3.997731	-0.999955	0.000000
5.301970	1.000104	6117.442019	4078.719219	0.000000	0.000000	-51.553170	0.002000	1.216755	3.997731	-0.999955	0.000000
5.321970	1.000104	6117.442019	4078.719219	0.000000	0.000000	-51.553170	0.002000	1.216755	3.997731	-0.999955	0.000000
5.341970	1.000104	6117.442019	4078.719219	0.000000	0.000000	-51.553170	0.002000	1.216755	3.997731	-0.999955	0.000000
5.361970	1.000104	6117.442019	4078.719219	0.000000	0.000000	-51.553170	0.002000	1.216755	3.997731	-0.999955	0.000000
5.381970	1.000104	6117.442019	4078.719219	0.000000	0.000000	-51.553170	0.002000	1.216755	3.997731	-0.999955	0.000000
5.401970	1.000104	6117.442019	4078.719219	0.000000	0.000000	-51.553170	0.002000	1.216755	3.997731	-0.999955	0.000000
5.421970	1.000104	6117.442019	4078.719219	0.000000	0.000000	-51.553170	0.002000	1.216755	3.997731	-0.999955	0.000000
5.441970	1.000104	6117.442019	4078.719219	0.000000	0.000000	-51.553170	0.002000	1.216755	3.997731	-0.999955	0.000000
5.461970	1.000104	6117.442019	4078.719219	0.000000	0.000000	-51.553170	0.002000	1.216755	3.997731	-0.999955	0.000000
5.481970	1.000104	6117.442019	4078.719219	0.000000	0.000000	-51.553170	0.002000	1.216755	3.997731	-0.999955	0.000000
5.501970	1.000104	6117.442019	4078.719219	0.000000	0.000000	-51.553170	0.002000	1.216755	3.997731	-0.999955	0.000000
5.521970	1.000104	6117.442019	4078.719219	0.000000	0.000000	-51.553170	0.002000	1.216755	3.997731	-0.999955	0.000000
5.541970	1.000104	6117.442019	4078.719219	0.000000	0.000000	-51.553170	0.002000	1.216755	3.997731	-0.999955	0.000000
5.561970	1.000104	6117.442019	4078.719219	0.000000	0.000000	-51.553170	0.002000	1.216755	3.997731	-0.999955	0.000000
5.581970	1.000104	6117.442019	4078.719219	0.000000	0.000000	-51.553170	0.002000	1.216755	3.997731	-0.999955	0.000000
5.601970	1.000104	6117.442019	4078.719219	0.000000	0.000000	-51.553170	0.002000	1.216755	3.997731	-0.999955	0.000000
5.621970	1.000104	6117.442019	4078.719219	0.000000	0.000000	-51.553170	0.002000	1.216755	3.997731	-0.999955	0.000000
5.641970	1.000104	6117.442019	4078.719219	0.000000	0.000000	-51.553170	0.002000	1.216755	3.997731	-0.999955	0.000000
5.661970	1.000104	6117.442019	4078.719219	0.000000	0.000000	-51.553170	0.002000	1.216755	3.997731	-0.999955	0.000000
5.681970	1.000104	6117.442019	4078.719219	0.000000	0.000000	-51.553170	0.002000	1.216755	3.997731	-0.999955	0.000000
5.701970	1.000104	6117.442019	4078.719219	0.000000	0.000000	-51.553170	0.002000	1.216755	3.997731	-0.999955	0.000000
5.721970	1.000104	6117.442019	4078.719219	0.000000	0.000000	-51.553170	0.002000	1.216755	3.997731	-0.999955	0.000000
5.741970	1.000104	6117.442019	4078.719219	0.000000	0.000000	-51.553170	0.002000	1.216755	3.997731	-0.999955	0.000000
5.761970	1.000104	6117.442019	4078.719219	0.000000	0.000000	-51.553170	0.002000	1.216755	3.997731	-0.999955	0.000000
5.781970	1.000104	6117.442019	4078.719219	0.000000	0.000000	-51.553170	0.002000	1.216755	3.997731	-0.999955	0.000000
5.801970	1.000104	6117.442019	4078.719219	0.000000	0.000000	-51.553170	0.002000	1.216755	3.997731	-0.999955	0.000000
5.821970	1.000104	6117.442019	4078.719219	0.000000	0.000000	-51.553170	0.002000	1.216755	3.997731	-0.999955	0.000000
5.841970	1.000104	6117.442019	4078.719219	0.000000	0.000000	-51.553170	0.002000	1.216755	3.997731	-0.999955	0.000000
5.861970	1.000104	6117.442019	4078.719219	0.000000	0.000000	-51.553170	0.002000	1.216755	3.997731	-0.999955	0.000000
5.881970	1.000104	6117.442019	4078.719219	0.000000	0.000000	-51.553170	0.002000	1.216755	3.997731	-0.999955	0.000000
5.901970	1.000104	6117.442019	4078.719219	0.000000	0.000000	-51.553170	0.002000	1.216755	3.997731	-0.999955	0.000000
5.921970	1.000104	6117.442019	4078.719219	0.000000	0.000000	-51.553170	0.002000	1.216755	3.997731	-0.999955	0.000000
5.941970	1.000104	6117.442019	4078.719219	0.000000	0.000000	-51.553170	0.002000	1.216755	3.997731	-0.999955	0.000000
5.961970	1.000104	6117.442019	4078.719219	0.000000	0.000000	-51.553170	0.002000	1.216755	3.997731	-0.999955	0.000000
5.981970	1.000104	6117.442019	4078.719219	0.000000	0.000000	-51.553170	0.002000	1.216755	3.997731	-0.999955	0.000000
6.001970	1.000104	6117.442019	4078.719219	0.000000	0.000000	-51.553170	0.002000	1.216755	3.997731	-0.999955	0.000000
6.021970	1.000104	6117.442019	4078.719219	0.000000	0.000000	-51.553170	0.002000	1.216755	3.997731	-0.999955	0.000000
6.041970	1.000104	6117.442019	4078.719219	0.000000	0.000000	-51.553170	0.002000	1.216755	3.997731	-0.999955	0.000000
6.061970	1.000104	6117.442019	4078.719219	-0.000000	0.000000	-51.553170	0.002000	1.216755	3.997731	-0.999955	0.000000
6.081970	1.000104	6117.442019	4078.719219	-0.000000	0.000000	-51.553170	0.002000	1.216755	3.997731	-0.999955	0.000000
6.101970	1.000104	6117.442019	4078.719219	-0.000000	0.000001	-51.553170	0.002000	1.216755	3.997731	-0.999955	0.000000
6.121970	1.000104	6117.442019	4078.719219	-0.000000	0.000003	-51.553170	0.002000	1.216755	3.997731	-0.999955	0.000000
6.141970	1.000104	6117.442019	4078.719219	-0.000000	0.000010	-51.553170	0.002000	1.216755	3.997731	-0.999955	0.000000
6.161970	1.000104	6117.442019	4078.719219	-0.000000	0.000030	-51.553170	0.002000	1.216755	3.997731	-0.999955	0.000000
6.181970	1.000104	6117.442019	4078.719219	-0.000001	0.000087	-51.553170	0.002000	1.216755	3.997731	-0.999955	0.000000
6.201970	1.000104	6117.442019	4078.719220	-0.000003	0.000244	-51.553170	0.002000	1.216755	3.997731	-0.999955	0.000000
6.221970	1.000104	6117.442019	4078.719220	-0.000009	0.000711	-51.553170	0.002000	1.216755	3.997731	-0.999955	0.000000
6.241970	1.000104	6117.442019	4078.719220	-0.000026	0.002000	-51.553170	0.002000	1.216755	3.997731	-0.999955	0.000000
6.261970	1.000104	6117.442019	4078.719220	-0.000072	0.005455	-51.553170	0.002000	1.216755	3.997731	-0.999955	0.000000
6.281970	1.000104	6117.442019	4078.719220	-0.000194	0.014335	-51.553170	0.002000	1.216755	3.997731	-0.999955	0.000000
6.301970	1.000104	6117.442020	4078.719220	-0.000503	0.036070	-51.553170	0.002000	1.216755	3.997731	-0.999955	0.000000
6.321970	1.000104	6117.442021	4078.719221	-0.001246	0.086000	-51.553170	0.002000	1.216755	3.997731	-0.999955	0.000000
6.341970	1.000104	6117.442023	4078.719223	-0.002910	0.190875	-51.553170	0.002000	1.216755	3.997731	-0.999955	0.000000
6.361970	1.000104	6117.442027	4078.719229	-0.006263	0.380275	-51.553170	0.002000	1.216755	3.997731	-0.999955	0.000000
6.381970	1.000104	6117.442037	4078.719241	-0.011831	0.618623	-51.553170	0.002000	1.216755	3.997731	-0.999955	0.000000
6.401970	1.000104	6117.442052	4078.719263	-0.016947	0.521599	-51.553170	0.002000	1.216755	3.997731	-0.999955	0.000000
6.421970	1.000104	6117.442068	4078.719292	-0.004481	-1.602321	-51.553170	0.002000	1.216755	3.997731	-0.999955	0.000000
6.441970	1.000104	6117.442038	4078.719290	0.093564	-11.642276	-51.553170	0.002000	1.216755	3.997731	-0.999955	0.000000
6.461970	1.000104	6117.441781	4078.719080	0.502027	-47.643099	-51.553170	0.002000	1.216755	3.997731	-0.999955	0.000000
6.481970	1.000104	6117.440693	4078.718038	1.886431	-160.176940	-51.553169	0.002000	1.216755	3.997730	-0.999955	0.000000
6.501970	1.000104	6117.436975	4078.714224	6.060350	-481.037437	-51.553163	0.002000	1.216755	3.997730	-0.999955	0.000000
6.521970	1.000102	6117.425700	4078.702164	17.630613	-1332.032361	-51.553145	0.002000	1.216755	3.997729	-0.999956	0.000000
6.541970	1.000099	6117.394249	4078.667463	47.564779	-3451.538767	-51.553092	0.002000	1.216755	3.997727	-0.999957	0.000000
6.561970	1.000089	6117.312285	4078.574659	120.368709	-8431.400048	-51.552949	0.002000	1.216755	3.997722	-0.999961	0.000000
6.581971	1.000064	6117.111099	4078.341523	287.361766	-19488.209666	-51.552584	0.002000	1.216755	3.997708	-0.999972	0.000000
6.601972	1.000002	6116.644117	4077.788461	648.878904	-42684.942189	-51.551708	0.002000	1.216755	3.997675	-0.999998	0.000000
6.621975	0.999860	6115.617350	4076.546455	1386.892627	-88601.585477	-51.549723	0.002000	1.216755	3.997603	-1.000059	0.000000
6.641981	0.999553	6113.478238	4073.904148	2804.600389	-174134.495118	-51.545466	0.002001	1.216755	3.997453	-1.000191	0.000000
6.661996	0.998919	6109.258320	4068.580871	5359.310549	-323541.607995	-51.536825	0.002002	1.216755	3.997157	-1.000462	0.000000
6.682026	0.997687	6101.384996	4058.436931	9661.577696	-567210.528450	-51.520247	0.002005	1.216755	3.996603	-1.000992	0.000000
6.702089	0.995419	6087.511661	4040.180978	16404.115037	-936436.262244	-51.490213	0.002009	1.216755	3.995623	-1.001971	0.000000
6.722209	0.991480	6064.450228	4009.203083	26196.297590	-1453677.538541	-51.438877	0.002017	1.216755	3.993987	-1.003678	0.000000
6.742429	0.985026	6028.300197	3959.704041	39329.934800	-2120560.132174	-51.356106	0.002030	1.216755	3.991407	-1.006493	0.000000
6.762810	0.975054	5974.800102	3885.246572	55553.337832	-2909192.633710	-51.230128	0.002051	1.216755	3.987556	-1.010885	0.000000
6.783443	0.960513	5899.786629	3779.729065	73998.263342	-3763801.262661	-51.048648	0.002082	1.216755	3.982091	-1.017378	0.000000
6.804446	0.940450	5799.528365	3638.382075	93328.517358	-4613138.044894	-50.800354	0.002127	1.216755	3.974670	-1.026510	0.000000
6.825971	0.914175	5670.443236	3458.487262	112010.447281	-5391476.584673	-50.475867	0.002188	1.216755	3.964917	-1.038779	0.000000
6.848204	0.881281	5508.555749	3239.290655	128766.283224	-6052679.698287	-50.067919	0.002269	1.216755	3.952360	-1.054658	0.000000
6.871377	0.841459	5308.652693	2981.048216	142675.027783	-6563063.553786	-49.571476	0.002377	1.216755	3.936327	-1.074706	0.000000
6.895782	0.794304	5066.364229	2685.864532	153283.058042	-6891562.454827	-48.978877	0.002518	1.216755	3.916057	-1.099721	0.000000
6.921811	0.738340	4785.519459	2358.465326	160913.024698	-6967055.319554	-48.279795	0.002709	1.216755	3.891304	-1.131422	0.000000
6.950107	0.672061	4485.096455	2012.153511	165438.596130	-6741567.313727	-47.449492	0.002976	1.216755	3.863153	-1.172240	0.000000
6.981631	0.593536	4209.724270	1668.040694	168129.810971	-6237099.080691	-46.437990	0.003370	1.216755	3.835632	-1.226174	0.000000
7.018181	0.502534	4005.756756	1343.925228	169199.227574	-5522052.483042	-45.176647	0.003980	1.216755	3.814048	-1.298421	0.000000
7.062811	0.404076	3932.983545	1061.015915	168106.936964	-4798161.079923	-43.464085	0.004950	1.216755	3.806062	-1.393088	0.000000
7.120661	0.287881	4019.614436	772.587632	173181.987128	-3974154.468011	-41.089933	0.006947	1.216755	3.815490	-1.540291	0.000000
7.218408	0.168509	4954.939966	557.433135	172078.016197	-2783321.125536	-36.212469	0.011869	1.216755	3.906282	-1.772837	0.000000
-0.002995	3.341790	103359.934771	230272.336127	4.714711	0.000000	0.001111	0.000598	0.000000	5.225518	-0.476024	0.000000
-0.008978	3.350734	103054.985034	230206.847874	17.095076	0.000000	0.003238	0.000597	0.000000	5.224234	-0.474864	0.000000
-0.014937	3.368050	102469.202207	230081.192735	36.141611	0.000000	0.005084	0.000594	0.000000	5.221758	-0.472625	0.000000
-0.020858	3.392664	101648.290048	229905.867242	60.372196	0.000000	0.006474	0.000590	0.000000	5.218263	-0.469461	0.000000
-0.026731	3.423025	100654.981230	229696.416889	82.921463	0.000000	0.007261	0.000584	0.000000	5.213997	-0.465591	0.000000
-0.032547	3.457204	99562.787600	229472.535848	94.291965	0.000000	0.007357	0.000579	0.000000	5.209257	-0.461275	0.000000
-0.038303	3.493051	98448.155401	229256.102343	86.703375	0.000000	0.006751	0.000573	0.000000	5.204366	-0.456793	0.000000
-0.044000	3.528386	97382.487136	229068.320301	57.864531	0.000000	0.005532	0.000567	0.000000	5.199638	-0.452421	0.000000
-0.049641	3.561218	96424.969470	228926.507086	12.485081	0.000000	0.003874	0.000562	0.000000	5.195346	-0.448398	0.000000
-0.055232	3.589958	95617.427184	228841.320647	-39.066240	0.000000	0.002013	0.000557	0.000000	5.191693	-0.444907	0.000000
-0.060783	3.613568	94981.798738	228815.168556	-84.239977	0.000000	0.000206	0.000553	0.000000	5.188797	-0.442060	0.000000
-0.066302	3.631633	94520.471828	228842.237185	-112.457852	0.000000	-0.001320	0.000551	0.000000	5.186684	-0.439896	0.000000
-0.071797	3.644326	94219.141262	228910.131707	-118.350915	0.000000	-0.002406	0.000549	0.000000	5.185298	-0.438381	0.000000
-0.077278	3.652295	94051.518222	229002.686694	-103.028867	0.000000	-0.002982	0.000548	0.000000	5.184526	-0.437434	0.000000
-0.082749	3.656485	93984.941636	229103.222056	-73.132348	0.000000	-0.003072	0.000547	0.000000	5.184220	-0.436937	0.000000
-0.088218	3.657952	93985.886735	229197.459914	-38.243595	0.000000	-0.002775	0.000547	0.000000	5.184225	-0.436763	0.000000
-0.093685	3.657696	94024.470363	229275.486645	-7.727783	0.000000	-0.002231	0.000547	0.000000	5.184403	-0.436794	0.000000
