0.002994	3.343410	103303.558176	230258.325279	7.956040	-3248806.711202	-0.001097	0.000598	1.216755	5.225281	-0.475813	0.000000
0.008974	3.352216	103003.447449	230193.516929	25.254169	-2959060.237810	-0.003191	0.000597	1.216755	5.224017	-0.474672	0.000000
0.014930	3.369261	102427.242172	230069.617504	45.339641	-2392221.419010	-0.004993	0.000594	1.216755	5.221580	-0.472469	0.000000
0.020850	3.393481	101620.210608	229897.632113	66.387949	-1583325.375510	-0.006333	0.000589	1.216755	5.218143	-0.469357	0.000000
0.026721	3.423352	100644.026180	229693.318710	83.299250	-601150.136127	-0.007078	0.000584	1.216755	5.213950	-0.465549	0.000000
0.032537	3.456993	99570.376224	229475.974766	89.556178	447684.846009	-0.007155	0.000579	1.216755	5.209290	-0.461301	0.000000
0.038294	3.492317	98473.286267	229266.423353	80.122434	1429336.404233	-0.006568	0.000573	1.216755	5.204477	-0.456885	0.000000
0.043992	3.527217	97421.599242	229084.413025	53.975848	2206585.528316	-0.005409	0.000567	1.216755	5.199813	-0.452565	0.000000
0.049636	3.559768	96472.403834	228945.867514	15.134107	2669033.074903	-0.003843	0.000562	1.216755	5.195560	-0.448575	0.000000
0.055230	3.588422	95666.415947	228860.588432	-28.265693	2759300.409754	-0.002086	0.000557	1.216755	5.191916	-0.445093	0.000000
0.060783	3.612147	95025.735507	228830.965626	-66.419586	2486927.434710	-0.000370	0.000554	1.216755	5.188998	-0.442232	0.000000
0.066303	3.630495	94554.133546	228852.024884	-90.874658	1925809.757810	0.001098	0.000551	1.216755	5.186838	-0.440032	0.000000
0.071800	3.643579	94239.557246	228912.808119	-97.010399	1196251.472442	0.002170	0.000549	1.216755	5.185392	-0.438470	0.000000
0.077281	3.651970	94058.291171	228998.750447	-85.175166	436836.167926	0.002776	0.000548	1.216755	5.184557	-0.437472	0.000000
0.082753	3.656539	93979.982740	229094.485848	-60.203479	-226138.221098	0.002927	0.000547	1.216755	5.184196	-0.436930	0.000000
0.088221	3.658290	93972.685196	229186.444956	-29.621251	-703643.677316	0.002702	0.000547	1.216755	5.184163	-0.436723	0.000000
0.093688	3.658199	94007.131277	229264.715838	-1.256695	-957278.839924	0.002222	0.000547	1.216755	5.184323	-0.436734	0.000000
0.099156	3.657099	94059.677863	229323.879545	18.907041	-998731.351701	0.001621	0.000547	1.216755	5.184566	-0.436865	0.000000
0.104627	3.655622	94113.683343	229362.822306	27.997688	-877365.982409	0.001018	0.000547	1.216755	5.184815	-0.437040	0.000000
0.110100	3.654181	94159.429393	229383.772849	26.393145	-661210.105155	0.000500	0.000547	1.216755	5.185026	-0.437211	0.000000
0.115574	3.652995	94192.969211	229390.948970	16.909339	-417685.625142	0.000113	0.000547	1.216755	5.185180	-0.437352	0.000000
0.121051	3.652136	94214.415932	229389.202603	3.487307	-199244.675105	-0.000131	0.000548	1.216755	5.185278	-0.437454	0.000000
0.126528	3.651582	94226.162998	229382.954048	-10.109797	-36452.910855	-0.000252	0.000548	1.216755	5.185332	-0.437519	0.000000
0.132006	3.651261	94231.396113	229375.557388	-21.204791	61720.869462	-0.000281	0.000548	1.216755	5.185356	-0.437557	0.000000
0.137484	3.651093	94233.077752	229369.095803	-28.561808	102608.695439	-0.000255	0.000548	1.216755	5.185364	-0.437577	0.000000
0.142963	3.651006	94233.421832	229364.505555	-32.251847	102461.840396	-0.000204	0.000548	1.216755	5.185365	-0.437588	0.000000
0.148441	3.650951	94233.764675	229361.884641	-33.206322	79543.682910	-0.000151	0.000548	1.216755	5.185367	-0.437594	0.000000
0.153920	3.650898	94234.689251	229360.849600	-32.683881	49274.580117	-0.000109	0.000548	1.216755	5.185371	-0.437600	0.000000
0.159399	3.650837	94236.262439	229360.842877	-31.856145	21903.920744	-0.000080	0.000548	1.216755	5.185379	-0.437608	0.000000
0.164878	3.650767	94238.279387	229361.342174	-31.545744	2344.113193	-0.000065	0.000548	1.216755	5.185388	-0.437616	0.000000
0.170357	3.650693	94240.454197	229361.965738	-32.125682	-8632.842222	-0.000060	0.000548	1.216755	5.185398	-0.437625	0.000000
0.175836	3.650620	94242.536559	229362.495158	-33.676312	-12706.894002	-0.000059	0.000548	1.216755	5.185408	-0.437634	0.000000
0.181315	3.650555	94244.361522	229362.847950	-36.076133	-12461.829013	-0.000060	0.000548	1.216755	5.185416	-0.437641	0.000000
0.186794	3.650500	94245.852733	229363.029741	-38.962155	-10288.887271	-0.000061	0.000548	1.216755	5.185423	-0.437648	0.000000
0.192273	3.650457	94247.001456	229363.088291	-42.228506	-7886.900012	-0.000059	0.000548	1.216755	5.185428	-0.437653	0.000000
0.197753	3.650424	94247.839120	229363.080452	-45.913327	-6195.256306	-0.000056	0.000548	1.216755	5.185432	-0.437657	0.000000
0.203232	3.650402	94248.413587	229363.052216	-49.355298	-5440.889522	-0.000050	0.000548	1.216755	5.185435	-0.437660	0.000000
0.208712	3.650387	94248.773273	229363.032732	-53.012404	-5504.041366	-0.000043	0.000548	1.216755	5.185436	-0.437661	0.000000
0.214191	3.650380	94248.959925	229363.038445	-57.837067	-6278.448741	-0.000034	0.000548	1.216755	5.185437	-0.437662	0.000000
0.219670	3.650379	94249.006407	229363.071935	-61.105746	-7285.973327	-0.000024	0.000548	1.216755	5.185437	-0.437662	0.000000
0.225150	3.650382	94248.936748	229363.128264	-64.786374	-8249.931990	-0.000014	0.000548	1.216755	5.185437	-0.437662	0.000000
0.230629	3.650390	94248.770719	229363.212532	-73.495780	-9798.679638	-0.000002	0.000548	1.216755	5.185436	-0.437661	0.000000
0.236109	3.650401	94248.525233	229363.315639	-74.406265	-10936.716998	0.000011	0.000548	1.216755	5.185435	-0.437660	0.000000
0.241588	3.650415	94248.210461	229363.419065	-75.430712	-11161.221430	0.000023	0.000548	1.216755	5.185434	-0.437658	0.000000
0.247068	3.650432	94247.841247	229363.561326	-99.281781	-13954.242355	0.000039	0.000548	1.216755	5.185432	-0.437656	0.000000
0.252547	3.650450	94247.435001	229363.717395	-86.524823	-15074.645673	0.000059	0.000548	1.216755	5.185430	-0.437654	0.000000
0.258026	3.650469	94246.985746	229363.804762	-68.940413	-11657.771418	0.000065	0.000548	1.216755	5.185428	-0.437652	0.000000
0.263506	3.650490	94246.512344	229364.001739	-158.335151	-19981.544013	0.000086	0.000548	1.216755	5.185426	-0.437649	0.000000
0.268985	3.650511	94246.051713	229364.201720	-80.476914	-21172.030911	0.000125	0.000548	1.216755	5.185424	-0.437646	0.000000
0.274464	3.650528	94245.533586	229363.987918	40.419762	576.982890	0.000090	0.000548	1.216755	5.185421	-0.437644	0.000000
0.279943	3.650550	94244.999582	229364.155721	-342.872308	-30984.531875	0.000109	0.000548	1.216755	5.185419	-0.437642	0.000000
0.285422	3.650570	94244.592808	229364.243731	32.127708	-32665.883823	0.000210	0.000548	1.216755	5.185417	-0.437640	0.000000
0.290902	3.650563	94243.956028	229362.156146	700.322036	80185.275963	-0.000045	0.000548	1.216755	5.185414	-0.437641	0.000000
0.296381	3.650575	94243.220776	229361.405812	-1000.802019	-48592.533209	-0.000101	0.000548	1.216755	5.185411	-0.437639	0.000000
0.301860	3.650569	94243.054072	229359.965836	730.094552	-53948.683695	0.000229	0.000548	1.216755	5.185410	-0.437641	0.000000
0.307339	3.650430	94241.773056	229347.279191	4269.818909	509941.880460	-0.001159	0.000548	1.216755	5.185403	-0.437658	0.000000
0.312819	3.650349	94239.790727	229338.567339	-3260.746852	-13832.082687	-0.001850	0.000548	1.216755	5.185395	-0.437666	0.000000
0.318298	3.650159	94240.271419	229324.598245	4754.728875	-29780.264486	-0.000770	0.000548	1.216755	5.185397	-0.437695	0.000000
0.323778	3.649274	94235.333356	229251.887903	23380.874235	2783570.776640	-0.008030	0.000548	1.216755	5.185370	-0.437805	0.000000
0.329260	3.648495	94225.921982	229184.421043	-9319.663047	755347.018942	-0.013288	0.000548	1.216755	5.185330	-0.437893	0.000000
0.334742	3.647029	94226.895356	229078.039934	28531.108213	825884.086099	-0.010758	0.000548	1.216755	5.185334	-0.438099	0.000000
0.340228	3.641833	94201.141606	228659.600191	127026.562928	15058156.759617	-0.049129	0.000549	1.216755	5.185193	-0.438752	0.000000
0.345727	3.636151	94147.461885	228184.639556	-10000.378398	8206653.851137	-0.085398	0.000550	1.216755	5.184957	-0.439418	0.000000
0.351229	3.626156	94134.367346	227438.175145	171878.337439	10045571.874652	-0.089401	0.000552	1.216755	5.184893	-0.440778	0.000000
0.356753	3.596083	93984.043177	225019.987451	702770.738513	85419736.210717	-0.296346	0.000556	1.216755	5.184081	-0.444608	0.000000
0.362353	3.558453	93644.856856	221868.728620	168869.564563	76504921.133944	-0.541176	0.000562	1.216755	5.182525	-0.449177	0.000000
0.367992	3.499409	93418.039317	217246.085171	959753.834930	104399719.507268	-0.649986	0.000572	1.216755	5.181427	-0.457223	0.000000
0.373760	3.345008	92382.110480	204420.891016	3982951.286167	577778413.410454	-1.750273	0.000598	1.216755	5.175829	-0.478052	0.000000
0.379964	3.154612	89704.689261	187178.477528	2061812.596440	798829500.769597	-3.430381	0.000634	1.216755	5.162665	-0.503158	0.000000
0.386475	2.981248	86987.097296	170922.336960	1875361.790160	892360727.510250	-3.850417	0.000671	1.216755	5.149106	-0.529055	0.000000
0.393339	2.567510	80719.267366	133161.382704	18612261.191631	3424456895.358543	-7.551795	0.000779	1.216755	5.111859	-0.600229	0.000000
0.402407	1.910568	60689.868451	71536.463113	37522072.731449	7933057779.954329	-20.737151	0.001047	1.216755	4.974633	-0.732854	0.000000
0.415881	1.379044	31868.036554	26453.338094	28880562.290484	6918837039.540739	-36.939395	0.001450	1.216755	4.681383	-0.871651	0.000000
0.433186	1.120359	13545.024962	9254.904929	12900702.407020	2960201370.547517	-46.717444	0.001785	1.216755	4.309580	-0.955956	0.000000
0.452397	1.030769	7382.107747	4903.972519	3707346.176546	644851731.693944	-50.408228	0.001940	1.216755	4.066313	-0.988513	0.000000
0.472226	1.006610	6274.501122	4187.847030	757751.844680	83303461.790904	-51.341684	0.001987	1.216755	4.006785	-0.997542	0.000000
0.492196	1.001275	6137.702147	4093.962081	128669.190049	10229803.512431	-51.519927	0.001997	1.216755	3.998922	-0.999526	0.000000
0.512192	1.000286	6120.308202	4080.930998	18470.172650	1410402.884636	-51.548723	0.001999	1.216755	3.997900	-0.999889	0.000000
0.532191	1.000129	6117.854206	4079.030156	2261.222453	205197.121439	-51.552656	0.002000	1.216755	3.997755	-0.999946	0.000000
0.552191	1.000107	6117.498683	4078.760012	240.036692	29040.962647	-51.553119	0.002000	1.216755	3.997734	-0.999954	0.000000
0.572191	1.000104	6117.449274	4078.724160	21.898426	3846.163151	-51.553166	0.002000	1.216755	3.997731	-0.999955	0.000000
0.592191	1.000104	6117.442879	4078.719772	1.696607	470.722670	-51.553170	0.002000	1.216755	3.997731	-0.999955	0.000000
0.612191	1.000104	6117.442114	4078.719277	0.117236	53.217309	-51.553170	0.002000	1.216755	3.997731	-0.999955	0.000000
0.632191	1.000104	6117.442029	4078.719225	0.010011	5.607597	-51.553170	0.002000	1.216755	3.997731	-0.999955	0.000000
0.652191	1.000104	6117.442020	4078.719220	0.001608	0.564714	-51.553170	0.002000	1.216755	3.997731	-0.999955	0.000000
0.672191	1.000104	6117.442019	4078.719220	0.000330	0.057276	-51.553170	0.002000	1.216755	3.997731	-0.999955	0.000000
0.692191	1.000104	6117.442019	4078.719220	0.000061	0.006315	-51.553170	0.002000	1.216755	3.997731	-0.999955	0.000000
0.712191	1.000104	6117.442019	4078.719219	0.000010	0.000794	-51.553170	0.002000	1.216755	3.997731	-0.999955	0.000000
0.732191	1.000104	6117.442019	4078.719219	0.000001	0.000109	-51.553170	0.002000	1.216755	3.997731	-0.999955	0.000000
0.752191	1.000104	6117.442019	4078.719219	0.000000	0.000015	-51.553170	0.002000	1.216755	3.997731	-0.999955	0.000000
0.772191	1.000104	6117.442019	4078.719219	0.000000	0.000002	-51.553170	0.002000	1.216755	3.997731	-0.999955	0.000000
0.792191	1.000104	6117.442019	4078.719219	0.000000	0.000001	-51.553170	0.002000	1.216755	3.997731	-0.999955	0.000000
0.812191	1.000104	6117.442019	4078.719219	-0.000000	0.000000	-51.553170	0.002000	1.216755	3.997731	-0.999955	0.000000
0.832191	1.000104	6117.442019	4078.719219	-0.000000	0.000000	-51.553170	0.002000	1.216755	3.997731	-0.999955	0.000000
0.852191	1.000104	6117.442019	4078.719219	-0.000000	-0.000000	-51.553170	0.002000	1.216755	3.997731	-0.999955	0.000000
0.872191	1.000104	6117.442019	4078.719219	0.000000	-0.000001	-51.553170	0.002000	1.216755	3.997731	-0.999955	0.000000
0.892191	1.000104	6117.442019	4078.719219	0.000000	0.000001	-51.553170	0.002000	1.216755	3.997731	-0.999955	0.000000
0.912191	1.000104	6117.442019	4078.719219	-0.000000	0.000000	-51.553170	0.002000	1.216755	3.997731	-0.999955	0.000000
0.932191	1.000104	6117.442019	4078.719219	-0.000000	-0.000000	-51.553170	0.002000	1.216755	3.997731	-0.999955	0.000000
0.952191	1.000104	6117.442019	4078.719219	-0.000000	-0.000000	-51.553170	0.002000	1.216755	3.997731	-0.999955	0.000000
0.972191	1.000104	6117.442019	4078.719219	0.000000	-0.000001	-51.553170	0.002000	1.216755	3.997731	-0.999955	0.000000
0.992191	1.000104	6117.442019	4078.719219	0.000000	0.000000	-51.553170	0.002000	1.216755	3.997731	-0.999955	0.000000
1.012191	1.000104	6117.442019	4078.719219	-0.000000	0.000001	-51.553170	0.002000	1.216755	3.997731	-0.999955	0.000000
1.032191	1.000104	6117.442019	4078.719219	-0.000000	-0.000000	-51.553170	0.002000	1.216755	3.997731	-0.999955	0.000000
1.052191	1.000104	6117.442019	4078.719219	0.000000	0.000000	-51.553170	0.002000	1.216755	3.997731	-0.999955	0.000000
1.072191	1.000104	6117.442019	4078.719219	-0.000000	0.000001	-51.553170	0.002000	1.216755	3.997731	-0.999955	0.000000
1.092191	1.000104	6117.442019	4078.719219	-0.000000	-0.000001	-51.553170	0.002000	1.216755	3.997731	-0.999955	0.000000
1.112191	1.000104	6117.442019	4078.719219	0.000000	-0.000001	-51.553170	0.002000	1.216755	3.997731	-0.999955	0.000000
1.132191	1.000104	6117.442019	4078.719219	0.000000	0.000000	-51.553170	0.002000	1.216755	3.997731	-0.999955	0.000000
1.152191	1.000104	6117.442019	4078.719219	0.000000	0.000001	-51.553170	0.002000	1.216755	3.997731	-0.999955	0.000000
1.172191	1.000104	6117.442019	4078.719219	-0.000000	-0.000000	-51.553170	0.002000	1.216755	3.997731	-0.999955	0.000000
1.192191	1.000104	6117.442019	4078.719219	0.000000	-0.000000	-51.553170	0.002000	1.216755	3.997731	-0.999955	0.000000
1.212191	1.000104	6117.442019	4078.719219	0.000000	-0.000000	-51.553170	0.002000	1.216755	3.997731	-0.999955	0.000000
1.232191	1.000104	6117.442019	4078.719219	0.000000	0.000001	-51.553170	0.002000	1.216755	3.997731	-0.999955	0.000000
1.252191	1.000104	6117.442019	4078.719219	-0.000000	0.000001	-51.553170	0.002000	1.216755	3.997731	-0.999955	0.000000
1.272191	1.000104	6117.442019	4078.719219	-0.000000	-0.000000	-51.553170	0.002000	1.216755	3.997731	-0.999955	0.000000
1.292191	1.000104	6117.442019	4078.719219	0.000000	-0.000000	-51.553170	0.002000	1.216755	3.997731	-0.999955	0.000000
1.312191	1.000104	6117.442019	4078.719219	0.000000	-0.000000	-51.553170	0.002000	1.216755	3.997731	-0.999955	0.000000
1.332191	1.000104	6117.442019	4078.719219	0.000000	-0.000000	-51.553170	0.002000	1.216755	3.997731	-0.999955	0.000000
1.352191	1.000104	6117.442019	4078.719219	-0.000000	-0.000000	-51.553170	0.002000	1.216755	3.997731	-0.999955	0.000000
1.372191	1.000104	6117.442019	4078.719219	-0.000000	-0.000000	-51.553170	0.002000	1.216755	3.997731	-0.999955	0.000000
1.392191	1.000104	6117.442019	4078.719219	-0.000000	-0.000000	-51.553170	0.002000	1.216755	3.997731	-0.999955	0.000000
1.412191	1.000104	6117.442019	4078.719219	0.000000	0.000000	-51.553170	0.002000	1.216755	3.997731	-0.999955	0.000000
1.432191	1.000104	6117.442019	4078.719219	0.000000	0.000001	-51.553170	0.002000	1.216755	3.997731	-0.999955	0.000000
1.452191	1.000104	6117.442019	4078.719219	-0.000000	0.000001	-51.553170	0.002000	1.216755	3.997731	-0.999955	0.000000
1.472191	1.000104	6117.442019	4078.719219	-0.000000	-0.000002	-51.553170	0.002000	1.216755	3.997731	-0.999955	0.000000
1.492191	1.000104	6117.442019	4078.719219	0.000000	-0.000001	-51.553170	0.002000	1.216755	3.997731	-0.999955	0.000000
1.512191	1.000104	6117.442019	4078.719219	0.000000	0.000001	-51.553170	0.002000	1.216755	3.997731	-0.999955	0.000000
1.532191	1.000104	6117.442019	4078.719219	0.000000	0.000001	-51.553170	0.002000	1.216755	3.997731	-0.999955	0.000000
1.552191	1.000104	6117.442019	4078.719219	-0.000000	0.000000	-51.553170	0.002000	1.216755	3.997731	-0.999955	0.000000
1.572191	1.000104	6117.442019	4078.719219	0.000000	-0.000001	-51.553170	0.002000	1.216755	3.997731	-0.999955	0.000000
1.592191	1.000104	6117.442019	4078.719219	0.000000	0.000001	-51.553170	0.002000	1.216755	3.997731	-0.999955	0.000000
1.612191	1.000104	6117.442019	4078.719219	-0.000000	0.000000	-51.553170	0.002000	1.216755	3.997731	-0.999955	0.000000
1.632191	1.000104	6117.442019	4078.719219	-0.000000	-0.000001	-51.553170	0.002000	1.216755	3.997731	-0.999955	0.000000
1.652191	1.000104	6117.442019	4078.719219	0.000000	-0.000000	-51.553170	0.002000	1.216755	3.997731	-0.999955	0.000000
1.672191	1.000104	6117.442019	4078.719219	0.000000	0.000000	-51.553170	0.002000	1.216755	3.997731	-0.999955	0.000000
1.692191	1.000104	6117.442019	4078.719219	-0.000000	0.000000	-51.553170	0.002000	1.216755	3.997731	-0.999955	0.000000
1.712191	1.000104	6117.442019	4078.719219	0.000000	-0.000001	-51.553170	0.002000	1.216755	3.997731	-0.999955	0.000000
1.732191	1.000104	6117.442019	4078.719219	0.000000	0.000001	-51.553170	0.002000	1.216755	3.997731	-0.999955	0.000000
1.752191	1.000104	6117.442019	4078.719219	-0.000000	0.000001	-51.553170	0.002000	1.216755	3.997731	-0.999955	0.000000
1.772191	1.000104	6117.442019	4078.719219	-0.000000	-0.000001	-51.553170	0.002000	1.216755	3.997731	-0.999955	0.000000
1.792191	1.000104	6117.442019	4078.719219	0.000000	-0.000000	-51.553170	0.002000	1.216755	3.997731	-0.999955	0.000000
1.812191	1.000104	6117.442019	4078.719219	-0.000000	0.000001	-51.553170	0.002000	1.216755	3.997731	-0.999955	0.000000
1.832191	1.000104	6117.442019	4078.719219	-0.000000	-0.000001	-51.553170	0.002000	1.216755	3.997731	-0.999955	0.000000
1.852191	1.000104	6117.442019	4078.719219	0.000000	-0.000001	-51.553170	0.002000	1.216755	3.997731	-0.999955	0.000000
1.872191	1.000104	6117.442019	4078.719219	0.000000	0.000000	-51.553170	0.002000	1.216755	3.997731	-0.999955	0.000000
1.892191	1.000104	6117.442019	4078.719219	0.000000	0.000000	-51.553170	0.002000	1.216755	3.997731	-0.999955	0.000000
1.912191	1.000104	6117.442019	4078.719219	-0.000000	0.000001	-51.553170	0.002000	1.216755	3.997731	-0.999955	0.000000
1.932191	1.000104	6117.442019	4078.719219	-0.000000	-0.000001	-51.553170	0.002000	1.216755	3.997731	-0.999955	0.000000
1.952191	1.000104	6117.442019	4078.719219	0.000000	0.000001	-51.553170	0.002000	1.216755	3.997731	-0.999955	0.000000
1.972191	1.000104	6117.442019	4078.719219	-0.000000	0.000001	-51.553170	0.002000	1.216755	3.997731	-0.999955	0.000000
1.992191	1.000104	6117.442019	4078.719219	-0.000000	0.000001	-51.553170	0.002000	1.216755	3.997731	-0.999955	0.000000
2.012191	1.000104	6117.442019	4078.719219	0.000000	-0.000000	-51.553170	0.002000	1.216755	3.997731	-0.999955	0.000000
2.032191	1.000104	6117.442019	4078.719219	-0.000000	-0.000001	-51.553170	0.002000	1.216755	3.997731	-0.999955	0.000000
2.052191	1.000104	6117.442019	4078.719219	-0.000000	-0.000001	-51.553170	0.002000	1.216755	3.997731	-0.999955	0.000000
2.072191	1.000104	6117.442019	4078.719219	0.000000	-0.000001	-51.553170	0.002000	1.216755	3.997731	-0.999955	0.000000
2.092191	1.000104	6117.442019	4078.719219	0.000000	0.000000	-51.553170	0.002000	1.216755	3.997731	-0.999955	0.000000
2.112191	1.000104	6117.442019	4078.719219	-0.000000	0.000001	-51.553170	0.002000	1.216755	3.997731	-0.999955	0.000000
2.132191	1.000104	6117.442019	4078.719219	-0.000000	-0.000001	-51.553170	0.002000	1.216755	3.997731	-0.999955	0.000000
2.152191	1.000104	6117.442019	4078.719219	0.000000	0.000000	-51.553170	0.002000	1.216755	3.997731	-0.999955	0.000000
2.172191	1.000104	6117.442019	4078.719219	-0.000000	0.000001	-51.553170	0.002000	1.216755	3.997731	-0.999955	0.000000
2.192191	1.000104	6117.442019	4078.719219	-0.000000	-0.000001	-51.553170	0.002000	1.216755	3.997731	-0.999955	0.000000
2.212191	1.000104	6117.442019	4078.719219	0.000000	-0.000001	-51.553170	0.002000	1.216755	3.997731	-0.999955	0.000000
2.232191	1.000104	6117.442019	4078.719219	0.000000	0.000001	-51.553170	0.002000	1.216755	3.997731	-0.999955	0.000000
2.252191	1.000104	6117.442019	4078.719219	-0.000000	0.000001	-51.553170	0.002000	1.216755	3.997731	-0.999955	0.000000
2.272191	1.000104	6117.442019	4078.719219	-0.000000	-0.000001	-51.553170	0.002000	1.216755	3.997731	-0.999955	0.000000
2.292191	1.000104	6117.442019	4078.719219	0.000000	-0.000001	-51.553170	0.002000	1.216755	3.997731	-0.999955	0.000000
2.312191	1.000104	6117.442019	4078.719219	0.000000	-0.000000	-51.553170	0.002000	1.216755	3.997731	-0.999955	0.000000
2.332191	1.000104	6117.442019	4078.719219	-0.000000	0.000001	-51.553170	0.002000	1.216755	3.997731	-0.999955	0.000000
2.352191	1.000104	6117.442019	4078.719219	-0.000000	0.000001	-51.553170	0.002000	1.216755	3.997731	-0.999955	0.000000
2.372191	1.000104	6117.442019	4078.719219	-0.000000	0.000000	-51.553170	0.002000	1.216755	3.997731	-0.999955	0.000000
2.392191	1.000104	6117.442019	4078.719219	0.000000	-0.000001	-51.553170	0.002000	1.216755	3.997731	-0.999955	0.000000
2.412191	1.000104	6117.442019	4078.719219	0.000000	0.000001	-51.553170	0.002000	1.216755	3.997731	-0.999955	0.000000
2.432191	1.000104	6117.442019	4078.719219	-0.000000	0.000000	-51.553170	0.002000	1.216755	3.997731	-0.999955	0.000000
2.452191	1.000104	6117.442019	4078.719219	-0.000000	-0.000000	-51.553170	0.002000	1.216755	3.997731	-0.999955	0.000000
2.472191	1.000104	6117.442019	4078.719219	-0.000000	0.000001	-51.553170	0.002000	1.216755	3.997731	-0.999955	0.000000
2.492191	1.000104	6117.442019	4078.719219	-0.000000	-0.000001	-51.553170	0.002000	1.216755	3.997731	-0.999955	0.000000
2.512191	1.000104	6117.442019	4078.719219	0.000000	-0.000001	-51.553170	0.002000	1.216755	3.997731	-0.999955	0.000000
2.532191	1.000104	6117.442019	4078.719219	0.000000	0.000000	-51.553170	0.002000	1.216755	3.997731	-0.999955	0.000000
2.552191	1.000104	6117.442019	4078.719219	-0.000000	0.000000	-51.553170	0.002000	1.216755	3.997731	-0.999955	0.000000
2.572191	1.000104	6117.442019	4078.719219	-0.000000	0.000000	-51.553170	0.002000	1.216755	3.997731	-0.999955	0.000000
2.592191	1.000104	6117.442019	4078.719219	-0.000000	0.000000	-51.553170	0.002000	1.216755	3.997731	-0.999955	0.000000
2.612191	1.000104	6117.442019	4078.719219	0.000000	0.000000	-51.553170	0.002000	1.216755	3.997731	-0.999955	0.000000
2.632191	1.000104	6117.442019	4078.719219	0.000000	0.000000	-51.553170	0.002000	1.216755	3.997731	-0.999955	0.000000
2.652191	1.000104	6117.442019	4078.719219	0.000000	0.000000	-51.553170	0.002000	1.216755	3.997731	-0.999955	0.000000
2.672191	1.000104	6117.442019	4078.719219	0.000000	0.000000	-51.553170	0.002000	1.216755	3.997731	-0.999955	0.000000
2.692191	1.000104	6117.442019	4078.719219	0.000000	0.000000	-51.553170	0.002000	1.216755	3.997731	-0.999955	0.000000
2.712191	1.000104	6117.442019	4078.719219	0.000000	0.000000	-51.553170	0.002000	1.216755	3.997731	-0.999955	0.000000
2.732191	1.000104	6117.442019	4078.719219	0.000000	0.000000	-51.553170	0.002000	1.216755	3.997731	-0.999955	0.000000
2.752191	1.000104	6117.442019	4078.719219	0.000000	0.000000	-51.553170	0.002000	1.216755	3.997731	-0.999955	0.000000
2.772191	1.000104	6117.442019	4078.719219	0.000000	0.000000	-51.553170	0.002000	1.216755	3.997731	-0.999955	0.000000
2.792191	1.000104	6117.442019	4078.719219	0.000000	0.000000	-51.553170	0.002000	1.216755	3.997731	-0.999955	0.000000
2.812191	1.000104	6117.442019	4078.719219	0.000000	0.000000	-51.553170	0.002000	1.216755	3.997731	-0.999955	0.000000
2.832191	1.000104	6117.442019	4078.719219	0.000000	0.000000	-51.553170	0.002000	1.216755	3.997731	-0.999955	0.000000
2.852191	1.000104	6117.442019	4078.719219	0.000000	0.000000	-51.553170	0.002000	1.216755	3.997731	-0.999955	0.000000
2.872191	1.000104	6117.442019	4078.719219	0.000000	0.000000	-51.553170	0.002000	1.216755	3.997731	-0.999955	0.000000
2.892191	1.000104	6117.442019	4078.719219	0.000000	0.000000	-51.553170	0.002000	1.216755	3.997731	-0.999955	0.000000
2.912191	1.000104	6117.442019	4078.719219	0.000000	0.000000	-51.553170	0.002000	1.216755	3.997731	-0.999955	0.000000
2.932191	1.000104	6117.442019	4078.719219	0.000000	0.000000	-51.553170	0.002000	1.216755	3.997731	-0.999955	0.000000
2.952191	1.000104	6117.442019	4078.719219	0.000000	0.000000	-51.553170	0.002000	1.216755	3.997731	-0.999955	0.000000
2.972191	1.000104	6117.442019	4078.719219	0.000000	0.000000	-51.553170	0.002000	1.216755	3.997731	-0.999955	0.000000
2.992191	1.000104	6117.442019	4078.719219	0.000000	0.000000	-51.553170	0.002000	1.216755	3.997731	-0.999955	0.000000
3.012191	1.000104	6117.442019	4078.719219	0.000000	0.000000	-51.553170	0.002000	1.216755	3.997731	-0.999955	0.000000
3.032191	1.000104	6117.442019	4078.719219	0.000000	0.000000	-51.553170	0.002000	1.216755	3.997731	-0.999955	0.000000
3.052191	1.000104	6117.442019	4078.719219	0.000000	0.000000	-51.553170	0.002000	1.216755	3.997731	-0.999955	0.000000
3.072191	1.000104	6117.442019	4078.719219	0.000000	0.000000	-51.553170	0.002000	1.216755	3.997731	-0.999955	0.000000
3.092191	1.000104	6117.442019	4078.719219	0.000000	0.000000	-51.553170	0.002000	1.216755	3.997731	-0.999955	0.000000
3.112191	1.000104	6117.442019	4078.719219	0.000000	0.000000	-51.553170	0.002000	1.216755	3.997731	-0.999955	0.000000
3.132191	1.000104	6117.442019	4078.719219	0.000000	0.000000	-51.553170	0.002000	1.216755	3.997731	-0.999955	0.000000
3.152191	1.000104	6117.442019	4078.719219	0.000000	0.000000	-51.553170	0.002000	1.216755	3.997731	-0.999955	0.000000
3.172191	1.000104	6117.442019	4078.719219	0.000000	0.000000	-51.553170	0.002000	1.216755	3.997731	-0.999955	0.000000
3.192191	1.000104	6117.442019	4078.719219	0.000000	0.000000	-51.553170	0.002000	1.216755	3.997731	-0.999955	0.000000
3.212191	1.000104	6117.442019	4078.719219	0.000000	0.000000	-51.553170	0.002000	1.216755	3.997731	-0.999955	0.000000
3.232191	1.000104	6117.442019	4078.719219	0.000000	0.000000	-51.553170	0.002000	1.216755	3.997731	-0.999955	0.000000
3.252191	1.000104	6117.442019	4078.719219	0.000000	0.000000	-51.553170	0.002000	1.216755	3.997731	-0.999955	0.000000
3.272191	1.000104	6117.442019	4078.719219	0.000000	0.000000	-51.553170	0.002000	1.216755	3.997731	-0.999955	0.000000
3.292191	1.000104	6117.442019	4078.719219	0.000000	0.000000	-51.553170	0.002000	1.216755	3.997731	-0.999955	0.000000
3.312191	1.000104	6117.442019	4078.719219	0.000000	0.000000	-51.553170	0.002000	1.216755	3.997731	-0.999955	0.000000
3.332191	1.000104	6117.442019	4078.719219	0.000000	0.000000	-51.553170	0.002000	1.216755	3.997731	-0.999955	0.000000
3.352191	1.000104	6117.442019	4078.719219	0.000000	0.000000	-51.553170	0.002000	1.216755	3.997731	-0.999955	0.000000
3.372191	1.000104	6117.442019	4078.719219	0.000000	0.000000	-51.553170	0.002000	1.216755	3.997731	-0.999955	0.000000
3.392191	1.000104	6117.442019	4078.719219	0.000000	0.000000	-51.553170	0.002000	1.216755	3.997731	-0.999955	0.000000
3.412191	1.000104	6117.442019	4078.719219	0.000000	0.000000	-51.553170	0.002000	1.216755	3.997731	-0.999955	0.000000
3.432191	1.000104	6117.442019	4078.719219	0.000000	0.000000	-51.553170	0.002000	1.216755	3.997731	-0.999955	0.000000
3.452191	1.000104	6117.442019	4078.719219	0.000000	0.000000	-51.553170	0.002000	1.216755	3.997731	-0.999955	0.000000
3.472191	1.000104	6117.442019	4078.719219	0.000000	0.000000	-51.553170	0.002000	1.216755	3.997731	-0.999955	0.000000
3.492191	1.000104	6117.442019	4078.719219	0.000000	0.000000	-51.553170	0.002000	1.216755	3.997731	-0.999955	0.000000
3.512191	1.000104	6117.442019	4078.719219	0.000000	0.000000	-51.553170	0.002000	1.216755	3.997731	-0.999955	0.000000
3.532191	1.000104	6117.442019	4078.719219	0.000000	0.000000	-51.553170	0.002000	1.216755	3.997731	-0.999955	0.000000
3.552191	1.000104	6117.442019	4078.719219	0.000000	0.000000	-51.553170	0.002000	1.216755	3.997731	-0.999955	0.000000
3.572191	1.000104	6117.442019	4078.719219	0.000000	0.000000	-51.553170	0.002000	1.216755	3.997731	-0.999955	0.000000
3.592191	1.000104	6117.442019	4078.719219	0.000000	0.000000	-51.553170	0.002000	1.216755	3.997731	-0.999955	0.000000
3.612191	1.000104	6117.442019	4078.719219	0.000000	0.000000	-51.553170	0.002000	1.216755	3.997731	-0.999955	0.000000
3.632191	1.000104	6117.442019	4078.719219	0.000000	0.000000	-51.553170	0.002000	1.216755	3.997731	-0.999955	0.000000
3.652191	1.000104	6117.442019	4078.719219	0.000000	0.000000	-51.553170	0.002000	1.216755	3.997731	-0.999955	0.000000
3.672191	1.000104	6117.442019	4078.719219	0.000000	0.000000	-51.553170	0.002000	1.216755	3.997731	-0.999955	0.000000
3.692191	1.000104	6117.442019	4078.719219	0.000000	0.000000	-51.553170	0.002000	1.216755	3.997731	-0.999955	0.000000
3.712191	1.000104	6117.442019	4078.719219	0.000000	0.000000	-51.553170	0.002000	1.216755	3.997731	-0.999955	0.000000
3.732191	1.000104	6117.442019	4078.719219	0.000000	0.000000	-51.553170	0.002000	1.216755	3.997731	-0.999955	0.000000
3.752191	1.000104	6117.442019	4078.719219	0.000000	0.000000	-51.553170	0.002000	1.216755	3.997731	-0.999955	0.000000
3.772191	1.000104	6117.442019	4078.719219	0.000000	0.000000	-51.553170	0.002000	1.216755	3.997731	-0.999955	0.000000
3.792191	1.000104	6117.442019	4078.719219	0.000000	0.000000	-51.553170	0.002000	1.216755	3.997731	-0.999955	0.000000
3.812191	1.000104	6117.442019	4078.719219	0.000000	-0.000000	-51.553170	0.002000	1.216755	3.997731	-0.999955	0.000000
3.832191	1.000104	6117.442019	4078.719219	0.000000	0.000000	-51.553170	0.002000	1.216755	3.997731	-0.999955	0.000000
3.852191	1.000104	6117.442019	4078.719219	0.000000	0.000000	-51.553170	0.002000	1.216755	3.997731	-0.999955	0.000000
3.872191	1.000104	6117.442019	4078.719219	0.000000	0.000000	-51.553170	0.002000	1.216755	3.997731	-0.999955	0.000000
3.892191	1.000104	6117.442019	4078.719219	0.000000	0.000000	-51.553170	0.002000	1.216755	3.997731	-0.999955	0.000000
3.912191	1.000104	6117.442019	4078.719219	0.000000	0.000000	-51.553170	0.002000	1.216755	3.997731	-0.999955	0.000000
3.932191	1.000104	6117.442019	4078.719219	0.000000	0.000000	-51.553170	0.002000	1.216755	3.997731	-0.999955	0.000000
3.952191	1.000104	6117.442019	4078.719219	-0.000000	-0.000000	-51.553170	0.002000	1.216755	3.997731	-0.999955	0.000000
3.972191	1.000104	6117.442019	4078.719219	-0.000000	-0.000001	-51.553170	0.002000	1.216755	3.997731	-0.999955	0.000000
3.992191	1.000104	6117.442019	4078.719219	0.000000	-0.000001	-51.553170	0.002000	1.216755	3.997731	-0.999955	0.000000
4.012191	1.000104	6117.442019	4078.719219	0.000000	0.000001	-51.553170	0.002000	1.216755	3.997731	-0.999955	0.000000
4.032191	1.000104	6117.442019	4078.719219	-0.000000	0.000002	-51.553170	0.002000	1.216755	3.997731	-0.999955	0.000000
4.052191	1.000104	6117.442019	4078.719219	-0.000000	-0.000000	-51.553170	0.002000	1.216755	3.997731	-0.999955	0.000000
4.072191	1.000104	6117.442019	4078.719219	0.000000	-0.000001	-51.553170	0.002000	1.216755	3.997731	-0.999955	0.000000
4.092191	1.000104	6117.442019	4078.719219	0.000000	0.000001	-51.553170	0.002000	1.216755	3.997731	-0.999955	0.000000
4.112191	1.000104	6117.442019	4078.719219	-0.000000	0.000000	-51.553170	0.002000	1.216755	3.997731	-0.999955	0.000000
4.132191	1.000104	6117.442019	4078.719219	0.000000	-0.000001	-51.553170	0.002000	1.216755	3.997731	-0.999955	0.000000
4.152191	1.000104	6117.442019	4078.719219	-0.000000	0.000001	-51.553170	0.002000	1.216755	3.997731	-0.999955	0.000000
4.172191	1.000104	6117.442019	4078.719219	-0.000000	-0.000001	-51.553170	0.002000	1.216755	3.997731	-0.999955	0.000000
4.192191	1.000104	6117.442019	4078.719219	0.000000	0.000001	-51.553170	0.002000	1.216755	3.997731	-0.999955	0.000000
4.212191	1.000104	6117.442019	4078.719219	-0.000000	-0.000001	-51.553170	0.002000	1.216755	3.997731	-0.999955	0.000000
4.232191	1.000104	6117.442019	4078.719219	0.000000	-0.000002	-51.553170	0.002000	1.216755	3.997731	-0.999955	0.000000
4.252191	1.000104	6117.442019	4078.719219	0.000000	0.000001	-51.553170	0.002000	1.216755	3.997731	-0.999955	0.000000
4.272191	1.000104	6117.442019	4078.719219	-0.000000	0.000000	-51.553170	0.002000	1.216755	3.997731	-0.999955	0.000000
4.292191	1.000104	6117.442019	4078.719219	0.000000	-0.000001	-51.553170	0.002000	1.216755	3.997731	-0.999955	0.000000
4.312191	1.000104	6117.442019	4078.719219	0.000000	0.000000	-51.553170	0.002000	1.216755	3.997731	-0.999955	0.000000
4.332191	1.000104	6117.442019	4078.719219	0.000000	-0.000002	-51.553170	0.002000	1.216755	3.997731	-0.999955	0.000000
4.352191	1.000104	6117.442019	4078.719219	0.000000	0.000001	-51.553170	0.002000	1.216755	3.997731	-0.999955	0.000000
4.372191	1.000104	6117.442019	4078.719219	-0.000000	0.000003	-51.553170	0.002000	1.216755	3.997731	-0.999955	0.000000
4.392191	1.000104	6117.442019	4078.719219	-0.000000	-0.000001	-51.553170	0.002000	1.216755	3.997731	-0.999955	0.000000
4.412191	1.000104	6117.442019	4078.719219	0.000000	-0.000000	-51.553170	0.002000	1.216755	3.997731	-0.999955	0.000000
4.432191	1.000104	6117.442019	4078.719219	0.000000	0.000000	-51.553170	0.002000	1.216755	3.997731	-0.999955	0.000000
4.452191	1.000104	6117.442019	4078.719219	0.000000	-0.000000	-51.553170	0.002000	1.216755	3.997731	-0.999955	0.000000
4.472191	1.000104	6117.442019	4078.719219	0.000000	0.000003	-51.553170	0.002000	1.216755	3.997731	-0.999955	0.000000
4.492191	1.000104	6117.442019	4078.719219	-0.000000	0.000001	-51.553170	0.002000	1.216755	3.997731	-0.999955	0.000000
4.512191	1.000104	6117.442019	4078.719219	-0.000000	-0.000002	-51.553170	0.002000	1.216755	3.997731	-0.999955	0.000000
4.532191	1.000104	6117.442019	4078.719219	0.000000	0.000000	-51.553170	0.002000	1.216755	3.997731	-0.999955	0.000000
4.552191	1.000104	6117.442019	4078.719219	-0.000000	0.000001	-51.553170	0.002000	1.216755	3.997731	-0.999955	0.000000
4.572191	1.000104	6117.442019	4078.719219	-0.000000	-0.000000	-51.553170	0.002000	1.216755	3.997731	-0.999955	0.000000
4.592191	1.000104	6117.442019	4078.719219	-0.000000	-0.000001	-51.553170	0.002000	1.216755	3.997731	-0.999955	0.000000
4.612191	1.000104	6117.442019	4078.719219	-0.000000	0.000000	-51.553170	0.002000	1.216755	3.997731	-0.999955	0.000000
4.632191	1.000104	6117.442019	4078.719219	-0.000000	-0.000001	-51.553170	0.002000	1.216755	3.997731	-0.999955	0.000000
4.652191	1.000104	6117.442019	4078.719219	0.000000	-0.000001	-51.553170	0.002000	1.216755	3.997731	-0.999955	0.000000
4.672191	1.000104	6117.442019	4078.719219	0.000000	-0.000001	-51.553170	0.002000	1.216755	3.997731	-0.999955	0.000000
4.692191	1.000104	6117.442019	4078.719219	0.000000	0.000000	-51.553170	0.002000	1.216755	3.997731	-0.999955	0.000000
4.712191	1.000104	6117.442019	4078.719219	-0.000000	0.000001	-51.553170	0.002000	1.216755	3.997731	-0.999955	0.000000
4.732191	1.000104	6117.442019	4078.719219	0.000000	0.000000	-51.553170	0.002000	1.216755	3.997731	-0.999955	0.000000
4.752191	1.000104	6117.442019	4078.719219	0.000000	0.000002	-51.553170	0.002000	1.216755	3.997731	-0.999955	0.000000
4.772191	1.000104	6117.442019	4078.719219	-0.000000	0.000000	-51.553170	0.002000	1.216755	3.997731	-0.999955	0.000000
4.792191	1.000104	6117.442019	4078.719219	0.000000	0.000001	-51.553170	0.002000	1.216755	3.997731	-0.999955	0.000000
4.812191	1.000104	6117.442019	4078.719219	-0.000000	0.000001	-51.553170	0.002000	1.216755	3.997731	-0.999955	0.000000
4.832191	1.000104	6117.442019	4078.719219	0.000000	-0.000001	-51.553170	0.002000	1.216755	3.997731	-0.999955	0.000000
4.852191	1.000104	6117.442019	4078.719219	0.000000	-0.000000	-51.553170	0.002000	1.216755	3.997731	-0.999955	0.000000
4.872191	1.000104	6117.442019	4078.719219	0.000000	0.000004	-51.553170	0.002000	1.216755	3.997731	-0.999955	0.000000
4.892191	1.000104	6117.442019	4078.719219	-0.000000	0.000004	-51.553170	0.002000	1.216755	3.997731	-0.999955	0.000000
4.912191	1.000104	6117.442019	4078.719219	-0.000000	-0.000004	-51.553170	0.002000	1.216755	3.997731	-0.999955	0.000000
4.932191	1.000104	6117.442019	4078.719219	0.000000	-0.000006	-51.553170	0.002000	1.216755	3.997731	-0.999955	0.000000
4.952191	1.000104	6117.442019	4078.719219	-0.000000	0.000000	-51.553170	0.002000	1.216755	3.997731	-0.999955	0.000000
4.972191	1.000104	6117.442019	4078.719219	-0.000000	-0.000002	-51.553170	0.002000	1.216755	3.997731	-0.999955	0.000000
4.992191	1.000104	6117.442019	4078.719219	0.000000	0.000000	-51.553170	0.002000	1.216755	3.997731	-0.999955	0.000000
5.012191	1.000104	6117.442019	4078.719219	0.000000	0.000003	-51.553170	0.002000	1.216755	3.997731	-0.999955	0.000000
5.032191	1.000104	6117.442019	4078.719219	-0.000000	0.000000	-51.553170	0.002000	1.216755	3.997731	-0.999955	0.000000
5.052191	1.000104	6117.442019	4078.719219	-0.000000	-0.000000	-51.553170	0.002000	1.216755	3.997731	-0.999955	0.000000
5.072191	1.000104	6117.442019	4078.719219	0.000000	-0.000000	-51.553170	0.002000	1.216755	3.997731	-0.999955	0.000000
5.092191	1.000104	6117.442019	4078.719219	0.000000	-0.000000	-51.553170	0.002000	1.216755	3.997731	-0.999955	0.000000
5.112191	1.000104	6117.442019	4078.719219	0.000000	-0.000000	-51.553170	0.002000	1.216755	3.997731	-0.999955	0.000000
5.132191	1.000104	6117.442019	4078.719219	0.000000	-0.000000	-51.553170	0.002000	1.216755	3.997731	-0.999955	0.000000
5.152191	1.000104	6117.442019	4078.719219	0.000000	-0.000000	-51.553170	0.002000	1.216755	3.997731	-0.999955	0.000000
5.172191	1.000104	6117.442019	4078.719219	0.000000	-0.000000	-51.553170	0.002000	1.216755	3.997731	-0.999955	0.000000
5.192191	1.000104	6117.442019	4078.719219	0.000000	-0.000000	-51.553170	0.002000	1.216755	3.997731	-0.999955	0.000000
5.212191	1.000104	6117.442019	4078.719219	0.000000	-0.000000	-51.553170	0.002000	1.216755	3.997731	-0.999955	0.000000
5.232191	1.000104	6117.442019	4078.719219	0.000000	-0.000000	-51.553170	0.002000	1.216755	3.997731	-0.999955	0.000000
5.252191	1.000104	6117.442019	4078.719219	0.000000	-0.000000	-51.553170	0.002000	1.216755	3.997731	-0.999955	0.000000
5.272191	1.000104	6117.442019	4078.719219	0.000000	0.000000	-51.553170	0.002000	1.216755	3.997731	-0.999955	0.000000
5.292191	1.000104	6117.442019	4078.719219	0.000000	0.000000	-51.553170	0.002000	1.216755	3.997731	-0.999955	0.000000
5.312191	1.000104	6117.442019	4078.719219	0.000000	0.000000	-51.553170	0.002000	1.216755	3.997731	-0.999955	0.000000
5.332191	1.000104	6117.442019	4078.719219	0.000000	0.000000	-51.553170	0.002000	1.216755	3.997731	-0.999955	0.000000
5.352191	1.000104	6117.442019	4078.719219	0.000000	0.000000	-51.553170	0.002000	1.216755	3.997731	-0.999955	0.000000
5.372191	1.000104	6117.442019	4078.719219	0.000000	0.000000	-51.553170	0.002000	1.216755	3.997731	-0.999955	0.000000
5.392191	1.000104	6117.442019	4078.719219	0.000000	0.000000	-51.553170	0.002000	1.216755	3.997731	-0.999955	0.000000
5.412191	1.000104	6117.442019	4078.719219	0.000000	0.000000	-51.553170	0.002000	1.216755	3.997731	-0.999955	0.000000
5.432191	1.000104	6117.442019	4078.719219	0.000000	0.000000	-51.553170	0.002000	1.216755	3.997731	-0.999955	0.000000
5.452191	1.000104	6117.442019	4078.719219	0.000000	0.000000	-51.553170	0.002000	1.216755	3.997731	-0.999955	0.000000
5.472191	1.000104	6117.442019	4078.719219	0.000000	0.000000	-51.553170	0.002000	1.216755	3.997731	-0.999955	0.000000
5.492191	1.000104	6117.442019	4078.719219	0.000000	0.000000	-51.553170	0.002000	1.216755	3.997731	-0.999955	0.000000
5.512191	1.000104	6117.442019	4078.719219	0.000000	0.000000	-51.553170	0.002000	1.216755	3.997731	-0.999955	0.000000
5.532191	1.000104	6117.442019	4078.719219	0.000000	0.000000	-51.553170	0.002000	1.216755	3.997731	-0.999955	0.000000
5.552191	1.000104	6117.442019	4078.719219	0.000000	0.000000	-51.553170	0.002000	1.216755	3.997731	-0.999955	0.000000
5.572191	1.000104	6117.442019	4078.719219	0.000000	0.000000	-51.553170	0.002000	1.216755	3.997731	-0.999955	0.000000
5.592191	1.000104	6117.442019	4078.719219	0.000000	0.000000	-51.553170	0.002000	1.216755	3.997731	-0.999955	0.000000
5.612191	1.000104	6117.442019	4078.719219	0.000000	0.000000	-51.553170	0.002000	1.216755	3.997731	-0.999955	0.000000
5.632191	1.000104	6117.442019	4078.719219	0.000000	0.000000	-51.553170	0.002000	1.216755	3.997731	-0.999955	0.000000
5.652191	1.000104	6117.442019	4078.719219	0.000000	0.000000	-51.553170	0.002000	1.216755	3.997731	-0.999955	0.000000
5.672191	1.000104	6117.442019	4078.719219	0.000000	0.000000	-51.553170	0.002000	1.216755	3.997731	-0.999955	0.000000
5.692191	1.000104	6117.442019	4078.719219	0.000000	0.000000	-51.553170	0.002000	1.216755	3.997731	-0.999955	0.000000
5.712191	1.000104	6117.442019	4078.719219	0.000000	0.000000	-51.553170	0.002000	1.216755	3.997731	-0.999955	0.000000
5.732191	1.000104	6117.442019	4078.719219	0.000000	0.000000	-51.553170	0.002000	1.216755	3.997731	-0.999955	0.000000
5.752191	1.000104	6117.442019	4078.719219	0.000000	0.000000	-51.553170	0.002000	1.216755	3.997731	-0.999955	0.000000
5.772191	1.000104	6117.442019	4078.719219	0.000000	0.000000	-51.553170	0.002000	1.216755	3.997731	-0.999955	0.000000
5.792191	1.000104	6117.442019	4078.719219	0.000000	0.000000	-51.553170	0.002000	1.216755	3.997731	-0.999955	0.000000
5.812191	1.000104	6117.442019	4078.719219	0.000000	0.000000	-51.553170	0.002000	1.216755	3.997731	-0.999955	0.000000
5.832191	1.000104	6117.442019	4078.719219	0.000000	0.000000	-51.553170	0.002000	1.216755	3.997731	-0.999955	0.000000
5.852191	1.000104	6117.442019	4078.719219	0.000000	0.000000	-51.553170	0.002000	1.216755	3.997731	-0.999955	0.000000
5.872191	1.000104	6117.442019	4078.719219	0.000000	0.000000	-51.553170	0.002000	1.216755	3.997731	-0.999955	0.000000
5.892191	1.000104	6117.442019	4078.719219	0.000000	0.000000	-51.553170	0.002000	1.216755	3.997731	-0.999955	0.000000
5.912191	1.000104	6117.442019	4078.719219	0.000000	0.000000	-51.553170	0.002000	1.216755	3.997731	-0.999955	0.000000
5.932191	1.000104	6117.442019	4078.719219	0.000000	0.000000	-51.553170	0.002000	1.216755	3.997731	-0.999955	0.000000
5.952191	1.000104	6117.442019	4078.719219	0.000000	0.000000	-51.553170	0.002000	1.216755	3.997731	-0.999955	0.000000
5.972191	1.000104	6117.442019	4078.719219	0.000000	0.000000	-51.553170	0.002000	1.216755	3.997731	-0.999955	0.000000
5.992191	1.000104	6117.442019	4078.719219	0.000000	0.000000	-51.553170	0.002000	1.216755	3.997731	-0.999955	0.000000
6.012191	1.000104	6117.442019	4078.719219	-0.000000	0.000002	-51.553170	0.002000	1.216755	3.997731	-0.999955	0.000000
6.032191	1.000104	6117.442019	4078.719219	-0.000000	0.000005	-51.553170	0.002000	1.216755	3.997731	-0.999955	0.000000
6.052191	1.000104	6117.442019	4078.719219	-0.000000	0.000013	-51.553170	0.002000	1.216755	3.997731	-0.999955	0.000000
6.072191	1.000104	6117.442019	4078.719219	-0.000000	0.000042	-51.553170	0.002000	1.216755	3.997731	-0.999955	0.000000
6.092191	1.000104	6117.442019	4078.719220	-0.000002	0.000119	-51.553170	0.002000	1.216755	3.997731	-0.999955	0.000000
6.112191	1.000104	6117.442019	4078.719220	-0.000004	0.000340	-51.553170	0.002000	1.216755	3.997731	-0.999955	0.000000
6.132191	1.000104	6117.442019	4078.719220	-0.000012	0.000941	-51.553170	0.002000	1.216755	3.997731	-0.999955	0.000000
6.152191	1.000104	6117.442019	4078.719220	-0.000034	0.002504	-51.553170	0.002000	1.216755	3.997731	-0.999955	0.000000
6.172191	1.000104	6117.442019	4078.719220	-0.000089	0.006507	-51.553170	0.002000	1.216755	3.997731	-0.999955	0.000000
6.192191	1.000104	6117.442020	4078.719220	-0.000228	0.016225	-51.553170	0.002000	1.216755	3.997731	-0.999955	0.000000
6.212191	1.000104	6117.442020	4078.719220	-0.000558	0.038288	-51.553170	0.002000	1.216755	3.997731	-0.999955	0.000000
6.232191	1.000104	6117.442021	4078.719221	-0.001290	0.084058	-51.553170	0.002000	1.216755	3.997731	-0.999955	0.000000
6.252191	1.000104	6117.442023	4078.719224	-0.002744	0.165380	-51.553170	0.002000	1.216755	3.997731	-0.999955	0.000000
6.272191	1.000104	6117.442027	4078.719229	-0.005111	0.264034	-51.553170	0.002000	1.216755	3.997731	-0.999955	0.000000
6.292191	1.000104	6117.442034	4078.719238	-0.007129	0.206192	-51.553170	0.002000	1.216755	3.997731	-0.999955	0.000000
6.312191	1.000104	6117.442040	4078.719251	-0.001120	-0.762257	-51.553170	0.002000	1.216755	3.997731	-0.999955	0.000000
6.332191	1.000104	6117.442025	4078.719248	0.043082	-5.247531	-51.553170	0.002000	1.216755	3.997731	-0.999955	0.000000
6.352191	1.000104	6117.441909	4078.719152	0.224861	-21.243669	-51.553170	0.002000	1.216755	3.997731	-0.999955	0.000000
6.372191	1.000104	6117.441424	4078.718686	0.839032	-71.260653	-51.553169	0.002000	1.216755	3.997731	-0.999955	0.000000
6.392191	1.000104	6117.439772	4078.716990	2.694050	-214.476476	-51.553167	0.002000	1.216755	3.997730	-0.999955	0.000000
6.412191	1.000103	6117.434750	4078.711626	7.865263	-597.274148	-51.553159	0.002000	1.216755	3.997730	-0.999955	0.000000
6.432191	1.000102	6117.420667	4078.696128	21.368772	-1561.512227	-51.553135	0.002000	1.216755	3.997729	-0.999956	0.000000
6.452191	1.000097	6117.383645	4078.654373	54.643900	-3861.463890	-51.553071	0.002000	1.216755	3.997727	-0.999958	0.000000
6.472191	1.000086	6117.291674	4078.548346	132.295870	-9067.353459	-51.552906	0.002000	1.216755	3.997720	-0.999963	0.000000
6.492192	1.000058	6117.074853	4078.293222	304.121822	-20253.728339	-51.552503	0.002000	1.216755	3.997705	-0.999975	0.000000
6.512193	0.999992	6116.588820	4077.709927	664.538639	-43053.946398	-51.551575	0.002000	1.216755	3.997671	-1.000003	0.000000
6.532196	0.999845	6115.552240	4076.441437	1380.144309	-87053.368044	-51.549539	0.002000	1.216755	3.997598	-1.000065	0.000000
6.552203	0.999537	6113.449584	4073.817684	2721.884836	-167229.201267	-51.545299	0.002001	1.216755	3.997451	-1.000198	0.000000
6.572218	0.998918	6109.396875	4068.660136	5090.257505	-304706.017282	-51.536909	0.002002	1.216755	3.997166	-1.000463	0.000000
6.592248	0.997741	6101.984454	4059.037777	9011.522913	-525625.515145	-51.521164	0.002005	1.216755	3.996644	-1.000970	0.000000
6.612309	0.995616	6089.137354	4042.026194	15077.541006	-856850.174578	-51.493166	0.002009	1.216755	3.995737	-1.001886	0.000000
6.632424	0.991985	6068.061922	4013.570680	23811.953556	-1318091.295797	-51.446036	0.002016	1.216755	3.994243	-1.003460	0.000000
6.652629	0.986108	6035.351499	3968.590436	35479.019439	-1912215.264376	-51.370959	0.002028	1.216755	3.991910	-1.006022	0.000000
6.672982	0.977110	5987.286243	3901.433228	49907.977691	-2617926.938427	-51.257684	0.002047	1.216755	3.988455	-1.009979	0.000000
6.693559	0.964058	5920.260443	3806.650379	66416.772586	-3389469.377314	-51.095514	0.002075	1.216755	3.983586	-1.015791	0.000000
6.714465	0.946098	5831.134786	3679.942755	83908.528431	-4166373.622431	-50.874372	0.002114	1.216755	3.977019	-1.023926	0.000000
6.735832	0.922566	5717.324309	3518.815584	101130.646908	-4888373.363376	-50.585834	0.002168	1.216755	3.968479	-1.034831	0.000000
6.757823	0.893092	5576.196646	3322.716302	116899.527081	-5510836.822033	-50.223522	0.002239	1.216755	3.957644	-1.048899	0.000000
6.780632	0.857560	5404.355044	3092.550770	130389.684673	-6011259.000706	-49.782455	0.002332	1.216755	3.944068	-1.066499	0.000000
6.804496	0.815828	5197.003707	2829.469298	141144.206521	-6373194.431347	-49.259072	0.002451	1.216755	3.927094	-1.088137	0.000000
6.829717	0.767551	4950.203165	2535.856688	148974.574190	-6576250.079060	-48.646385	0.002606	1.216755	3.905979	-1.114602	0.000000
6.856703	0.711268	4668.887698	2216.543342	154338.921114	-6562284.847269	-47.933179	0.002812	1.216755	3.880581	-1.147653	0.000000
6.886129	0.645375	4372.814657	1883.790412	157219.161607	-6288358.092370	-47.094861	0.003099	1.216755	3.852133	-1.189849	0.000000
6.919026	0.568163	4106.140069	1557.352094	158562.282564	-5786284.234206	-46.079031	0.003520	1.216755	3.824801	-1.245163	0.000000
6.957284	0.479279	3914.168885	1252.341664	158842.233632	-5110403.307998	-44.816264	0.004173	1.216755	3.803992	-1.319017	0.000000
7.004230	0.383842	3853.371862	987.412279	157028.660884	-4443957.015841	-43.106968	0.005210	1.216755	3.797171	-1.415421	0.000000
7.065301	0.272047	3953.540991	718.033052	161144.548152	-3695595.213995	-40.722755	0.007352	1.216755	3.808284	-1.564888	0.000000
7.169647	0.158447	4908.512756	519.194174	159266.899304	-2605182.551276	-35.848649	0.012623	1.216755	3.902189	-1.799607	0.000000
-0.002994	3.343410	103303.558176	230258.325279	7.956040	0.000000	0.001097	0.000598	0.000000	5.225281	-0.475813	0.000000
-0.008974	3.352216	103003.447449	230193.516929	25.254169	0.000000	0.003191	0.000597	0.000000	5.224017	-0.474672	0.000000
-0.014930	3.369261	102427.242172	230069.617504	45.339641	0.000000	0.004993	0.000594	0.000000	5.221580	-0.472469	0.000000
-0.020850	3.393481	101620.210608	229897.632113	66.387949	0.000000	0.006333	0.000589	0.000000	5.218143	-0.469357	0.000000
-0.026721	3.423352	100644.026180	229693.318710	83.299250	0.000000	0.007078	0.000584	0.000000	5.213950	-0.465549	0.000000
-0.032537	3.456993	99570.376224	229475.974766	89.556178	0.000000	0.007155	0.000579	0.000000	5.209290	-0.461301	0.000000
-0.038294	3.492317	98473.286267	229266.423353	80.122434	0.000000	0.006568	0.000573	0.000000	5.204477	-0.456885	0.000000
-0.043992	3.527217	97421.599242	229084.413025	53.975848	0.000000	0.005409	0.000567	0.000000	5.199813	-0.452565	0.000000
-0.049636	3.559768	96472.403834	228945.867514	15.134107	0.000000	0.003843	0.000562	0.000000	5.195560	-0.448575	0.000000
-0.055230	3.588422	95666.415947	228860.588432	-28.265693	0.000000	0.002086	0.000557	0.000000	5.191916	-0.445093	0.000000
-0.060783	3.612147	95025.735507	228830.965626	-66.419586	0.000000	0.000370	0.000554	0.000000	5.188998	-0.442232	0.000000
-0.066303	3.630495	94554.133546	228852.024884	-90.874658	0.000000	-0.001098	0.000551	0.000000	5.186838	-0.440032	0.000000
-0.071800	3.643579	94239.557246	228912.808119	-97.010399	0.000000	-0.002170	0.000549	0.000000	5.185392	-0.438470	0.000000
-0.077281	3.651970	94058.291171	228998.750447	-85.175166	0.000000	-0.002776	0.000548	0.000000	5.184557	-0.437472	0.000000
-0.082753	3.656539	93979.982740	229094.485848	-60.203479	0.000000	-0.002927	0.000547	0.000000	5.184196	-0.436930	0.000000
-0.088221	3.658290	93972.685196	229186.444956	-29.621251	0.000000	-0.002702	0.000547	0.000000	5.184163	-0.436723	0.000000
-0.093688	3.658199	94007.131277	229264.715838	-1.256695	0.000000	-0.002222	0.000547	0.000000	5.184323	-0.436734	0.000000
