0.002993	3.344880	103252.270376	230245.197023	9.797719	-3201013.984683	-0.001078	0.000598	1.216755	5.225065	-0.475623	0.000000
0.008970	3.353556	102956.856552	230181.350530	29.832315	-2901453.811507	-0.003134	0.000596	1.216755	5.223820	-0.474498	0.000000
0.014924	3.370347	102389.766507	230059.555433	50.295539	-2323886.741639	-0.004896	0.000593	1.216755	5.221421	-0.472329	0.000000
0.020842	3.394205	101595.601179	229891.011987	69.157785	-1516001.541002	-0.006196	0.000589	1.216755	5.218038	-0.469264	0.000000
0.026712	3.423636	100634.859110	229691.447976	82.405768	-555834.452138	-0.006910	0.000584	1.216755	5.213910	-0.465513	0.000000
0.032528	3.456801	99577.527617	229479.727896	85.379671	449639.185697	-0.006977	0.000579	1.216755	5.209321	-0.461325	0.000000
0.038286	3.491670	98495.585681	229275.827134	74.786663	1376253.847300	-0.006412	0.000573	1.216755	5.204575	-0.456965	0.000000
0.043986	3.526193	97455.831504	229098.413045	50.453342	2102918.735071	-0.005303	0.000567	1.216755	5.199965	-0.452692	0.000000
0.049631	3.558500	96513.736578	228962.405608	16.009070	2535478.418732	-0.003811	0.000562	1.216755	5.195746	-0.448730	0.000000
0.055227	3.587075	95709.190897	228877.000959	-21.820257	2626733.410096	-0.002136	0.000558	1.216755	5.192110	-0.445256	0.000000
0.060782	3.610890	95064.450259	228844.589973	-55.046984	2386743.403648	-0.000492	0.000554	1.216755	5.189175	-0.442383	0.000000
0.066305	3.629474	94584.383564	228860.825709	-76.712294	1880331.255490	0.000930	0.000551	1.216755	5.186977	-0.440154	0.000000
0.071803	3.642887	94258.721394	228915.830557	-82.834234	1212487.295976	0.001989	0.000549	1.216755	5.185480	-0.438553	0.000000
0.077285	3.651638	94065.814239	228996.270877	-73.388674	505427.245540	0.002616	0.000548	1.216755	5.184592	-0.437512	0.000000
0.082757	3.656541	93977.215224	229087.834247	-52.065171	-126858.858027	0.002814	0.000547	1.216755	5.184183	-0.436930	0.000000
0.088225	3.658551	93962.353490	229177.577201	-24.965107	-600265.894548	0.002647	0.000547	1.216755	5.184116	-0.436692	0.000000
0.093691	3.658620	93992.599721	229255.683226	1.259063	-873346.712035	0.002222	0.000547	1.216755	5.184256	-0.436684	0.000000
0.099158	3.657581	94044.201396	229316.355782	21.191306	-948821.862569	0.001662	0.000547	1.216755	5.184494	-0.436807	0.000000
0.104628	3.656081	94099.826589	229357.807505	31.833459	-864792.051923	0.001079	0.000547	1.216755	5.184751	-0.436986	0.000000
0.110100	3.654559	94148.756894	229381.521462	32.918749	-679438.296230	0.000561	0.000547	1.216755	5.184976	-0.437166	0.000000
0.115575	3.653267	94186.021206	229391.094346	26.417515	-454286.921871	0.000159	0.000547	1.216755	5.185148	-0.437320	0.000000
0.121051	3.652301	94210.906852	229391.000423	15.540874	-240600.766515	-0.000111	0.000548	1.216755	5.185262	-0.437434	0.000000
0.126528	3.651656	94225.297711	229385.551707	3.641974	-71606.861020	-0.000257	0.000548	1.216755	5.185328	-0.437511	0.000000
0.132006	3.651272	94232.196821	229378.212946	-6.645970	38996.901079	-0.000308	0.000548	1.216755	5.185360	-0.437556	0.000000
0.137484	3.651067	94234.642539	229371.304905	-13.851435	93641.334187	-0.000296	0.000548	1.216755	5.185371	-0.437580	0.000000
0.142963	3.650966	94235.077195	229366.031849	-17.676951	104893.056434	-0.000253	0.000548	1.216755	5.185373	-0.437592	0.000000
0.148441	3.650912	94235.112951	229362.716679	-18.703824	89157.166718	-0.000202	0.000548	1.216755	5.185373	-0.437599	0.000000
0.153920	3.650868	94235.577594	229361.119598	-17.963460	61712.781772	-0.000158	0.000548	1.216755	5.185375	-0.437604	0.000000
0.159399	3.650818	94236.709934	229360.741067	-16.532217	33827.682449	-0.000128	0.000548	1.216755	5.185381	-0.437610	0.000000
0.164878	3.650758	94238.395741	229361.049888	-15.256874	11902.232470	-0.000111	0.000548	1.216755	5.185389	-0.437617	0.000000
0.170356	3.650690	94240.372688	229361.617097	-14.638784	-1912.310739	-0.000105	0.000548	1.216755	5.185398	-0.437625	0.000000
0.175836	3.650622	94242.371345	229362.165801	-14.839520	-8347.286617	-0.000106	0.000548	1.216755	5.185407	-0.437633	0.000000
0.181315	3.650558	94244.189088	229362.562600	-15.783206	-9543.713666	-0.000111	0.000548	1.216755	5.185415	-0.437641	0.000000
0.186794	3.650502	94245.711286	229362.779145	-17.288622	-7887.098612	-0.000115	0.000548	1.216755	5.185422	-0.437648	0.000000
0.192273	3.650457	94246.900210	229362.846897	-19.127450	-5304.390795	-0.000119	0.000548	1.216755	5.185428	-0.437653	0.000000
0.197753	3.650423	94247.770314	229362.819365	-21.119862	-3001.984339	-0.000120	0.000548	1.216755	5.185432	-0.437657	0.000000
0.203232	3.650399	94248.362922	229362.747817	-23.226895	-1522.318120	-0.000120	0.000548	1.216755	5.185435	-0.437660	0.000000
0.208711	3.650384	94248.727006	229362.669669	-25.347310	-925.752330	-0.000119	0.000548	1.216755	5.185436	-0.437662	0.000000
0.214191	3.650375	94248.907783	229362.606157	-27.431876	-1008.484331	-0.000116	0.000548	1.216755	5.185437	-0.437663	0.000000
0.219670	3.650374	94248.942081	229362.566055	-29.799414	-1534.475327	-0.000113	0.000548	1.216755	5.185437	-0.437663	0.000000
0.225150	3.650376	94248.858120	229362.550100	-32.198890	-2275.147713	-0.000109	0.000548	1.216755	5.185437	-0.437663	0.000000
0.230629	3.650384	94248.677053	229362.554188	-34.346686	-3013.402372	-0.000105	0.000548	1.216755	5.185436	-0.437662	0.000000
0.236109	3.650394	94248.415387	229362.575270	-37.598880	-3793.935594	-0.000100	0.000548	1.216755	5.185435	-0.437660	0.000000
0.241588	3.650407	94248.087301	229362.611370	-40.706869	-4602.373145	-0.000094	0.000548	1.216755	5.185433	-0.437659	0.000000
0.247067	3.650423	94247.704648	229362.656335	-42.020820	-5124.735941	-0.000088	0.000548	1.216755	5.185431	-0.437657	0.000000
0.252547	3.650440	94247.278208	229362.713100	-47.749160	-5909.720708	-0.000081	0.000548	1.216755	5.185430	-0.437655	0.000000
0.258026	3.650459	94246.819994	229362.787293	-52.430723	-7039.154568	-0.000072	0.000548	1.216755	5.185427	-0.437653	0.000000
0.263506	3.650479	94246.337795	229362.858821	-47.531548	-6958.618512	-0.000064	0.000548	1.216755	5.185425	-0.437650	0.000000
0.268985	3.650500	94245.837745	229362.943074	-61.890632	-8028.621024	-0.000057	0.000548	1.216755	5.185423	-0.437648	0.000000
0.274464	3.650521	94245.334893	229363.067946	-72.112442	-10762.520804	-0.000042	0.000548	1.216755	5.185421	-0.437645	0.000000
0.279943	3.650542	94244.828298	229363.136928	-34.800616	-7666.052254	-0.000034	0.000548	1.216755	5.185418	-0.437643	0.000000
0.285423	3.650563	94244.311424	229363.209821	-83.681743	-9237.815028	-0.000033	0.000548	1.216755	5.185416	-0.437640	0.000000
0.290902	3.650585	94243.824312	229363.420755	-119.609362	-18927.266175	0.000001	0.000548	1.216755	5.185414	-0.437638	0.000000
0.296381	3.650603	94243.339466	229363.312616	75.979418	-1069.265201	-0.000005	0.000548	1.216755	5.185411	-0.437636	0.000000
0.301860	3.650620	94242.800086	229363.114256	-115.243166	-2312.306448	-0.000048	0.000548	1.216755	5.185409	-0.437634	0.000000
0.307339	3.650642	94242.373442	229363.470783	-277.902433	-43637.612115	0.000051	0.000548	1.216755	5.185407	-0.437631	0.000000
0.312818	3.650643	94241.928117	229362.217481	680.700007	44266.459632	-0.000033	0.000548	1.216755	5.185405	-0.437631	0.000000
0.318297	3.650638	94241.163634	229360.166733	-88.911171	55410.301643	-0.000333	0.000548	1.216755	5.185401	-0.437631	0.000000
0.323776	3.650654	94240.836030	229360.366449	-868.896403	-130006.674381	0.000012	0.000548	1.216755	5.185400	-0.437630	0.000000
0.329255	3.650566	94240.370379	229352.508755	3771.811944	290392.737875	-0.000502	0.000548	1.216755	5.185397	-0.437642	0.000000
0.334734	3.650426	94238.237138	229339.024357	752.402200	414016.730822	-0.002195	0.000548	1.216755	5.185387	-0.437657	0.000000
0.340214	3.650364	94237.855333	229333.969647	-2929.672923	-415207.431859	-0.001036	0.000548	1.216755	5.185387	-0.437667	0.000000
0.345693	3.649775	94236.716851	229287.850867	19596.531705	1601116.298914	-0.003915	0.000548	1.216755	5.185378	-0.437746	0.000000
0.351175	3.648806	94227.054567	229204.566466	8560.424596	2551108.197080	-0.013239	0.000548	1.216755	5.185332	-0.437857	0.000000
0.356657	3.648040	94224.155616	229146.903901	-8103.795391	-1056173.299201	-0.010244	0.000548	1.216755	5.185325	-0.437959	0.000000
0.362140	3.644512	94216.962686	228874.871951	102172.945901	8759412.499584	-0.026642	0.000549	1.216755	5.185276	-0.438426	0.000000
0.367633	3.638409	94165.684386	228364.355993	68327.422725	15422039.374048	-0.078439	0.000550	1.216755	5.185029	-0.439149	0.000000
0.373135	3.632209	94137.117400	227886.120718	-3044.647096	650370.076873	-0.079233	0.000551	1.216755	5.184921	-0.439951	0.000000
0.378643	3.611458	94081.644855	226276.789624	541492.275061	50083414.866752	-0.174777	0.000554	1.216755	5.184587	-0.442696	0.000000
0.384208	3.574211	93785.343847	223174.167614	501486.440359	99749765.548142	-0.469003	0.000560	1.216755	5.183139	-0.447244	0.000000
0.389836	3.532522	93516.390862	219824.560581	179034.739714	51630770.981670	-0.566937	0.000566	1.216755	5.181967	-0.452639	0.000000
0.395515	3.423791	93036.371282	211109.248886	2827912.870929	331490917.587464	-1.096210	0.000584	1.216755	5.179290	-0.467531	0.000000
0.401508	3.230924	90957.894545	194253.379787	3709597.888164	807652934.295964	-2.817061	0.000619	1.216755	5.168695	-0.493074	0.000000
0.407938	3.064530	88152.137579	178667.678539	300339.312272	718347149.677239	-3.724927	0.000653	1.216755	5.155195	-0.515897	0.000000
0.414545	2.790929	84473.586632	153551.706485	9430126.026373	1899510478.046504	-5.040279	0.000717	1.216755	5.134565	-0.561059	0.000000
0.422332	2.197844	71375.895568	98558.607260	32026242.971092	6198130290.588387	-13.940956	0.000910	1.216755	5.051762	-0.670816	0.000000
0.433803	1.572595	43766.377914	41697.047850	35114478.094283	8156902407.575105	-30.500624	0.001272	1.216755	4.824017	-0.816659	0.000000
0.449695	1.202642	19608.626440	14215.966031	19280363.721964	4606083534.318198	-43.444521	0.001663	1.216755	4.467646	-0.927618	0.000000
0.468303	1.056476	8982.770780	5966.618286	6647135.326476	1346099822.484516	-49.350952	0.001893	1.216755	4.141976	-0.978996	0.000000
0.487964	1.013018	6505.580803	4338.557843	1542547.491687	207145111.051544	-51.107255	0.001974	1.216755	4.019743	-0.995146	0.000000
0.507899	1.002590	6165.464437	4113.820974	280010.864803	24748716.603137	-51.478324	0.001995	1.216755	4.000536	-0.999039	0.000000
0.527889	1.000515	6124.017737	4083.775555	43335.323508	3254922.519788	-51.542440	0.001999	1.216755	3.998119	-0.999805	0.000000
0.547888	1.000163	6118.390660	4079.444857	5658.766576	468440.996507	-51.551853	0.002000	1.216755	3.997787	-0.999934	0.000000
0.567887	1.000111	6117.575612	4078.817510	638.400975	67542.243952	-51.553030	0.002000	1.216755	3.997738	-0.999952	0.000000
0.587887	1.000105	6117.459682	4078.731543	62.270002	9227.766476	-51.553157	0.002000	1.216755	3.997732	-0.999955	0.000000
0.607887	1.000104	6117.444182	4078.720645	5.174957	1168.883227	-51.553169	0.002000	1.216755	3.997731	-0.999955	0.000000
0.627887	1.000104	6117.442265	4078.719372	0.369571	136.649472	-51.553170	0.002000	1.216755	3.997731	-0.999955	0.000000
0.647887	1.000104	6117.442045	4078.719235	0.026905	14.811614	-51.553170	0.002000	1.216755	3.997731	-0.999955	0.000000
0.667887	1.000104	6117.442022	4078.719221	0.003292	1.513907	-51.553170	0.002000	1.216755	3.997731	-0.999955	0.000000
0.687887	1.000104	6117.442020	4078.719220	0.000653	0.151793	-51.553170	0.002000	1.216755	3.997731	-0.999955	0.000000
0.707887	1.000104	6117.442019	4078.719220	0.000128	0.015998	-51.553170	0.002000	1.216755	3.997731	-0.999955	0.000000
0.727887	1.000104	6117.442019	4078.719220	0.000022	0.001901	-51.553170	0.002000	1.216755	3.997731	-0.999955	0.000000
0.747887	1.000104	6117.442019	4078.719219	0.000003	0.000255	-51.553170	0.002000	1.216755	3.997731	-0.999955	0.000000
0.767887	1.000104	6117.442019	4078.719219	0.000000	0.000036	-51.553170	0.002000	1.216755	3.997731	-0.999955	0.000000
0.787887	1.000104	6117.442019	4078.719219	0.000000	0.000005	-51.553170	0.002000	1.216755	3.997731	-0.999955	0.000000
0.807887	1.000104	6117.442019	4078.719219	0.000000	0.000000	-51.553170	0.002000	1.216755	3.997731	-0.999955	0.000000
0.827887	1.000104	6117.442019	4078.719219	0.000000	0.000001	-51.553170	0.002000	1.216755	3.997731	-0.999955	0.000000
0.847887	1.000104	6117.442019	4078.719219	-0.000000	0.000000	-51.553170	0.002000	1.216755	3.997731	-0.999955	0.000000
0.867887	1.000104	6117.442019	4078.719219	-0.000000	-0.000000	-51.553170	0.002000	1.216755	3.997731	-0.999955	0.000000
0.887887	1.000104	6117.442019	4078.719219	-0.000000	-0.000000	-51.553170	0.002000	1.216755	3.997731	-0.999955	0.000000
0.907887	1.000104	6117.442019	4078.719219	0.000000	-0.000001	-51.553170	0.002000	1.216755	3.997731	-0.999955	0.000000
0.927887	1.000104	6117.442019	4078.719219	0.000000	0.000000	-51.553170	0.002000	1.216755	3.997731	-0.999955	0.000000
0.947887	1.000104	6117.442019	4078.719219	-0.000000	0.000001	-51.553170	0.002000	1.216755	3.997731	-0.999955	0.000000
0.967887	1.000104	6117.442019	4078.719219	-0.000000	-0.000000	-51.553170	0.002000	1.216755	3.997731	-0.999955	0.000000
0.987887	1.000104	6117.442019	4078.719219	0.000000	0.000000	-51.553170	0.002000	1.216755	3.997731	-0.999955	0.000000
1.007887	1.000104	6117.442019	4078.719219	-0.000000	0.000001	-51.553170	0.002000	1.216755	3.997731	-0.999955	0.000000
1.027887	1.000104	6117.442019	4078.719219	-0.000000	-0.000001	-51.553170	0.002000	1.216755	3.997731	-0.999955	0.000000
1.047887	1.000104	6117.442019	4078.719219	0.000000	-0.000001	-51.553170	0.002000	1.216755	3.997731	-0.999955	0.000000
1.067887	1.000104	6117.442019	4078.719219	0.000000	0.000000	-51.553170	0.002000	1.216755	3.997731	-0.999955	0.000000
1.087887	1.000104	6117.442019	4078.719219	-0.000000	0.000000	-51.553170	0.002000	1.216755	3.997731	-0.999955	0.000000
1.107887	1.000104	6117.442019	4078.719219	-0.000000	-0.000000	-51.553170	0.002000	1.216755	3.997731	-0.999955	0.000000
1.127887	1.000104	6117.442019	4078.719219	0.000000	-0.000000	-51.553170	0.002000	1.216755	3.997731	-0.999955	0.000000
1.147887	1.000104	6117.442019	4078.719219	0.000000	-0.000000	-51.553170	0.002000	1.216755	3.997731	-0.999955	0.000000
1.167887	1.000104	6117.442019	4078.719219	0.000000	0.000000	-51.553170	0.002000	1.216755	3.997731	-0.999955	0.000000
1.187887	1.000104	6117.442019	4078.719219	-0.000000	0.000001	-51.553170	0.002000	1.216755	3.997731	-0.999955	0.000000
1.207887	1.000104	6117.442019	4078.719219	-0.000000	0.000000	-51.553170	0.002000	1.216755	3.997731	-0.999955	0.000000
1.227887	1.000104	6117.442019	4078.719219	-0.000000	0.000000	-51.553170	0.002000	1.216755	3.997731	-0.999955	0.000000
1.247887	1.000104	6117.442019	4078.719219	-0.000000	-0.000000	-51.553170	0.002000	1.216755	3.997731	-0.999955	0.000000
1.267887	1.000104	6117.442019	4078.719219	-0.000000	-0.000000	-51.553170	0.002000	1.216755	3.997731	-0.999955	0.000000
1.287887	1.000104	6117.442019	4078.719219	0.000000	-0.000000	-51.553170	0.002000	1.216755	3.997731	-0.999955	0.000000
1.307887	1.000104	6117.442019	4078.719219	-0.000000	-0.000000	-51.553170	0.002000	1.216755	3.997731	-0.999955	0.000000
1.327887	1.000104	6117.442019	4078.719219	-0.000000	-0.000000	-51.553170	0.002000	1.216755	3.997731	-0.999955	0.000000
1.347887	1.000104	6117.442019	4078.719219	0.000000	0.000000	-51.553170	0.002000	1.216755	3.997731	-0.999955	0.000000
1.367887	1.000104	6117.442019	4078.719219	0.000000	0.000001	-51.553170	0.002000	1.216755	3.997731	-0.999955	0.000000
1.387887	1.000104	6117.442019	4078.719219	-0.000000	0.000001	-51.553170	0.002000	1.216755	3.997731	-0.999955	0.000000
1.407887	1.000104	6117.442019	4078.719219	-0.000000	-0.000002	-51.553170	0.002000	1.216755	3.997731	-0.999955	0.000000
1.427887	1.000104	6117.442019	4078.719219	0.000000	-0.000001	-51.553170	0.002000	1.216755	3.997731	-0.999955	0.000000
1.447887	1.000104	6117.442019	4078.719219	0.000000	0.000001	-51.553170	0.002000	1.216755	3.997731	-0.999955	0.000000
1.467887	1.000104	6117.442019	4078.719219	0.000000	0.000001	-51.553170	0.002000	1.216755	3.997731	-0.999955	0.000000
1.487887	1.000104	6117.442019	4078.719219	-0.000000	0.000001	-51.553170	0.002000	1.216755	3.997731	-0.999955	0.000000
1.507887	1.000104	6117.442019	4078.719219	0.000000	-0.000001	-51.553170	0.002000	1.216755	3.997731	-0.999955	0.000000
1.527887	1.000104	6117.442019	4078.719219	0.000000	0.000001	-51.553170	0.002000	1.216755	3.997731	-0.999955	0.000000
1.547887	1.000104	6117.442019	4078.719219	-0.000000	0.000000	-51.553170	0.002000	1.216755	3.997731	-0.999955	0.000000
1.567887	1.000104	6117.442019	4078.719219	-0.000000	-0.000001	-51.553170	0.002000	1.216755	3.997731	-0.999955	0.000000
1.587887	1.000104	6117.442019	4078.719219	0.000000	-0.000000	-51.553170	0.002000	1.216755	3.997731	-0.999955	0.000000
1.607887	1.000104	6117.442019	4078.719219	0.000000	0.000001	-51.553170	0.002000	1.216755	3.997731	-0.999955	0.000000
1.627887	1.000104	6117.442019	4078.719219	-0.000000	0.000000	-51.553170	0.002000	1.216755	3.997731	-0.999955	0.000000
1.647887	1.000104	6117.442019	4078.719219	0.000000	-0.000001	-51.553170	0.002000	1.216755	3.997731	-0.999955	0.000000
1.667887	1.000104	6117.442019	4078.719219	0.000000	0.000001	-51.553170	0.002000	1.216755	3.997731	-0.999955	0.000000
1.687887	1.000104	6117.442019	4078.719219	-0.000000	0.000001	-51.553170	0.002000	1.216755	3.997731	-0.999955	0.000000
1.707887	1.000104	6117.442019	4078.719219	-0.000000	-0.000001	-51.553170	0.002000	1.216755	3.997731	-0.999955	0.000000
1.727887	1.000104	6117.442019	4078.719219	0.000000	-0.000000	-51.553170	0.002000	1.216755	3.997731	-0.999955	0.000000
1.747887	1.000104	6117.442019	4078.719219	-0.000000	0.000001	-51.553170	0.002000	1.216755	3.997731	-0.999955	0.000000
1.767887	1.000104	6117.442019	4078.719219	-0.000000	-0.000001	-51.553170	0.002000	1.216755	3.997731	-0.999955	0.000000
1.787887	1.000104	6117.442019	4078.719219	0.000000	-0.000001	-51.553170	0.002000	1.216755	3.997731	-0.999955	0.000000
1.807887	1.000104	6117.442019	4078.719219	0.000000	0.000000	-51.553170	0.002000	1.216755	3.997731	-0.999955	0.000000
1.827887	1.000104	6117.442019	4078.719219	0.000000	0.000000	-51.553170	0.002000	1.216755	3.997731	-0.999955	0.000000
1.847887	1.000104	6117.442019	4078.719219	-0.000000	0.000001	-51.553170	0.002000	1.216755	3.997731	-0.999955	0.000000
1.867887	1.000104	6117.442019	4078.719219	-0.000000	-0.000000	-51.553170	0.002000	1.216755	3.997731	-0.999955	0.000000
1.887887	1.000104	6117.442019	4078.719219	0.000000	0.000001	-51.553170	0.002000	1.216755	3.997731	-0.999955	0.000000
1.907887	1.000104	6117.442019	4078.719219	-0.000000	0.000001	-51.553170	0.002000	1.216755	3.997731	-0.999955	0.000000
1.927887	1.000104	6117.442019	4078.719219	-0.000000	0.000000	-51.553170	0.002000	1.216755	3.997731	-0.999955	0.000000
1.947887	1.000104	6117.442019	4078.719219	0.000000	0.000001	-51.553170	0.002000	1.216755	3.997731	-0.999955	0.000000
1.967887	1.000104	6117.442019	4078.719219	-0.000000	-0.000000	-51.553170	0.002000	1.216755	3.997731	-0.999955	0.000000
1.987887	1.000104	6117.442019	4078.719219	-0.000000	-0.000002	-51.553170	0.002000	1.216755	3.997731	-0.999955	0.000000
2.007887	1.000104	6117.442019	4078.719219	0.000000	-0.000002	-51.553170	0.002000	1.216755	3.997731	-0.999955	0.000000
2.027887	1.000104	6117.442019	4078.719219	0.000000	0.000001	-51.553170	0.002000	1.216755	3.997731	-0.999955	0.000000
2.047887	1.000104	6117.442019	4078.719219	-0.000000	0.000001	-51.553170	0.002000	1.216755	3.997731	-0.999955	0.000000
2.067887	1.000104	6117.442019	4078.719219	0.000000	-0.000002	-51.553170	0.002000	1.216755	3.997731	-0.999955	0.000000
2.087887	1.000104	6117.442019	4078.719219	0.000000	0.000000	-51.553170	0.002000	1.216755	3.997731	-0.999955	0.000000
2.107887	1.000104	6117.442019	4078.719219	-0.000000	0.000002	-51.553170	0.002000	1.216755	3.997731	-0.999955	0.000000
2.127887	1.000104	6117.442019	4078.719219	-0.000000	-0.000001	-51.553170	0.002000	1.216755	3.997731	-0.999955	0.000000
2.147887	1.000104	6117.442019	4078.719219	0.000000	-0.000001	-51.553170	0.002000	1.216755	3.997731	-0.999955	0.000000
2.167887	1.000104	6117.442019	4078.719219	0.000000	0.000001	-51.553170	0.002000	1.216755	3.997731	-0.999955	0.000000
2.187887	1.000104	6117.442019	4078.719219	-0.000000	0.000001	-51.553170	0.002000	1.216755	3.997731	-0.999955	0.000000
2.207887	1.000104	6117.442019	4078.719219	-0.000000	-0.000001	-51.553170	0.002000	1.216755	3.997731	-0.999955	0.000000
2.227887	1.000104	6117.442019	4078.719219	0.000000	-0.000001	-51.553170	0.002000	1.216755	3.997731	-0.999955	0.000000
2.247887	1.000104	6117.442019	4078.719219	0.000000	0.000000	-51.553170	0.002000	1.216755	3.997731	-0.999955	0.000000
2.267887	1.000104	6117.442019	4078.719219	-0.000000	0.000001	-51.553170	0.002000	1.216755	3.997731	-0.999955	0.000000
2.287887	1.000104	6117.442019	4078.719219	-0.000000	0.000001	-51.553170	0.002000	1.216755	3.997731	-0.999955	0.000000
2.307887	1.000104	6117.442019	4078.719219	0.000000	0.000000	-51.553170	0.002000	1.216755	3.997731	-0.999955	0.000000
2.327887	1.000104	6117.442019	4078.719219	0.000000	-0.000000	-51.553170	0.002000	1.216755	3.997731	-0.999955	0.000000
2.347887	1.000104	6117.442019	4078.719219	0.000000	0.000001	-51.553170	0.002000	1.216755	3.997731	-0.999955	0.000000
2.367887	1.000104	6117.442019	4078.719219	-0.000000	0.000000	-51.553170	0.002000	1.216755	3.997731	-0.999955	0.000000
2.387887	1.000104	6117.442019	4078.719219	-0.000000	-0.000000	-51.553170	0.002000	1.216755	3.997731	-0.999955	0.000000
2.407887	1.000104	6117.442019	4078.719219	-0.000000	0.000000	-51.553170	0.002000	1.216755	3.997731	-0.999955	0.000000
2.427887	1.000104	6117.442019	4078.719219	-0.000000	-0.000001	-51.553170	0.002000	1.216755	3.997731	-0.999955	0.000000
2.447887	1.000104	6117.442019	4078.719219	0.000000	0.000000	-51.553170	0.002000	1.216755	3.997731	-0.999955	0.000000
2.467887	1.000104	6117.442019	4078.719219	-0.000000	0.000001	-51.553170	0.002000	1.216755	3.997731	-0.999955	0.000000
2.487887	1.000104	6117.442019	4078.719219	-0.000000	-0.000002	-51.553170	0.002000	1.216755	3.997731	-0.999955	0.000000
2.507887	1.000104	6117.442019	4078.719219	0.000000	-0.000001	-51.553170	0.002000	1.216755	3.997731	-0.999955	0.000000
2.527887	1.000104	6117.442019	4078.719219	0.000000	0.000000	-51.553170	0.002000	1.216755	3.997731	-0.999955	0.000000
2.547887	1.000104	6117.442019	4078.719219	-0.000000	0.000000	-51.553170	0.002000	1.216755	3.997731	-0.999955	0.000000
2.567887	1.000104	6117.442019	4078.719219	-0.000000	0.000000	-51.553170	0.002000	1.216755	3.997731	-0.999955	0.000000
2.587887	1.000104	6117.442019	4078.719219	-0.000000	0.000000	-51.553170	0.002000	1.216755	3.997731	-0.999955	0.000000
2.607887	1.000104	6117.442019	4078.719219	0.000000	0.000000	-51.553170	0.002000	1.216755	3.997731	-0.999955	0.000000
2.627887	1.000104	6117.442019	4078.719219	0.000000	0.000000	-51.553170	0.002000	1.216755	3.997731	-0.999955	0.000000
2.647887	1.000104	6117.442019	4078.719219	0.000000	0.000000	-51.553170	0.002000	1.216755	3.997731	-0.999955	0.000000
2.667887	1.000104	6117.442019	4078.719219	0.000000	0.000000	-51.553170	0.002000	1.216755	3.997731	-0.999955	0.000000
2.687887	1.000104	6117.442019	4078.719219	0.000000	0.000000	-51.553170	0.002000	1.216755	3.997731	-0.999955	0.000000
2.707887	1.000104	6117.442019	4078.719219	0.000000	0.000000	-51.553170	0.002000	1.216755	3.997731	-0.999955	0.000000
2.727887	1.000104	6117.442019	4078.719219	0.000000	0.000000	-51.553170	0.002000	1.216755	3.997731	-0.999955	0.000000
2.747887	1.000104	6117.442019	4078.719219	0.000000	0.000000	-51.553170	0.002000	1.216755	3.997731	-0.999955	0.000000
2.767887	1.000104	6117.442019	4078.719219	0.000000	0.000000	-51.553170	0.002000	1.216755	3.997731	-0.999955	0.000000
2.787887	1.000104	6117.442019	4078.719219	0.000000	0.000000	-51.553170	0.002000	1.216755	3.997731	-0.999955	0.000000
2.807887	1.000104	6117.442019	4078.719219	0.000000	0.000000	-51.553170	0.002000	1.216755	3.997731	-0.999955	0.000000
2.827887	1.000104	6117.442019	4078.719219	0.000000	0.000000	-51.553170	0.002000	1.216755	3.997731	-0.999955	0.000000
2.847887	1.000104	6117.442019	4078.719219	0.000000	0.000000	-51.553170	0.002000	1.216755	3.997731	-0.999955	0.000000
2.867887	1.000104	6117.442019	4078.719219	0.000000	0.000000	-51.553170	0.002000	1.216755	3.997731	-0.999955	0.000000
2.887887	1.000104	6117.442019	4078.719219	0.000000	0.000000	-51.553170	0.002000	1.216755	3.997731	-0.999955	0.000000
2.907887	1.000104	6117.442019	4078.719219	0.000000	0.000000	-51.553170	0.002000	1.216755	3.997731	-0.999955	0.000000
2.927887	1.000104	6117.442019	4078.719219	0.000000	0.000000	-51.553170	0.002000	1.216755	3.997731	-0.999955	0.000000
2.947887	1.000104	6117.442019	4078.719219	0.000000	0.000000	-51.553170	0.002000	1.216755	3.997731	-0.999955	0.000000
2.967887	1.000104	6117.442019	4078.719219	0.000000	0.000000	-51.553170	0.002000	1.216755	3.997731	-0.999955	0.000000
2.987887	1.000104	6117.442019	4078.719219	0.000000	0.000000	-51.553170	0.002000	1.216755	3.997731	-0.999955	0.000000
3.007887	1.000104	6117.442019	4078.719219	0.000000	0.000000	-51.553170	0.002000	1.216755	3.997731	-0.999955	0.000000
3.027887	1.000104	6117.442019	4078.719219	0.000000	0.000000	-51.553170	0.002000	1.216755	3.997731	-0.999955	0.000000
3.047887	1.000104	6117.442019	4078.719219	0.000000	0.000000	-51.553170	0.002000	1.216755	3.997731	-0.999955	0.000000
3.067887	1.000104	6117.442019	4078.719219	0.000000	0.000000	-51.553170	0.002000	1.216755	3.997731	-0.999955	0.000000
3.087887	1.000104	6117.442019	4078.719219	0.000000	0.000000	-51.553170	0.002000	1.216755	3.997731	-0.999955	0.000000
3.107887	1.000104	6117.442019	4078.719219	0.000000	0.000000	-51.553170	0.002000	1.216755	3.997731	-0.999955	0.000000
3.127887	1.000104	6117.442019	4078.719219	0.000000	0.000000	-51.553170	0.002000	1.216755	3.997731	-0.999955	0.000000
3.147887	1.000104	6117.442019	4078.719219	0.000000	0.000000	-51.553170	0.002000	1.216755	3.997731	-0.999955	0.000000
3.167887	1.000104	6117.442019	4078.719219	0.000000	0.000000	-51.553170	0.002000	1.216755	3.997731	-0.999955	0.000000
3.187887	1.000104	6117.442019	4078.719219	0.000000	0.000000	-51.553170	0.002000	1.216755	3.997731	-0.999955	0.000000
3.207887	1.000104	6117.442019	4078.719219	0.000000	0.000000	-51.553170	0.002000	1.216755	3.997731	-0.999955	0.000000
3.227887	1.000104	6117.442019	4078.719219	0.000000	0.000000	-51.553170	0.002000	1.216755	3.997731	-0.999955	0.000000
3.247887	1.000104	6117.442019	4078.719219	0.000000	0.000000	-51.553170	0.002000	1.216755	3.997731	-0.999955	0.000000
3.267887	1.000104	6117.442019	4078.719219	0.000000	0.000000	-51.553170	0.002000	1.216755	3.997731	-0.999955	0.000000
3.287887	1.000104	6117.442019	4078.719219	0.000000	0.000000	-51.553170	0.002000	1.216755	3.997731	-0.999955	0.000000
3.307887	1.000104	6117.442019	4078.719219	0.000000	0.000000	-51.553170	0.002000	1.216755	3.997731	-0.999955	0.000000
3.327887	1.000104	6117.442019	4078.719219	0.000000	0.000000	-51.553170	0.002000	1.216755	3.997731	-0.999955	0.000000
3.347887	1.000104	6117.442019	4078.719219	0.000000	0.000000	-51.553170	0.002000	1.216755	3.997731	-0.999955	0.000000
3.367887	1.000104	6117.442019	4078.719219	0.000000	0.000000	-51.553170	0.002000	1.216755	3.997731	-0.999955	0.000000
3.387887	1.000104	6117.442019	4078.719219	0.000000	0.000000	-51.553170	0.002000	1.216755	3.997731	-0.999955	0.000000
3.407887	1.000104	6117.442019	4078.719219	0.000000	0.000000	-51.553170	0.002000	1.216755	3.997731	-0.999955	0.000000
3.427887	1.000104	6117.442019	4078.719219	0.000000	0.000000	-51.553170	0.002000	1.216755	3.997731	-0.999955	0.000000
3.447887	1.000104	6117.442019	4078.719219	0.000000	0.000000	-51.553170	0.002000	1.216755	3.997731	-0.999955	0.000000
3.467887	1.000104	6117.442019	4078.719219	0.000000	0.000000	-51.553170	0.002000	1.216755	3.997731	-0.999955	0.000000
3.487887	1.000104	6117.442019	4078.719219	0.000000	0.000000	-51.553170	0.002000	1.216755	3.997731	-0.999955	0.000000
3.507887	1.000104	6117.442019	4078.719219	0.000000	0.000000	-51.553170	0.002000	1.216755	3.997731	-0.999955	0.000000
3.527887	1.000104	6117.442019	4078.719219	0.000000	0.000000	-51.553170	0.002000	1.216755	3.997731	-0.999955	0.000000
3.547887	1.000104	6117.442019	4078.719219	0.000000	0.000000	-51.553170	0.002000	1.216755	3.997731	-0.999955	0.000000
3.567887	1.000104	6117.442019	4078.719219	0.000000	0.000000	-51.553170	0.002000	1.216755	3.997731	-0.999955	0.000000
3.587887	1.000104	6117.442019	4078.719219	0.000000	0.000000	-51.553170	0.002000	1.216755	3.997731	-0.999955	0.000000
3.607887	1.000104	6117.442019	4078.719219	0.000000	0.000000	-51.553170	0.002000	1.216755	3.997731	-0.999955	0.000000
3.627887	1.000104	6117.442019	4078.719219	0.000000	0.000000	-51.553170	0.002000	1.216755	3.997731	-0.999955	0.000000
3.647887	1.000104	6117.442019	4078.719219	0.000000	0.000000	-51.553170	0.002000	1.216755	3.997731	-0.999955	0.000000
3.667887	1.000104	6117.442019	4078.719219	0.000000	0.000000	-51.553170	0.002000	1.216755	3.997731	-0.999955	0.000000
3.687887	1.000104	6117.442019	4078.719219	0.000000	-0.000000	-51.553170	0.002000	1.216755	3.997731	-0.999955	0.000000
3.707887	1.000104	6117.442019	4078.719219	0.000000	-0.000000	-51.553170	0.002000	1.216755	3.997731	-0.999955	0.000000
3.727887	1.000104	6117.442019	4078.719219	0.000000	-0.000000	-51.553170	0.002000	1.216755	3.997731	-0.999955	0.000000
3.747887	1.000104	6117.442019	4078.719219	0.000000	-0.000000	-51.553170	0.002000	1.216755	3.997731	-0.999955	0.000000
3.767887	1.000104	6117.442019	4078.719219	0.000000	-0.000000	-51.553170	0.002000	1.216755	3.997731	-0.999955	0.000000
3.787887	1.000104	6117.442019	4078.719219	0.000000	-0.000000	-51.553170	0.002000	1.216755	3.997731	-0.999955	0.000000
3.807887	1.000104	6117.442019	4078.719219	0.000000	-0.000000	-51.553170	0.002000	1.216755	3.997731	-0.999955	0.000000
3.827887	1.000104	6117.442019	4078.719219	-0.000000	-0.000000	-51.553170	0.002000	1.216755	3.997731	-0.999955	0.000000
3.847887	1.000104	6117.442019	4078.719219	-0.000000	-0.000000	-51.553170	0.002000	1.216755	3.997731	-0.999955	0.000000
3.867887	1.000104	6117.442019	4078.719219	0.000000	-0.000000	-51.553170	0.002000	1.216755	3.997731	-0.999955	0.000000
3.887887	1.000104	6117.442019	4078.719219	0.000000	-0.000000	-51.553170	0.002000	1.216755	3.997731	-0.999955	0.000000
3.907887	1.000104	6117.442019	4078.719219	0.000000	-0.000001	-51.553170	0.002000	1.216755	3.997731	-0.999955	0.000000
3.927887	1.000104	6117.442019	4078.719219	0.000000	0.000000	-51.553170	0.002000	1.216755	3.997731	-0.999955	0.000000
3.947887	1.000104	6117.442019	4078.719219	0.000000	0.000001	-51.553170	0.002000	1.216755	3.997731	-0.999955	0.000000
3.967887	1.000104	6117.442019	4078.719219	-0.000000	0.000001	-51.553170	0.002000	1.216755	3.997731	-0.999955	0.000000
3.987887	1.000104	6117.442019	4078.719219	-0.000000	-0.000001	-51.553170	0.002000	1.216755	3.997731	-0.999955	0.000000
4.007887	1.000104	6117.442019	4078.719219	0.000000	-0.000000	-51.553170	0.002000	1.216755	3.997731	-0.999955	0.000000
4.027887	1.000104	6117.442019	4078.719219	0.000000	0.000001	-51.553170	0.002000	1.216755	3.997731	-0.999955	0.000000
4.047887	1.000104	6117.442019	4078.719219	-0.000000	-0.000002	-51.553170	0.002000	1.216755	3.997731	-0.999955	0.000000
4.067887	1.000104	6117.442019	4078.719219	0.000000	-0.000001	-51.553170	0.002000	1.216755	3.997731	-0.999955	0.000000
4.087887	1.000104	6117.442019	4078.719219	-0.000000	0.000005	-51.553170	0.002000	1.216755	3.997731	-0.999955	0.000000
4.107887	1.000104	6117.442019	4078.719219	-0.000000	-0.000001	-51.553170	0.002000	1.216755	3.997731	-0.999955	0.000000
4.127887	1.000104	6117.442019	4078.719219	0.000000	-0.000001	-51.553170	0.002000	1.216755	3.997731	-0.999955	0.000000
4.147887	1.000104	6117.442019	4078.719219	-0.000000	-0.000001	-51.553170	0.002000	1.216755	3.997731	-0.999955	0.000000
4.167887	1.000104	6117.442019	4078.719219	0.000000	-0.000001	-51.553170	0.002000	1.216755	3.997731	-0.999955	0.000000
4.187887	1.000104	6117.442019	4078.719219	-0.000000	0.000001	-51.553170	0.002000	1.216755	3.997731	-0.999955	0.000000
4.207887	1.000104	6117.442019	4078.719219	-0.000000	-0.000000	-51.553170	0.002000	1.216755	3.997731	-0.999955	0.000000
4.227887	1.000104	6117.442019	4078.719219	0.000000	-0.000003	-51.553170	0.002000	1.216755	3.997731	-0.999955	0.000000
4.247887	1.000104	6117.442019	4078.719219	0.000000	-0.000000	-51.553170	0.002000	1.216755	3.997731	-0.999955	0.000000
4.267887	1.000104	6117.442019	4078.719219	0.000000	0.000000	-51.553170	0.002000	1.216755	3.997731	-0.999955	0.000000
4.287887	1.000104	6117.442019	4078.719219	0.000000	0.000001	-51.553170	0.002000	1.216755	3.997731	-0.999955	0.000000
4.307887	1.000104	6117.442019	4078.719219	-0.000000	0.000002	-51.553170	0.002000	1.216755	3.997731	-0.999955	0.000000
4.327887	1.000104	6117.442019	4078.719219	-0.000000	-0.000000	-51.553170	0.002000	1.216755	3.997731	-0.999955	0.000000
4.347887	1.000104	6117.442019	4078.719219	0.000000	-0.000001	-51.553170	0.002000	1.216755	3.997731	-0.999955	0.000000
4.367887	1.000104	6117.442019	4078.719219	0.000000	-0.000001	-51.553170	0.002000	1.216755	3.997731	-0.999955	0.000000
4.387887	1.000104	6117.442019	4078.719219	0.000000	0.000001	-51.553170	0.002000	1.216755	3.997731	-0.999955	0.000000
4.407887	1.000104	6117.442019	4078.719219	0.000000	0.000004	-51.553170	0.002000	1.216755	3.997731	-0.999955	0.000000
4.427887	1.000104	6117.442019	4078.719219	-0.000000	0.000001	-51.553170	0.002000	1.216755	3.997731	-0.999955	0.000000
4.447887	1.000104	6117.442019	4078.719219	-0.000000	-0.000003	-51.553170	0.002000	1.216755	3.997731	-0.999955	0.000000
4.467887	1.000104	6117.442019	4078.719219	0.000000	-0.000001	-51.553170	0.002000	1.216755	3.997731	-0.999955	0.000000
4.487887	1.000104	6117.442019	4078.719219	0.000000	0.000003	-51.553170	0.002000	1.216755	3.997731	-0.999955	0.000000
4.507887	1.000104	6117.442019	4078.719219	-0.000000	0.000001	-51.553170	0.002000	1.216755	3.997731	-0.999955	0.000000
4.527887	1.000104	6117.442019	4078.719219	-0.000000	-0.000002	-51.553170	0.002000	1.216755	3.997731	-0.999955	0.000000
4.547887	1.000104	6117.442019	4078.719219	-0.000000	-0.000001	-51.553170	0.002000	1.216755	3.997731	-0.999955	0.000000
4.567887	1.000104	6117.442019	4078.719219	0.000000	-0.000001	-51.553170	0.002000	1.216755	3.997731	-0.999955	0.000000
4.587887	1.000104	6117.442019	4078.719219	-0.000000	-0.000000	-51.553170	0.002000	1.216755	3.997731	-0.999955	0.000000
4.607887	1.000104	6117.442019	4078.719219	0.000000	-0.000002	-51.553170	0.002000	1.216755	3.997731	-0.999955	0.000000
4.627887	1.000104	6117.442019	4078.719219	0.000000	0.000002	-51.553170	0.002000	1.216755	3.997731	-0.999955	0.000000
4.647887	1.000104	6117.442019	4078.719219	-0.000000	0.000001	-51.553170	0.002000	1.216755	3.997731	-0.999955	0.000000
4.667887	1.000104	6117.442019	4078.719219	0.000000	-0.000002	-51.553170	0.002000	1.216755	3.997731	-0.999955	0.000000
4.687887	1.000104	6117.442019	4078.719219	0.000000	0.000001	-51.553170	0.002000	1.216755	3.997731	-0.999955	0.000000
4.707887	1.000104	6117.442019	4078.719219	-0.000000	0.000002	-51.553170	0.002000	1.216755	3.997731	-0.999955	0.000000
4.727887	1.000104	6117.442019	4078.719219	-0.000000	0.000001	-51.553170	0.002000	1.216755	3.997731	-0.999955	0.000000
4.747887	1.000104	6117.442019	4078.719219	0.000000	-0.000001	-51.553170	0.002000	1.216755	3.997731	-0.999955	0.000000
4.767887	1.000104	6117.442019	4078.719219	0.000000	0.000001	-51.553170	0.002000	1.216755	3.997731	-0.999955	0.000000
4.787887	1.000104	6117.442019	4078.719219	-0.000000	0.000002	-51.553170	0.002000	1.216755	3.997731	-0.999955	0.000000
4.807887	1.000104	6117.442019	4078.719219	-0.000000	0.000001	-51.553170	0.002000	1.216755	3.997731	-0.999955	0.000000
4.827887	1.000104	6117.442019	4078.719219	0.000000	0.000002	-51.553170	0.002000	1.216755	3.997731	-0.999955	0.000000
4.847887	1.000104	6117.442019	4078.719219	0.000000	-0.000001	-51.553170	0.002000	1.216755	3.997731	-0.999955	0.000000
4.867887	1.000104	6117.442019	4078.719219	-0.000000	-0.000003	-51.553170	0.002000	1.216755	3.997731	-0.999955	0.000000
4.887887	1.000104	6117.442019	4078.719219	-0.000000	-0.000002	-51.553170	0.002000	1.216755	3.997731	-0.999955	0.000000
4.907887	1.000104	6117.442019	4078.719219	0.000000	-0.000003	-51.553170	0.002000	1.216755	3.997731	-0.999955	0.000000
4.927887	1.000104	6117.442019	4078.719219	0.000000	-0.000001	-51.553170	0.002000	1.216755	3.997731	-0.999955	0.000000
4.947887	1.000104	6117.442019	4078.719219	0.000000	0.000001	-51.553170	0.002000	1.216755	3.997731	-0.999955	0.000000
4.967887	1.000104	6117.442019	4078.719219	0.000000	0.000001	-51.553170	0.002000	1.216755	3.997731	-0.999955	0.000000
4.987887	1.000104	6117.442019	4078.719219	0.000000	0.000001	-51.553170	0.002000	1.216755	3.997731	-0.999955	0.000000
5.007887	1.000104	6117.442019	4078.719219	-0.000000	0.000000	-51.553170	0.002000	1.216755	3.997731	-0.999955	0.000000
5.027887	1.000104	6117.442019	4078.719219	-0.000000	-0.000001	-51.553170	0.002000	1.216755	3.997731	-0.999955	0.000000
5.047887	1.000104	6117.442019	4078.719219	0.000000	-0.000000	-51.553170	0.002000	1.216755	3.997731	-0.999955	0.000000
5.067887	1.000104	6117.442019	4078.719219	0.000000	-0.000000	-51.553170	0.002000	1.216755	3.997731	-0.999955	0.000000
5.087887	1.000104	6117.442019	4078.719219	0.000000	-0.000000	-51.553170	0.002000	1.216755	3.997731	-0.999955	0.000000
5.107887	1.000104	6117.442019	4078.719219	0.000000	-0.000000	-51.553170	0.002000	1.216755	3.997731	-0.999955	0.000000
5.127887	1.000104	6117.442019	4078.719219	0.000000	-0.000000	-51.553170	0.002000	1.216755	3.997731	-0.999955	0.000000
5.147887	1.000104	6117.442019	4078.719219	0.000000	-0.000000	-51.553170	0.002000	1.216755	3.997731	-0.999955	0.000000
5.167887	1.000104	6117.442019	4078.719219	0.000000	-0.000000	-51.553170	0.002000	1.216755	3.997731	-0.999955	0.000000
5.187887	1.000104	6117.442019	4078.719219	0.000000	-0.000000	-51.553170	0.002000	1.216755	3.997731	-0.999955	0.000000
5.207887	1.000104	6117.442019	4078.719219	0.000000	-0.000000	-51.553170	0.002000	1.216755	3.997731	-0.999955	0.000000
5.227887	1.000104	6117.442019	4078.719219	0.000000	-0.000000	-51.553170	0.002000	1.216755	3.997731	-0.999955	0.000000
5.247887	1.000104	6117.442019	4078.719219	0.000000	0.000000	-51.553170	0.002000	1.216755	3.997731	-0.999955	0.000000
5.267887	1.000104	6117.442019	4078.719219	0.000000	0.000000	-51.553170	0.002000	1.216755	3.997731	-0.999955	0.000000
5.287887	1.000104	6117.442019	4078.719219	0.000000	0.000000	-51.553170	0.002000	1.216755	3.997731	-0.999955	0.000000
5.307887	1.000104	6117.442019	4078.719219	0.000000	0.000000	-51.553170	0.002000	1.216755	3.997731	-0.999955	0.000000
5.327887	1.000104	6117.442019	4078.719219	0.000000	0.000000	-51.553170	0.002000	1.216755	3.997731	-0.999955	0.000000
5.347887	1.000104	6117.442019	4078.719219	0.000000	0.000000	-51.553170	0.002000	1.216755	3.997731	-0.999955	0.000000
5.367887	1.000104	6117.442019	4078.719219	0.000000	0.000000	-51.553170	0.002000	1.216755	3.997731	-0.999955	0.000000
5.387887	1.000104	6117.442019	4078.719219	0.000000	0.000000	-51.553170	0.002000	1.216755	3.997731	-0.999955	0.000000
5.407887	1.000104	6117.442019	4078.719219	0.000000	0.000000	-51.553170	0.002000	1.216755	3.997731	-0.999955	0.000000
5.427887	1.000104	6117.442019	4078.719219	0.000000	0.000000	-51.553170	0.002000	1.216755	3.997731	-0.999955	0.000000
5.447887	1.000104	6117.442019	4078.719219	0.000000	0.000000	-51.553170	0.002000	1.216755	3.997731	-0.999955	0.000000
5.467887	1.000104	6117.442019	4078.719219	0.000000	0.000000	-51.553170	0.002000	1.216755	3.997731	-0.999955	0.000000
5.487887	1.000104	6117.442019	4078.719219	0.000000	0.000000	-51.553170	0.002000	1.216755	3.997731	-0.999955	0.000000
5.507887	1.000104	6117.442019	4078.719219	0.000000	0.000000	-51.553170	0.002000	1.216755	3.997731	-0.999955	0.000000
5.527887	1.000104	6117.442019	4078.719219	0.000000	0.000000	-51.553170	0.002000	1.216755	3.997731	-0.999955	0.000000
5.547887	1.000104	6117.442019	4078.719219	0.000000	0.000000	-51.553170	0.002000	1.216755	3.997731	-0.999955	0.000000
5.567887	1.000104	6117.442019	4078.719219	0.000000	0.000000	-51.553170	0.002000	1.216755	3.997731	-0.999955	0.000000
5.587887	1.000104	6117.442019	4078.719219	0.000000	0.000000	-51.553170	0.002000	1.216755	3.997731	-0.999955	0.000000
5.607887	1.000104	6117.442019	4078.719219	0.000000	0.000000	-51.553170	0.002000	1.216755	3.997731	-0.999955	0.000000
5.627887	1.000104	6117.442019	4078.719219	0.000000	0.000000	-51.553170	0.002000	1.216755	3.997731	-0.999955	0.000000
5.647887	1.000104	6117.442019	4078.719219	0.000000	0.000000	-51.553170	0.002000	1.216755	3.997731	-0.999955	0.000000
5.667887	1.000104	6117.442019	4078.719219	0.000000	0.000000	-51.553170	0.002000	1.216755	3.997731	-0.999955	0.000000
5.687887	1.000104	6117.442019	4078.719219	0.000000	0.000000	-51.553170	0.002000	1.216755	3.997731	-0.999955	0.000000
5.707887	1.000104	6117.442019	4078.719219	0.000000	0.000000	-51.553170	0.002000	1.216755	3.997731	-0.999955	0.000000
5.727887	1.000104	6117.442019	4078.719219	0.000000	0.000000	-51.553170	0.002000	1.216755	3.997731	-0.999955	0.000000
5.747887	1.000104	6117.442019	4078.719219	0.000000	0.000000	-51.553170	0.002000	1.216755	3.997731	-0.999955	0.000000
5.767887	1.000104	6117.442019	4078.719219	0.000000	0.000000	-51.553170	0.002000	1.216755	3.997731	-0.999955	0.000000
5.787887	1.000104	6117.442019	4078.719219	0.000000	-0.000000	-51.553170	0.002000	1.216755	3.997731	-0.999955	0.000000
5.807887	1.000104	6117.442019	4078.719219	0.000000	0.000000	-51.553170	0.002000	1.216755	3.997731	-0.999955	0.000000
5.827887	1.000104	6117.442019	4078.719219	0.000000	0.000000	-51.553170	0.002000	1.216755	3.997731	-0.999955	0.000000
5.847887	1.000104	6117.442019	4078.719219	0.000000	0.000000	-51.553170	0.002000	1.216755	3.997731	-0.999955	0.000000
5.867887	1.000104	6117.442019	4078.719219	-0.000000	0.000000	-51.553170	0.002000	1.216755	3.997731	-0.999955	0.000000
5.887887	1.000104	6117.442019	4078.719219	-0.000000	0.000000	-51.553170	0.002000	1.216755	3.997731	-0.999955	0.000000
5.907887	1.000104	6117.442019	4078.719219	-0.000000	0.000000	-51.553170	0.002000	1.216755	3.997731	-0.999955	0.000000
5.927887	1.000104	6117.442019	4078.719219	-0.000000	0.000002	-51.553170	0.002000	1.216755	3.997731	-0.999955	0.000000
5.947887	1.000104	6117.442019	4078.719219	-0.000000	0.000006	-51.553170	0.002000	1.216755	3.997731	-0.999955	0.000000
5.967887	1.000104	6117.442019	4078.719219	-0.000000	0.000018	-51.553170	0.002000	1.216755	3.997731	-0.999955	0.000000
5.987887	1.000104	6117.442019	4078.719219	-0.000001	0.000053	-51.553170	0.002000	1.216755	3.997731	-0.999955	0.000000
6.007887	1.000104	6117.442019	4078.719220	-0.000002	0.000149	-51.553170	0.002000	1.216755	3.997731	-0.999955	0.000000
6.027887	1.000104	6117.442019	4078.719220	-0.000005	0.000395	-51.553170	0.002000	1.216755	3.997731	-0.999955	0.000000
6.047887	1.000104	6117.442019	4078.719220	-0.000014	0.001056	-51.553170	0.002000	1.216755	3.997731	-0.999955	0.000000
6.067887	1.000104	6117.442019	4078.719220	-0.000037	0.002737	-51.553170	0.002000	1.216755	3.997731	-0.999955	0.000000
6.087887	1.000104	6117.442019	4078.719220	-0.000095	0.006770	-51.553170	0.002000	1.216755	3.997731	-0.999955	0.000000
6.107887	1.000104	6117.442020	4078.719220	-0.000233	0.015996	-51.553170	0.002000	1.216755	3.997731	-0.999955	0.000000
6.127887	1.000104	6117.442020	4078.719220	-0.000539	0.035276	-51.553170	0.002000	1.216755	3.997731	-0.999955	0.000000
6.147887	1.000104	6117.442021	4078.719221	-0.001154	0.070170	-51.553170	0.002000	1.216755	3.997731	-0.999955	0.000000
6.167887	1.000104	6117.442023	4078.719223	-0.002181	0.115448	-51.553170	0.002000	1.216755	3.997731	-0.999955	0.000000
6.187887	1.000104	6117.442025	4078.719227	-0.003188	0.106369	-51.553170	0.002000	1.216755	3.997731	-0.999955	0.000000
6.207887	1.000104	6117.442028	4078.719233	-0.001267	-0.249009	-51.553170	0.002000	1.216755	3.997731	-0.999955	0.000000
6.227887	1.000104	6117.442024	4078.719234	0.015341	-1.978903	-51.553170	0.002000	1.216755	3.997731	-0.999955	0.000000
6.247887	1.000104	6117.441981	4078.719199	0.086033	-8.286888	-51.553170	0.002000	1.216755	3.997731	-0.999955	0.000000
6.267887	1.000104	6117.441792	4078.719020	0.329459	-28.329663	-51.553170	0.002000	1.216755	3.997731	-0.999955	0.000000
6.287887	1.000104	6117.441137	4078.718352	1.076090	-86.578417	-51.553169	0.002000	1.216755	3.997730	-0.999955	0.000000
6.307887	1.000104	6117.439114	4078.716204	3.189203	-244.714784	-51.553166	0.002000	1.216755	3.997730	-0.999955	0.000000
6.327887	1.000103	6117.433355	4078.709906	8.798271	-649.999983	-51.553156	0.002000	1.216755	3.997730	-0.999955	0.000000
6.347888	1.000101	6117.417976	4078.692674	22.878305	-1635.956406	-51.553130	0.002000	1.216755	3.997729	-0.999956	0.000000
6.367888	1.000097	6117.379091	4078.648172	56.444215	-3918.929235	-51.553061	0.002000	1.216755	3.997726	-0.999958	0.000000
6.387888	1.000085	6117.285581	4078.539040	132.580431	-8955.274958	-51.552889	0.002000	1.216755	3.997720	-0.999963	0.000000
6.407888	1.000056	6117.071166	4078.284083	296.953633	-19538.135020	-51.552485	0.002000	1.216755	3.997705	-0.999975	0.000000
6.427890	0.999991	6116.601917	4077.715789	634.457667	-40695.339019	-51.551578	0.002000	1.216755	3.997672	-1.000003	0.000000
6.447893	0.999851	6115.621703	4076.506801	1292.439860	-80859.058522	-51.549633	0.002000	1.216755	3.997603	-1.000063	0.000000
6.467899	0.999560	6113.668544	4074.053058	2507.492084	-153065.626099	-51.545661	0.002001	1.216755	3.997466	-1.000188	0.000000
6.487913	0.998988	6109.960195	4069.306679	4626.405707	-275601.023303	-51.537932	0.002002	1.216755	3.997206	-1.000434	0.000000
6.507942	0.997914	6103.260347	4060.568386	8103.976259	-471143.869911	-51.523626	0.002004	1.216755	3.996734	-1.000895	0.000000
6.527998	0.996000	6091.757910	4045.280300	13455.572377	-763376.863496	-51.498468	0.002008	1.216755	3.995922	-1.001721	0.000000
6.548103	0.992756	6073.013667	4019.900719	21150.181444	-1170696.997891	-51.456472	0.002015	1.216755	3.994593	-1.003126	0.000000
6.568288	0.987541	6044.036460	3979.968965	31456.159992	-1698202.463600	-51.389949	0.002025	1.216755	3.992529	-1.005398	0.000000
6.588603	0.979581	6001.521238	3920.452512	44287.149596	-2331064.330913	-51.289915	0.002042	1.216755	3.989479	-1.008891	0.000000
6.609115	0.968046	5942.216786	3836.388663	59129.136043	-3033217.974898	-51.146841	0.002066	1.216755	3.985184	-1.014010	0.000000
6.629916	0.952143	5863.304735	3723.664225	75095.893908	-3753143.503875	-50.951656	0.002101	1.216755	3.979397	-1.021175	0.000000
6.651120	0.931235	5762.569009	3579.734051	91104.302430	-4436297.328474	-50.696520	0.002148	1.216755	3.971890	-1.030787	0.000000
6.672868	0.904913	5638.261361	3403.896984	106128.406342	-5037721.298499	-50.375331	0.002210	1.216755	3.962437	-1.043209	0.000000
6.695330	0.873039	5488.309418	3197.002629	119332.508522	-5530694.440961	-49.983744	0.002291	1.216755	3.950747	-1.058753	0.000000
6.718706	0.835679	5309.540320	2960.803548	130217.570827	-5908212.293902	-49.518097	0.002393	1.216755	3.936381	-1.077720	0.000000
6.743235	0.792766	5097.336877	2696.743045	138607.629110	-6163176.995976	-48.975444	0.002523	1.216755	3.918682	-1.100590	0.000000
6.769230	0.743946	4848.044985	2407.097736	144450.649416	-6279325.857698	-48.349024	0.002688	1.216755	3.896918	-1.128172	0.000000
6.797111	0.687745	4567.453370	2096.607740	148227.562737	-6206697.907696	-47.626657	0.002908	1.216755	3.871034	-1.162265	0.000000
6.827587	0.622472	4275.977230	1776.623828	149986.261206	-5905275.735004	-46.783716	0.003213	1.216755	3.842399	-1.205552	0.000000
6.861751	0.546591	4017.218939	1465.701567	150417.259759	-5412295.126734	-45.766152	0.003659	1.216755	3.815284	-1.261987	0.000000
6.901585	0.459692	3835.695838	1177.010817	150151.262980	-4773222.400144	-44.503409	0.004351	1.216755	3.795188	-1.337155	0.000000
6.950660	0.366911	3785.103180	927.078100	147897.492337	-4154362.005650	-42.798274	0.005451	1.216755	3.789400	-1.435032	0.000000
7.014710	0.258927	3896.664184	673.526850	151246.692672	-3467315.749457	-40.406529	0.007724	1.216755	3.801984	-1.586378	0.000000
7.125133	0.150190	4868.295003	488.070928	148906.760331	-2459108.732898	-35.536741	0.013316	1.216755	3.898612	-1.822877	0.000000
-0.002993	3.344880	103252.270376	230245.197023	9.797719	0.000000	0.001078	0.000598	0.000000	5.225065	-0.475623	0.000000
-0.008970	3.353556	102956.856552	230181.350530	29.832315	0.000000	0.003134	0.000596	0.000000	5.223820	-0.474498	0.000000
-0.014924	3.370347	102389.766507	230059.555433	50.295539	0.000000	0.004896	0.000593	0.000000	5.221421	-0.472329	0.000000
-0.020842	3.394205	101595.601179	229891.011987	69.157785	0.000000	0.006196	0.000589	0.000000	5.218038	-0.469264	0.000000
-0.026712	3.423636	100634.859110	229691.447976	82.405768	0.000000	0.006910	0.000584	0.000000	5.213910	-0.465513	0.000000
-0.032528	3.456801	99577.527617	229479.727896	85.379671	0.000000	0.006977	0.000579	0.000000	5.209321	-0.461325	0.000000
-0.038286	3.491670	98495.585681	229275.827134	74.786663	0.000000	0.006412	0.000573	0.000000	5.204575	-0.456965	0.000000
-0.043986	3.526193	97455.831504	229098.413045	50.453342	0.000000	0.005303	0.000567	0.000000	5.199965	-0.452692	0.000000
-0.049631	3.558500	96513.736578	228962.405608	16.009070	0.000000	0.003811	0.000562	0.000000	5.195746	-0.448730	0.000000
-0.055227	3.587075	95709.190897	228877.000959	-21.820257	0.000000	0.002136	0.000558	0.000000	5.192110	-0.445256	0.000000
-0.060782	3.610890	95064.450259	228844.589973	-55.046984	0.000000	0.000492	0.000554	0.000000	5.189175	-0.442383	0.000000
-0.066305	3.629474	94584.383564	228860.825709	-76.712294	0.000000	-0.000930	0.000551	0.000000	5.186977	-0.440154	0.000000
-0.071803	3.642887	94258.721394	228915.830557	-82.834234	0.000000	-0.001989	0.000549	0.000000	5.185480	-0.438553	0.000000
-0.077285	3.651638	94065.814239	228996.270877	-73.388674	0.000000	-0.002616	0.000548	0.000000	5.184592	-0.437512	0.000000
-0.082757	3.656541	93977.215224	229087.834247	-52.065171	0.000000	-0.002814	0.000547	0.000000	5.184183	-0.436930	0.000000
-0.088225	3.658551	93962.353490	229177.577201	-24.965107	0.000000	-0.002647	0.000547	0.000000	5.184116	-0.436692	0.000000
-0.093691	3.658620	93992.599721	229255.683226	1.259063	0.000000	-0.002222	0.000547	0.000000	5.184256	-0.436684	0.000000
