0.002992	3.345128	103243.620928	230242.954093	10.029298	-3191738.870465	-0.001075	0.000598	1.216755	5.225028	-0.475590	0.000000
0.008969	3.353781	102949.019395	230179.293988	30.400186	-2891195.926045	-0.003124	0.000596	1.216755	5.223787	-0.474469	0.000000
0.014923	3.370529	102383.493808	230057.889458	50.883436	-2312826.382096	-0.004878	0.000593	1.216755	5.221394	-0.472305	0.000000
0.020840	3.394326	101591.513513	229889.954707	69.423104	-1505955.711109	-0.006172	0.000589	1.216755	5.218020	-0.469249	0.000000
0.026711	3.423683	100633.364068	229691.196465	82.154227	-549775.655038	-0.006881	0.000584	1.216755	5.213903	-0.465507	0.000000
0.032527	3.456769	99578.743353	229480.400864	84.671288	448803.108182	-0.006948	0.000579	1.216755	5.209327	-0.461329	0.000000
0.038285	3.491562	98499.296490	229277.408159	73.921796	1367049.346840	-0.006386	0.000573	1.216755	5.204592	-0.456979	0.000000
0.043985	3.526023	97461.497500	229100.720791	49.851691	2086186.351892	-0.005286	0.000567	1.216755	5.199991	-0.452712	0.000000
0.049630	3.558290	96520.566603	228965.108835	16.039006	2514379.316016	-0.003805	0.000562	1.216755	5.195777	-0.448756	0.000000
0.055227	3.586851	95716.268288	228879.679533	-20.986174	2605891.359188	-0.002143	0.000558	1.216755	5.192142	-0.445283	0.000000
0.060782	3.610681	95070.885711	228846.825913	-53.493557	2370867.333295	-0.000511	0.000554	1.216755	5.189205	-0.442408	0.000000
0.066305	3.629302	94589.461213	228862.297320	-74.742102	1872823.938668	0.000904	0.000551	1.216755	5.187001	-0.440175	0.000000
0.071803	3.642769	94262.006094	228916.381643	-80.850612	1214508.487204	0.001961	0.000549	1.216755	5.185495	-0.438567	0.000000
0.077285	3.651579	94067.197877	228995.935578	-71.751898	515689.565145	0.002591	0.000548	1.216755	5.184598	-0.437519	0.000000
0.082758	3.656537	93976.895288	229086.812715	-50.977268	-111546.528548	0.002796	0.000547	1.216755	5.184182	-0.436930	0.000000
0.088225	3.658591	93960.753808	229176.172578	-24.421653	-583940.895303	0.002638	0.000547	1.216755	5.184108	-0.436687	0.000000
0.093691	3.658688	93990.256828	229254.221027	1.441297	-859704.921354	0.002223	0.000547	1.216755	5.184245	-0.436676	0.000000
0.099159	3.657661	94041.646414	229315.109608	21.291231	-940288.051646	0.001669	0.000547	1.216755	5.184482	-0.436798	0.000000
0.104628	3.656158	94097.490105	229356.949851	32.124687	-862101.885473	0.001090	0.000547	1.216755	5.184740	-0.436976	0.000000
0.110100	3.654624	94146.914397	229381.108130	33.588595	-681776.844669	0.000572	0.000547	1.216755	5.184968	-0.437158	0.000000
0.115575	3.653314	94184.783193	229391.079829	27.529682	-459836.166693	0.000168	0.000547	1.216755	5.185142	-0.437314	0.000000
0.121051	3.652331	94210.245529	229391.273487	17.045114	-247244.161236	-0.000105	0.000548	1.216755	5.185259	-0.437431	0.000000
0.126528	3.651671	94225.094863	229385.977248	5.416854	-77544.579033	-0.000256	0.000548	1.216755	5.185327	-0.437509	0.000000
0.132006	3.651276	94232.296111	229378.667926	-4.738876	34880.173764	-0.000310	0.000548	1.216755	5.185360	-0.437556	0.000000
0.137484	3.651064	94234.893040	229371.700988	-11.922398	91695.974406	-0.000301	0.000548	1.216755	5.185372	-0.437581	0.000000
0.142963	3.650960	94235.361052	229366.322999	-15.784132	104852.534116	-0.000259	0.000548	1.216755	5.185374	-0.437593	0.000000
0.148441	3.650905	94235.356176	229362.894468	-16.850994	90404.298326	-0.000208	0.000548	1.216755	5.185374	-0.437600	0.000000
0.153920	3.650863	94235.747437	229361.201386	-16.114278	63552.488285	-0.000164	0.000548	1.216755	5.185376	-0.437605	0.000000
0.159399	3.650815	94236.804331	229360.756389	-14.633214	35687.818759	-0.000133	0.000548	1.216755	5.185381	-0.437610	0.000000
0.164878	3.650756	94238.430288	229361.029050	-13.254865	13431.514077	-0.000116	0.000548	1.216755	5.185389	-0.437617	0.000000
0.170356	3.650690	94240.369148	229361.583990	-12.491771	-839.880846	-0.000110	0.000548	1.216755	5.185398	-0.437625	0.000000
0.175835	3.650622	94242.349757	229362.135116	-12.528343	-7689.772902	-0.000111	0.000548	1.216755	5.185407	-0.437633	0.000000
0.181315	3.650558	94244.163833	229362.540394	-13.299974	-9169.845345	-0.000116	0.000548	1.216755	5.185415	-0.437641	0.000000
0.186794	3.650503	94245.690317	229362.765216	-14.623252	-7644.995828	-0.000121	0.000548	1.216755	5.185422	-0.437648	0.000000
0.192273	3.650458	94246.886219	229362.837665	-16.297957	-5071.109340	-0.000125	0.000548	1.216755	5.185428	-0.437653	0.000000
0.197753	3.650423	94247.762658	229362.810295	-18.128842	-2702.270159	-0.000127	0.000548	1.216755	5.185432	-0.437657	0.000000
0.203232	3.650399	94248.359431	229362.734817	-20.019912	-1118.186885	-0.000128	0.000548	1.216755	5.185434	-0.437660	0.000000
0.208711	3.650383	94248.725285	229362.649866	-21.984507	-418.786561	-0.000127	0.000548	1.216755	5.185436	-0.437662	0.000000
0.214191	3.650375	94248.905958	229362.578058	-23.920037	-423.858813	-0.000125	0.000548	1.216755	5.185437	-0.437663	0.000000
0.219670	3.650373	94248.938965	229362.528683	-25.888111	-866.351625	-0.000122	0.000548	1.216755	5.185437	-0.437663	0.000000
0.225150	3.650376	94248.853080	229362.503099	-28.185368	-1548.107528	-0.000119	0.000548	1.216755	5.185437	-0.437663	0.000000
0.230629	3.650383	94248.670020	229362.498211	-30.347094	-2284.816194	-0.000116	0.000548	1.216755	5.185436	-0.437662	0.000000
0.236109	3.650393	94248.406438	229362.509189	-32.491502	-2953.945028	-0.000112	0.000548	1.216755	5.185435	-0.437661	0.000000
0.241588	3.650406	94248.076234	229362.534339	-35.880197	-3686.701402	-0.000107	0.000548	1.216755	5.185433	-0.437659	0.000000
0.247067	3.650422	94247.691926	229362.571501	-38.250900	-4372.623374	-0.000101	0.000548	1.216755	5.185431	-0.437657	0.000000
0.252547	3.650439	94247.264013	229362.615653	-39.818970	-4809.772568	-0.000096	0.000548	1.216755	5.185429	-0.437655	0.000000
0.258026	3.650458	94246.802858	229362.673692	-46.565141	-5725.127773	-0.000089	0.000548	1.216755	5.185427	-0.437653	0.000000
0.263506	3.650478	94246.319401	229362.745639	-48.172407	-6617.069130	-0.000081	0.000548	1.216755	5.185425	-0.437650	0.000000
0.268985	3.650498	94245.819062	229362.811499	-44.578629	-6357.219619	-0.000074	0.000548	1.216755	5.185423	-0.437648	0.000000
0.274464	3.650519	94245.309201	229362.902401	-64.381466	-8204.771968	-0.000066	0.000548	1.216755	5.185420	-0.437646	0.000000
0.279943	3.650541	94244.803473	229363.019271	-60.871926	-9989.888665	-0.000051	0.000548	1.216755	5.185418	-0.437643	0.000000
0.285422	3.650561	94244.293558	229363.062851	-28.930068	-6020.088372	-0.000049	0.000548	1.216755	5.185416	-0.437641	0.000000
0.290902	3.650583	94243.782591	229363.168212	-104.928151	-11303.025868	-0.000042	0.000548	1.216755	5.185413	-0.437638	0.000000
0.296381	3.650604	94243.309552	229363.347835	-78.157034	-16882.242940	-0.000008	0.000548	1.216755	5.185411	-0.437635	0.000000
0.301860	3.650620	94242.815992	229363.118994	97.650355	5511.678841	-0.000036	0.000548	1.216755	5.185409	-0.437634	0.000000
0.307339	3.650638	94242.292528	229363.067702	-225.589314	-13112.301396	-0.000055	0.000548	1.216755	5.185407	-0.437631	0.000000
0.312818	3.650658	94241.909677	229363.288655	-100.288484	-36449.929075	0.000052	0.000548	1.216755	5.185405	-0.437629	0.000000
0.318297	3.650652	94241.390808	229361.433601	793.845312	75141.575120	-0.000142	0.000548	1.216755	5.185402	-0.437630	0.000000
0.323776	3.650653	94240.650275	229359.998069	-611.512923	5702.390784	-0.000333	0.000548	1.216755	5.185399	-0.437630	0.000000
0.329255	3.650658	94240.482045	229359.538579	-66.855358	-100666.743805	0.000055	0.000548	1.216755	5.185398	-0.437630	0.000000
0.334734	3.650535	94239.617986	229348.579909	4411.836164	443001.784754	-0.000988	0.000548	1.216755	5.185394	-0.437646	0.000000
0.340214	3.650424	94237.486117	229337.434824	-1644.055504	196048.739878	-0.002231	0.000548	1.216755	5.185384	-0.437657	0.000000
0.345693	3.650306	94237.776071	229328.874314	773.511781	-284838.132701	-0.000853	0.000548	1.216755	5.185386	-0.437676	0.000000
0.351172	3.649529	94234.667804	229266.428434	23237.636456	2370572.129967	-0.006316	0.000548	1.216755	5.185368	-0.437775	0.000000
0.356654	3.648655	94224.621854	229190.624592	-2177.463266	1631472.762779	-0.013874	0.000548	1.216755	5.185323	-0.437874	0.000000
0.362137	3.647582	94224.604063	229113.103666	9271.765089	-434759.676598	-0.009892	0.000548	1.216755	5.185326	-0.438024	0.000000
0.367621	3.643038	94207.726796	228753.577432	122832.263623	12716244.965108	-0.039042	0.000549	1.216755	5.185227	-0.438608	0.000000
0.373117	3.637122	94152.548673	228256.466685	21503.892585	11794301.665213	-0.084580	0.000550	1.216755	5.184974	-0.439300	0.000000
0.378619	3.629215	94135.676072	227663.660184	79257.986509	3809603.885516	-0.081384	0.000551	1.216755	5.184909	-0.440364	0.000000
0.384135	3.602934	94031.097699	225581.548121	661248.602322	71492814.519935	-0.240522	0.000555	1.216755	5.184320	-0.443765	0.000000
0.389720	3.565173	93699.184451	222415.968688	305813.665789	88930227.519287	-0.518943	0.000561	1.216755	5.182757	-0.448339	0.000000
0.395355	3.515602	93466.933176	218511.159102	538287.253670	70675967.000534	-0.597695	0.000569	1.216755	5.181708	-0.454982	0.000000
0.401076	3.380186	92705.431721	207439.596915	3586735.430471	471716159.355462	-1.442964	0.000592	1.216755	5.177518	-0.473374	0.000000
0.407191	3.185567	90236.452183	190070.032718	2855903.252517	820262553.982018	-3.208428	0.000628	1.216755	5.165205	-0.499040	0.000000
0.413676	3.020557	87507.326352	174556.442723	782567.198200	774907577.747343	-3.767010	0.000662	1.216755	5.151902	-0.522714	0.000000
0.420398	2.670310	82590.199476	142576.241615	14407908.476020	2696350970.531176	-6.269245	0.000749	1.216755	5.123266	-0.581967	0.000000
0.428857	2.031189	65575.321092	82800.278150	35962848.222448	7314181764.674764	-17.703717	0.000985	1.216755	5.011196	-0.705912	0.000000
0.441482	1.454502	36701.581438	32197.171985	31769109.366161	7540066040.239025	-34.349559	0.001375	1.216755	4.744560	-0.849491	0.000000
0.458233	1.150959	15807.342607	11026.598634	15459680.373104	3626158698.400934	-45.482177	0.001738	1.216755	4.374935	-0.945242	0.000000
0.477221	1.039989	7924.563852	5258.902105	4791880.752643	894240691.297123	-50.031950	0.001923	1.216755	4.093232	-0.985085	0.000000
0.496991	1.008844	6348.014229	4236.268065	1029495.783102	122987541.604041	-51.261769	0.001982	1.216755	4.010943	-0.996707	0.000000
0.516950	1.001722	6146.607919	4100.421432	179712.467731	14848402.267345	-51.506062	0.001997	1.216755	3.999441	-0.999361	0.000000
0.536943	1.000362	6121.518160	4081.863847	26636.098289	2008718.308865	-51.546682	0.001999	1.216755	3.997972	-0.999861	0.000000
0.556943	1.000140	6118.029945	4079.165635	3349.860933	291545.511499	-51.552401	0.002000	1.216755	3.997765	-0.999942	0.000000
0.576942	1.000108	6117.523731	4078.778605	364.974121	41631.074000	-51.553091	0.002000	1.216755	3.997735	-0.999953	0.000000
0.596942	1.000105	6117.452627	4078.726518	34.269385	5588.801326	-51.553163	0.002000	1.216755	3.997731	-0.999955	0.000000
0.616942	1.000104	6117.443294	4078.720047	2.734583	694.105542	-51.553170	0.002000	1.216755	3.997731	-0.999955	0.000000
0.636942	1.000104	6117.442161	4078.719307	0.190720	79.586584	-51.553170	0.002000	1.216755	3.997731	-0.999955	0.000000
0.656942	1.000104	6117.442034	4078.719228	0.015002	8.483765	-51.553170	0.002000	1.216755	3.997731	-0.999955	0.000000
0.676942	1.000104	6117.442021	4078.719220	0.002163	0.858901	-51.553170	0.002000	1.216755	3.997731	-0.999955	0.000000
0.696942	1.000104	6117.442019	4078.719220	0.000442	0.086543	-51.553170	0.002000	1.216755	3.997731	-0.999955	0.000000
0.716942	1.000104	6117.442019	4078.719220	0.000084	0.009347	-51.553170	0.002000	1.216755	3.997731	-0.999955	0.000000
0.736942	1.000104	6117.442019	4078.719220	0.000014	0.001147	-51.553170	0.002000	1.216755	3.997731	-0.999955	0.000000
0.756942	1.000104	6117.442019	4078.719219	0.000002	0.000158	-51.553170	0.002000	1.216755	3.997731	-0.999955	0.000000
0.776942	1.000104	6117.442019	4078.719219	0.000000	0.000022	-51.553170	0.002000	1.216755	3.997731	-0.999955	0.000000
0.796942	1.000104	6117.442019	4078.719219	0.000000	0.000002	-51.553170	0.002000	1.216755	3.997731	-0.999955	0.000000
0.816942	1.000104	6117.442019	4078.719219	0.000000	0.000001	-51.553170	0.002000	1.216755	3.997731	-0.999955	0.000000
0.836942	1.000104	6117.442019	4078.719219	-0.000000	0.000000	-51.553170	0.002000	1.216755	3.997731	-0.999955	0.000000
0.856942	1.000104	6117.442019	4078.719219	-0.000000	-0.000000	-51.553170	0.002000	1.216755	3.997731	-0.999955	0.000000
0.876942	1.000104	6117.442019	4078.719219	-0.000000	-0.000000	-51.553170	0.002000	1.216755	3.997731	-0.999955	0.000000
0.896942	1.000104	6117.442019	4078.719219	0.000000	-0.000001	-51.553170	0.002000	1.216755	3.997731	-0.999955	0.000000
0.916942	1.000104	6117.442019	4078.719219	0.000000	0.000000	-51.553170	0.002000	1.216755	3.997731	-0.999955	0.000000
0.936942	1.000104	6117.442019	4078.719219	-0.000000	0.000001	-51.553170	0.002000	1.216755	3.997731	-0.999955	0.000000
0.956942	1.000104	6117.442019	4078.719219	-0.000000	-0.000000	-51.553170	0.002000	1.216755	3.997731	-0.999955	0.000000
0.976942	1.000104	6117.442019	4078.719219	0.000000	0.000000	-51.553170	0.002000	1.216755	3.997731	-0.999955	0.000000
0.996942	1.000104	6117.442019	4078.719219	-0.000000	0.000001	-51.553170	0.002000	1.216755	3.997731	-0.999955	0.000000
1.016942	1.000104	6117.442019	4078.719219	-0.000000	-0.000001	-51.553170	0.002000	1.216755	3.997731	-0.999955	0.000000
1.036942	1.000104	6117.442019	4078.719219	0.000000	-0.000001	-51.553170	0.002000	1.216755	3.997731	-0.999955	0.000000
1.056942	1.000104	6117.442019	4078.719219	0.000000	0.000000	-51.553170	0.002000	1.216755	3.997731	-0.999955	0.000000
1.076942	1.000104	6117.442019	4078.719219	-0.000000	0.000000	-51.553170	0.002000	1.216755	3.997731	-0.999955	0.000000
1.096942	1.000104	6117.442019	4078.719219	-0.000000	-0.000000	-51.553170	0.002000	1.216755	3.997731	-0.999955	0.000000
1.116942	1.000104	6117.442019	4078.719219	0.000000	-0.000000	-51.553170	0.002000	1.216755	3.997731	-0.999955	0.000000
1.136942	1.000104	6117.442019	4078.719219	0.000000	-0.000000	-51.553170	0.002000	1.216755	3.997731	-0.999955	0.000000
1.156942	1.000104	6117.442019	4078.719219	0.000000	0.000000	-51.553170	0.002000	1.216755	3.997731	-0.999955	0.000000
1.176942	1.000104	6117.442019	4078.719219	-0.000000	0.000001	-51.553170	0.002000	1.216755	3.997731	-0.999955	0.000000
1.196942	1.000104	6117.442019	4078.719219	-0.000000	-0.000000	-51.553170	0.002000	1.216755	3.997731	-0.999955	0.000000
1.216942	1.000104	6117.442019	4078.719219	0.000000	0.000000	-51.553170	0.002000	1.216755	3.997731	-0.999955	0.000000
1.236942	1.000104	6117.442019	4078.719219	-0.000000	0.000000	-51.553170	0.002000	1.216755	3.997731	-0.999955	0.000000
1.256942	1.000104	6117.442019	4078.719219	-0.000000	-0.000000	-51.553170	0.002000	1.216755	3.997731	-0.999955	0.000000
1.276942	1.000104	6117.442019	4078.719219	-0.000000	-0.000000	-51.553170	0.002000	1.216755	3.997731	-0.999955	0.000000
1.296942	1.000104	6117.442019	4078.719219	0.000000	-0.000000	-51.553170	0.002000	1.216755	3.997731	-0.999955	0.000000
1.316942	1.000104	6117.442019	4078.719219	-0.000000	-0.000000	-51.553170	0.002000	1.216755	3.997731	-0.999955	0.000000
1.336942	1.000104	6117.442019	4078.719219	0.000000	0.000000	-51.553170	0.002000	1.216755	3.997731	-0.999955	0.000000
1.356942	1.000104	6117.442019	4078.719219	0.000000	0.000001	-51.553170	0.002000	1.216755	3.997731	-0.999955	0.000000
1.376942	1.000104	6117.442019	4078.719219	-0.000000	0.000001	-51.553170	0.002000	1.216755	3.997731	-0.999955	0.000000
1.396942	1.000104	6117.442019	4078.719219	-0.000000	-0.000002	-51.553170	0.002000	1.216755	3.997731	-0.999955	0.000000
1.416942	1.000104	6117.442019	4078.719219	0.000000	-0.000001	-51.553170	0.002000	1.216755	3.997731	-0.999955	0.000000
1.436942	1.000104	6117.442019	4078.719219	0.000000	0.000001	-51.553170	0.002000	1.216755	3.997731	-0.999955	0.000000
1.456942	1.000104	6117.442019	4078.719219	0.000000	0.000001	-51.553170	0.002000	1.216755	3.997731	-0.999955	0.000000
1.476942	1.000104	6117.442019	4078.719219	-0.000000	0.000001	-51.553170	0.002000	1.216755	3.997731	-0.999955	0.000000
1.496942	1.000104	6117.442019	4078.719219	0.000000	-0.000001	-51.553170	0.002000	1.216755	3.997731	-0.999955	0.000000
1.516942	1.000104	6117.442019	4078.719219	0.000000	0.000001	-51.553170	0.002000	1.216755	3.997731	-0.999955	0.000000
1.536942	1.000104	6117.442019	4078.719219	-0.000000	0.000000	-51.553170	0.002000	1.216755	3.997731	-0.999955	0.000000
1.556942	1.000104	6117.442019	4078.719219	-0.000000	-0.000001	-51.553170	0.002000	1.216755	3.997731	-0.999955	0.000000
1.576942	1.000104	6117.442019	4078.719219	0.000000	-0.000000	-51.553170	0.002000	1.216755	3.997731	-0.999955	0.000000
1.596942	1.000104	6117.442019	4078.719219	0.000000	0.000001	-51.553170	0.002000	1.216755	3.997731	-0.999955	0.000000
1.616942	1.000104	6117.442019	4078.719219	-0.000000	0.000000	-51.553170	0.002000	1.216755	3.997731	-0.999955	0.000000
1.636942	1.000104	6117.442019	4078.719219	0.000000	-0.000001	-51.553170	0.002000	1.216755	3.997731	-0.999955	0.000000
1.656942	1.000104	6117.442019	4078.719219	0.000000	0.000001	-51.553170	0.002000	1.216755	3.997731	-0.999955	0.000000
1.676942	1.000104	6117.442019	4078.719219	-0.000000	0.000001	-51.553170	0.002000	1.216755	3.997731	-0.999955	0.000000
1.696942	1.000104	6117.442019	4078.719219	-0.000000	-0.000001	-51.553170	0.002000	1.216755	3.997731	-0.999955	0.000000
1.716942	1.000104	6117.442019	4078.719219	0.000000	-0.000000	-51.553170	0.002000	1.216755	3.997731	-0.999955	0.000000
1.736942	1.000104	6117.442019	4078.719219	-0.000000	0.000001	-51.553170	0.002000	1.216755	3.997731	-0.999955	0.000000
1.756942	1.000104	6117.442019	4078.719219	-0.000000	-0.000001	-51.553170	0.002000	1.216755	3.997731	-0.999955	0.000000
1.776942	1.000104	6117.442019	4078.719219	0.000000	-0.000001	-51.553170	0.002000	1.216755	3.997731	-0.999955	0.000000
1.796942	1.000104	6117.442019	4078.719219	0.000000	0.000000	-51.553170	0.002000	1.216755	3.997731	-0.999955	0.000000
1.816942	1.000104	6117.442019	4078.719219	0.000000	0.000000	-51.553170	0.002000	1.216755	3.997731	-0.999955	0.000000
1.836942	1.000104	6117.442019	4078.719219	-0.000000	0.000001	-51.553170	0.002000	1.216755	3.997731	-0.999955	0.000000
1.856942	1.000104	6117.442019	4078.719219	-0.000000	-0.000000	-51.553170	0.002000	1.216755	3.997731	-0.999955	0.000000
1.876942	1.000104	6117.442019	4078.719219	0.000000	0.000001	-51.553170	0.002000	1.216755	3.997731	-0.999955	0.000000
1.896942	1.000104	6117.442019	4078.719219	-0.000000	0.000001	-51.553170	0.002000	1.216755	3.997731	-0.999955	0.000000
1.916942	1.000104	6117.442019	4078.719219	-0.000000	0.000000	-51.553170	0.002000	1.216755	3.997731	-0.999955	0.000000
1.936942	1.000104	6117.442019	4078.719219	0.000000	0.000001	-51.553170	0.002000	1.216755	3.997731	-0.999955	0.000000
1.956942	1.000104	6117.442019	4078.719219	-0.000000	-0.000000	-51.553170	0.002000	1.216755	3.997731	-0.999955	0.000000
1.976942	1.000104	6117.442019	4078.719219	-0.000000	-0.000002	-51.553170	0.002000	1.216755	3.997731	-0.999955	0.000000
1.996942	1.000104	6117.442019	4078.719219	0.000000	-0.000002	-51.553170	0.002000	1.216755	3.997731	-0.999955	0.000000
2.016942	1.000104	6117.442019	4078.719219	0.000000	0.000000	-51.553170	0.002000	1.216755	3.997731	-0.999955	0.000000
2.036942	1.000104	6117.442019	4078.719219	-0.000000	0.000001	-51.553170	0.002000	1.216755	3.997731	-0.999955	0.000000
2.056942	1.000104	6117.442019	4078.719219	0.000000	-0.000002	-51.553170	0.002000	1.216755	3.997731	-0.999955	0.000000
2.076942	1.000104	6117.442019	4078.719219	0.000000	0.000000	-51.553170	0.002000	1.216755	3.997731	-0.999955	0.000000
2.096942	1.000104	6117.442019	4078.719219	-0.000000	0.000002	-51.553170	0.002000	1.216755	3.997731	-0.999955	0.000000
2.116942	1.000104	6117.442019	4078.719219	-0.000000	-0.000001	-51.553170	0.002000	1.216755	3.997731	-0.999955	0.000000
2.136942	1.000104	6117.442019	4078.719219	0.000000	-0.000001	-51.553170	0.002000	1.216755	3.997731	-0.999955	0.000000
2.156942	1.000104	6117.442019	4078.719219	0.000000	0.000001	-51.553170	0.002000	1.216755	3.997731	-0.999955	0.000000
2.176942	1.000104	6117.442019	4078.719219	-0.000000	0.000001	-51.553170	0.002000	1.216755	3.997731	-0.999955	0.000000
2.196942	1.000104	6117.442019	4078.719219	-0.000000	-0.000001	-51.553170	0.002000	1.216755	3.997731	-0.999955	0.000000
2.216942	1.000104	6117.442019	4078.719219	0.000000	-0.000001	-51.553170	0.002000	1.216755	3.997731	-0.999955	0.000000
2.236942	1.000104	6117.442019	4078.719219	0.000000	0.000000	-51.553170	0.002000	1.216755	3.997731	-0.999955	0.000000
2.256942	1.000104	6117.442019	4078.719219	-0.000000	0.000001	-51.553170	0.002000	1.216755	3.997731	-0.999955	0.000000
2.276942	1.000104	6117.442019	4078.719219	-0.000000	0.000001	-51.553170	0.002000	1.216755	3.997731	-0.999955	0.000000
2.296942	1.000104	6117.442019	4078.719219	0.000000	0.000000	-51.553170	0.002000	1.216755	3.997731	-0.999955	0.000000
2.316942	1.000104	6117.442019	4078.719219	0.000000	-0.000000	-51.553170	0.002000	1.216755	3.997731	-0.999955	0.000000
2.336942	1.000104	6117.442019	4078.719219	0.000000	0.000001	-51.553170	0.002000	1.216755	3.997731	-0.999955	0.000000
2.356942	1.000104	6117.442019	4078.719219	-0.000000	0.000000	-51.553170	0.002000	1.216755	3.997731	-0.999955	0.000000
2.376942	1.000104	6117.442019	4078.719219	-0.000000	-0.000000	-51.553170	0.002000	1.216755	3.997731	-0.999955	0.000000
2.396942	1.000104	6117.442019	4078.719219	-0.000000	0.000000	-51.553170	0.002000	1.216755	3.997731	-0.999955	0.000000
2.416942	1.000104	6117.442019	4078.719219	-0.000000	-0.000001	-51.553170	0.002000	1.216755	3.997731	-0.999955	0.000000
2.436942	1.000104	6117.442019	4078.719219	0.000000	0.000001	-51.553170	0.002000	1.216755	3.997731	-0.999955	0.000000
2.456942	1.000104	6117.442019	4078.719219	-0.000000	0.000001	-51.553170	0.002000	1.216755	3.997731	-0.999955	0.000000
2.476942	1.000104	6117.442019	4078.719219	-0.000000	-0.000003	-51.553170	0.002000	1.216755	3.997731	-0.999955	0.000000
2.496942	1.000104	6117.442019	4078.719219	0.000000	-0.000002	-51.553170	0.002000	1.216755	3.997731	-0.999955	0.000000
2.516942	1.000104	6117.442019	4078.719219	0.000000	0.000001	-51.553170	0.002000	1.216755	3.997731	-0.999955	0.000000
2.536942	1.000104	6117.442019	4078.719219	0.000000	0.000001	-51.553170	0.002000	1.216755	3.997731	-0.999955	0.000000
2.556942	1.000104	6117.442019	4078.719219	-0.000000	0.000000	-51.553170	0.002000	1.216755	3.997731	-0.999955	0.000000
2.576942	1.000104	6117.442019	4078.719219	-0.000000	0.000000	-51.553170	0.002000	1.216755	3.997731	-0.999955	0.000000
2.596942	1.000104	6117.442019	4078.719219	-0.000000	0.000000	-51.553170	0.002000	1.216755	3.997731	-0.999955	0.000000
2.616942	1.000104	6117.442019	4078.719219	0.000000	0.000000	-51.553170	0.002000	1.216755	3.997731	-0.999955	0.000000
2.636942	1.000104	6117.442019	4078.719219	0.000000	0.000000	-51.553170	0.002000	1.216755	3.997731	-0.999955	0.000000
2.656942	1.000104	6117.442019	4078.719219	0.000000	0.000000	-51.553170	0.002000	1.216755	3.997731	-0.999955	0.000000
2.676942	1.000104	6117.442019	4078.719219	0.000000	0.000000	-51.553170	0.002000	1.216755	3.997731	-0.999955	0.000000
2.696942	1.000104	6117.442019	4078.719219	0.000000	0.000000	-51.553170	0.002000	1.216755	3.997731	-0.999955	0.000000
2.716942	1.000104	6117.442019	4078.719219	0.000000	0.000000	-51.553170	0.002000	1.216755	3.997731	-0.999955	0.000000
2.736942	1.000104	6117.442019	4078.719219	0.000000	0.000000	-51.553170	0.002000	1.216755	3.997731	-0.999955	0.000000
2.756942	1.000104	6117.442019	4078.719219	0.000000	0.000000	-51.553170	0.002000	1.216755	3.997731	-0.999955	0.000000
2.776942	1.000104	6117.442019	4078.719219	0.000000	0.000000	-51.553170	0.002000	1.216755	3.997731	-0.999955	0.000000
2.796942	1.000104	6117.442019	4078.719219	0.000000	0.000000	-51.553170	0.002000	1.216755	3.997731	-0.999955	0.000000
2.816942	1.000104	6117.442019	4078.719219	0.000000	0.000000	-51.553170	0.002000	1.216755	3.997731	-0.999955	0.000000
2.836942	1.000104	6117.442019	4078.719219	0.000000	0.000000	-51.553170	0.002000	1.216755	3.997731	-0.999955	0.000000
2.856942	1.000104	6117.442019	4078.719219	0.000000	0.000000	-51.553170	0.002000	1.216755	3.997731	-0.999955	0.000000
2.876942	1.000104	6117.442019	4078.719219	0.000000	0.000000	-51.553170	0.002000	1.216755	3.997731	-0.999955	0.000000
2.896942	1.000104	6117.442019	4078.719219	0.000000	0.000000	-51.553170	0.002000	1.216755	3.997731	-0.999955	0.000000
2.916942	1.000104	6117.442019	4078.719219	0.000000	0.000000	-51.553170	0.002000	1.216755	3.997731	-0.999955	0.000000
2.936942	1.000104	6117.442019	4078.719219	0.000000	0.000000	-51.553170	0.002000	1.216755	3.997731	-0.999955	0.000000
2.956942	1.000104	6117.442019	4078.719219	0.000000	0.000000	-51.553170	0.002000	1.216755	3.997731	-0.999955	0.000000
2.976942	1.000104	6117.442019	4078.719219	0.000000	0.000000	-51.553170	0.002000	1.216755	3.997731	-0.999955	0.000000
2.996942	1.000104	6117.442019	4078.719219	0.000000	0.000000	-51.553170	0.002000	1.216755	3.997731	-0.999955	0.000000
3.016942	1.000104	6117.442019	4078.719219	0.000000	0.000000	-51.553170	0.002000	1.216755	3.997731	-0.999955	0.000000
3.036942	1.000104	6117.442019	4078.719219	0.000000	0.000000	-51.553170	0.002000	1.216755	3.997731	-0.999955	0.000000
3.056942	1.000104	6117.442019	4078.719219	0.000000	0.000000	-51.553170	0.002000	1.216755	3.997731	-0.999955	0.000000
3.076942	1.000104	6117.442019	4078.719219	0.000000	0.000000	-51.553170	0.002000	1.216755	3.997731	-0.999955	0.000000
3.096942	1.000104	6117.442019	4078.719219	0.000000	0.000000	-51.553170	0.002000	1.216755	3.997731	-0.999955	0.000000
3.116942	1.000104	6117.442019	4078.719219	0.000000	0.000000	-51.553170	0.002000	1.216755	3.997731	-0.999955	0.000000
3.136942	1.000104	6117.442019	4078.719219	0.000000	0.000000	-51.553170	0.002000	1.216755	3.997731	-0.999955	0.000000
3.156942	1.000104	6117.442019	4078.719219	0.000000	0.000000	-51.553170	0.002000	1.216755	3.997731	-0.999955	0.000000
3.176942	1.000104	6117.442019	4078.719219	0.000000	0.000000	-51.553170	0.002000	1.216755	3.997731	-0.999955	0.000000
3.196942	1.000104	6117.442019	4078.719219	0.000000	0.000000	-51.553170	0.002000	1.216755	3.997731	-0.999955	0.000000
3.216942	1.000104	6117.442019	4078.719219	0.000000	0.000000	-51.553170	0.002000	1.216755	3.997731	-0.999955	0.000000
3.236942	1.000104	6117.442019	4078.719219	0.000000	0.000000	-51.553170	0.002000	1.216755	3.997731	-0.999955	0.000000
3.256942	1.000104	6117.442019	4078.719219	0.000000	0.000000	-51.553170	0.002000	1.216755	3.997731	-0.999955	0.000000
3.276942	1.000104	6117.442019	4078.719219	0.000000	0.000000	-51.553170	0.002000	1.216755	3.997731	-0.999955	0.000000
3.296942	1.000104	6117.442019	4078.719219	0.000000	0.000000	-51.553170	0.002000	1.216755	3.997731	-0.999955	0.000000
3.316942	1.000104	6117.442019	4078.719219	0.000000	0.000000	-51.553170	0.002000	1.216755	3.997731	-0.999955	0.000000
3.336942	1.000104	6117.442019	4078.719219	0.000000	0.000000	-51.553170	0.002000	1.216755	3.997731	-0.999955	0.000000
3.356942	1.000104	6117.442019	4078.719219	0.000000	0.000000	-51.553170	0.002000	1.216755	3.997731	-0.999955	0.000000
3.376942	1.000104	6117.442019	4078.719219	0.000000	0.000000	-51.553170	0.002000	1.216755	3.997731	-0.999955	0.000000
3.396942	1.000104	6117.442019	4078.719219	0.000000	0.000000	-51.553170	0.002000	1.216755	3.997731	-0.999955	0.000000
3.416942	1.000104	6117.442019	4078.719219	0.000000	0.000000	-51.553170	0.002000	1.216755	3.997731	-0.999955	0.000000
3.436942	1.000104	6117.442019	4078.719219	0.000000	0.000000	-51.553170	0.002000	1.216755	3.997731	-0.999955	0.000000
3.456942	1.000104	6117.442019	4078.719219	0.000000	0.000000	-51.553170	0.002000	1.216755	3.997731	-0.999955	0.000000
3.476942	1.000104	6117.442019	4078.719219	0.000000	0.000000	-51.553170	0.002000	1.216755	3.997731	-0.999955	0.000000
3.496942	1.000104	6117.442019	4078.719219	0.000000	0.000000	-51.553170	0.002000	1.216755	3.997731	-0.999955	0.000000
3.516942	1.000104	6117.442019	4078.719219	0.000000	0.000000	-51.553170	0.002000	1.216755	3.997731	-0.999955	0.000000
3.536942	1.000104	6117.442019	4078.719219	0.000000	0.000000	-51.553170	0.002000	1.216755	3.997731	-0.999955	0.000000
3.556942	1.000104	6117.442019	4078.719219	0.000000	0.000000	-51.553170	0.002000	1.216755	3.997731	-0.999955	0.000000
3.576942	1.000104	6117.442019	4078.719219	0.000000	0.000000	-51.553170	0.002000	1.216755	3.997731	-0.999955	0.000000
3.596942	1.000104	6117.442019	4078.719219	0.000000	0.000000	-51.553170	0.002000	1.216755	3.997731	-0.999955	0.000000
3.616942	1.000104	6117.442019	4078.719219	0.000000	0.000000	-51.553170	0.002000	1.216755	3.997731	-0.999955	0.000000
3.636942	1.000104	6117.442019	4078.719219	0.000000	0.000000	-51.553170	0.002000	1.216755	3.997731	-0.999955	0.000000
3.656942	1.000104	6117.442019	4078.719219	0.000000	0.000000	-51.553170	0.002000	1.216755	3.997731	-0.999955	0.000000
3.676942	1.000104	6117.442019	4078.719219	0.000000	0.000000	-51.553170	0.002000	1.216755	3.997731	-0.999955	0.000000
3.696942	1.000104	6117.442019	4078.719219	0.000000	0.000000	-51.553170	0.002000	1.216755	3.997731	-0.999955	0.000000
3.716942	1.000104	6117.442019	4078.719219	0.000000	0.000000	-51.553170	0.002000	1.216755	3.997731	-0.999955	0.000000
3.736942	1.000104	6117.442019	4078.719219	0.000000	-0.000000	-51.553170	0.002000	1.216755	3.997731	-0.999955	0.000000
3.756942	1.000104	6117.442019	4078.719219	0.000000	0.000000	-51.553170	0.002000	1.216755	3.997731	-0.999955	0.000000
3.776942	1.000104	6117.442019	4078.719219	0.000000	0.000000	-51.553170	0.002000	1.216755	3.997731	-0.999955	0.000000
3.796942	1.000104	6117.442019	4078.719219	-0.000000	0.000000	-51.553170	0.002000	1.216755	3.997731	-0.999955	0.000000
3.816942	1.000104	6117.442019	4078.719219	-0.000000	0.000000	-51.553170	0.002000	1.216755	3.997731	-0.999955	0.000000
3.836942	1.000104	6117.442019	4078.719219	-0.000000	0.000000	-51.553170	0.002000	1.216755	3.997731	-0.999955	0.000000
3.856942	1.000104	6117.442019	4078.719219	-0.000000	-0.000000	-51.553170	0.002000	1.216755	3.997731	-0.999955	0.000000
3.876942	1.000104	6117.442019	4078.719219	0.000000	-0.000001	-51.553170	0.002000	1.216755	3.997731	-0.999955	0.000000
3.896942	1.000104	6117.442019	4078.719219	0.000000	-0.000000	-51.553170	0.002000	1.216755	3.997731	-0.999955	0.000000
3.916942	1.000104	6117.442019	4078.719219	-0.000000	0.000001	-51.553170	0.002000	1.216755	3.997731	-0.999955	0.000000
3.936942	1.000104	6117.442019	4078.719219	-0.000000	0.000001	-51.553170	0.002000	1.216755	3.997731	-0.999955	0.000000
3.956942	1.000104	6117.442019	4078.719219	-0.000000	-0.000000	-51.553170	0.002000	1.216755	3.997731	-0.999955	0.000000
3.976942	1.000104	6117.442019	4078.719219	-0.000000	-0.000001	-51.553170	0.002000	1.216755	3.997731	-0.999955	0.000000
3.996942	1.000104	6117.442019	4078.719219	0.000000	-0.000000	-51.553170	0.002000	1.216755	3.997731	-0.999955	0.000000
4.016942	1.000104	6117.442019	4078.719219	0.000000	0.000001	-51.553170	0.002000	1.216755	3.997731	-0.999955	0.000000
4.036942	1.000104	6117.442019	4078.719219	-0.000000	-0.000001	-51.553170	0.002000	1.216755	3.997731	-0.999955	0.000000
4.056942	1.000104	6117.442019	4078.719219	0.000000	-0.000001	-51.553170	0.002000	1.216755	3.997731	-0.999955	0.000000
4.076942	1.000104	6117.442019	4078.719219	-0.000000	0.000004	-51.553170	0.002000	1.216755	3.997731	-0.999955	0.000000
4.096942	1.000104	6117.442019	4078.719219	-0.000000	-0.000001	-51.553170	0.002000	1.216755	3.997731	-0.999955	0.000000
4.116942	1.000104	6117.442019	4078.719219	0.000000	-0.000002	-51.553170	0.002000	1.216755	3.997731	-0.999955	0.000000
4.136942	1.000104	6117.442019	4078.719219	0.000000	-0.000001	-51.553170	0.002000	1.216755	3.997731	-0.999955	0.000000
4.156942	1.000104	6117.442019	4078.719219	-0.000000	-0.000000	-51.553170	0.002000	1.216755	3.997731	-0.999955	0.000000
4.176942	1.000104	6117.442019	4078.719219	-0.000000	0.000000	-51.553170	0.002000	1.216755	3.997731	-0.999955	0.000000
4.196942	1.000104	6117.442019	4078.719219	-0.000000	-0.000001	-51.553170	0.002000	1.216755	3.997731	-0.999955	0.000000
4.216942	1.000104	6117.442019	4078.719219	0.000000	-0.000002	-51.553170	0.002000	1.216755	3.997731	-0.999955	0.000000
4.236942	1.000104	6117.442019	4078.719219	0.000000	-0.000001	-51.553170	0.002000	1.216755	3.997731	-0.999955	0.000000
4.256942	1.000104	6117.442019	4078.719219	0.000000	0.000000	-51.553170	0.002000	1.216755	3.997731	-0.999955	0.000000
4.276942	1.000104	6117.442019	4078.719219	0.000000	0.000002	-51.553170	0.002000	1.216755	3.997731	-0.999955	0.000000
4.296942	1.000104	6117.442019	4078.719219	-0.000000	0.000002	-51.553170	0.002000	1.216755	3.997731	-0.999955	0.000000
4.316942	1.000104	6117.442019	4078.719219	-0.000000	-0.000000	-51.553170	0.002000	1.216755	3.997731	-0.999955	0.000000
4.336942	1.000104	6117.442019	4078.719219	0.000000	-0.000002	-51.553170	0.002000	1.216755	3.997731	-0.999955	0.000000
4.356942	1.000104	6117.442019	4078.719219	0.000000	-0.000001	-51.553170	0.002000	1.216755	3.997731	-0.999955	0.000000
4.376942	1.000104	6117.442019	4078.719219	0.000000	0.000002	-51.553170	0.002000	1.216755	3.997731	-0.999955	0.000000
4.396942	1.000104	6117.442019	4078.719219	0.000000	0.000003	-51.553170	0.002000	1.216755	3.997731	-0.999955	0.000000
4.416942	1.000104	6117.442019	4078.719219	-0.000000	0.000002	-51.553170	0.002000	1.216755	3.997731	-0.999955	0.000000
4.436942	1.000104	6117.442019	4078.719219	-0.000000	-0.000003	-51.553170	0.002000	1.216755	3.997731	-0.999955	0.000000
4.456942	1.000104	6117.442019	4078.719219	0.000000	-0.000001	-51.553170	0.002000	1.216755	3.997731	-0.999955	0.000000
4.476942	1.000104	6117.442019	4078.719219	0.000000	0.000003	-51.553170	0.002000	1.216755	3.997731	-0.999955	0.000000
4.496942	1.000104	6117.442019	4078.719219	-0.000000	0.000002	-51.553170	0.002000	1.216755	3.997731	-0.999955	0.000000
4.516942	1.000104	6117.442019	4078.719219	-0.000000	-0.000002	-51.553170	0.002000	1.216755	3.997731	-0.999955	0.000000
4.536942	1.000104	6117.442019	4078.719219	0.000000	-0.000003	-51.553170	0.002000	1.216755	3.997731	-0.999955	0.000000
4.556942	1.000104	6117.442019	4078.719219	0.000000	-0.000000	-51.553170	0.002000	1.216755	3.997731	-0.999955	0.000000
4.576942	1.000104	6117.442019	4078.719219	-0.000000	0.000001	-51.553170	0.002000	1.216755	3.997731	-0.999955	0.000000
4.596942	1.000104	6117.442019	4078.719219	-0.000000	-0.000002	-51.553170	0.002000	1.216755	3.997731	-0.999955	0.000000
4.616942	1.000104	6117.442019	4078.719219	0.000000	0.000001	-51.553170	0.002000	1.216755	3.997731	-0.999955	0.000000
4.636942	1.000104	6117.442019	4078.719219	-0.000000	0.000000	-51.553170	0.002000	1.216755	3.997731	-0.999955	0.000000
4.656942	1.000104	6117.442019	4078.719219	0.000000	-0.000001	-51.553170	0.002000	1.216755	3.997731	-0.999955	0.000000
4.676942	1.000104	6117.442019	4078.719219	0.000000	0.000001	-51.553170	0.002000	1.216755	3.997731	-0.999955	0.000000
4.696942	1.000104	6117.442019	4078.719219	-0.000000	0.000002	-51.553170	0.002000	1.216755	3.997731	-0.999955	0.000000
4.716942	1.000104	6117.442019	4078.719219	-0.000000	0.000001	-51.553170	0.002000	1.216755	3.997731	-0.999955	0.000000
4.736942	1.000104	6117.442019	4078.719219	0.000000	-0.000002	-51.553170	0.002000	1.216755	3.997731	-0.999955	0.000000
4.756942	1.000104	6117.442019	4078.719219	0.000000	0.000002	-51.553170	0.002000	1.216755	3.997731	-0.999955	0.000000
4.776942	1.000104	6117.442019	4078.719219	-0.000000	0.000002	-51.553170	0.002000	1.216755	3.997731	-0.999955	0.000000
4.796942	1.000104	6117.442019	4078.719219	-0.000000	0.000001	-51.553170	0.002000	1.216755	3.997731	-0.999955	0.000000
4.816942	1.000104	6117.442019	4078.719219	0.000000	0.000001	-51.553170	0.002000	1.216755	3.997731	-0.999955	0.000000
4.836942	1.000104	6117.442019	4078.719219	0.000000	-0.000001	-51.553170	0.002000	1.216755	3.997731	-0.999955	0.000000
4.856942	1.000104	6117.442019	4078.719219	-0.000000	-0.000003	-51.553170	0.002000	1.216755	3.997731	-0.999955	0.000000
4.876942	1.000104	6117.442019	4078.719219	-0.000000	-0.000003	-51.553170	0.002000	1.216755	3.997731	-0.999955	0.000000
4.896942	1.000104	6117.442019	4078.719219	0.000000	-0.000002	-51.553170	0.002000	1.216755	3.997731	-0.999955	0.000000
4.916942	1.000104	6117.442019	4078.719219	-0.000000	-0.000000	-51.553170	0.002000	1.216755	3.997731	-0.999955	0.000000
4.936942	1.000104	6117.442019	4078.719219	-0.000000	-0.000000	-51.553170	0.002000	1.216755	3.997731	-0.999955	0.000000
4.956942	1.000104	6117.442019	4078.719219	0.000000	-0.000001	-51.553170	0.002000	1.216755	3.997731	-0.999955	0.000000
4.976942	1.000104	6117.442019	4078.719219	0.000000	0.000003	-51.553170	0.002000	1.216755	3.997731	-0.999955	0.000000
4.996942	1.000104	6117.442019	4078.719219	-0.000000	0.000002	-51.553170	0.002000	1.216755	3.997731	-0.999955	0.000000
5.016942	1.000104	6117.442019	4078.719219	-0.000000	-0.000001	-51.553170	0.002000	1.216755	3.997731	-0.999955	0.000000
5.036942	1.000104	6117.442019	4078.719219	-0.000000	-0.000001	-51.553170	0.002000	1.216755	3.997731	-0.999955	0.000000
5.056942	1.000104	6117.442019	4078.719219	0.000000	-0.000000	-51.553170	0.002000	1.216755	3.997731	-0.999955	0.000000
5.076942	1.000104	6117.442019	4078.719219	0.000000	-0.000000	-51.553170	0.002000	1.216755	3.997731	-0.999955	0.000000
5.096942	1.000104	6117.442019	4078.719219	0.000000	-0.000000	-51.553170	0.002000	1.216755	3.997731	-0.999955	0.000000
5.116942	1.000104	6117.442019	4078.719219	0.000000	-0.000000	-51.553170	0.002000	1.216755	3.997731	-0.999955	0.000000
5.136942	1.000104	6117.442019	4078.719219	0.000000	-0.000000	-51.553170	0.002000	1.216755	3.997731	-0.999955	0.000000
5.156942	1.000104	6117.442019	4078.719219	0.000000	-0.000000	-51.553170	0.002000	1.216755	3.997731	-0.999955	0.000000
5.176942	1.000104	6117.442019	4078.719219	0.000000	-0.000000	-51.553170	0.002000	1.216755	3.997731	-0.999955	0.000000
5.196942	1.000104	6117.442019	4078.719219	0.000000	-0.000000	-51.553170	0.002000	1.216755	3.997731	-0.999955	0.000000
5.216942	1.000104	6117.442019	4078.719219	0.000000	-0.000000	-51.553170	0.002000	1.216755	3.997731	-0.999955	0.000000
5.236942	1.000104	6117.442019	4078.719219	0.000000	-0.000000	-51.553170	0.002000	1.216755	3.997731	-0.999955	0.000000
5.256942	1.000104	6117.442019	4078.719219	0.000000	0.000000	-51.553170	0.002000	1.216755	3.997731	-0.999955	0.000000
5.276942	1.000104	6117.442019	4078.719219	0.000000	0.000000	-51.553170	0.002000	1.216755	3.997731	-0.999955	0.000000
5.296942	1.000104	6117.442019	4078.719219	0.000000	0.000000	-51.553170	0.002000	1.216755	3.997731	-0.999955	0.000000
5.316942	1.000104	6117.442019	4078.719219	0.000000	0.000000	-51.553170	0.002000	1.216755	3.997731	-0.999955	0.000000
5.336942	1.000104	6117.442019	4078.719219	0.000000	0.000000	-51.553170	0.002000	1.216755	3.997731	-0.999955	0.000000
5.356942	1.000104	6117.442019	4078.719219	0.000000	0.000000	-51.553170	0.002000	1.216755	3.997731	-0.999955	0.000000
5.376942	1.000104	6117.442019	4078.719219	0.000000	0.000000	-51.553170	0.002000	1.216755	3.997731	-0.999955	0.000000
5.396942	1.000104	6117.442019	4078.719219	0.000000	0.000000	-51.553170	0.002000	1.216755	3.997731	-0.999955	0.000000
5.416942	1.000104	6117.442019	4078.719219	0.000000	0.000000	-51.553170	0.002000	1.216755	3.997731	-0.999955	0.000000
5.436942	1.000104	6117.442019	4078.719219	0.000000	0.000000	-51.553170	0.002000	1.216755	3.997731	-0.999955	0.000000
5.456942	1.000104	6117.442019	4078.719219	0.000000	0.000000	-51.553170	0.002000	1.216755	3.997731	-0.999955	0.000000
5.476942	1.000104	6117.442019	4078.719219	0.000000	0.000000	-51.553170	0.002000	1.216755	3.997731	-0.999955	0.000000
5.496942	1.000104	6117.442019	4078.719219	0.000000	0.000000	-51.553170	0.002000	1.216755	3.997731	-0.999955	0.000000
5.516942	1.000104	6117.442019	4078.719219	0.000000	0.000000	-51.553170	0.002000	1.216755	3.997731	-0.999955	0.000000
5.536942	1.000104	6117.442019	4078.719219	0.000000	0.000000	-51.553170	0.002000	1.216755	3.997731	-0.999955	0.000000
5.556942	1.000104	6117.442019	4078.719219	0.000000	0.000000	-51.553170	0.002000	1.216755	3.997731	-0.999955	0.000000
5.576942	1.000104	6117.442019	4078.719219	0.000000	0.000000	-51.553170	0.002000	1.216755	3.997731	-0.999955	0.000000
5.596942	1.000104	6117.442019	4078.719219	0.000000	0.000000	-51.553170	0.002000	1.216755	3.997731	-0.999955	0.000000
5.616942	1.000104	6117.442019	4078.719219	0.000000	0.000000	-51.553170	0.002000	1.216755	3.997731	-0.999955	0.000000
5.636942	1.000104	6117.442019	4078.719219	0.000000	0.000000	-51.553170	0.002000	1.216755	3.997731	-0.999955	0.000000
5.656942	1.000104	6117.442019	4078.719219	0.000000	0.000000	-51.553170	0.002000	1.216755	3.997731	-0.999955	0.000000
5.676942	1.000104	6117.442019	4078.719219	0.000000	0.000000	-51.553170	0.002000	1.216755	3.997731	-0.999955	0.000000
5.696942	1.000104	6117.442019	4078.719219	0.000000	0.000000	-51.553170	0.002000	1.216755	3.997731	-0.999955	0.000000
5.716942	1.000104	6117.442019	4078.719219	0.000000	0.000000	-51.553170	0.002000	1.216755	3.997731	-0.999955	0.000000
5.736942	1.000104	6117.442019	4078.719219	0.000000	0.000000	-51.553170	0.002000	1.216755	3.997731	-0.999955	0.000000
5.756942	1.000104	6117.442019	4078.719219	0.000000	0.000000	-51.553170	0.002000	1.216755	3.997731	-0.999955	0.000000
5.776942	1.000104	6117.442019	4078.719219	0.000000	-0.000000	-51.553170	0.002000	1.216755	3.997731	-0.999955	0.000000
5.796942	1.000104	6117.442019	4078.719219	0.000000	0.000000	-51.553170	0.002000	1.216755	3.997731	-0.999955	0.000000
5.816942	1.000104	6117.442019	4078.719219	0.000000	0.000000	-51.553170	0.002000	1.216755	3.997731	-0.999955	0.000000
5.836942	1.000104	6117.442019	4078.719219	0.000000	0.000000	-51.553170	0.002000	1.216755	3.997731	-0.999955	0.000000
5.856942	1.000104	6117.442019	4078.719219	-0.000000	0.000000	-51.553170	0.002000	1.216755	3.997731	-0.999955	0.000000
5.876942	1.000104	6117.442019	4078.719219	-0.000000	0.000000	-51.553170	0.002000	1.216755	3.997731	-0.999955	0.000000
5.896942	1.000104	6117.442019	4078.719219	-0.000000	0.000000	-51.553170	0.002000	1.216755	3.997731	-0.999955	0.000000
5.916942	1.000104	6117.442019	4078.719219	-0.000000	0.000002	-51.553170	0.002000	1.216755	3.997731	-0.999955	0.000000
5.936942	1.000104	6117.442019	4078.719219	-0.000000	0.000007	-51.553170	0.002000	1.216755	3.997731	-0.999955	0.000000
5.956942	1.000104	6117.442019	4078.719219	-0.000000	0.000023	-51.553170	0.002000	1.216755	3.997731	-0.999955	0.000000
5.976942	1.000104	6117.442019	4078.719219	-0.000001	0.000067	-51.553170	0.002000	1.216755	3.997731	-0.999955	0.000000
5.996942	1.000104	6117.442019	4078.719220	-0.000002	0.000179	-51.553170	0.002000	1.216755	3.997731	-0.999955	0.000000
6.016942	1.000104	6117.442019	4078.719220	-0.000006	0.000475	-51.553170	0.002000	1.216755	3.997731	-0.999955	0.000000
6.036942	1.000104	6117.442019	4078.719220	-0.000017	0.001267	-51.553170	0.002000	1.216755	3.997731	-0.999955	0.000000
6.056942	1.000104	6117.442019	4078.719220	-0.000045	0.003234	-51.553170	0.002000	1.216755	3.997731	-0.999955	0.000000
6.076942	1.000104	6117.442019	4078.719220	-0.000112	0.007870	-51.553170	0.002000	1.216755	3.997731	-0.999955	0.000000
6.096942	1.000104	6117.442020	4078.719220	-0.000269	0.018216	-51.553170	0.002000	1.216755	3.997731	-0.999955	0.000000
6.116942	1.000104	6117.442020	4078.719220	-0.000609	0.039035	-51.553170	0.002000	1.216755	3.997731	-0.999955	0.000000
6.136942	1.000104	6117.442021	4078.719222	-0.001259	0.074061	-51.553170	0.002000	1.216755	3.997731	-0.999955	0.000000
6.156942	1.000104	6117.442023	4078.719224	-0.002242	0.109476	-51.553170	0.002000	1.216755	3.997731	-0.999955	0.000000
6.176942	1.000104	6117.442026	4078.719228	-0.002774	0.049680	-51.553170	0.002000	1.216755	3.997731	-0.999955	0.000000
6.196942	1.000104	6117.442027	4078.719233	0.001238	-0.494607	-51.553170	0.002000	1.216755	3.997731	-0.999955	0.000000
6.216942	1.000104	6117.442017	4078.719228	0.025167	-2.831734	-51.553170	0.002000	1.216755	3.997731	-0.999955	0.000000
6.236942	1.000104	6117.441954	4078.719173	0.118554	-10.919274	-51.553170	0.002000	1.216755	3.997731	-0.999955	0.000000
6.256942	1.000104	6117.441704	4078.718929	0.426708	-35.824644	-51.553170	0.002000	1.216755	3.997731	-0.999955	0.000000
6.276942	1.000104	6117.440873	4078.718069	1.346203	-106.600477	-51.553169	0.002000	1.216755	3.997730	-0.999955	0.000000
6.296942	1.000104	6117.438376	4078.715392	3.895383	-295.337286	-51.553165	0.002000	1.216755	3.997730	-0.999955	0.000000
6.316942	1.000103	6117.431415	4078.707720	10.548002	-771.689434	-51.553153	0.002000	1.216755	3.997730	-0.999955	0.000000
6.336942	1.000101	6117.413132	4078.687103	27.001385	-1914.685138	-51.553121	0.002000	1.216755	3.997729	-0.999956	0.000000
6.356943	1.000095	6117.367574	4078.634672	65.697354	-4527.634875	-51.553039	0.002000	1.216755	3.997725	-0.999959	0.000000
6.376943	1.000081	6117.259446	4078.507837	152.358867	-10222.120073	-51.552840	0.002000	1.216755	3.997718	-0.999965	0.000000
6.396943	1.000048	6117.014521	4078.215217	337.178264	-22047.323780	-51.552375	0.002000	1.216755	3.997701	-0.999979	0.000000
6.416945	0.999974	6116.484682	4077.570648	712.147987	-45414.782925	-51.551344	0.002000	1.216755	3.997664	-1.000010	0.000000
6.436948	0.999816	6115.390205	4076.214868	1434.557584	-89263.619575	-51.549160	0.002000	1.216755	3.997587	-1.000078	0.000000
6.456956	0.999492	6113.232980	4073.493359	2752.876635	-167184.194830	-51.544748	0.002001	1.216755	3.997436	-1.000217	0.000000
6.476972	0.998862	6109.180632	4068.285508	5024.673770	-297873.572674	-51.536259	0.002002	1.216755	3.997151	-1.000488	0.000000
6.497004	0.997692	6101.935517	4058.798728	8708.741708	-503967.774255	-51.520713	0.002005	1.216755	3.996640	-1.000991	0.000000
6.517065	0.995627	6089.623709	4042.373138	14310.317634	-808303.545570	-51.493661	0.002009	1.216755	3.995771	-1.001882	0.000000
6.537179	0.992165	6069.758977	4015.381591	22268.420382	-1227439.708201	-51.448958	0.002016	1.216755	3.994362	-1.003383	0.000000
6.557379	0.986651	6039.340343	3973.330601	32802.652612	-1763862.270402	-51.378835	0.002027	1.216755	3.992193	-1.005787	0.000000
6.577716	0.978316	5995.106979	3911.242578	45770.221424	-2400075.084510	-51.274347	0.002044	1.216755	3.989016	-1.009450	0.000000
6.598259	0.966341	5933.907961	3824.314591	60611.759194	-3098286.171987	-51.126151	0.002070	1.216755	3.984578	-1.014773	0.000000
6.619102	0.949962	5853.064503	3708.681416	76424.817842	-3806917.733251	-50.925486	0.002105	1.216755	3.978640	-1.022168	0.000000
6.640360	0.928580	5750.505677	3562.084250	92144.544761	-4473067.892485	-50.664883	0.002154	1.216755	3.970981	-1.032025	0.000000
6.662177	0.901826	5624.600784	3384.085696	106789.828139	-5054490.906755	-50.338584	0.002218	1.216755	3.961384	-1.044691	0.000000
6.684723	0.869595	5473.345653	3175.718525	119580.522990	-5527153.510208	-49.942522	0.002300	1.216755	3.949562	-1.060468	0.000000
6.708198	0.831976	5293.583231	2938.826190	130063.258257	-5886097.197797	-49.473198	0.002404	1.216755	3.935074	-1.079648	0.000000
6.732843	0.788909	5080.713825	2674.866532	138098.013696	-6125332.158391	-48.927719	0.002535	1.216755	3.917263	-1.102709	0.000000
6.758971	0.740035	4831.126795	2386.077347	143648.837819	-6228944.250375	-48.299340	0.002703	1.216755	3.895399	-1.130462	0.000000
6.787006	0.683876	4550.744329	2077.173967	147194.561735	-6148119.172095	-47.575715	0.002925	1.216755	3.869442	-1.164717	0.000000
6.817660	0.618727	4260.089278	1759.361231	148792.077566	-5843266.574995	-46.732199	0.003232	1.216755	3.840781	-1.208174	0.000000
6.852041	0.543080	4002.662216	1450.997511	149092.854414	-5352283.475600	-45.714512	0.003683	1.216755	3.813706	-1.264788	0.000000
6.892143	0.456519	3822.859278	1164.963711	148747.643136	-4719434.177046	-44.451876	0.004381	1.216755	3.793730	-1.340166	0.000000
6.941579	0.364178	3773.929911	917.445923	146435.336451	-4108205.227830	-42.747531	0.005492	1.216755	3.788114	-1.438282	0.000000
7.006138	0.256819	3887.335567	666.438074	149664.338476	-3430870.436714	-40.354654	0.007788	1.216755	3.800942	-1.589931	0.000000
7.117595	0.148870	4861.675068	483.118888	147263.971872	-2435777.324248	-35.485684	0.013435	1.216755	3.898020	-1.826714	0.000000
-0.002992	3.345128	103243.620928	230242.954093	10.029298	0.000000	0.001075	0.000598	0.000000	5.225028	-0.475590	0.000000
-0.008969	3.353781	102949.019395	230179.293988	30.400186	0.000000	0.003124	0.000596	0.000000	5.223787	-0.474469	0.000000
-0.014923	3.370529	102383.493808	230057.889458	50.883436	0.000000	0.004878	0.000593	0.000000	5.221394	-0.472305	0.000000
-0.020840	3.394326	101591.513513	229889.954707	69.423104	0.000000	0.006172	0.000589	0.000000	5.218020	-0.469249	0.000000
-0.026711	3.423683	100633.364068	229691.196465	82.154227	0.000000	0.006881	0.000584	0.000000	5.213903	-0.465507	0.000000
-0.032527	3.456769	99578.743353	229480.400864	84.671288	0.000000	0.006948	0.000579	0.000000	5.209327	-0.461329	0.000000
-0.038285	3.491562	98499.296490	229277.408159	73.921796	0.000000	0.006386	0.000573	0.000000	5.204592	-0.456979	0.000000
-0.043985	3.526023	97461.497500	229100.720791	49.851691	0.000000	0.005286	0.000567	0.000000	5.199991	-0.452712	0.000000
-0.049630	3.558290	96520.566603	228965.108835	16.039006	0.000000	0.003805	0.000562	0.000000	5.195777	-0.448756	0.000000
-0.055227	3.586851	95716.268288	228879.679533	-20.986174	0.000000	0.002143	0.000558	0.000000	5.192142	-0.445283	0.000000
-0.060782	3.610681	95070.885711	228846.825913	-53.493557	0.000000	0.000511	0.000554	0.000000	5.189205	-0.442408	0.000000
-0.066305	3.629302	94589.461213	228862.297320	-74.742102	0.000000	-0.000904	0.000551	0.000000	5.187001	-0.440175	0.000000
-0.071803	3.642769	94262.006094	228916.381643	-80.850612	0.000000	-0.001961	0.000549	0.000000	5.185495	-0.438567	0.000000
-0.077285	3.651579	94067.197877	228995.935578	-71.751898	0.000000	-0.002591	0.000548	0.000000	5.184598	-0.437519	0.000000
-0.082758	3.656537	93976.895288	229086.812715	-50.977268	0.000000	-0.002796	0.000547	0.000000	5.184182	-0.436930	0.000000
-0.088225	3.658591	93960.753808	229176.172578	-24.421653	0.000000	-0.002638	0.000547	0.000000	5.184108	-0.436687	0.000000
-0.093691	3.658688	93990.256828	229254.221027	1.441297	0.000000	-0.002223	0.000547	0.000000	5.184245	-0.436676	0.000000
