0.002992	3.345344	103236.073614	230240.990963	10.215536	-3183401.090793	-0.001072	0.000598	1.216755	5.224997	-0.475562	0.000000
0.008969	3.353978	102942.184817	230177.498334	30.854705	-2882135.600067	-0.003115	0.000596	1.216755	5.223758	-0.474444	0.000000
0.014922	3.370688	102378.029612	230056.441728	51.346548	-2303268.415201	-0.004863	0.000593	1.216755	5.221371	-0.472285	0.000000
0.020839	3.394432	101587.958720	229889.043713	69.613850	-1497453.515707	-0.006151	0.000589	1.216755	5.218005	-0.469235	0.000000
0.026709	3.423724	100632.068889	229690.989417	81.914245	-544808.933861	-0.006857	0.000584	1.216755	5.213898	-0.465502	0.000000
0.032525	3.456741	99579.804926	229480.995504	84.052367	447837.305353	-0.006923	0.000579	1.216755	5.209331	-0.461333	0.000000
0.038283	3.491469	98502.522954	229278.785884	73.174596	1358966.947999	-0.006364	0.000573	1.216755	5.204606	-0.456990	0.000000
0.043984	3.525876	97466.418348	229102.722643	49.325966	2071741.191896	-0.005271	0.000567	1.216755	5.200013	-0.452731	0.000000
0.049629	3.558108	96526.496489	228967.449032	16.042259	2496264.715009	-0.003801	0.000562	1.216755	5.195803	-0.448778	0.000000
0.055226	3.586657	95722.415219	228881.997491	-20.309003	2588023.381913	-0.002149	0.000558	1.216755	5.192170	-0.445307	0.000000
0.060782	3.610499	95076.481816	228848.763405	-52.212170	2357233.365728	-0.000526	0.000554	1.216755	5.189230	-0.442430	0.000000
0.066305	3.629152	94593.887547	228863.578238	-73.109025	1866315.435064	0.000881	0.000551	1.216755	5.187021	-0.440192	0.000000
0.071804	3.642665	94264.884467	228916.870835	-79.204456	1216128.803221	0.001937	0.000549	1.216755	5.185509	-0.438579	0.000000
0.077286	3.651527	94068.430916	228995.660325	-70.397345	524372.499658	0.002570	0.000548	1.216755	5.184604	-0.437525	0.000000
0.082758	3.656533	93976.648856	229085.942612	-50.087865	-98490.092593	0.002781	0.000547	1.216755	5.184181	-0.436931	0.000000
0.088226	3.658625	93959.389940	229174.966414	-23.997835	-569938.651092	0.002631	0.000547	1.216755	5.184102	-0.436683	0.000000
0.093692	3.658747	93988.236881	229252.958334	1.550787	-847920.161766	0.002223	0.000547	1.216755	5.184236	-0.436669	0.000000
0.099159	3.657730	94039.429759	229314.027063	21.320752	-932824.793531	0.001676	0.000547	1.216755	5.184472	-0.436790	0.000000
0.104629	3.656225	94095.451824	229356.198602	32.306987	-859635.828877	0.001100	0.000547	1.216755	5.184731	-0.436968	0.000000
0.110101	3.654681	94145.297264	229380.739533	34.085750	-683656.493351	0.000583	0.000547	1.216755	5.184960	-0.437152	0.000000
0.115575	3.653356	94183.687839	229391.057710	28.400022	-464535.693065	0.000176	0.000547	1.216755	5.185137	-0.437309	0.000000
0.121051	3.652357	94209.652263	229391.503994	18.249766	-252958.352101	-0.000100	0.000548	1.216755	5.185256	-0.437427	0.000000
0.126528	3.651684	94224.904221	229386.344552	6.854798	-82716.848761	-0.000254	0.000548	1.216755	5.185327	-0.437507	0.000000
0.132006	3.651279	94232.373787	229379.065290	-3.185390	31234.249544	-0.000311	0.000548	1.216755	5.185361	-0.437555	0.000000
0.137484	3.651061	94235.107787	229372.050734	-10.349013	89908.313023	-0.000304	0.000548	1.216755	5.185373	-0.437581	0.000000
0.142963	3.650955	94235.609197	229366.583638	-14.242912	104719.530142	-0.000263	0.000548	1.216755	5.185376	-0.437594	0.000000
0.148441	3.650900	94235.571644	229363.057181	-15.348096	91409.510240	-0.000213	0.000548	1.216755	5.185375	-0.437600	0.000000
0.153920	3.650859	94235.900045	229361.280149	-14.620945	65100.057463	-0.000169	0.000548	1.216755	5.185377	-0.437605	0.000000
0.159399	3.650812	94236.891004	229360.776310	-13.104026	37278.296971	-0.000137	0.000548	1.216755	5.185382	-0.437611	0.000000
0.164877	3.650755	94238.463885	229361.016428	-11.645576	14750.783784	-0.000120	0.000548	1.216755	5.185389	-0.437618	0.000000
0.170356	3.650690	94240.368416	229361.559904	-10.767236	87.823746	-0.000113	0.000548	1.216755	5.185398	-0.437625	0.000000
0.175835	3.650622	94242.332312	229362.112799	-10.667781	-7125.633158	-0.000115	0.000548	1.216755	5.185407	-0.437633	0.000000
0.181315	3.650559	94244.142539	229362.525551	-11.300688	-8860.358884	-0.000119	0.000548	1.216755	5.185415	-0.437641	0.000000
0.186794	3.650503	94245.672466	229362.758009	-12.482144	-7460.682420	-0.000125	0.000548	1.216755	5.185422	-0.437647	0.000000
0.192273	3.650458	94246.874444	229362.835150	-14.012005	-4902.324053	-0.000129	0.000548	1.216755	5.185428	-0.437653	0.000000
0.197753	3.650423	94247.756565	229362.808563	-15.718861	-2481.114131	-0.000132	0.000548	1.216755	5.185432	-0.437657	0.000000
0.203232	3.650399	94248.357203	229362.730352	-17.466660	-814.289833	-0.000133	0.000548	1.216755	5.185434	-0.437660	0.000000
0.208711	3.650383	94248.724836	229362.640067	-19.250614	-24.507113	-0.000133	0.000548	1.216755	5.185436	-0.437662	0.000000
0.214191	3.650375	94248.905591	229362.561491	-21.086821	41.136528	-0.000132	0.000548	1.216755	5.185437	-0.437663	0.000000
0.219670	3.650373	94248.937623	229362.504776	-22.874262	-349.191434	-0.000130	0.000548	1.216755	5.185437	-0.437663	0.000000
0.225150	3.650376	94248.850213	229362.471338	-24.826649	-967.265867	-0.000127	0.000548	1.216755	5.185437	-0.437663	0.000000
0.230629	3.650383	94248.665432	229362.458734	-27.057287	-1679.838147	-0.000124	0.000548	1.216755	5.185436	-0.437662	0.000000
0.236109	3.650393	94248.400287	229362.462418	-28.974250	-2341.383977	-0.000121	0.000548	1.216755	5.185435	-0.437661	0.000000
0.241588	3.650406	94248.068526	229362.478695	-31.377211	-2948.556989	-0.000117	0.000548	1.216755	5.185433	-0.437659	0.000000
0.247067	3.650421	94247.682534	229362.507433	-34.733005	-3648.909737	-0.000112	0.000548	1.216755	5.185431	-0.437657	0.000000
0.252547	3.650439	94247.253498	229362.545261	-36.127740	-4183.004007	-0.000107	0.000548	1.216755	5.185429	-0.437655	0.000000
0.258026	3.650457	94246.790831	229362.590216	-39.017474	-4646.721395	-0.000102	0.000548	1.216755	5.185427	-0.437653	0.000000
0.263506	3.650477	94246.304825	229362.651860	-45.924269	-5723.692282	-0.000095	0.000548	1.216755	5.185425	-0.437651	0.000000
0.268985	3.650497	94245.804378	229362.719711	-43.075212	-6132.968545	-0.000087	0.000548	1.216755	5.185423	-0.437648	0.000000
0.274464	3.650518	94245.292924	229362.783883	-45.604679	-6093.333321	-0.000082	0.000548	1.216755	5.185420	-0.437646	0.000000
0.279943	3.650540	94244.780821	229362.887441	-67.040759	-8814.264316	-0.000071	0.000548	1.216755	5.185418	-0.437643	0.000000
0.285422	3.650561	94244.276257	229362.981498	-42.583581	-8412.069839	-0.000059	0.000548	1.216755	5.185416	-0.437641	0.000000
0.290902	3.650581	94243.765305	229363.010321	-38.146199	-5303.373255	-0.000062	0.000548	1.216755	5.185413	-0.437638	0.000000
0.296381	3.650602	94243.269527	229363.170710	-124.906980	-14878.525579	-0.000043	0.000548	1.216755	5.185411	-0.437636	0.000000
0.301860	3.650622	94242.808044	229363.242269	1.173717	-10410.621092	-0.000020	0.000548	1.216755	5.185409	-0.437633	0.000000
0.307339	3.650637	94242.297683	229362.926661	55.240677	8868.740899	-0.000071	0.000548	1.216755	5.185407	-0.437632	0.000000
0.312818	3.650657	94241.818564	229363.121781	-331.041768	-30583.369956	-0.000035	0.000548	1.216755	5.185404	-0.437629	0.000000
0.318297	3.650670	94241.457835	229362.831776	265.810290	-7653.867480	0.000024	0.000548	1.216755	5.185403	-0.437628	0.000000
0.323776	3.650658	94240.814064	229360.473692	626.886311	94028.625110	-0.000287	0.000548	1.216755	5.185400	-0.437629	0.000000
0.329255	3.650671	94240.219281	229360.096461	-1127.009638	-75438.112323	-0.000230	0.000548	1.216755	5.185397	-0.437627	0.000000
0.334734	3.650642	94240.109013	229357.148911	1657.142612	31644.150749	-0.000055	0.000548	1.216755	5.185396	-0.437632	0.000000
0.340213	3.650489	94238.578178	229343.250708	3829.536844	552301.964007	-0.001696	0.000548	1.216755	5.185389	-0.437651	0.000000
0.345693	3.650423	94236.987309	229336.354352	-4080.581695	-170601.626606	-0.001847	0.000548	1.216755	5.185382	-0.437658	0.000000
0.351172	3.650137	94237.488353	229315.291879	8976.571858	335444.542875	-0.001440	0.000548	1.216755	5.185384	-0.437699	0.000000
0.356652	3.649179	94231.025781	229235.614695	21620.601123	3002085.971106	-0.009989	0.000548	1.216755	5.185350	-0.437816	0.000000
0.362135	3.648462	94222.952889	229174.958580	-13370.357067	19432.606133	-0.012842	0.000548	1.216755	5.185317	-0.437898	0.000000
0.367616	3.646525	94223.683975	229032.699259	48693.719719	2527906.288728	-0.013435	0.000548	1.216755	5.185317	-0.438168	0.000000
0.373104	3.640873	94189.896237	228571.772052	121577.313505	16400271.621992	-0.058638	0.000549	1.216755	5.185139	-0.438865	0.000000
0.378604	3.635333	94140.726814	228115.241784	-28450.218891	5056020.965032	-0.084719	0.000550	1.216755	5.184930	-0.439524	0.000000
0.384107	3.622919	94125.393131	227183.097511	269580.643523	18373894.051016	-0.103643	0.000552	1.216755	5.184839	-0.441211	0.000000
0.389640	3.590005	93931.944284	224505.609468	697677.128391	94684191.768177	-0.347820	0.000557	1.216755	5.183826	-0.445347	0.000000
0.395250	3.552362	93600.399123	221372.777881	84487.466896	65073759.641667	-0.552436	0.000563	1.216755	5.182336	-0.449960	0.000000
0.400895	3.482350	93351.696895	215885.581295	1420282.238369	149249061.294669	-0.726545	0.000574	1.216755	5.181048	-0.459573	0.000000
0.406714	3.313261	92040.986597	201641.447266	4159100.000963	663216595.389572	-2.042977	0.000604	1.216755	5.174082	-0.482250	0.000000
0.412992	3.129221	89251.366508	184779.894647	1363150.436166	768489633.630394	-3.569967	0.000639	1.216755	5.160509	-0.506602	0.000000
0.419521	2.940014	86459.690424	167130.264330	3360880.834233	1064092005.565211	-4.006895	0.000680	1.216755	5.146162	-0.535855	0.000000
0.426562	2.470508	78688.027963	124189.906632	22489143.117178	4141342750.760694	-8.959185	0.000810	1.216755	5.099267	-0.617929	0.000000
0.436230	1.809416	56129.102678	62279.481543	37878931.757081	8266520937.389701	-23.468489	0.001105	1.216755	4.938152	-0.756556	0.000000
0.450423	1.321302	27999.061537	22249.807878	26222955.070538	6308008123.462552	-38.995992	0.001514	1.216755	4.623873	-0.889295	0.000000
0.468154	1.098233	11922.609689	8041.869443	10887276.512098	2434688816.106721	-47.622966	0.001821	1.216755	4.256442	-0.963833	0.000000
0.487523	1.024375	7035.711877	4679.803103	2936865.272504	477669064.545042	-50.665269	0.001952	1.216755	4.048377	-0.990898	0.000000
0.507392	1.005113	6230.110140	4158.172142	577709.589890	59332992.743444	-51.393828	0.001990	1.216755	4.004255	-0.998101	0.000000
0.527369	1.000984	6132.233254	4089.937567	95730.865384	7419524.725584	-51.528741	0.001998	1.216755	3.998602	-0.999633	0.000000
0.547366	1.000238	6119.552076	4080.345766	13371.763632	1038181.433531	-51.549981	0.002000	1.216755	3.997855	-0.999907	0.000000
0.567366	1.000122	6117.744195	4078.945736	1599.878588	151009.270094	-51.552810	0.002000	1.216755	3.997748	-0.999949	0.000000
0.587366	1.000106	6117.483139	4078.748572	165.980691	21185.006532	-51.553135	0.002000	1.216755	3.997733	-0.999954	0.000000
0.607366	1.000104	6117.447220	4078.722729	14.761864	2772.032405	-51.553167	0.002000	1.216755	3.997731	-0.999955	0.000000
0.627366	1.000104	6117.442628	4078.719607	1.115754	334.963287	-51.553170	0.002000	1.216755	3.997731	-0.999955	0.000000
0.647366	1.000104	6117.442085	4078.719260	0.077117	37.416050	-51.553170	0.002000	1.216755	3.997731	-0.999955	0.000000
0.667366	1.000104	6117.442026	4078.719224	0.007187	3.905717	-51.553170	0.002000	1.216755	3.997731	-0.999955	0.000000
0.687366	1.000104	6117.442020	4078.719220	0.001249	0.392084	-51.553170	0.002000	1.216755	3.997731	-0.999955	0.000000
0.707366	1.000104	6117.442019	4078.719220	0.000255	0.040087	-51.553170	0.002000	1.216755	3.997731	-0.999955	0.000000
0.727366	1.000104	6117.442019	4078.719220	0.000046	0.004506	-51.553170	0.002000	1.216755	3.997731	-0.999955	0.000000
0.747366	1.000104	6117.442019	4078.719219	0.000007	0.000579	-51.553170	0.002000	1.216755	3.997731	-0.999955	0.000000
0.767366	1.000104	6117.442019	4078.719219	0.000001	0.000081	-51.553170	0.002000	1.216755	3.997731	-0.999955	0.000000
0.787366	1.000104	6117.442019	4078.719219	0.000000	0.000011	-51.553170	0.002000	1.216755	3.997731	-0.999955	0.000000
0.807366	1.000104	6117.442019	4078.719219	0.000000	0.000002	-51.553170	0.002000	1.216755	3.997731	-0.999955	0.000000
0.827366	1.000104	6117.442019	4078.719219	-0.000000	0.000000	-51.553170	0.002000	1.216755	3.997731	-0.999955	0.000000
0.847366	1.000104	6117.442019	4078.719219	-0.000000	-0.000000	-51.553170	0.002000	1.216755	3.997731	-0.999955	0.000000
0.867366	1.000104	6117.442019	4078.719219	-0.000000	-0.000000	-51.553170	0.002000	1.216755	3.997731	-0.999955	0.000000
0.887366	1.000104	6117.442019	4078.719219	0.000000	-0.000001	-51.553170	0.002000	1.216755	3.997731	-0.999955	0.000000
0.907366	1.000104	6117.442019	4078.719219	0.000000	0.000000	-51.553170	0.002000	1.216755	3.997731	-0.999955	0.000000
0.927366	1.000104	6117.442019	4078.719219	-0.000000	0.000001	-51.553170	0.002000	1.216755	3.997731	-0.999955	0.000000
0.947366	1.000104	6117.442019	4078.719219	-0.000000	-0.000000	-51.553170	0.002000	1.216755	3.997731	-0.999955	0.000000
0.967366	1.000104	6117.442019	4078.719219	0.000000	0.000000	-51.553170	0.002000	1.216755	3.997731	-0.999955	0.000000
0.987366	1.000104	6117.442019	4078.719219	-0.000000	0.000001	-51.553170	0.002000	1.216755	3.997731	-0.999955	0.000000
1.007366	1.000104	6117.442019	4078.719219	-0.000000	-0.000001	-51.553170	0.002000	1.216755	3.997731	-0.999955	0.000000
1.027366	1.000104	6117.442019	4078.719219	0.000000	-0.000001	-51.553170	0.002000	1.216755	3.997731	-0.999955	0.000000
1.047366	1.000104	6117.442019	4078.719219	0.000000	0.000000	-51.553170	0.002000	1.216755	3.997731	-0.999955	0.000000
1.067366	1.000104	6117.442019	4078.719219	-0.000000	0.000000	-51.553170	0.002000	1.216755	3.997731	-0.999955	0.000000
1.087366	1.000104	6117.442019	4078.719219	-0.000000	-0.000000	-51.553170	0.002000	1.216755	3.997731	-0.999955	0.000000
1.107366	1.000104	6117.442019	4078.719219	0.000000	-0.000000	-51.553170	0.002000	1.216755	3.997731	-0.999955	0.000000
1.127366	1.000104	6117.442019	4078.719219	0.000000	-0.000000	-51.553170	0.002000	1.216755	3.997731	-0.999955	0.000000
1.147366	1.000104	6117.442019	4078.719219	0.000000	0.000000	-51.553170	0.002000	1.216755	3.997731	-0.999955	0.000000
1.167366	1.000104	6117.442019	4078.719219	-0.000000	0.000001	-51.553170	0.002000	1.216755	3.997731	-0.999955	0.000000
1.187366	1.000104	6117.442019	4078.719219	-0.000000	0.000000	-51.553170	0.002000	1.216755	3.997731	-0.999955	0.000000
1.207366	1.000104	6117.442019	4078.719219	-0.000000	0.000000	-51.553170	0.002000	1.216755	3.997731	-0.999955	0.000000
1.227366	1.000104	6117.442019	4078.719219	-0.000000	-0.000000	-51.553170	0.002000	1.216755	3.997731	-0.999955	0.000000
1.247366	1.000104	6117.442019	4078.719219	-0.000000	-0.000001	-51.553170	0.002000	1.216755	3.997731	-0.999955	0.000000
1.267366	1.000104	6117.442019	4078.719219	0.000000	-0.000000	-51.553170	0.002000	1.216755	3.997731	-0.999955	0.000000
1.287366	1.000104	6117.442019	4078.719219	0.000000	0.000000	-51.553170	0.002000	1.216755	3.997731	-0.999955	0.000000
1.307366	1.000104	6117.442019	4078.719219	-0.000000	0.000000	-51.553170	0.002000	1.216755	3.997731	-0.999955	0.000000
1.327366	1.000104	6117.442019	4078.719219	0.000000	0.000000	-51.553170	0.002000	1.216755	3.997731	-0.999955	0.000000
1.347366	1.000104	6117.442019	4078.719219	0.000000	0.000001	-51.553170	0.002000	1.216755	3.997731	-0.999955	0.000000
1.367366	1.000104	6117.442019	4078.719219	-0.000000	0.000001	-51.553170	0.002000	1.216755	3.997731	-0.999955	0.000000
1.387366	1.000104	6117.442019	4078.719219	-0.000000	-0.000002	-51.553170	0.002000	1.216755	3.997731	-0.999955	0.000000
1.407366	1.000104	6117.442019	4078.719219	0.000000	-0.000001	-51.553170	0.002000	1.216755	3.997731	-0.999955	0.000000
1.427366	1.000104	6117.442019	4078.719219	0.000000	0.000001	-51.553170	0.002000	1.216755	3.997731	-0.999955	0.000000
1.447366	1.000104	6117.442019	4078.719219	0.000000	0.000001	-51.553170	0.002000	1.216755	3.997731	-0.999955	0.000000
1.467366	1.000104	6117.442019	4078.719219	-0.000000	0.000001	-51.553170	0.002000	1.216755	3.997731	-0.999955	0.000000
1.487366	1.000104	6117.442019	4078.719219	0.000000	-0.000001	-51.553170	0.002000	1.216755	3.997731	-0.999955	0.000000
1.507366	1.000104	6117.442019	4078.719219	0.000000	0.000001	-51.553170	0.002000	1.216755	3.997731	-0.999955	0.000000
1.527366	1.000104	6117.442019	4078.719219	-0.000000	0.000000	-51.553170	0.002000	1.216755	3.997731	-0.999955	0.000000
1.547366	1.000104	6117.442019	4078.719219	-0.000000	-0.000001	-51.553170	0.002000	1.216755	3.997731	-0.999955	0.000000
1.567366	1.000104	6117.442019	4078.719219	0.000000	-0.000000	-51.553170	0.002000	1.216755	3.997731	-0.999955	0.000000
1.587366	1.000104	6117.442019	4078.719219	0.000000	0.000001	-51.553170	0.002000	1.216755	3.997731	-0.999955	0.000000
1.607366	1.000104	6117.442019	4078.719219	-0.000000	0.000000	-51.553170	0.002000	1.216755	3.997731	-0.999955	0.000000
1.627366	1.000104	6117.442019	4078.719219	0.000000	-0.000001	-51.553170	0.002000	1.216755	3.997731	-0.999955	0.000000
1.647366	1.000104	6117.442019	4078.719219	0.000000	0.000001	-51.553170	0.002000	1.216755	3.997731	-0.999955	0.000000
1.667366	1.000104	6117.442019	4078.719219	-0.000000	0.000001	-51.553170	0.002000	1.216755	3.997731	-0.999955	0.000000
1.687366	1.000104	6117.442019	4078.719219	-0.000000	-0.000001	-51.553170	0.002000	1.216755	3.997731	-0.999955	0.000000
1.707366	1.000104	6117.442019	4078.719219	0.000000	-0.000000	-51.553170	0.002000	1.216755	3.997731	-0.999955	0.000000
1.727366	1.000104	6117.442019	4078.719219	-0.000000	0.000001	-51.553170	0.002000	1.216755	3.997731	-0.999955	0.000000
1.747366	1.000104	6117.442019	4078.719219	-0.000000	-0.000001	-51.553170	0.002000	1.216755	3.997731	-0.999955	0.000000
1.767366	1.000104	6117.442019	4078.719219	0.000000	-0.000001	-51.553170	0.002000	1.216755	3.997731	-0.999955	0.000000
1.787366	1.000104	6117.442019	4078.719219	0.000000	0.000000	-51.553170	0.002000	1.216755	3.997731	-0.999955	0.000000
1.807366	1.000104	6117.442019	4078.719219	0.000000	0.000000	-51.553170	0.002000	1.216755	3.997731	-0.999955	0.000000
1.827366	1.000104	6117.442019	4078.719219	-0.000000	0.000001	-51.553170	0.002000	1.216755	3.997731	-0.999955	0.000000
1.847366	1.000104	6117.442019	4078.719219	-0.000000	-0.000000	-51.553170	0.002000	1.216755	3.997731	-0.999955	0.000000
1.867366	1.000104	6117.442019	4078.719219	0.000000	0.000001	-51.553170	0.002000	1.216755	3.997731	-0.999955	0.000000
1.887366	1.000104	6117.442019	4078.719219	-0.000000	0.000001	-51.553170	0.002000	1.216755	3.997731	-0.999955	0.000000
1.907366	1.000104	6117.442019	4078.719219	-0.000000	0.000000	-51.553170	0.002000	1.216755	3.997731	-0.999955	0.000000
1.927366	1.000104	6117.442019	4078.719219	0.000000	0.000001	-51.553170	0.002000	1.216755	3.997731	-0.999955	0.000000
1.947366	1.000104	6117.442019	4078.719219	-0.000000	-0.000000	-51.553170	0.002000	1.216755	3.997731	-0.999955	0.000000
1.967366	1.000104	6117.442019	4078.719219	-0.000000	-0.000001	-51.553170	0.002000	1.216755	3.997731	-0.999955	0.000000
1.987366	1.000104	6117.442019	4078.719219	0.000000	-0.000001	-51.553170	0.002000	1.216755	3.997731	-0.999955	0.000000
2.007366	1.000104	6117.442019	4078.719219	0.000000	0.000000	-51.553170	0.002000	1.216755	3.997731	-0.999955	0.000000
2.027366	1.000104	6117.442019	4078.719219	-0.000000	0.000001	-51.553170	0.002000	1.216755	3.997731	-0.999955	0.000000
2.047366	1.000104	6117.442019	4078.719219	0.000000	-0.000002	-51.553170	0.002000	1.216755	3.997731	-0.999955	0.000000
2.067366	1.000104	6117.442019	4078.719219	0.000000	0.000001	-51.553170	0.002000	1.216755	3.997731	-0.999955	0.000000
2.087366	1.000104	6117.442019	4078.719219	-0.000000	0.000002	-51.553170	0.002000	1.216755	3.997731	-0.999955	0.000000
2.107366	1.000104	6117.442019	4078.719219	-0.000000	-0.000001	-51.553170	0.002000	1.216755	3.997731	-0.999955	0.000000
2.127366	1.000104	6117.442019	4078.719219	0.000000	-0.000001	-51.553170	0.002000	1.216755	3.997731	-0.999955	0.000000
2.147366	1.000104	6117.442019	4078.719219	0.000000	0.000001	-51.553170	0.002000	1.216755	3.997731	-0.999955	0.000000
2.167366	1.000104	6117.442019	4078.719219	-0.000000	0.000001	-51.553170	0.002000	1.216755	3.997731	-0.999955	0.000000
2.187366	1.000104	6117.442019	4078.719219	-0.000000	-0.000001	-51.553170	0.002000	1.216755	3.997731	-0.999955	0.000000
2.207366	1.000104	6117.442019	4078.719219	0.000000	-0.000001	-51.553170	0.002000	1.216755	3.997731	-0.999955	0.000000
2.227366	1.000104	6117.442019	4078.719219	0.000000	0.000000	-51.553170	0.002000	1.216755	3.997731	-0.999955	0.000000
2.247366	1.000104	6117.442019	4078.719219	-0.000000	0.000001	-51.553170	0.002000	1.216755	3.997731	-0.999955	0.000000
2.267366	1.000104	6117.442019	4078.719219	-0.000000	0.000001	-51.553170	0.002000	1.216755	3.997731	-0.999955	0.000000
2.287366	1.000104	6117.442019	4078.719219	0.000000	0.000000	-51.553170	0.002000	1.216755	3.997731	-0.999955	0.000000
2.307366	1.000104	6117.442019	4078.719219	0.000000	-0.000000	-51.553170	0.002000	1.216755	3.997731	-0.999955	0.000000
2.327366	1.000104	6117.442019	4078.719219	0.000000	0.000001	-51.553170	0.002000	1.216755	3.997731	-0.999955	0.000000
2.347366	1.000104	6117.442019	4078.719219	-0.000000	0.000000	-51.553170	0.002000	1.216755	3.997731	-0.999955	0.000000
2.367366	1.000104	6117.442019	4078.719219	-0.000000	-0.000000	-51.553170	0.002000	1.216755	3.997731	-0.999955	0.000000
2.387366	1.000104	6117.442019	4078.719219	-0.000000	0.000000	-51.553170	0.002000	1.216755	3.997731	-0.999955	0.000000
2.407366	1.000104	6117.442019	4078.719219	-0.000000	-0.000001	-51.553170	0.002000	1.216755	3.997731	-0.999955	0.000000
2.427366	1.000104	6117.442019	4078.719219	0.000000	0.000001	-51.553170	0.002000	1.216755	3.997731	-0.999955	0.000000
2.447366	1.000104	6117.442019	4078.719219	-0.000000	0.000001	-51.553170	0.002000	1.216755	3.997731	-0.999955	0.000000
2.467366	1.000104	6117.442019	4078.719219	-0.000000	-0.000003	-51.553170	0.002000	1.216755	3.997731	-0.999955	0.000000
2.487366	1.000104	6117.442019	4078.719219	0.000000	-0.000001	-51.553170	0.002000	1.216755	3.997731	-0.999955	0.000000
2.507366	1.000104	6117.442019	4078.719219	0.000000	0.000002	-51.553170	0.002000	1.216755	3.997731	-0.999955	0.000000
2.527366	1.000104	6117.442019	4078.719219	-0.000000	0.000000	-51.553170	0.002000	1.216755	3.997731	-0.999955	0.000000
2.547366	1.000104	6117.442019	4078.719219	-0.000000	-0.000000	-51.553170	0.002000	1.216755	3.997731	-0.999955	0.000000
2.567366	1.000104	6117.442019	4078.719219	0.000000	-0.000000	-51.553170	0.002000	1.216755	3.997731	-0.999955	0.000000
2.587366	1.000104	6117.442019	4078.719219	0.000000	-0.000000	-51.553170	0.002000	1.216755	3.997731	-0.999955	0.000000
2.607366	1.000104	6117.442019	4078.719219	0.000000	-0.000000	-51.553170	0.002000	1.216755	3.997731	-0.999955	0.000000
2.627366	1.000104	6117.442019	4078.719219	0.000000	-0.000000	-51.553170	0.002000	1.216755	3.997731	-0.999955	0.000000
2.647366	1.000104	6117.442019	4078.719219	0.000000	-0.000000	-51.553170	0.002000	1.216755	3.997731	-0.999955	0.000000
2.667366	1.000104	6117.442019	4078.719219	0.000000	-0.000000	-51.553170	0.002000	1.216755	3.997731	-0.999955	0.000000
2.687366	1.000104	6117.442019	4078.719219	0.000000	-0.000000	-51.553170	0.002000	1.216755	3.997731	-0.999955	0.000000
2.707366	1.000104	6117.442019	4078.719219	0.000000	-0.000000	-51.553170	0.002000	1.216755	3.997731	-0.999955	0.000000
2.727366	1.000104	6117.442019	4078.719219	0.000000	-0.000000	-51.553170	0.002000	1.216755	3.997731	-0.999955	0.000000
2.747366	1.000104	6117.442019	4078.719219	0.000000	0.000000	-51.553170	0.002000	1.216755	3.997731	-0.999955	0.000000
2.767366	1.000104	6117.442019	4078.719219	0.000000	0.000000	-51.553170	0.002000	1.216755	3.997731	-0.999955	0.000000
2.787366	1.000104	6117.442019	4078.719219	0.000000	0.000000	-51.553170	0.002000	1.216755	3.997731	-0.999955	0.000000
2.807366	1.000104	6117.442019	4078.719219	0.000000	0.000000	-51.553170	0.002000	1.216755	3.997731	-0.999955	0.000000
2.827366	1.000104	6117.442019	4078.719219	0.000000	0.000000	-51.553170	0.002000	1.216755	3.997731	-0.999955	0.000000
2.847366	1.000104	6117.442019	4078.719219	0.000000	0.000000	-51.553170	0.002000	1.216755	3.997731	-0.999955	0.000000
2.867366	1.000104	6117.442019	4078.719219	0.000000	0.000000	-51.553170	0.002000	1.216755	3.997731	-0.999955	0.000000
2.887366	1.000104	6117.442019	4078.719219	0.000000	0.000000	-51.553170	0.002000	1.216755	3.997731	-0.999955	0.000000
2.907366	1.000104	6117.442019	4078.719219	0.000000	0.000000	-51.553170	0.002000	1.216755	3.997731	-0.999955	0.000000
2.927366	1.000104	6117.442019	4078.719219	0.000000	0.000000	-51.553170	0.002000	1.216755	3.997731	-0.999955	0.000000
2.947366	1.000104	6117.442019	4078.719219	0.000000	0.000000	-51.553170	0.002000	1.216755	3.997731	-0.999955	0.000000
2.967366	1.000104	6117.442019	4078.719219	0.000000	0.000000	-51.553170	0.002000	1.216755	3.997731	-0.999955	0.000000
2.987366	1.000104	6117.442019	4078.719219	0.000000	0.000000	-51.553170	0.002000	1.216755	3.997731	-0.999955	0.000000
3.007366	1.000104	6117.442019	4078.719219	0.000000	0.000000	-51.553170	0.002000	1.216755	3.997731	-0.999955	0.000000
3.027366	1.000104	6117.442019	4078.719219	0.000000	0.000000	-51.553170	0.002000	1.216755	3.997731	-0.999955	0.000000
3.047366	1.000104	6117.442019	4078.719219	0.000000	0.000000	-51.553170	0.002000	1.216755	3.997731	-0.999955	0.000000
3.067366	1.000104	6117.442019	4078.719219	0.000000	0.000000	-51.553170	0.002000	1.216755	3.997731	-0.999955	0.000000
3.087366	1.000104	6117.442019	4078.719219	0.000000	0.000000	-51.553170	0.002000	1.216755	3.997731	-0.999955	0.000000
3.107366	1.000104	6117.442019	4078.719219	0.000000	0.000000	-51.553170	0.002000	1.216755	3.997731	-0.999955	0.000000
3.127366	1.000104	6117.442019	4078.719219	0.000000	0.000000	-51.553170	0.002000	1.216755	3.997731	-0.999955	0.000000
3.147366	1.000104	6117.442019	4078.719219	0.000000	0.000000	-51.553170	0.002000	1.216755	3.997731	-0.999955	0.000000
3.167366	1.000104	6117.442019	4078.719219	0.000000	0.000000	-51.553170	0.002000	1.216755	3.997731	-0.999955	0.000000
3.187366	1.000104	6117.442019	4078.719219	0.000000	0.000000	-51.553170	0.002000	1.216755	3.997731	-0.999955	0.000000
3.207366	1.000104	6117.442019	4078.719219	0.000000	0.000000	-51.553170	0.002000	1.216755	3.997731	-0.999955	0.000000
3.227366	1.000104	6117.442019	4078.719219	0.000000	0.000000	-51.553170	0.002000	1.216755	3.997731	-0.999955	0.000000
3.247366	1.000104	6117.442019	4078.719219	0.000000	0.000000	-51.553170	0.002000	1.216755	3.997731	-0.999955	0.000000
3.267366	1.000104	6117.442019	4078.719219	0.000000	0.000000	-51.553170	0.002000	1.216755	3.997731	-0.999955	0.000000
3.287366	1.000104	6117.442019	4078.719219	0.000000	0.000000	-51.553170	0.002000	1.216755	3.997731	-0.999955	0.000000
3.307366	1.000104	6117.442019	4078.719219	0.000000	0.000000	-51.553170	0.002000	1.216755	3.997731	-0.999955	0.000000
3.327366	1.000104	6117.442019	4078.719219	0.000000	0.000000	-51.553170	0.002000	1.216755	3.997731	-0.999955	0.000000
3.347366	1.000104	6117.442019	4078.719219	0.000000	0.000000	-51.553170	0.002000	1.216755	3.997731	-0.999955	0.000000
3.367366	1.000104	6117.442019	4078.719219	0.000000	0.000000	-51.553170	0.002000	1.216755	3.997731	-0.999955	0.000000
3.387366	1.000104	6117.442019	4078.719219	0.000000	0.000000	-51.553170	0.002000	1.216755	3.997731	-0.999955	0.000000
3.407366	1.000104	6117.442019	4078.719219	0.000000	0.000000	-51.553170	0.002000	1.216755	3.997731	-0.999955	0.000000
3.427366	1.000104	6117.442019	4078.719219	0.000000	0.000000	-51.553170	0.002000	1.216755	3.997731	-0.999955	0.000000
3.447366	1.000104	6117.442019	4078.719219	0.000000	0.000000	-51.553170	0.002000	1.216755	3.997731	-0.999955	0.000000
3.467366	1.000104	6117.442019	4078.719219	0.000000	0.000000	-51.553170	0.002000	1.216755	3.997731	-0.999955	0.000000
3.487366	1.000104	6117.442019	4078.719219	0.000000	0.000000	-51.553170	0.002000	1.216755	3.997731	-0.999955	0.000000
3.507366	1.000104	6117.442019	4078.719219	0.000000	0.000000	-51.553170	0.002000	1.216755	3.997731	-0.999955	0.000000
3.527366	1.000104	6117.442019	4078.719219	0.000000	0.000000	-51.553170	0.002000	1.216755	3.997731	-0.999955	0.000000
3.547366	1.000104	6117.442019	4078.719219	0.000000	0.000000	-51.553170	0.002000	1.216755	3.997731	-0.999955	0.000000
3.567366	1.000104	6117.442019	4078.719219	0.000000	0.000000	-51.553170	0.002000	1.216755	3.997731	-0.999955	0.000000
3.587366	1.000104	6117.442019	4078.719219	0.000000	0.000000	-51.553170	0.002000	1.216755	3.997731	-0.999955	0.000000
3.607366	1.000104	6117.442019	4078.719219	0.000000	0.000000	-51.553170	0.002000	1.216755	3.997731	-0.999955	0.000000
3.627366	1.000104	6117.442019	4078.719219	0.000000	0.000000	-51.553170	0.002000	1.216755	3.997731	-0.999955	0.000000
3.647366	1.000104	6117.442019	4078.719219	0.000000	0.000000	-51.553170	0.002000	1.216755	3.997731	-0.999955	0.000000
3.667366	1.000104	6117.442019	4078.719219	0.000000	0.000000	-51.553170	0.002000	1.216755	3.997731	-0.999955	0.000000
3.687366	1.000104	6117.442019	4078.719219	0.000000	0.000000	-51.553170	0.002000	1.216755	3.997731	-0.999955	0.000000
3.707366	1.000104	6117.442019	4078.719219	0.000000	0.000000	-51.553170	0.002000	1.216755	3.997731	-0.999955	0.000000
3.727366	1.000104	6117.442019	4078.719219	0.000000	-0.000000	-51.553170	0.002000	1.216755	3.997731	-0.999955	0.000000
3.747366	1.000104	6117.442019	4078.719219	0.000000	0.000000	-51.553170	0.002000	1.216755	3.997731	-0.999955	0.000000
3.767366	1.000104	6117.442019	4078.719219	0.000000	0.000000	-51.553170	0.002000	1.216755	3.997731	-0.999955	0.000000
3.787366	1.000104	6117.442019	4078.719219	-0.000000	0.000000	-51.553170	0.002000	1.216755	3.997731	-0.999955	0.000000
3.807366	1.000104	6117.442019	4078.719219	-0.000000	0.000000	-51.553170	0.002000	1.216755	3.997731	-0.999955	0.000000
3.827366	1.000104	6117.442019	4078.719219	-0.000000	0.000000	-51.553170	0.002000	1.216755	3.997731	-0.999955	0.000000
3.847366	1.000104	6117.442019	4078.719219	-0.000000	-0.000000	-51.553170	0.002000	1.216755	3.997731	-0.999955	0.000000
3.867366	1.000104	6117.442019	4078.719219	0.000000	-0.000001	-51.553170	0.002000	1.216755	3.997731	-0.999955	0.000000
3.887366	1.000104	6117.442019	4078.719219	0.000000	-0.000000	-51.553170	0.002000	1.216755	3.997731	-0.999955	0.000000
3.907366	1.000104	6117.442019	4078.719219	-0.000000	0.000001	-51.553170	0.002000	1.216755	3.997731	-0.999955	0.000000
3.927366	1.000104	6117.442019	4078.719219	-0.000000	0.000001	-51.553170	0.002000	1.216755	3.997731	-0.999955	0.000000
3.947366	1.000104	6117.442019	4078.719219	-0.000000	-0.000000	-51.553170	0.002000	1.216755	3.997731	-0.999955	0.000000
3.967366	1.000104	6117.442019	4078.719219	-0.000000	-0.000002	-51.553170	0.002000	1.216755	3.997731	-0.999955	0.000000
3.987366	1.000104	6117.442019	4078.719219	0.000000	-0.000001	-51.553170	0.002000	1.216755	3.997731	-0.999955	0.000000
4.007366	1.000104	6117.442019	4078.719219	0.000000	0.000001	-51.553170	0.002000	1.216755	3.997731	-0.999955	0.000000
4.027366	1.000104	6117.442019	4078.719219	-0.000000	-0.000000	-51.553170	0.002000	1.216755	3.997731	-0.999955	0.000000
4.047366	1.000104	6117.442019	4078.719219	0.000000	-0.000001	-51.553170	0.002000	1.216755	3.997731	-0.999955	0.000000
4.067366	1.000104	6117.442019	4078.719219	-0.000000	0.000004	-51.553170	0.002000	1.216755	3.997731	-0.999955	0.000000
4.087366	1.000104	6117.442019	4078.719219	-0.000000	-0.000001	-51.553170	0.002000	1.216755	3.997731	-0.999955	0.000000
4.107366	1.000104	6117.442019	4078.719219	0.000000	-0.000001	-51.553170	0.002000	1.216755	3.997731	-0.999955	0.000000
4.127366	1.000104	6117.442019	4078.719219	0.000000	-0.000001	-51.553170	0.002000	1.216755	3.997731	-0.999955	0.000000
4.147366	1.000104	6117.442019	4078.719219	-0.000000	-0.000000	-51.553170	0.002000	1.216755	3.997731	-0.999955	0.000000
4.167366	1.000104	6117.442019	4078.719219	-0.000000	0.000000	-51.553170	0.002000	1.216755	3.997731	-0.999955	0.000000
4.187366	1.000104	6117.442019	4078.719219	-0.000000	-0.000001	-51.553170	0.002000	1.216755	3.997731	-0.999955	0.000000
4.207366	1.000104	6117.442019	4078.719219	0.000000	-0.000002	-51.553170	0.002000	1.216755	3.997731	-0.999955	0.000000
4.227366	1.000104	6117.442019	4078.719219	0.000000	-0.000001	-51.553170	0.002000	1.216755	3.997731	-0.999955	0.000000
4.247366	1.000104	6117.442019	4078.719219	0.000000	0.000000	-51.553170	0.002000	1.216755	3.997731	-0.999955	0.000000
4.267366	1.000104	6117.442019	4078.719219	0.000000	0.000001	-51.553170	0.002000	1.216755	3.997731	-0.999955	0.000000
4.287366	1.000104	6117.442019	4078.719219	-0.000000	0.000002	-51.553170	0.002000	1.216755	3.997731	-0.999955	0.000000
4.307366	1.000104	6117.442019	4078.719219	-0.000000	-0.000000	-51.553170	0.002000	1.216755	3.997731	-0.999955	0.000000
4.327366	1.000104	6117.442019	4078.719219	0.000000	-0.000002	-51.553170	0.002000	1.216755	3.997731	-0.999955	0.000000
4.347366	1.000104	6117.442019	4078.719219	0.000000	-0.000001	-51.553170	0.002000	1.216755	3.997731	-0.999955	0.000000
4.367366	1.000104	6117.442019	4078.719219	0.000000	0.000002	-51.553170	0.002000	1.216755	3.997731	-0.999955	0.000000
4.387366	1.000104	6117.442019	4078.719219	0.000000	0.000004	-51.553170	0.002000	1.216755	3.997731	-0.999955	0.000000
4.407366	1.000104	6117.442019	4078.719219	-0.000000	0.000001	-51.553170	0.002000	1.216755	3.997731	-0.999955	0.000000
4.427366	1.000104	6117.442019	4078.719219	-0.000000	-0.000003	-51.553170	0.002000	1.216755	3.997731	-0.999955	0.000000
4.447366	1.000104	6117.442019	4078.719219	0.000000	-0.000001	-51.553170	0.002000	1.216755	3.997731	-0.999955	0.000000
4.467366	1.000104	6117.442019	4078.719219	0.000000	0.000002	-51.553170	0.002000	1.216755	3.997731	-0.999955	0.000000
4.487366	1.000104	6117.442019	4078.719219	-0.000000	0.000002	-51.553170	0.002000	1.216755	3.997731	-0.999955	0.000000
4.507366	1.000104	6117.442019	4078.719219	-0.000000	-0.000002	-51.553170	0.002000	1.216755	3.997731	-0.999955	0.000000
4.527366	1.000104	6117.442019	4078.719219	0.000000	-0.000003	-51.553170	0.002000	1.216755	3.997731	-0.999955	0.000000
4.547366	1.000104	6117.442019	4078.719219	0.000000	-0.000000	-51.553170	0.002000	1.216755	3.997731	-0.999955	0.000000
4.567366	1.000104	6117.442019	4078.719219	-0.000000	0.000001	-51.553170	0.002000	1.216755	3.997731	-0.999955	0.000000
4.587366	1.000104	6117.442019	4078.719219	-0.000000	-0.000001	-51.553170	0.002000	1.216755	3.997731	-0.999955	0.000000
4.607366	1.000104	6117.442019	4078.719219	0.000000	0.000001	-51.553170	0.002000	1.216755	3.997731	-0.999955	0.000000
4.627366	1.000104	6117.442019	4078.719219	-0.000000	0.000000	-51.553170	0.002000	1.216755	3.997731	-0.999955	0.000000
4.647366	1.000104	6117.442019	4078.719219	0.000000	-0.000001	-51.553170	0.002000	1.216755	3.997731	-0.999955	0.000000
4.667366	1.000104	6117.442019	4078.719219	0.000000	0.000000	-51.553170	0.002000	1.216755	3.997731	-0.999955	0.000000
4.687366	1.000104	6117.442019	4078.719219	-0.000000	0.000002	-51.553170	0.002000	1.216755	3.997731	-0.999955	0.000000
4.707366	1.000104	6117.442019	4078.719219	-0.000000	0.000001	-51.553170	0.002000	1.216755	3.997731	-0.999955	0.000000
4.727366	1.000104	6117.442019	4078.719219	0.000000	-0.000002	-51.553170	0.002000	1.216755	3.997731	-0.999955	0.000000
4.747366	1.000104	6117.442019	4078.719219	0.000000	0.000002	-51.553170	0.002000	1.216755	3.997731	-0.999955	0.000000
4.767366	1.000104	6117.442019	4078.719219	-0.000000	0.000002	-51.553170	0.002000	1.216755	3.997731	-0.999955	0.000000
4.787366	1.000104	6117.442019	4078.719219	-0.000000	0.000001	-51.553170	0.002000	1.216755	3.997731	-0.999955	0.000000
4.807366	1.000104	6117.442019	4078.719219	0.000000	0.000001	-51.553170	0.002000	1.216755	3.997731	-0.999955	0.000000
4.827366	1.000104	6117.442019	4078.719219	0.000000	-0.000001	-51.553170	0.002000	1.216755	3.997731	-0.999955	0.000000
4.847366	1.000104	6117.442019	4078.719219	-0.000000	-0.000003	-51.553170	0.002000	1.216755	3.997731	-0.999955	0.000000
4.867366	1.000104	6117.442019	4078.719219	-0.000000	-0.000003	-51.553170	0.002000	1.216755	3.997731	-0.999955	0.000000
4.887366	1.000104	6117.442019	4078.719219	0.000000	-0.000002	-51.553170	0.002000	1.216755	3.997731	-0.999955	0.000000
4.907366	1.000104	6117.442019	4078.719219	-0.000000	-0.000000	-51.553170	0.002000	1.216755	3.997731	-0.999955	0.000000
4.927366	1.000104	6117.442019	4078.719219	0.000000	-0.000001	-51.553170	0.002000	1.216755	3.997731	-0.999955	0.000000
4.947366	1.000104	6117.442019	4078.719219	0.000000	-0.000000	-51.553170	0.002000	1.216755	3.997731	-0.999955	0.000000
4.967366	1.000104	6117.442019	4078.719219	0.000000	0.000004	-51.553170	0.002000	1.216755	3.997731	-0.999955	0.000000
4.987366	1.000104	6117.442019	4078.719219	-0.000000	0.000001	-51.553170	0.002000	1.216755	3.997731	-0.999955	0.000000
5.007366	1.000104	6117.442019	4078.719219	-0.000000	-0.000002	-51.553170	0.002000	1.216755	3.997731	-0.999955	0.000000
5.027366	1.000104	6117.442019	4078.719219	0.000000	-0.000000	-51.553170	0.002000	1.216755	3.997731	-0.999955	0.000000
5.047366	1.000104	6117.442019	4078.719219	0.000000	0.000000	-51.553170	0.002000	1.216755	3.997731	-0.999955	0.000000
5.067366	1.000104	6117.442019	4078.719219	-0.000000	0.000000	-51.553170	0.002000	1.216755	3.997731	-0.999955	0.000000
5.087366	1.000104	6117.442019	4078.719219	-0.000000	0.000000	-51.553170	0.002000	1.216755	3.997731	-0.999955	0.000000
5.107366	1.000104	6117.442019	4078.719219	0.000000	0.000000	-51.553170	0.002000	1.216755	3.997731	-0.999955	0.000000
5.127366	1.000104	6117.442019	4078.719219	0.000000	0.000000	-51.553170	0.002000	1.216755	3.997731	-0.999955	0.000000
5.147366	1.000104	6117.442019	4078.719219	0.000000	0.000000	-51.553170	0.002000	1.216755	3.997731	-0.999955	0.000000
5.167366	1.000104	6117.442019	4078.719219	0.000000	0.000000	-51.553170	0.002000	1.216755	3.997731	-0.999955	0.000000
5.187366	1.000104	6117.442019	4078.719219	0.000000	0.000000	-51.553170	0.002000	1.216755	3.997731	-0.999955	0.000000
5.207366	1.000104	6117.442019	4078.719219	0.000000	0.000000	-51.553170	0.002000	1.216755	3.997731	-0.999955	0.000000
5.227366	1.000104	6117.442019	4078.719219	0.000000	0.000000	-51.553170	0.002000	1.216755	3.997731	-0.999955	0.000000
5.247366	1.000104	6117.442019	4078.719219	0.000000	0.000000	-51.553170	0.002000	1.216755	3.997731	-0.999955	0.000000
5.267366	1.000104	6117.442019	4078.719219	0.000000	0.000000	-51.553170	0.002000	1.216755	3.997731	-0.999955	0.000000
5.287366	1.000104	6117.442019	4078.719219	0.000000	0.000000	-51.553170	0.002000	1.216755	3.997731	-0.999955	0.000000
5.307366	1.000104	6117.442019	4078.719219	0.000000	0.000000	-51.553170	0.002000	1.216755	3.997731	-0.999955	0.000000
5.327366	1.000104	6117.442019	4078.719219	0.000000	0.000000	-51.553170	0.002000	1.216755	3.997731	-0.999955	0.000000
5.347366	1.000104	6117.442019	4078.719219	0.000000	0.000000	-51.553170	0.002000	1.216755	3.997731	-0.999955	0.000000
5.367366	1.000104	6117.442019	4078.719219	0.000000	0.000000	-51.553170	0.002000	1.216755	3.997731	-0.999955	0.000000
5.387366	1.000104	6117.442019	4078.719219	0.000000	0.000000	-51.553170	0.002000	1.216755	3.997731	-0.999955	0.000000
5.407366	1.000104	6117.442019	4078.719219	0.000000	0.000000	-51.553170	0.002000	1.216755	3.997731	-0.999955	0.000000
5.427366	1.000104	6117.442019	4078.719219	0.000000	0.000000	-51.553170	0.002000	1.216755	3.997731	-0.999955	0.000000
5.447366	1.000104	6117.442019	4078.719219	0.000000	0.000000	-51.553170	0.002000	1.216755	3.997731	-0.999955	0.000000
5.467366	1.000104	6117.442019	4078.719219	0.000000	0.000000	-51.553170	0.002000	1.216755	3.997731	-0.999955	0.000000
5.487366	1.000104	6117.442019	4078.719219	0.000000	0.000000	-51.553170	0.002000	1.216755	3.997731	-0.999955	0.000000
5.507366	1.000104	6117.442019	4078.719219	0.000000	0.000000	-51.553170	0.002000	1.216755	3.997731	-0.999955	0.000000
5.527366	1.000104	6117.442019	4078.719219	0.000000	0.000000	-51.553170	0.002000	1.216755	3.997731	-0.999955	0.000000
5.547366	1.000104	6117.442019	4078.719219	0.000000	0.000000	-51.553170	0.002000	1.216755	3.997731	-0.999955	0.000000
5.567366	1.000104	6117.442019	4078.719219	0.000000	0.000000	-51.553170	0.002000	1.216755	3.997731	-0.999955	0.000000
5.587366	1.000104	6117.442019	4078.719219	0.000000	0.000000	-51.553170	0.002000	1.216755	3.997731	-0.999955	0.000000
5.607366	1.000104	6117.442019	4078.719219	0.000000	0.000000	-51.553170	0.002000	1.216755	3.997731	-0.999955	0.000000
5.627366	1.000104	6117.442019	4078.719219	0.000000	0.000000	-51.553170	0.002000	1.216755	3.997731	-0.999955	0.000000
5.647366	1.000104	6117.442019	4078.719219	0.000000	0.000000	-51.553170	0.002000	1.216755	3.997731	-0.999955	0.000000
5.667366	1.000104	6117.442019	4078.719219	0.000000	0.000000	-51.553170	0.002000	1.216755	3.997731	-0.999955	0.000000
5.687366	1.000104	6117.442019	4078.719219	0.000000	0.000000	-51.553170	0.002000	1.216755	3.997731	-0.999955	0.000000
5.707366	1.000104	6117.442019	4078.719219	0.000000	0.000000	-51.553170	0.002000	1.216755	3.997731	-0.999955	0.000000
5.727366	1.000104	6117.442019	4078.719219	0.000000	0.000000	-51.553170	0.002000	1.216755	3.997731	-0.999955	0.000000
5.747366	1.000104	6117.442019	4078.719219	0.000000	0.000000	-51.553170	0.002000	1.216755	3.997731	-0.999955	0.000000
5.767366	1.000104	6117.442019	4078.719219	0.000000	0.000000	-51.553170	0.002000	1.216755	3.997731	-0.999955	0.000000
5.787366	1.000104	6117.442019	4078.719219	0.000000	0.000000	-51.553170	0.002000	1.216755	3.997731	-0.999955	0.000000
5.807366	1.000104	6117.442019	4078.719219	0.000000	0.000000	-51.553170	0.002000	1.216755	3.997731	-0.999955	0.000000
5.827366	1.000104	6117.442019	4078.719219	0.000000	0.000000	-51.553170	0.002000	1.216755	3.997731	-0.999955	0.000000
5.847366	1.000104	6117.442019	4078.719219	-0.000000	0.000000	-51.553170	0.002000	1.216755	3.997731	-0.999955	0.000000
5.867366	1.000104	6117.442019	4078.719219	-0.000000	0.000000	-51.553170	0.002000	1.216755	3.997731	-0.999955	0.000000
5.887366	1.000104	6117.442019	4078.719219	-0.000000	0.000001	-51.553170	0.002000	1.216755	3.997731	-0.999955	0.000000
5.907366	1.000104	6117.442019	4078.719219	-0.000000	0.000002	-51.553170	0.002000	1.216755	3.997731	-0.999955	0.000000
5.927366	1.000104	6117.442019	4078.719219	-0.000000	0.000009	-51.553170	0.002000	1.216755	3.997731	-0.999955	0.000000
5.947366	1.000104	6117.442019	4078.719219	-0.000000	0.000028	-51.553170	0.002000	1.216755	3.997731	-0.999955	0.000000
5.967366	1.000104	6117.442019	4078.719219	-0.000001	0.000080	-51.553170	0.002000	1.216755	3.997731	-0.999955	0.000000
5.987366	1.000104	6117.442019	4078.719220	-0.000003	0.000213	-51.553170	0.002000	1.216755	3.997731	-0.999955	0.000000
6.007366	1.000104	6117.442019	4078.719220	-0.000008	0.000562	-51.553170	0.002000	1.216755	3.997731	-0.999955	0.000000
6.027366	1.000104	6117.442019	4078.719220	-0.000020	0.001477	-51.553170	0.002000	1.216755	3.997731	-0.999955	0.000000
6.047366	1.000104	6117.442019	4078.719220	-0.000052	0.003723	-51.553170	0.002000	1.216755	3.997731	-0.999955	0.000000
6.067366	1.000104	6117.442019	4078.719220	-0.000129	0.008934	-51.553170	0.002000	1.216755	3.997731	-0.999955	0.000000
6.087366	1.000104	6117.442020	4078.719220	-0.000304	0.020276	-51.553170	0.002000	1.216755	3.997731	-0.999955	0.000000
6.107366	1.000104	6117.442020	4078.719220	-0.000672	0.042224	-51.553170	0.002000	1.216755	3.997731	-0.999955	0.000000
6.127366	1.000104	6117.442021	4078.719222	-0.001344	0.076164	-51.553170	0.002000	1.216755	3.997731	-0.999955	0.000000
6.147366	1.000104	6117.442023	4078.719224	-0.002237	0.098374	-51.553170	0.002000	1.216755	3.997731	-0.999955	0.000000
6.167366	1.000104	6117.442026	4078.719228	-0.002176	-0.020713	-51.553170	0.002000	1.216755	3.997731	-0.999955	0.000000
6.187366	1.000104	6117.442026	4078.719232	0.004226	-0.774473	-51.553170	0.002000	1.216755	3.997731	-0.999955	0.000000
6.207366	1.000104	6117.442009	4078.719221	0.036174	-3.764550	-51.553170	0.002000	1.216755	3.997731	-0.999955	0.000000
6.227366	1.000104	6117.441925	4078.719144	0.153753	-13.724446	-51.553170	0.002000	1.216755	3.997731	-0.999955	0.000000
6.247366	1.000104	6117.441609	4078.718830	0.529543	-43.658523	-51.553170	0.002000	1.216755	3.997731	-0.999955	0.000000
6.267366	1.000104	6117.440593	4078.717767	1.626741	-127.200006	-51.553168	0.002000	1.216755	3.997730	-0.999955	0.000000
6.287366	1.000104	6117.437608	4078.714541	4.617846	-346.710050	-51.553163	0.002000	1.216755	3.997730	-0.999955	0.000000
6.307366	1.000103	6117.429425	4078.705465	12.314338	-893.654567	-51.553149	0.002000	1.216755	3.997730	-0.999956	0.000000
6.327366	1.000100	6117.408230	4078.681437	31.112775	-2190.809958	-51.553112	0.002000	1.216755	3.997728	-0.999957	0.000000
6.347366	1.000094	6117.356057	4078.621109	74.817628	-5123.965989	-51.553018	0.002000	1.216755	3.997725	-0.999959	0.000000
6.367366	1.000078	6117.233599	4078.476844	171.635603	-11449.796446	-51.552791	0.002000	1.216755	3.997716	-0.999966	0.000000
6.387367	1.000040	6116.959093	4078.147552	375.952590	-24452.956234	-51.552267	0.002000	1.216755	3.997697	-0.999982	0.000000
6.407368	0.999958	6116.371140	4077.429515	786.220188	-49891.124078	-51.551116	0.002000	1.216755	3.997656	-1.000017	0.000000
6.427372	0.999782	6115.168241	4075.933867	1568.571451	-97149.307733	-51.548704	0.002000	1.216755	3.997571	-1.000093	0.000000
6.447381	0.999428	6112.819468	4072.959971	2981.700918	-180285.861341	-51.543878	0.002001	1.216755	3.997407	-1.000245	0.000000
6.467398	0.998743	6108.447735	4067.321892	5391.871231	-318310.199750	-51.534679	0.002003	1.216755	3.997099	-1.000539	0.000000
6.487433	0.997484	6100.701938	4057.145020	9259.912464	-533739.981013	-51.517990	0.002005	1.216755	3.996553	-1.001081	0.000000
6.507500	0.995281	6087.655188	4039.682458	15080.199324	-848573.907025	-51.489208	0.002009	1.216755	3.995631	-1.002032	0.000000
6.527622	0.991620	6066.784300	4011.238163	23263.702481	-1277690.450577	-51.442064	0.002017	1.216755	3.994150	-1.003620	0.000000
6.547835	0.985840	6035.085494	3967.299214	33986.799833	-1821297.689620	-51.368728	0.002029	1.216755	3.991888	-1.006142	0.000000
6.568192	0.977172	5989.342400	3902.946636	47058.870820	-2459681.539254	-51.260307	0.002047	1.216755	3.988600	-1.009956	0.000000
6.588763	0.964812	5926.495409	3813.525425	61884.352644	-3153732.944869	-51.107633	0.002073	1.216755	3.984037	-1.015458	0.000000
6.609644	0.948020	5843.987721	3695.389530	77550.684152	-3852014.266630	-50.902219	0.002110	1.216755	3.977967	-1.023055	0.000000
6.630952	0.926230	5739.871624	3546.525532	93011.895323	-4503163.041870	-50.636914	0.002159	1.216755	3.970178	-1.033123	0.000000
6.652830	0.899109	5612.613269	3366.716101	107326.692970	-5067291.775627	-50.306251	0.002224	1.216755	3.960458	-1.046000	0.000000
6.675449	0.866577	5460.262335	3157.141863	119762.163323	-5522619.137858	-49.906389	0.002308	1.216755	3.948523	-1.061977	0.000000
6.699012	0.828743	5279.671239	2919.714904	129902.589420	-5865846.236487	-49.433960	0.002413	1.216755	3.933931	-1.081339	0.000000
6.723758	0.785552	5066.253277	2655.899193	137636.939137	-6091856.284797	-48.886107	0.002546	1.216755	3.916024	-1.104561	0.000000
6.750003	0.736638	4816.435159	2367.895219	142941.980244	-6184977.077530	-48.256096	0.002715	1.216755	3.894075	-1.132461	0.000000
6.778173	0.680523	4536.253369	2060.395186	146293.670027	-6097350.531558	-47.531434	0.002939	1.216755	3.868055	-1.166853	0.000000
6.808984	0.615486	4246.324020	1744.478684	147756.336279	-5789750.818868	-46.687459	0.003249	1.216755	3.839374	-1.210457	0.000000
6.843553	0.540045	3990.057221	1438.333310	147948.396504	-5300600.650763	-45.669700	0.003703	1.216755	3.812335	-1.267224	0.000000
6.883890	0.453779	3811.745629	1154.596030	147536.740499	-4673175.953139	-44.407179	0.004407	1.216755	3.792465	-1.342783	0.000000
6.933643	0.361819	3764.254840	909.160102	145176.560640	-4068518.513614	-42.703540	0.005528	1.216755	3.786998	-1.441106	0.000000
6.998646	0.255003	3879.253228	660.343635	148302.722455	-3399518.468869	-40.309706	0.007843	1.216755	3.800038	-1.593016	0.000000
7.111007	0.147735	4855.933974	478.862481	145853.199271	-2415703.716384	-35.441470	0.013538	1.216755	3.897507	-1.830044	0.000000
-0.002992	3.345344	103236.073614	230240.990963	10.215536	0.000000	0.001072	0.000598	0.000000	5.224997	-0.475562	0.000000
-0.008969	3.353978	102942.184817	230177.498334	30.854705	0.000000	0.003115	0.000596	0.000000	5.223758	-0.474444	0.000000
-0.014922	3.370688	102378.029612	230056.441728	51.346548	0.000000	0.004863	0.000593	0.000000	5.221371	-0.472285	0.000000
-0.020839	3.394432	101587.958720	229889.043713	69.613850	0.000000	0.006151	0.000589	0.000000	5.218005	-0.469235	0.000000
-0.026709	3.423724	100632.068889	229690.989417	81.914245	0.000000	0.006857	0.000584	0.000000	5.213898	-0.465502	0.000000
-0.032525	3.456741	99579.804926	229480.995504	84.052367	0.000000	0.006923	0.000579	0.000000	5.209331	-0.461333	0.000000
-0.038283	3.491469	98502.522954	229278.785884	73.174596	0.000000	0.006364	0.000573	0.000000	5.204606	-0.456990	0.000000
-0.043984	3.525876	97466.418348	229102.722643	49.325966	0.000000	0.005271	0.000567	0.000000	5.200013	-0.452731	0.000000
-0.049629	3.558108	96526.496489	228967.449032	16.042259	0.000000	0.003801	0.000562	0.000000	5.195803	-0.448778	0.000000
-0.055226	3.586657	95722.415219	228881.997491	-20.309003	0.000000	0.002149	0.000558	0.000000	5.192170	-0.445307	0.000000
-0.060782	3.610499	95076.481816	228848.763405	-52.212170	0.000000	0.000526	0.000554	0.000000	5.189230	-0.442430	0.000000
-0.066305	3.629152	94593.887547	228863.578238	-73.109025	0.000000	-0.000881	0.000551	0.000000	5.187021	-0.440192	0.000000
-0.071804	3.642665	94264.884467	228916.870835	-79.204456	0.000000	-0.001937	0.000549	0.000000	5.185509	-0.438579	0.000000
-0.077286	3.651527	94068.430916	228995.660325	-70.397345	0.000000	-0.002570	0.000548	0.000000	5.184604	-0.437525	0.000000
-0.082758	3.656533	93976.648856	229085.942612	-50.087865	0.000000	-0.002781	0.000547	0.000000	5.184181	-0.436931	0.000000
-0.088226	3.658625	93959.389940	229174.966414	-23.997835	0.000000	-0.002631	0.000547	0.000000	5.184102	-0.436683	0.000000
-0.093692	3.658747	93988.236881	229252.958334	1.550787	0.000000	-0.002223	0.000547	0.000000	5.184236	-0.436669	0.000000
