0.002992	3.345436	103232.845161	230240.149566	10.290898	-3179767.937762	-0.001071	0.000598	1.216755	5.224983	-0.475550	0.000000
0.008968	3.354062	102939.262312	230176.729891	31.037984	-2878230.112611	-0.003111	0.000596	1.216755	5.223746	-0.474433	0.000000
0.014922	3.370755	102375.694722	230055.824049	51.531086	-2299205.218265	-0.004856	0.000593	1.216755	5.221361	-0.472276	0.000000
0.020839	3.394477	101586.441335	229888.657146	69.684357	-1493888.409621	-0.006142	0.000589	1.216755	5.217999	-0.469229	0.000000
0.026709	3.423742	100631.517332	229690.904192	81.806033	-542771.603586	-0.006846	0.000584	1.216755	5.213896	-0.465500	0.000000
0.032525	3.456729	99580.259126	229481.251836	83.787449	447359.753596	-0.006912	0.000579	1.216755	5.209333	-0.461334	0.000000
0.038283	3.491429	98503.899853	229279.374648	72.857097	1355495.858454	-0.006354	0.000573	1.216755	5.204612	-0.456995	0.000000
0.043983	3.525813	97468.516852	229103.575644	49.101011	2065604.745861	-0.005265	0.000567	1.216755	5.200022	-0.452738	0.000000
0.049629	3.558030	96529.024814	228968.444914	16.037565	2488597.374725	-0.003798	0.000562	1.216755	5.195815	-0.448787	0.000000
0.055226	3.586574	95725.036748	228882.983662	-20.033008	2580467.910546	-0.002152	0.000558	1.216755	5.192182	-0.445317	0.000000
0.060782	3.610421	95078.870319	228849.588416	-51.684171	2351462.041465	-0.000533	0.000554	1.216755	5.189241	-0.442439	0.000000
0.066305	3.629089	94595.779838	228864.125252	-72.433922	1863543.573292	0.000872	0.000551	1.216755	5.187030	-0.440200	0.000000
0.071804	3.642621	94266.119189	228917.082363	-78.523444	1216782.943776	0.001927	0.000549	1.216755	5.185514	-0.438584	0.000000
0.077286	3.651505	94068.965580	228995.547352	-69.838076	528012.017860	0.002561	0.000548	1.216755	5.184606	-0.437527	0.000000
0.082758	3.656531	93976.552623	229085.576293	-49.723783	-92989.353438	0.002774	0.000547	1.216755	5.184180	-0.436931	0.000000
0.088226	3.658639	93958.815506	229174.455863	-23.830265	-564016.600230	0.002628	0.000547	1.216755	5.184099	-0.436681	0.000000
0.093692	3.658772	93987.379697	229252.421866	1.584197	-842912.657100	0.002223	0.000547	1.216755	5.184232	-0.436666	0.000000
0.099159	3.657759	94038.485176	229313.565333	21.317765	-929628.250358	0.001679	0.000547	1.216755	5.184468	-0.436786	0.000000
0.104629	3.656254	94094.580094	229355.876424	32.365485	-858548.330571	0.001104	0.000547	1.216755	5.184727	-0.436965	0.000000
0.110101	3.654705	94144.602890	229380.579607	34.274643	-684415.715194	0.000587	0.000547	1.216755	5.184957	-0.437149	0.000000
0.115575	3.653375	94183.215035	229391.045544	28.744996	-466505.777631	0.000180	0.000547	1.216755	5.185135	-0.437307	0.000000
0.121051	3.652369	94209.393891	229391.600342	18.735555	-255378.859813	-0.000097	0.000548	1.216755	5.185255	-0.437426	0.000000
0.126528	3.651690	94224.818774	229386.500453	7.439566	-84926.063551	-0.000253	0.000548	1.216755	5.185326	-0.437507	0.000000
0.132006	3.651280	94232.404423	229379.235274	-2.551116	29660.321059	-0.000311	0.000548	1.216755	5.185361	-0.437555	0.000000
0.137484	3.651060	94235.198504	229372.201415	-9.705961	89118.821726	-0.000305	0.000548	1.216755	5.185374	-0.437581	0.000000
0.142963	3.650952	94235.715424	229366.696904	-13.613705	104635.453382	-0.000265	0.000548	1.216755	5.185376	-0.437594	0.000000
0.148441	3.650897	94235.664694	229363.128850	-14.736041	91816.211202	-0.000215	0.000548	1.216755	5.185376	-0.437600	0.000000
0.153920	3.650857	94235.966554	229361.315864	-14.014615	65745.775372	-0.000171	0.000548	1.216755	5.185377	-0.437605	0.000000
0.159399	3.650811	94236.929293	229360.786620	-12.484470	37949.440521	-0.000139	0.000548	1.216755	5.185382	-0.437611	0.000000
0.164877	3.650754	94238.479235	229361.012534	-10.994012	15310.982549	-0.000121	0.000548	1.216755	5.185389	-0.437618	0.000000
0.170356	3.650689	94240.368773	229361.550885	-10.069345	482.718216	-0.000115	0.000548	1.216755	5.185398	-0.437625	0.000000
0.175835	3.650622	94242.325242	229362.104429	-9.914265	-6886.614345	-0.000116	0.000548	1.216755	5.185407	-0.437633	0.000000
0.181315	3.650559	94244.133633	229362.520388	-10.489457	-8732.098954	-0.000121	0.000548	1.216755	5.185415	-0.437641	0.000000
0.186794	3.650504	94245.664943	229362.756218	-11.614721	-7388.614051	-0.000126	0.000548	1.216755	5.185422	-0.437647	0.000000
0.192273	3.650458	94246.869511	229362.835528	-13.085550	-4839.480460	-0.000131	0.000548	1.216755	5.185428	-0.437653	0.000000
0.197752	3.650423	94247.754104	229362.809451	-14.737828	-2397.148860	-0.000134	0.000548	1.216755	5.185432	-0.437657	0.000000
0.203232	3.650399	94248.356456	229362.730248	-16.435880	-696.512733	-0.000136	0.000548	1.216755	5.185434	-0.437660	0.000000
0.208711	3.650383	94248.724917	229362.637862	-18.147344	130.229392	-0.000135	0.000548	1.216755	5.185436	-0.437662	0.000000
0.214191	3.650375	94248.905760	229362.556520	-19.922667	228.105799	-0.000134	0.000548	1.216755	5.185437	-0.437663	0.000000
0.219670	3.650373	94248.937410	229362.496807	-21.673250	-141.991350	-0.000133	0.000548	1.216755	5.185437	-0.437663	0.000000
0.225150	3.650375	94248.849387	229362.460236	-23.490287	-738.202366	-0.000130	0.000548	1.216755	5.185437	-0.437663	0.000000
0.230629	3.650382	94248.663897	229362.444381	-25.646793	-1429.650433	-0.000128	0.000548	1.216755	5.185436	-0.437662	0.000000
0.236109	3.650393	94248.398077	229362.445084	-27.631413	-2095.138442	-0.000124	0.000548	1.216755	5.185435	-0.437661	0.000000
0.241588	3.650406	94248.065722	229362.458110	-29.667302	-2672.768491	-0.000121	0.000548	1.216755	5.185433	-0.437659	0.000000
0.247067	3.650421	94247.679049	229362.482956	-32.930895	-3326.684732	-0.000117	0.000548	1.216755	5.185431	-0.437657	0.000000
0.252547	3.650438	94247.249425	229362.518081	-34.966702	-3927.253607	-0.000112	0.000548	1.216755	5.185429	-0.437655	0.000000
0.258026	3.650457	94246.786348	229362.559346	-36.513512	-4311.211269	-0.000107	0.000548	1.216755	5.185427	-0.437653	0.000000
0.263506	3.650477	94246.299355	229362.614605	-43.226017	-5220.754639	-0.000101	0.000548	1.216755	5.185425	-0.437651	0.000000
0.268985	3.650497	94245.798232	229362.682248	-43.846064	-6005.208465	-0.000093	0.000548	1.216755	5.185423	-0.437648	0.000000
0.274464	3.650518	94245.287026	229362.743063	-40.735532	-5704.184682	-0.000088	0.000548	1.216755	5.185420	-0.437646	0.000000
0.279943	3.650539	94244.772628	229362.831166	-61.173027	-7689.946116	-0.000079	0.000548	1.216755	5.185418	-0.437643	0.000000
0.285422	3.650560	94244.267198	229362.939524	-53.803973	-9117.678802	-0.000066	0.000548	1.216755	5.185416	-0.437641	0.000000
0.290902	3.650581	94243.760187	229362.972139	-24.664804	-5055.938740	-0.000065	0.000548	1.216755	5.185413	-0.437638	0.000000
0.296381	3.650602	94243.256919	229363.079318	-104.913465	-11145.020690	-0.000058	0.000548	1.216755	5.185411	-0.437636	0.000000
0.301860	3.650622	94242.793974	229363.237472	-61.036027	-15261.677910	-0.000025	0.000548	1.216755	5.185409	-0.437633	0.000000
0.307339	3.650638	94242.306217	229362.976268	102.035900	7530.348492	-0.000060	0.000548	1.216755	5.185407	-0.437632	0.000000
0.312818	3.650656	94241.797858	229362.955990	-243.857838	-15121.850885	-0.000071	0.000548	1.216755	5.185404	-0.437629	0.000000
0.318297	3.650674	94241.432465	229363.105264	-39.728048	-32055.564632	0.000032	0.000548	1.216755	5.185403	-0.437627	0.000000
0.323776	3.650666	94240.903255	229361.117294	800.484695	81892.255866	-0.000188	0.000548	1.216755	5.185400	-0.437628	0.000000
0.329255	3.650669	94240.188731	229359.845073	-719.157349	-6772.424871	-0.000344	0.000548	1.216755	5.185397	-0.437628	0.000000
0.334734	3.650668	94240.057287	229359.079249	192.683229	-84399.529156	0.000030	0.000548	1.216755	5.185396	-0.437629	0.000000
0.340213	3.650538	94239.094315	229347.456941	4451.943978	473621.191445	-0.001135	0.000548	1.216755	5.185391	-0.437645	0.000000
0.345693	3.650434	94237.020560	229336.997718	-2168.133834	136519.372323	-0.002224	0.000548	1.216755	5.185382	-0.437656	0.000000
0.351172	3.650294	94237.430928	229326.937987	1965.376105	-214216.348752	-0.000899	0.000548	1.216755	5.185384	-0.437678	0.000000
0.356651	3.649477	94233.789804	229260.927862	23574.319188	2526157.660086	-0.006965	0.000548	1.216755	5.185363	-0.437782	0.000000
0.362133	3.648631	94223.881949	229187.573772	-4585.899753	1368875.590263	-0.013877	0.000548	1.216755	5.185320	-0.437877	0.000000
0.367616	3.647447	94224.341096	229102.195623	14896.673138	-105319.242608	-0.010136	0.000548	1.216755	5.185324	-0.438043	0.000000
0.373100	3.642680	94204.779731	228722.974530	125362.626888	13544139.966296	-0.042315	0.000549	1.216755	5.185213	-0.438651	0.000000
0.378597	3.636835	94149.679041	228232.231864	10800.898258	10710318.003086	-0.085289	0.000550	1.216755	5.184963	-0.439334	0.000000
0.384100	3.628342	94134.638958	227597.285498	106056.503855	5417823.593987	-0.083321	0.000551	1.216755	5.184902	-0.440483	0.000000
0.389617	3.600806	94016.230943	225405.338891	679548.601017	76212853.780320	-0.257918	0.000555	1.216755	5.184244	-0.444028	0.000000
0.395207	3.563066	93680.160294	222240.710926	259678.625232	85254229.559369	-0.527488	0.000561	1.216755	5.182675	-0.448599	0.000000
0.400843	3.510839	93452.460575	218138.475941	658505.969238	79427249.593355	-0.611057	0.000570	1.216755	5.181627	-0.455643	0.000000
0.406578	3.369225	92609.369848	206502.824941	3731933.980362	505765521.349382	-1.536737	0.000594	1.216755	5.177012	-0.474835	0.000000
0.412722	3.175498	90065.556866	189130.896754	2612177.808852	815748333.522472	-3.286101	0.000630	1.216755	5.164387	-0.500372	0.000000
0.419216	3.008850	87347.794404	173469.353606	1058985.404621	804090669.795015	-3.785736	0.000665	1.216755	5.151058	-0.524583	0.000000
0.425977	2.638774	82043.846506	139695.178876	15703409.332069	2915578971.329426	-6.640205	0.000758	1.216755	5.119954	-0.587521	0.000000
0.434619	1.992466	64070.835963	79163.606391	36591237.575077	7534750140.945368	-18.650383	0.001004	1.216755	5.000190	-0.714412	0.000000
0.447516	1.429436	35123.543127	30259.038688	30878077.290877	7354459409.624192	-35.198126	0.001399	1.216755	4.724851	-0.856744	0.000000
0.464451	1.140585	15039.704976	10414.990518	14619243.294671	3407992381.128493	-45.898634	0.001753	1.216755	4.353761	-0.948851	0.000000
0.483515	1.036816	7732.962684	5132.960086	4422358.645968	807723647.556748	-50.162001	0.001929	1.216755	4.083882	-0.986263	0.000000
0.503305	1.008066	6321.483951	4218.872149	934536.870307	108682541.920420	-51.289851	0.001984	1.216755	4.009446	-0.996998	0.000000
0.523268	1.001564	6143.409223	4098.113291	161706.045601	13184294.974711	-51.510977	0.001997	1.216755	3.999255	-0.999419	0.000000
0.543262	1.000335	6121.086254	4081.531426	23723.918588	1794747.192553	-51.547413	0.001999	1.216755	3.997946	-0.999871	0.000000
0.563261	1.000136	6117.967282	4079.117265	2958.021351	260776.308370	-51.552493	0.002000	1.216755	3.997762	-0.999944	0.000000
0.583261	1.000108	6117.514776	4078.771940	319.640903	37137.725093	-51.553101	0.002000	1.216755	3.997735	-0.999954	0.000000
0.603261	1.000104	6117.451423	4078.725669	29.741331	4964.411416	-51.553164	0.002000	1.216755	3.997731	-0.999955	0.000000
0.623261	1.000104	6117.443144	4078.719948	2.350961	613.696890	-51.553170	0.002000	1.216755	3.997731	-0.999955	0.000000
0.643261	1.000104	6117.442144	4078.719296	0.163339	70.050741	-51.553170	0.002000	1.216755	3.997731	-0.999955	0.000000
0.663261	1.000104	6117.442032	4078.719227	0.013159	7.439335	-51.553170	0.002000	1.216755	3.997731	-0.999955	0.000000
0.683261	1.000104	6117.442021	4078.719220	0.001967	0.751773	-51.553170	0.002000	1.216755	3.997731	-0.999955	0.000000
0.703261	1.000104	6117.442019	4078.719220	0.000403	0.075887	-51.553170	0.002000	1.216755	3.997731	-0.999955	0.000000
0.723261	1.000104	6117.442019	4078.719220	0.000076	0.008247	-51.553170	0.002000	1.216755	3.997731	-0.999955	0.000000
0.743261	1.000104	6117.442019	4078.719219	0.000012	0.001021	-51.553170	0.002000	1.216755	3.997731	-0.999955	0.000000
0.763261	1.000104	6117.442019	4078.719219	0.000002	0.000141	-51.553170	0.002000	1.216755	3.997731	-0.999955	0.000000
0.783261	1.000104	6117.442019	4078.719219	0.000000	0.000019	-51.553170	0.002000	1.216755	3.997731	-0.999955	0.000000
0.803261	1.000104	6117.442019	4078.719219	0.000000	0.000004	-51.553170	0.002000	1.216755	3.997731	-0.999955	0.000000
0.823261	1.000104	6117.442019	4078.719219	-0.000000	0.000000	-51.553170	0.002000	1.216755	3.997731	-0.999955	0.000000
0.843261	1.000104	6117.442019	4078.719219	-0.000000	-0.000000	-51.553170	0.002000	1.216755	3.997731	-0.999955	0.000000
0.863261	1.000104	6117.442019	4078.719219	-0.000000	-0.000000	-51.553170	0.002000	1.216755	3.997731	-0.999955	0.000000
0.883261	1.000104	6117.442019	4078.719219	0.000000	-0.000001	-51.553170	0.002000	1.216755	3.997731	-0.999955	0.000000
0.903261	1.000104	6117.442019	4078.719219	0.000000	0.000000	-51.553170	0.002000	1.216755	3.997731	-0.999955	0.000000
0.923261	1.000104	6117.442019	4078.719219	-0.000000	0.000001	-51.553170	0.002000	1.216755	3.997731	-0.999955	0.000000
0.943261	1.000104	6117.442019	4078.719219	-0.000000	-0.000000	-51.553170	0.002000	1.216755	3.997731	-0.999955	0.000000
0.963261	1.000104	6117.442019	4078.719219	0.000000	0.000000	-51.553170	0.002000	1.216755	3.997731	-0.999955	0.000000
0.983261	1.000104	6117.442019	4078.719219	-0.000000	0.000001	-51.553170	0.002000	1.216755	3.997731	-0.999955	0.000000
1.003261	1.000104	6117.442019	4078.719219	-0.000000	-0.000001	-51.553170	0.002000	1.216755	3.997731	-0.999955	0.000000
1.023261	1.000104	6117.442019	4078.719219	0.000000	-0.000001	-51.553170	0.002000	1.216755	3.997731	-0.999955	0.000000
1.043261	1.000104	6117.442019	4078.719219	0.000000	0.000000	-51.553170	0.002000	1.216755	3.997731	-0.999955	0.000000
1.063261	1.000104	6117.442019	4078.719219	-0.000000	0.000000	-51.553170	0.002000	1.216755	3.997731	-0.999955	0.000000
1.083261	1.000104	6117.442019	4078.719219	-0.000000	-0.000000	-51.553170	0.002000	1.216755	3.997731	-0.999955	0.000000
1.103261	1.000104	6117.442019	4078.719219	0.000000	-0.000000	-51.553170	0.002000	1.216755	3.997731	-0.999955	0.000000
1.123261	1.000104	6117.442019	4078.719219	0.000000	-0.000000	-51.553170	0.002000	1.216755	3.997731	-0.999955	0.000000
1.143261	1.000104	6117.442019	4078.719219	0.000000	0.000000	-51.553170	0.002000	1.216755	3.997731	-0.999955	0.000000
1.163261	1.000104	6117.442019	4078.719219	-0.000000	0.000001	-51.553170	0.002000	1.216755	3.997731	-0.999955	0.000000
1.183261	1.000104	6117.442019	4078.719219	-0.000000	0.000000	-51.553170	0.002000	1.216755	3.997731	-0.999955	0.000000
1.203261	1.000104	6117.442019	4078.719219	-0.000000	0.000000	-51.553170	0.002000	1.216755	3.997731	-0.999955	0.000000
1.223261	1.000104	6117.442019	4078.719219	-0.000000	-0.000000	-51.553170	0.002000	1.216755	3.997731	-0.999955	0.000000
1.243261	1.000104	6117.442019	4078.719219	0.000000	-0.000001	-51.553170	0.002000	1.216755	3.997731	-0.999955	0.000000
1.263261	1.000104	6117.442019	4078.719219	0.000000	-0.000000	-51.553170	0.002000	1.216755	3.997731	-0.999955	0.000000
1.283261	1.000104	6117.442019	4078.719219	-0.000000	0.000000	-51.553170	0.002000	1.216755	3.997731	-0.999955	0.000000
1.303261	1.000104	6117.442019	4078.719219	-0.000000	-0.000000	-51.553170	0.002000	1.216755	3.997731	-0.999955	0.000000
1.323261	1.000104	6117.442019	4078.719219	0.000000	0.000000	-51.553170	0.002000	1.216755	3.997731	-0.999955	0.000000
1.343261	1.000104	6117.442019	4078.719219	0.000000	0.000001	-51.553170	0.002000	1.216755	3.997731	-0.999955	0.000000
1.363261	1.000104	6117.442019	4078.719219	-0.000000	0.000001	-51.553170	0.002000	1.216755	3.997731	-0.999955	0.000000
1.383261	1.000104	6117.442019	4078.719219	-0.000000	-0.000002	-51.553170	0.002000	1.216755	3.997731	-0.999955	0.000000
1.403261	1.000104	6117.442019	4078.719219	0.000000	-0.000001	-51.553170	0.002000	1.216755	3.997731	-0.999955	0.000000
1.423261	1.000104	6117.442019	4078.719219	0.000000	0.000001	-51.553170	0.002000	1.216755	3.997731	-0.999955	0.000000
1.443261	1.000104	6117.442019	4078.719219	0.000000	0.000001	-51.553170	0.002000	1.216755	3.997731	-0.999955	0.000000
1.463261	1.000104	6117.442019	4078.719219	-0.000000	0.000001	-51.553170	0.002000	1.216755	3.997731	-0.999955	0.000000
1.483261	1.000104	6117.442019	4078.719219	0.000000	-0.000001	-51.553170	0.002000	1.216755	3.997731	-0.999955	0.000000
1.503261	1.000104	6117.442019	4078.719219	0.000000	0.000001	-51.553170	0.002000	1.216755	3.997731	-0.999955	0.000000
1.523261	1.000104	6117.442019	4078.719219	-0.000000	0.000000	-51.553170	0.002000	1.216755	3.997731	-0.999955	0.000000
1.543261	1.000104	6117.442019	4078.719219	-0.000000	-0.000001	-51.553170	0.002000	1.216755	3.997731	-0.999955	0.000000
1.563261	1.000104	6117.442019	4078.719219	0.000000	-0.000000	-51.553170	0.002000	1.216755	3.997731	-0.999955	0.000000
1.583261	1.000104	6117.442019	4078.719219	0.000000	0.000001	-51.553170	0.002000	1.216755	3.997731	-0.999955	0.000000
1.603261	1.000104	6117.442019	4078.719219	-0.000000	0.000000	-51.553170	0.002000	1.216755	3.997731	-0.999955	0.000000
1.623261	1.000104	6117.442019	4078.719219	0.000000	-0.000001	-51.553170	0.002000	1.216755	3.997731	-0.999955	0.000000
1.643261	1.000104	6117.442019	4078.719219	0.000000	0.000001	-51.553170	0.002000	1.216755	3.997731	-0.999955	0.000000
1.663261	1.000104	6117.442019	4078.719219	-0.000000	0.000001	-51.553170	0.002000	1.216755	3.997731	-0.999955	0.000000
1.683261	1.000104	6117.442019	4078.719219	-0.000000	-0.000001	-51.553170	0.002000	1.216755	3.997731	-0.999955	0.000000
1.703261	1.000104	6117.442019	4078.719219	0.000000	-0.000000	-51.553170	0.002000	1.216755	3.997731	-0.999955	0.000000
1.723261	1.000104	6117.442019	4078.719219	-0.000000	0.000001	-51.553170	0.002000	1.216755	3.997731	-0.999955	0.000000
1.743261	1.000104	6117.442019	4078.719219	-0.000000	-0.000001	-51.553170	0.002000	1.216755	3.997731	-0.999955	0.000000
1.763261	1.000104	6117.442019	4078.719219	0.000000	-0.000001	-51.553170	0.002000	1.216755	3.997731	-0.999955	0.000000
1.783261	1.000104	6117.442019	4078.719219	0.000000	0.000000	-51.553170	0.002000	1.216755	3.997731	-0.999955	0.000000
1.803261	1.000104	6117.442019	4078.719219	0.000000	0.000000	-51.553170	0.002000	1.216755	3.997731	-0.999955	0.000000
1.823261	1.000104	6117.442019	4078.719219	-0.000000	0.000001	-51.553170	0.002000	1.216755	3.997731	-0.999955	0.000000
1.843261	1.000104	6117.442019	4078.719219	-0.000000	-0.000000	-51.553170	0.002000	1.216755	3.997731	-0.999955	0.000000
1.863261	1.000104	6117.442019	4078.719219	0.000000	0.000001	-51.553170	0.002000	1.216755	3.997731	-0.999955	0.000000
1.883261	1.000104	6117.442019	4078.719219	-0.000000	0.000001	-51.553170	0.002000	1.216755	3.997731	-0.999955	0.000000
1.903261	1.000104	6117.442019	4078.719219	-0.000000	0.000000	-51.553170	0.002000	1.216755	3.997731	-0.999955	0.000000
1.923261	1.000104	6117.442019	4078.719219	0.000000	0.000001	-51.553170	0.002000	1.216755	3.997731	-0.999955	0.000000
1.943261	1.000104	6117.442019	4078.719219	-0.000000	-0.000000	-51.553170	0.002000	1.216755	3.997731	-0.999955	0.000000
1.963261	1.000104	6117.442019	4078.719219	-0.000000	-0.000001	-51.553170	0.002000	1.216755	3.997731	-0.999955	0.000000
1.983261	1.000104	6117.442019	4078.719219	0.000000	-0.000001	-51.553170	0.002000	1.216755	3.997731	-0.999955	0.000000
2.003261	1.000104	6117.442019	4078.719219	0.000000	0.000000	-51.553170	0.002000	1.216755	3.997731	-0.999955	0.000000
2.023261	1.000104	6117.442019	4078.719219	-0.000000	0.000001	-51.553170	0.002000	1.216755	3.997731	-0.999955	0.000000
2.043261	1.000104	6117.442019	4078.719219	0.000000	-0.000002	-51.553170	0.002000	1.216755	3.997731	-0.999955	0.000000
2.063261	1.000104	6117.442019	4078.719219	0.000000	0.000001	-51.553170	0.002000	1.216755	3.997731	-0.999955	0.000000
2.083261	1.000104	6117.442019	4078.719219	-0.000000	0.000002	-51.553170	0.002000	1.216755	3.997731	-0.999955	0.000000
2.103261	1.000104	6117.442019	4078.719219	-0.000000	-0.000000	-51.553170	0.002000	1.216755	3.997731	-0.999955	0.000000
2.123261	1.000104	6117.442019	4078.719219	0.000000	-0.000001	-51.553170	0.002000	1.216755	3.997731	-0.999955	0.000000
2.143261	1.000104	6117.442019	4078.719219	0.000000	0.000001	-51.553170	0.002000	1.216755	3.997731	-0.999955	0.000000
2.163261	1.000104	6117.442019	4078.719219	-0.000000	0.000001	-51.553170	0.002000	1.216755	3.997731	-0.999955	0.000000
2.183261	1.000104	6117.442019	4078.719219	-0.000000	-0.000001	-51.553170	0.002000	1.216755	3.997731	-0.999955	0.000000
2.203261	1.000104	6117.442019	4078.719219	0.000000	-0.000001	-51.553170	0.002000	1.216755	3.997731	-0.999955	0.000000
2.223261	1.000104	6117.442019	4078.719219	0.000000	0.000000	-51.553170	0.002000	1.216755	3.997731	-0.999955	0.000000
2.243261	1.000104	6117.442019	4078.719219	-0.000000	0.000001	-51.553170	0.002000	1.216755	3.997731	-0.999955	0.000000
2.263261	1.000104	6117.442019	4078.719219	-0.000000	0.000001	-51.553170	0.002000	1.216755	3.997731	-0.999955	0.000000
2.283261	1.000104	6117.442019	4078.719219	0.000000	0.000000	-51.553170	0.002000	1.216755	3.997731	-0.999955	0.000000
2.303261	1.000104	6117.442019	4078.719219	0.000000	-0.000000	-51.553170	0.002000	1.216755	3.997731	-0.999955	0.000000
2.323261	1.000104	6117.442019	4078.719219	0.000000	0.000001	-51.553170	0.002000	1.216755	3.997731	-0.999955	0.000000
2.343261	1.000104	6117.442019	4078.719219	-0.000000	0.000000	-51.553170	0.002000	1.216755	3.997731	-0.999955	0.000000
2.363261	1.000104	6117.442019	4078.719219	-0.000000	-0.000000	-51.553170	0.002000	1.216755	3.997731	-0.999955	0.000000
2.383261	1.000104	6117.442019	4078.719219	-0.000000	0.000000	-51.553170	0.002000	1.216755	3.997731	-0.999955	0.000000
2.403261	1.000104	6117.442019	4078.719219	-0.000000	-0.000001	-51.553170	0.002000	1.216755	3.997731	-0.999955	0.000000
2.423261	1.000104	6117.442019	4078.719219	0.000000	0.000001	-51.553170	0.002000	1.216755	3.997731	-0.999955	0.000000
2.443261	1.000104	6117.442019	4078.719219	-0.000000	0.000001	-51.553170	0.002000	1.216755	3.997731	-0.999955	0.000000
2.463261	1.000104	6117.442019	4078.719219	-0.000000	-0.000003	-51.553170	0.002000	1.216755	3.997731	-0.999955	0.000000
2.483261	1.000104	6117.442019	4078.719219	0.000000	-0.000002	-51.553170	0.002000	1.216755	3.997731	-0.999955	0.000000
2.503261	1.000104	6117.442019	4078.719219	0.000000	0.000001	-51.553170	0.002000	1.216755	3.997731	-0.999955	0.000000
2.523261	1.000104	6117.442019	4078.719219	0.000000	0.000001	-51.553170	0.002000	1.216755	3.997731	-0.999955	0.000000
2.543261	1.000104	6117.442019	4078.719219	-0.000000	0.000000	-51.553170	0.002000	1.216755	3.997731	-0.999955	0.000000
2.563261	1.000104	6117.442019	4078.719219	-0.000000	0.000000	-51.553170	0.002000	1.216755	3.997731	-0.999955	0.000000
2.583261	1.000104	6117.442019	4078.719219	-0.000000	0.000000	-51.553170	0.002000	1.216755	3.997731	-0.999955	0.000000
2.603261	1.000104	6117.442019	4078.719219	0.000000	0.000000	-51.553170	0.002000	1.216755	3.997731	-0.999955	0.000000
2.623261	1.000104	6117.442019	4078.719219	0.000000	0.000000	-51.553170	0.002000	1.216755	3.997731	-0.999955	0.000000
2.643261	1.000104	6117.442019	4078.719219	0.000000	0.000000	-51.553170	0.002000	1.216755	3.997731	-0.999955	0.000000
2.663261	1.000104	6117.442019	4078.719219	0.000000	0.000000	-51.553170	0.002000	1.216755	3.997731	-0.999955	0.000000
2.683261	1.000104	6117.442019	4078.719219	0.000000	0.000000	-51.553170	0.002000	1.216755	3.997731	-0.999955	0.000000
2.703261	1.000104	6117.442019	4078.719219	0.000000	0.000000	-51.553170	0.002000	1.216755	3.997731	-0.999955	0.000000
2.723261	1.000104	6117.442019	4078.719219	0.000000	0.000000	-51.553170	0.002000	1.216755	3.997731	-0.999955	0.000000
2.743261	1.000104	6117.442019	4078.719219	0.000000	0.000000	-51.553170	0.002000	1.216755	3.997731	-0.999955	0.000000
2.763261	1.000104	6117.442019	4078.719219	0.000000	0.000000	-51.553170	0.002000	1.216755	3.997731	-0.999955	0.000000
2.783261	1.000104	6117.442019	4078.719219	0.000000	0.000000	-51.553170	0.002000	1.216755	3.997731	-0.999955	0.000000
2.803261	1.000104	6117.442019	4078.719219	0.000000	0.000000	-51.553170	0.002000	1.216755	3.997731	-0.999955	0.000000
2.823261	1.000104	6117.442019	4078.719219	0.000000	0.000000	-51.553170	0.002000	1.216755	3.997731	-0.999955	0.000000
2.843261	1.000104	6117.442019	4078.719219	0.000000	0.000000	-51.553170	0.002000	1.216755	3.997731	-0.999955	0.000000
2.863261	1.000104	6117.442019	4078.719219	0.000000	0.000000	-51.553170	0.002000	1.216755	3.997731	-0.999955	0.000000
2.883261	1.000104	6117.442019	4078.719219	0.000000	0.000000	-51.553170	0.002000	1.216755	3.997731	-0.999955	0.000000
2.903261	1.000104	6117.442019	4078.719219	0.000000	0.000000	-51.553170	0.002000	1.216755	3.997731	-0.999955	0.000000
2.923261	1.000104	6117.442019	4078.719219	0.000000	0.000000	-51.553170	0.002000	1.216755	3.997731	-0.999955	0.000000
2.943261	1.000104	6117.442019	4078.719219	0.000000	0.000000	-51.553170	0.002000	1.216755	3.997731	-0.999955	0.000000
2.963261	1.000104	6117.442019	4078.719219	0.000000	0.000000	-51.553170	0.002000	1.216755	3.997731	-0.999955	0.000000
2.983261	1.000104	6117.442019	4078.719219	0.000000	0.000000	-51.553170	0.002000	1.216755	3.997731	-0.999955	0.000000
3.003261	1.000104	6117.442019	4078.719219	0.000000	0.000000	-51.553170	0.002000	1.216755	3.997731	-0.999955	0.000000
3.023261	1.000104	6117.442019	4078.719219	0.000000	0.000000	-51.553170	0.002000	1.216755	3.997731	-0.999955	0.000000
3.043261	1.000104	6117.442019	4078.719219	0.000000	0.000000	-51.553170	0.002000	1.216755	3.997731	-0.999955	0.000000
3.063261	1.000104	6117.442019	4078.719219	0.000000	0.000000	-51.553170	0.002000	1.216755	3.997731	-0.999955	0.000000
3.083261	1.000104	6117.442019	4078.719219	0.000000	0.000000	-51.553170	0.002000	1.216755	3.997731	-0.999955	0.000000
3.103261	1.000104	6117.442019	4078.719219	0.000000	0.000000	-51.553170	0.002000	1.216755	3.997731	-0.999955	0.000000
3.123261	1.000104	6117.442019	4078.719219	0.000000	0.000000	-51.553170	0.002000	1.216755	3.997731	-0.999955	0.000000
3.143261	1.000104	6117.442019	4078.719219	0.000000	0.000000	-51.553170	0.002000	1.216755	3.997731	-0.999955	0.000000
3.163261	1.000104	6117.442019	4078.719219	0.000000	0.000000	-51.553170	0.002000	1.216755	3.997731	-0.999955	0.000000
3.183261	1.000104	6117.442019	4078.719219	0.000000	0.000000	-51.553170	0.002000	1.216755	3.997731	-0.999955	0.000000
3.203261	1.000104	6117.442019	4078.719219	0.000000	0.000000	-51.553170	0.002000	1.216755	3.997731	-0.999955	0.000000
3.223261	1.000104	6117.442019	4078.719219	0.000000	0.000000	-51.553170	0.002000	1.216755	3.997731	-0.999955	0.000000
3.243261	1.000104	6117.442019	4078.719219	0.000000	0.000000	-51.553170	0.002000	1.216755	3.997731	-0.999955	0.000000
3.263261	1.000104	6117.442019	4078.719219	0.000000	0.000000	-51.553170	0.002000	1.216755	3.997731	-0.999955	0.000000
3.283261	1.000104	6117.442019	4078.719219	0.000000	0.000000	-51.553170	0.002000	1.216755	3.997731	-0.999955	0.000000
3.303261	1.000104	6117.442019	4078.719219	0.000000	0.000000	-51.553170	0.002000	1.216755	3.997731	-0.999955	0.000000
3.323261	1.000104	6117.442019	4078.719219	0.000000	0.000000	-51.553170	0.002000	1.216755	3.997731	-0.999955	0.000000
3.343261	1.000104	6117.442019	4078.719219	0.000000	0.000000	-51.553170	0.002000	1.216755	3.997731	-0.999955	0.000000
3.363261	1.000104	6117.442019	4078.719219	0.000000	0.000000	-51.553170	0.002000	1.216755	3.997731	-0.999955	0.000000
3.383261	1.000104	6117.442019	4078.719219	0.000000	0.000000	-51.553170	0.002000	1.216755	3.997731	-0.999955	0.000000
3.403261	1.000104	6117.442019	4078.719219	0.000000	0.000000	-51.553170	0.002000	1.216755	3.997731	-0.999955	0.000000
3.423261	1.000104	6117.442019	4078.719219	0.000000	0.000000	-51.553170	0.002000	1.216755	3.997731	-0.999955	0.000000
3.443261	1.000104	6117.442019	4078.719219	0.000000	0.000000	-51.553170	0.002000	1.216755	3.997731	-0.999955	0.000000
3.463261	1.000104	6117.442019	4078.719219	0.000000	0.000000	-51.553170	0.002000	1.216755	3.997731	-0.999955	0.000000
3.483261	1.000104	6117.442019	4078.719219	0.000000	0.000000	-51.553170	0.002000	1.216755	3.997731	-0.999955	0.000000
3.503261	1.000104	6117.442019	4078.719219	0.000000	0.000000	-51.553170	0.002000	1.216755	3.997731	-0.999955	0.000000
3.523261	1.000104	6117.442019	4078.719219	0.000000	0.000000	-51.553170	0.002000	1.216755	3.997731	-0.999955	0.000000
3.543261	1.000104	6117.442019	4078.719219	0.000000	0.000000	-51.553170	0.002000	1.216755	3.997731	-0.999955	0.000000
3.563261	1.000104	6117.442019	4078.719219	0.000000	0.000000	-51.553170	0.002000	1.216755	3.997731	-0.999955	0.000000
3.583261	1.000104	6117.442019	4078.719219	0.000000	0.000000	-51.553170	0.002000	1.216755	3.997731	-0.999955	0.000000
3.603261	1.000104	6117.442019	4078.719219	0.000000	0.000000	-51.553170	0.002000	1.216755	3.997731	-0.999955	0.000000
3.623261	1.000104	6117.442019	4078.719219	0.000000	0.000000	-51.553170	0.002000	1.216755	3.997731	-0.999955	0.000000
3.643261	1.000104	6117.442019	4078.719219	0.000000	0.000000	-51.553170	0.002000	1.216755	3.997731	-0.999955	0.000000
3.663261	1.000104	6117.442019	4078.719219	0.000000	0.000000	-51.553170	0.002000	1.216755	3.997731	-0.999955	0.000000
3.683261	1.000104	6117.442019	4078.719219	0.000000	0.000000	-51.553170	0.002000	1.216755	3.997731	-0.999955	0.000000
3.703261	1.000104	6117.442019	4078.719219	0.000000	0.000000	-51.553170	0.002000	1.216755	3.997731	-0.999955	0.000000
3.723261	1.000104	6117.442019	4078.719219	0.000000	-0.000000	-51.553170	0.002000	1.216755	3.997731	-0.999955	0.000000
3.743261	1.000104	6117.442019	4078.719219	0.000000	0.000000	-51.553170	0.002000	1.216755	3.997731	-0.999955	0.000000
3.763261	1.000104	6117.442019	4078.719219	0.000000	0.000000	-51.553170	0.002000	1.216755	3.997731	-0.999955	0.000000
3.783261	1.000104	6117.442019	4078.719219	-0.000000	0.000000	-51.553170	0.002000	1.216755	3.997731	-0.999955	0.000000
3.803261	1.000104	6117.442019	4078.719219	-0.000000	0.000000	-51.553170	0.002000	1.216755	3.997731	-0.999955	0.000000
3.823261	1.000104	6117.442019	4078.719219	-0.000000	0.000000	-51.553170	0.002000	1.216755	3.997731	-0.999955	0.000000
3.843261	1.000104	6117.442019	4078.719219	-0.000000	-0.000000	-51.553170	0.002000	1.216755	3.997731	-0.999955	0.000000
3.863261	1.000104	6117.442019	4078.719219	0.000000	-0.000001	-51.553170	0.002000	1.216755	3.997731	-0.999955	0.000000
3.883261	1.000104	6117.442019	4078.719219	0.000000	-0.000000	-51.553170	0.002000	1.216755	3.997731	-0.999955	0.000000
3.903261	1.000104	6117.442019	4078.719219	-0.000000	0.000001	-51.553170	0.002000	1.216755	3.997731	-0.999955	0.000000
3.923261	1.000104	6117.442019	4078.719219	-0.000000	0.000002	-51.553170	0.002000	1.216755	3.997731	-0.999955	0.000000
3.943261	1.000104	6117.442019	4078.719219	-0.000000	-0.000000	-51.553170	0.002000	1.216755	3.997731	-0.999955	0.000000
3.963261	1.000104	6117.442019	4078.719219	-0.000000	-0.000002	-51.553170	0.002000	1.216755	3.997731	-0.999955	0.000000
3.983261	1.000104	6117.442019	4078.719219	0.000000	-0.000001	-51.553170	0.002000	1.216755	3.997731	-0.999955	0.000000
4.003261	1.000104	6117.442019	4078.719219	0.000000	0.000001	-51.553170	0.002000	1.216755	3.997731	-0.999955	0.000000
4.023261	1.000104	6117.442019	4078.719219	-0.000000	-0.000000	-51.553170	0.002000	1.216755	3.997731	-0.999955	0.000000
4.043261	1.000104	6117.442019	4078.719219	0.000000	-0.000000	-51.553170	0.002000	1.216755	3.997731	-0.999955	0.000000
4.063261	1.000104	6117.442019	4078.719219	-0.000000	0.000004	-51.553170	0.002000	1.216755	3.997731	-0.999955	0.000000
4.083261	1.000104	6117.442019	4078.719219	-0.000000	-0.000000	-51.553170	0.002000	1.216755	3.997731	-0.999955	0.000000
4.103261	1.000104	6117.442019	4078.719219	0.000000	-0.000001	-51.553170	0.002000	1.216755	3.997731	-0.999955	0.000000
4.123261	1.000104	6117.442019	4078.719219	0.000000	-0.000001	-51.553170	0.002000	1.216755	3.997731	-0.999955	0.000000
4.143261	1.000104	6117.442019	4078.719219	-0.000000	-0.000000	-51.553170	0.002000	1.216755	3.997731	-0.999955	0.000000
4.163261	1.000104	6117.442019	4078.719219	-0.000000	0.000000	-51.553170	0.002000	1.216755	3.997731	-0.999955	0.000000
4.183261	1.000104	6117.442019	4078.719219	-0.000000	-0.000001	-51.553170	0.002000	1.216755	3.997731	-0.999955	0.000000
4.203261	1.000104	6117.442019	4078.719219	0.000000	-0.000002	-51.553170	0.002000	1.216755	3.997731	-0.999955	0.000000
4.223261	1.000104	6117.442019	4078.719219	0.000000	-0.000001	-51.553170	0.002000	1.216755	3.997731	-0.999955	0.000000
4.243261	1.000104	6117.442019	4078.719219	0.000000	0.000000	-51.553170	0.002000	1.216755	3.997731	-0.999955	0.000000
4.263261	1.000104	6117.442019	4078.719219	0.000000	0.000001	-51.553170	0.002000	1.216755	3.997731	-0.999955	0.000000
4.283261	1.000104	6117.442019	4078.719219	-0.000000	0.000002	-51.553170	0.002000	1.216755	3.997731	-0.999955	0.000000
4.303261	1.000104	6117.442019	4078.719219	-0.000000	-0.000000	-51.553170	0.002000	1.216755	3.997731	-0.999955	0.000000
4.323261	1.000104	6117.442019	4078.719219	0.000000	-0.000002	-51.553170	0.002000	1.216755	3.997731	-0.999955	0.000000
4.343261	1.000104	6117.442019	4078.719219	0.000000	-0.000001	-51.553170	0.002000	1.216755	3.997731	-0.999955	0.000000
4.363261	1.000104	6117.442019	4078.719219	0.000000	0.000002	-51.553170	0.002000	1.216755	3.997731	-0.999955	0.000000
4.383261	1.000104	6117.442019	4078.719219	0.000000	0.000004	-51.553170	0.002000	1.216755	3.997731	-0.999955	0.000000
4.403261	1.000104	6117.442019	4078.719219	-0.000000	0.000001	-51.553170	0.002000	1.216755	3.997731	-0.999955	0.000000
4.423261	1.000104	6117.442019	4078.719219	-0.000000	-0.000003	-51.553170	0.002000	1.216755	3.997731	-0.999955	0.000000
4.443261	1.000104	6117.442019	4078.719219	0.000000	-0.000001	-51.553170	0.002000	1.216755	3.997731	-0.999955	0.000000
4.463261	1.000104	6117.442019	4078.719219	0.000000	0.000003	-51.553170	0.002000	1.216755	3.997731	-0.999955	0.000000
4.483261	1.000104	6117.442019	4078.719219	-0.000000	0.000002	-51.553170	0.002000	1.216755	3.997731	-0.999955	0.000000
4.503261	1.000104	6117.442019	4078.719219	-0.000000	-0.000002	-51.553170	0.002000	1.216755	3.997731	-0.999955	0.000000
4.523261	1.000104	6117.442019	4078.719219	0.000000	-0.000003	-51.553170	0.002000	1.216755	3.997731	-0.999955	0.000000
4.543261	1.000104	6117.442019	4078.719219	0.000000	-0.000000	-51.553170	0.002000	1.216755	3.997731	-0.999955	0.000000
4.563261	1.000104	6117.442019	4078.719219	-0.000000	0.000001	-51.553170	0.002000	1.216755	3.997731	-0.999955	0.000000
4.583261	1.000104	6117.442019	4078.719219	-0.000000	-0.000002	-51.553170	0.002000	1.216755	3.997731	-0.999955	0.000000
4.603261	1.000104	6117.442019	4078.719219	0.000000	0.000001	-51.553170	0.002000	1.216755	3.997731	-0.999955	0.000000
4.623261	1.000104	6117.442019	4078.719219	-0.000000	0.000000	-51.553170	0.002000	1.216755	3.997731	-0.999955	0.000000
4.643261	1.000104	6117.442019	4078.719219	0.000000	-0.000001	-51.553170	0.002000	1.216755	3.997731	-0.999955	0.000000
4.663261	1.000104	6117.442019	4078.719219	0.000000	0.000000	-51.553170	0.002000	1.216755	3.997731	-0.999955	0.000000
4.683261	1.000104	6117.442019	4078.719219	-0.000000	0.000002	-51.553170	0.002000	1.216755	3.997731	-0.999955	0.000000
4.703261	1.000104	6117.442019	4078.719219	-0.000000	0.000001	-51.553170	0.002000	1.216755	3.997731	-0.999955	0.000000
4.723261	1.000104	6117.442019	4078.719219	0.000000	-0.000002	-51.553170	0.002000	1.216755	3.997731	-0.999955	0.000000
4.743261	1.000104	6117.442019	4078.719219	0.000000	0.000002	-51.553170	0.002000	1.216755	3.997731	-0.999955	0.000000
4.763261	1.000104	6117.442019	4078.719219	-0.000000	0.000002	-51.553170	0.002000	1.216755	3.997731	-0.999955	0.000000
4.783261	1.000104	6117.442019	4078.719219	-0.000000	0.000001	-51.553170	0.002000	1.216755	3.997731	-0.999955	0.000000
4.803261	1.000104	6117.442019	4078.719219	0.000000	0.000001	-51.553170	0.002000	1.216755	3.997731	-0.999955	0.000000
4.823261	1.000104	6117.442019	4078.719219	0.000000	-0.000001	-51.553170	0.002000	1.216755	3.997731	-0.999955	0.000000
4.843261	1.000104	6117.442019	4078.719219	-0.000000	-0.000003	-51.553170	0.002000	1.216755	3.997731	-0.999955	0.000000
4.863261	1.000104	6117.442019	4078.719219	-0.000000	-0.000003	-51.553170	0.002000	1.216755	3.997731	-0.999955	0.000000
4.883261	1.000104	6117.442019	4078.719219	0.000000	-0.000002	-51.553170	0.002000	1.216755	3.997731	-0.999955	0.000000
4.903261	1.000104	6117.442019	4078.719219	-0.000000	-0.000001	-51.553170	0.002000	1.216755	3.997731	-0.999955	0.000000
4.923261	1.000104	6117.442019	4078.719219	-0.000000	-0.000001	-51.553170	0.002000	1.216755	3.997731	-0.999955	0.000000
4.943261	1.000104	6117.442019	4078.719219	0.000000	-0.000001	-51.553170	0.002000	1.216755	3.997731	-0.999955	0.000000
4.963261	1.000104	6117.442019	4078.719219	0.000000	0.000003	-51.553170	0.002000	1.216755	3.997731	-0.999955	0.000000
4.983261	1.000104	6117.442019	4078.719219	-0.000000	0.000003	-51.553170	0.002000	1.216755	3.997731	-0.999955	0.000000
5.003261	1.000104	6117.442019	4078.719219	-0.000000	-0.000000	-51.553170	0.002000	1.216755	3.997731	-0.999955	0.000000
5.023261	1.000104	6117.442019	4078.719219	-0.000000	-0.000002	-51.553170	0.002000	1.216755	3.997731	-0.999955	0.000000
5.043261	1.000104	6117.442019	4078.719219	0.000000	-0.000001	-51.553170	0.002000	1.216755	3.997731	-0.999955	0.000000
5.063261	1.000104	6117.442019	4078.719219	0.000000	-0.000000	-51.553170	0.002000	1.216755	3.997731	-0.999955	0.000000
5.083261	1.000104	6117.442019	4078.719219	0.000000	-0.000000	-51.553170	0.002000	1.216755	3.997731	-0.999955	0.000000
5.103261	1.000104	6117.442019	4078.719219	0.000000	-0.000000	-51.553170	0.002000	1.216755	3.997731	-0.999955	0.000000
5.123261	1.000104	6117.442019	4078.719219	0.000000	-0.000000	-51.553170	0.002000	1.216755	3.997731	-0.999955	0.000000
5.143261	1.000104	6117.442019	4078.719219	0.000000	-0.000000	-51.553170	0.002000	1.216755	3.997731	-0.999955	0.000000
5.163261	1.000104	6117.442019	4078.719219	0.000000	-0.000000	-51.553170	0.002000	1.216755	3.997731	-0.999955	0.000000
5.183261	1.000104	6117.442019	4078.719219	0.000000	-0.000000	-51.553170	0.002000	1.216755	3.997731	-0.999955	0.000000
5.203261	1.000104	6117.442019	4078.719219	0.000000	-0.000000	-51.553170	0.002000	1.216755	3.997731	-0.999955	0.000000
5.223261	1.000104	6117.442019	4078.719219	0.000000	-0.000000	-51.553170	0.002000	1.216755	3.997731	-0.999955	0.000000
5.243261	1.000104	6117.442019	4078.719219	0.000000	-0.000000	-51.553170	0.002000	1.216755	3.997731	-0.999955	0.000000
5.263261	1.000104	6117.442019	4078.719219	0.000000	0.000000	-51.553170	0.002000	1.216755	3.997731	-0.999955	0.000000
5.283261	1.000104	6117.442019	4078.719219	0.000000	0.000000	-51.553170	0.002000	1.216755	3.997731	-0.999955	0.000000
5.303261	1.000104	6117.442019	4078.719219	0.000000	0.000000	-51.553170	0.002000	1.216755	3.997731	-0.999955	0.000000
5.323261	1.000104	6117.442019	4078.719219	0.000000	0.000000	-51.553170	0.002000	1.216755	3.997731	-0.999955	0.000000
5.343261	1.000104	6117.442019	4078.719219	0.000000	0.000000	-51.553170	0.002000	1.216755	3.997731	-0.999955	0.000000
5.363261	1.000104	6117.442019	4078.719219	0.000000	0.000000	-51.553170	0.002000	1.216755	3.997731	-0.999955	0.000000
5.383261	1.000104	6117.442019	4078.719219	0.000000	0.000000	-51.553170	0.002000	1.216755	3.997731	-0.999955	0.000000
5.403261	1.000104	6117.442019	4078.719219	0.000000	0.000000	-51.553170	0.002000	1.216755	3.997731	-0.999955	0.000000
5.423261	1.000104	6117.442019	4078.719219	0.000000	0.000000	-51.553170	0.002000	1.216755	3.997731	-0.999955	0.000000
5.443261	1.000104	6117.442019	4078.719219	0.000000	0.000000	-51.553170	0.002000	1.216755	3.997731	-0.999955	0.000000
5.463261	1.000104	6117.442019	4078.719219	0.000000	0.000000	-51.553170	0.002000	1.216755	3.997731	-0.999955	0.000000
5.483261	1.000104	6117.442019	4078.719219	0.000000	0.000000	-51.553170	0.002000	1.216755	3.997731	-0.999955	0.000000
5.503261	1.000104	6117.442019	4078.719219	0.000000	0.000000	-51.553170	0.002000	1.216755	3.997731	-0.999955	0.000000
5.523261	1.000104	6117.442019	4078.719219	0.000000	0.000000	-51.553170	0.002000	1.216755	3.997731	-0.999955	0.000000
5.543261	1.000104	6117.442019	4078.719219	0.000000	0.000000	-51.553170	0.002000	1.216755	3.997731	-0.999955	0.000000
5.563261	1.000104	6117.442019	4078.719219	0.000000	0.000000	-51.553170	0.002000	1.216755	3.997731	-0.999955	0.000000
5.583261	1.000104	6117.442019	4078.719219	0.000000	0.000000	-51.553170	0.002000	1.216755	3.997731	-0.999955	0.000000
5.603261	1.000104	6117.442019	4078.719219	0.000000	0.000000	-51.553170	0.002000	1.216755	3.997731	-0.999955	0.000000
5.623261	1.000104	6117.442019	4078.719219	0.000000	0.000000	-51.553170	0.002000	1.216755	3.997731	-0.999955	0.000000
5.643261	1.000104	6117.442019	4078.719219	0.000000	0.000000	-51.553170	0.002000	1.216755	3.997731	-0.999955	0.000000
5.663261	1.000104	6117.442019	4078.719219	0.000000	0.000000	-51.553170	0.002000	1.216755	3.997731	-0.999955	0.000000
5.683261	1.000104	6117.442019	4078.719219	0.000000	0.000000	-51.553170	0.002000	1.216755	3.997731	-0.999955	0.000000
5.703261	1.000104	6117.442019	4078.719219	0.000000	0.000000	-51.553170	0.002000	1.216755	3.997731	-0.999955	0.000000
5.723261	1.000104	6117.442019	4078.719219	0.000000	0.000000	-51.553170	0.002000	1.216755	3.997731	-0.999955	0.000000
5.743261	1.000104	6117.442019	4078.719219	0.000000	0.000000	-51.553170	0.002000	1.216755	3.997731	-0.999955	0.000000
5.763261	1.000104	6117.442019	4078.719219	0.000000	0.000000	-51.553170	0.002000	1.216755	3.997731	-0.999955	0.000000
5.783261	1.000104	6117.442019	4078.719219	0.000000	0.000000	-51.553170	0.002000	1.216755	3.997731	-0.999955	0.000000
5.803261	1.000104	6117.442019	4078.719219	0.000000	0.000000	-51.553170	0.002000	1.216755	3.997731	-0.999955	0.000000
5.823261	1.000104	6117.442019	4078.719219	0.000000	0.000000	-51.553170	0.002000	1.216755	3.997731	-0.999955	0.000000
5.843261	1.000104	6117.442019	4078.719219	-0.000000	0.000000	-51.553170	0.002000	1.216755	3.997731	-0.999955	0.000000
5.863261	1.000104	6117.442019	4078.719219	-0.000000	0.000000	-51.553170	0.002000	1.216755	3.997731	-0.999955	0.000000
5.883261	1.000104	6117.442019	4078.719219	-0.000000	0.000001	-51.553170	0.002000	1.216755	3.997731	-0.999955	0.000000
5.903261	1.000104	6117.442019	4078.719219	-0.000000	0.000003	-51.553170	0.002000	1.216755	3.997731	-0.999955	0.000000
5.923261	1.000104	6117.442019	4078.719219	-0.000000	0.000009	-51.553170	0.002000	1.216755	3.997731	-0.999955	0.000000
5.943261	1.000104	6117.442019	4078.719219	-0.000000	0.000031	-51.553170	0.002000	1.216755	3.997731	-0.999955	0.000000
5.963261	1.000104	6117.442019	4078.719219	-0.000001	0.000088	-51.553170	0.002000	1.216755	3.997731	-0.999955	0.000000
5.983261	1.000104	6117.442019	4078.719220	-0.000003	0.000225	-51.553170	0.002000	1.216755	3.997731	-0.999955	0.000000
6.003261	1.000104	6117.442019	4078.719220	-0.000008	0.000602	-51.553170	0.002000	1.216755	3.997731	-0.999955	0.000000
6.023261	1.000104	6117.442019	4078.719220	-0.000021	0.001577	-51.553170	0.002000	1.216755	3.997731	-0.999955	0.000000
6.043261	1.000104	6117.442019	4078.719220	-0.000055	0.003950	-51.553170	0.002000	1.216755	3.997731	-0.999955	0.000000
6.063261	1.000104	6117.442019	4078.719220	-0.000136	0.009420	-51.553170	0.002000	1.216755	3.997731	-0.999955	0.000000
6.083261	1.000104	6117.442020	4078.719220	-0.000319	0.021184	-51.553170	0.002000	1.216755	3.997731	-0.999955	0.000000
6.103261	1.000104	6117.442020	4078.719221	-0.000699	0.043528	-51.553170	0.002000	1.216755	3.997731	-0.999955	0.000000
6.123261	1.000104	6117.442021	4078.719222	-0.001376	0.076565	-51.553170	0.002000	1.216755	3.997731	-0.999955	0.000000
6.143261	1.000104	6117.442023	4078.719224	-0.002214	0.091530	-51.553170	0.002000	1.216755	3.997731	-0.999955	0.000000
6.163261	1.000104	6117.442026	4078.719228	-0.001836	-0.058001	-51.553170	0.002000	1.216755	3.997731	-0.999955	0.000000
6.183261	1.000104	6117.442025	4078.719231	0.005777	-0.916179	-51.553170	0.002000	1.216755	3.997731	-0.999955	0.000000
6.203261	1.000104	6117.442005	4078.719217	0.041692	-4.225845	-51.553170	0.002000	1.216755	3.997731	-0.999955	0.000000
6.223261	1.000104	6117.441910	4078.719129	0.171050	-15.089994	-51.553170	0.002000	1.216755	3.997731	-0.999955	0.000000
6.243261	1.000104	6117.441562	4078.718780	0.579363	-47.426497	-51.553170	0.002000	1.216755	3.997731	-0.999955	0.000000
6.263261	1.000104	6117.440457	4078.717619	1.761134	-137.009699	-51.553168	0.002000	1.216755	3.997730	-0.999955	0.000000
6.283261	1.000104	6117.437240	4078.714131	4.960645	-370.960552	-51.553163	0.002000	1.216755	3.997730	-0.999955	0.000000
6.303261	1.000103	6117.428480	4078.704390	13.145292	-950.767827	-51.553148	0.002000	1.216755	3.997730	-0.999956	0.000000
6.323261	1.000100	6117.405920	4078.678758	33.031631	-2319.138695	-51.553108	0.002000	1.216755	3.997728	-0.999957	0.000000
6.343261	1.000093	6117.350672	4078.614748	79.042163	-5399.102420	-51.553008	0.002000	1.216755	3.997724	-0.999960	0.000000
6.363262	1.000076	6117.221600	4078.462415	180.499383	-12012.210209	-51.552768	0.002000	1.216755	3.997715	-0.999967	0.000000
6.383262	1.000037	6116.933538	4078.116270	393.653310	-25547.264501	-51.552217	0.002000	1.216755	3.997695	-0.999984	0.000000
6.403264	0.999950	6116.319141	4077.364712	819.791726	-51913.047872	-51.551012	0.002000	1.216755	3.997652	-1.000021	0.000000
6.423268	0.999767	6115.067256	4075.805696	1628.870836	-100685.833499	-51.548496	0.002000	1.216755	3.997564	-1.000099	0.000000
6.443277	0.999398	6112.632554	4072.718269	3083.904811	-186118.978590	-51.543483	0.002001	1.216755	3.997393	-1.000257	0.000000
6.463295	0.998689	6108.118577	4066.888055	5554.653658	-327341.390401	-51.533967	0.002003	1.216755	3.997076	-1.000562	0.000000
6.483332	0.997390	6100.151412	4056.405252	9502.390098	-546796.430456	-51.516771	0.002005	1.216755	3.996514	-1.001121	0.000000
6.503401	0.995127	6086.782106	4038.486403	15416.268276	-866096.424284	-51.487228	0.002010	1.216755	3.995569	-1.002099	0.000000
6.523527	0.991379	6065.472872	4009.407698	23694.752189	-1299381.331933	-51.439017	0.002017	1.216755	3.994057	-1.003725	0.000000
6.543746	0.985483	6033.220377	3964.650560	34495.592751	-1845888.203686	-51.364287	0.002029	1.216755	3.991755	-1.006298	0.000000
6.564111	0.976671	5986.828878	3899.324072	47608.170299	-2484987.696313	-51.254171	0.002048	1.216755	3.988419	-1.010177	0.000000
6.584695	0.964145	5923.278807	3808.838769	62422.422167	-3177061.488080	-51.099580	0.002074	1.216755	3.983802	-1.015757	0.000000
6.605592	0.947178	5840.065497	3689.642945	78022.575941	-3870783.771365	-50.892145	0.002112	1.216755	3.977676	-1.023440	0.000000
6.626921	0.925216	5735.292901	3539.826726	93371.509207	-4515477.424021	-50.624849	0.002162	1.216755	3.969832	-1.033598	0.000000
6.648825	0.897940	5607.466973	3359.263998	107545.095303	-5072258.703193	-50.292346	0.002227	1.216755	3.960060	-1.046564	0.000000
6.671477	0.865283	5454.658863	3149.195297	119830.241240	-5520282.356531	-49.890888	0.002311	1.216755	3.948077	-1.062626	0.000000
6.695077	0.827360	5273.723881	2911.559160	129826.724113	-5856924.239325	-49.417159	0.002417	1.216755	3.933441	-1.082064	0.000000
6.719867	0.784118	5060.080276	2647.820431	137435.259307	-6077415.964980	-48.868317	0.002551	1.216755	3.915495	-1.105354	0.000000
6.746162	0.735190	4810.170606	2360.162763	142637.701405	-6166172.820246	-48.237627	0.002720	1.216755	3.893509	-1.133316	0.000000
6.774389	0.679094	4530.079658	2053.268088	145908.513148	-6075733.231675	-47.512539	0.002945	1.216755	3.867464	-1.167766	0.000000
6.805268	0.614107	4240.463253	1738.163035	147315.087033	-5767025.697144	-46.668380	0.003257	1.216755	3.838774	-1.211431	0.000000
6.839918	0.538754	3984.692357	1432.962521	147461.992599	-5278683.804602	-45.650600	0.003712	1.216755	3.811750	-1.268263	0.000000
6.880355	0.452616	3807.015984	1150.201426	147022.650102	-4653577.224446	-44.388134	0.004419	1.216755	3.791925	-1.343899	0.000000
6.930244	0.360818	3760.136990	905.648941	144642.867733	-4051706.319400	-42.684803	0.005543	1.216755	3.786523	-1.442311	0.000000
6.995438	0.254233	3875.811974	657.762048	147725.611598	-3386232.622950	-40.290568	0.007867	1.216755	3.799652	-1.594331	0.000000
7.108187	0.147253	4853.487981	477.059753	145256.035559	-2407196.382424	-35.422651	0.013582	1.216755	3.897288	-1.831463	0.000000
-0.002992	3.345436	103232.845161	230240.149566	10.290898	0.000000	0.001071	0.000598	0.000000	5.224983	-0.475550	0.000000
-0.008968	3.354062	102939.262312	230176.729891	31.037984	0.000000	0.003111	0.000596	0.000000	5.223746	-0.474433	0.000000
-0.014922	3.370755	102375.694722	230055.824049	51.531086	0.000000	0.004856	0.000593	0.000000	5.221361	-0.472276	0.000000
-0.020839	3.394477	101586.441335	229888.657146	69.684357	0.000000	0.006142	0.000589	0.000000	5.217999	-0.469229	0.000000
-0.026709	3.423742	100631.517332	229690.904192	81.806033	0.000000	0.006846	0.000584	0.000000	5.213896	-0.465500	0.000000
-0.032525	3.456729	99580.259126	229481.251836	83.787449	0.000000	0.006912	0.000579	0.000000	5.209333	-0.461334	0.000000
-0.038283	3.491429	98503.899853	229279.374648	72.857097	0.000000	0.006354	0.000573	0.000000	5.204612	-0.456995	0.000000
-0.043983	3.525813	97468.516852	229103.575644	49.101011	0.000000	0.005265	0.000567	0.000000	5.200022	-0.452738	0.000000
-0.049629	3.558030	96529.024814	228968.444914	16.037565	0.000000	0.003798	0.000562	0.000000	5.195815	-0.448787	0.000000
-0.055226	3.586574	95725.036748	228882.983662	-20.033008	0.000000	0.002152	0.000558	0.000000	5.192182	-0.445317	0.000000
-0.060782	3.610421	95078.870319	228849.588416	-51.684171	0.000000	0.000533	0.000554	0.000000	5.189241	-0.442439	0.000000
-0.066305	3.629089	94595.779838	228864.125252	-72.433922	0.000000	-0.000872	0.000551	0.000000	5.187030	-0.440200	0.000000
-0.071804	3.642621	94266.119189	228917.082363	-78.523444	0.000000	-0.001927	0.000549	0.000000	5.185514	-0.438584	0.000000
-0.077286	3.651505	94068.965580	228995.547352	-69.838076	0.000000	-0.002561	0.000548	0.000000	5.184606	-0.437527	0.000000
-0.082758	3.656531	93976.552623	229085.576293	-49.723783	0.000000	-0.002774	0.000547	0.000000	5.184180	-0.436931	0.000000
-0.088226	3.658639	93958.815506	229174.455863	-23.830265	0.000000	-0.002628	0.000547	0.000000	5.184099	-0.436681	0.000000
-0.093692	3.658772	93987.379697	229252.421866	1.584197	0.000000	-0.002223	0.000547	0.000000	5.184232	-0.436666	0.000000
