0.002992	3.345713	103223.182246	230237.625566	10.501771	-3168666.184535	-0.001066	0.000598	1.216755	5.224942	-0.475514	0.000000
0.008968	3.354313	102930.518720	230174.428728	31.548495	-2866438.834057	-0.003098	0.000596	1.216755	5.223709	-0.474400	0.000000
0.014921	3.370958	102368.714669	230053.980728	52.037107	-2287130.527720	-0.004836	0.000593	1.216755	5.221331	-0.472250	0.000000
0.020837	3.394611	101581.910543	229887.510713	69.857560	-1483463.566150	-0.006115	0.000589	1.216755	5.217979	-0.469212	0.000000
0.026707	3.423794	100629.874650	229690.660402	81.463274	-536972.412618	-0.006814	0.000584	1.216755	5.213888	-0.465493	0.000000
0.032523	3.456694	99581.618517	229482.025581	82.994204	445709.903715	-0.006879	0.000579	1.216755	5.209339	-0.461339	0.000000
0.038281	3.491310	98508.009363	229281.134616	71.914479	1345060.066882	-0.006326	0.000573	1.216755	5.204630	-0.457010	0.000000
0.043982	3.525626	97474.775227	229106.117040	48.428023	2047385.404392	-0.005246	0.000567	1.216755	5.200050	-0.452761	0.000000
0.049628	3.557798	96536.563521	228971.407586	16.003319	2465929.913589	-0.003792	0.000562	1.216755	5.195849	-0.448816	0.000000
0.055225	3.586327	95732.855775	228885.916590	-19.253174	2558158.092131	-0.002160	0.000558	1.216755	5.192218	-0.445347	0.000000
0.060782	3.610189	95086.000994	228852.044495	-50.172356	2334399.935363	-0.000553	0.000554	1.216755	5.189274	-0.442467	0.000000
0.066305	3.628897	94601.439892	228865.759197	-70.493472	1855291.696323	0.000844	0.000551	1.216755	5.187056	-0.440223	0.000000
0.071804	3.642488	94269.827135	228917.723255	-76.564421	1218607.758547	0.001897	0.000549	1.216755	5.185532	-0.438600	0.000000
0.077287	3.651436	94070.591343	228995.225733	-68.233228	538647.198633	0.002534	0.000548	1.216755	5.184614	-0.437536	0.000000
0.082759	3.656524	93976.296969	229084.500310	-48.690055	-76818.436935	0.002755	0.000547	1.216755	5.184179	-0.436932	0.000000
0.088226	3.658681	93957.127898	229172.946579	-23.375416	-546528.187779	0.002619	0.000547	1.216755	5.184091	-0.436676	0.000000
0.093693	3.658845	93984.838442	229250.828982	1.638739	-828044.183599	0.002224	0.000547	1.216755	5.184220	-0.436657	0.000000
0.099160	3.657847	94035.670892	229312.188018	21.255993	-920048.981080	0.001687	0.000547	1.216755	5.184455	-0.436776	0.000000
0.104629	3.656340	94091.971681	229354.909176	32.474434	-855180.805891	0.001117	0.000547	1.216755	5.184715	-0.436955	0.000000
0.110101	3.654779	94142.515372	229380.092887	34.758976	-686531.194264	0.000600	0.000547	1.216755	5.184948	-0.437140	0.000000
0.115575	3.653429	94181.784847	229390.999401	29.684028	-472259.926510	0.000191	0.000547	1.216755	5.185128	-0.437300	0.000000
0.121051	3.652404	94208.604177	229391.880489	20.088292	-262537.402316	-0.000090	0.000548	1.216755	5.185252	-0.437422	0.000000
0.126528	3.651708	94224.549023	229386.962443	9.085586	-91523.852653	-0.000250	0.000548	1.216755	5.185325	-0.437504	0.000000
0.132006	3.651285	94232.486695	229379.743718	-0.756636	24901.589548	-0.000312	0.000548	1.216755	5.185361	-0.437554	0.000000
0.137484	3.651057	94235.465737	229372.655871	-7.884068	86670.201383	-0.000309	0.000548	1.216755	5.185375	-0.437582	0.000000
0.142962	3.650945	94236.033462	229367.041907	-11.833372	104288.692808	-0.000270	0.000548	1.216755	5.185378	-0.437595	0.000000
0.148441	3.650890	94235.946204	229363.350430	-13.009333	92951.260252	-0.000220	0.000548	1.216755	5.185377	-0.437601	0.000000
0.153920	3.650850	94236.169928	229361.429718	-12.309994	67620.652168	-0.000176	0.000548	1.216755	5.185378	-0.437606	0.000000
0.159399	3.650807	94237.048197	229360.823615	-10.747557	39925.500540	-0.000143	0.000548	1.216755	5.185382	-0.437611	0.000000
0.164877	3.650752	94238.528672	229361.006005	-9.168817	16973.294503	-0.000125	0.000548	1.216755	5.185389	-0.437618	0.000000
0.170356	3.650689	94240.372235	229361.528198	-8.113853	1658.779403	-0.000118	0.000548	1.216755	5.185398	-0.437625	0.000000
0.175835	3.650623	94242.305475	229362.083265	-7.802396	-6177.829416	-0.000119	0.000548	1.216755	5.185407	-0.437633	0.000000
0.181315	3.650560	94244.107679	229362.508828	-8.210818	-8361.184772	-0.000124	0.000548	1.216755	5.185415	-0.437641	0.000000
0.186794	3.650504	94245.642783	229362.755080	-9.175876	-7194.333165	-0.000130	0.000548	1.216755	5.185422	-0.437647	0.000000
0.192273	3.650459	94246.855054	229362.841429	-10.487289	-4681.974624	-0.000136	0.000548	1.216755	5.185428	-0.437653	0.000000
0.197752	3.650424	94247.747182	229362.817493	-11.975647	-2182.440658	-0.000139	0.000548	1.216755	5.185432	-0.437657	0.000000
0.203232	3.650399	94248.354880	229362.735898	-13.532081	-383.087569	-0.000141	0.000548	1.216755	5.185434	-0.437660	0.000000
0.208711	3.650383	94248.726036	229362.637816	-15.077352	547.943400	-0.000142	0.000548	1.216755	5.185436	-0.437662	0.000000
0.214191	3.650375	94248.907342	229362.548727	-16.636484	741.969217	-0.000141	0.000548	1.216755	5.185437	-0.437663	0.000000
0.219670	3.650372	94248.937975	229362.480412	-18.266954	439.004648	-0.000140	0.000548	1.216755	5.185437	-0.437663	0.000000
0.225150	3.650375	94248.848219	229362.435104	-19.874387	-111.385895	-0.000139	0.000548	1.216755	5.185437	-0.437663	0.000000
0.230629	3.650382	94248.660740	229362.410143	-21.612715	-737.524660	-0.000137	0.000548	1.216755	5.185436	-0.437662	0.000000
0.236109	3.650392	94248.392919	229362.401913	-23.674051	-1378.131768	-0.000134	0.000548	1.216755	5.185435	-0.437661	0.000000
0.241588	3.650405	94248.058833	229362.406481	-25.470733	-1950.895583	-0.000132	0.000548	1.216755	5.185433	-0.437659	0.000000
0.247067	3.650420	94247.670446	229362.420889	-27.531370	-2454.227101	-0.000128	0.000548	1.216755	5.185431	-0.437657	0.000000
0.252547	3.650438	94247.238897	229362.445911	-30.711400	-3063.474879	-0.000125	0.000548	1.216755	5.185429	-0.437655	0.000000
0.258026	3.650456	94246.774517	229362.479721	-32.196288	-3574.243194	-0.000120	0.000548	1.216755	5.185427	-0.437653	0.000000
0.263505	3.650476	94246.285770	229362.519482	-34.183909	-3945.270380	-0.000116	0.000548	1.216755	5.185425	-0.437651	0.000000
0.268985	3.650496	94245.781558	229362.574392	-40.954012	-4916.180809	-0.000110	0.000548	1.216755	5.185423	-0.437648	0.000000
0.274464	3.650517	94245.270162	229362.638027	-39.397254	-5469.483617	-0.000103	0.000548	1.216755	5.185420	-0.437646	0.000000
0.279943	3.650538	94244.754035	229362.695024	-38.687640	-5214.451100	-0.000098	0.000548	1.216755	5.185418	-0.437643	0.000000
0.285422	3.650559	94244.240840	229362.785706	-60.189387	-7596.598501	-0.000089	0.000548	1.216755	5.185416	-0.437641	0.000000
0.290902	3.650580	94243.740003	229362.880749	-43.074869	-8043.481145	-0.000077	0.000548	1.216755	5.185413	-0.437638	0.000000
0.296381	3.650600	94243.237648	229362.900878	-25.088198	-4197.461708	-0.000080	0.000548	1.216755	5.185411	-0.437636	0.000000
0.301860	3.650620	94242.747000	229363.028307	-112.182718	-12313.792947	-0.000067	0.000548	1.216755	5.185409	-0.437633	0.000000
0.307339	3.650640	94242.296541	229363.135966	-22.876037	-12046.352619	-0.000039	0.000548	1.216755	5.185407	-0.437631	0.000000
0.312818	3.650654	94241.808118	229362.823086	90.718180	10029.076096	-0.000086	0.000548	1.216755	5.185404	-0.437630	0.000000
0.318297	3.650673	94241.325700	229362.908906	-293.308667	-22524.545769	-0.000074	0.000548	1.216755	5.185402	-0.437627	0.000000
0.323776	3.650688	94240.980548	229362.839550	124.835425	-19499.422387	0.000010	0.000548	1.216755	5.185401	-0.437626	0.000000
0.329255	3.650677	94240.402129	229360.589271	749.948591	93020.765186	-0.000267	0.000548	1.216755	5.185398	-0.437627	0.000000
0.334734	3.650684	94239.754388	229359.793196	-971.806324	-43072.427087	-0.000316	0.000548	1.216755	5.185395	-0.437626	0.000000
0.340213	3.650669	94239.669674	229357.991777	950.918199	-29222.993041	-0.000020	0.000548	1.216755	5.185394	-0.437629	0.000000
0.345692	3.650523	94238.413306	229344.916912	4290.105395	532281.829802	-0.001472	0.000548	1.216755	5.185388	-0.437647	0.000000
0.351171	3.650440	94236.560628	229336.396244	-3371.341327	-29480.113389	-0.002087	0.000548	1.216755	5.185380	-0.437655	0.000000
0.356651	3.650230	94237.134509	229321.165181	5541.810624	40525.639661	-0.001114	0.000548	1.216755	5.185383	-0.437687	0.000000
0.362131	3.649324	94231.995649	229246.888692	23292.098133	2849388.751647	-0.008644	0.000548	1.216755	5.185355	-0.437799	0.000000
0.367613	3.648552	94222.844145	229180.513869	-10117.487473	637902.198702	-0.013516	0.000548	1.216755	5.185316	-0.437886	0.000000
0.373095	3.647005	94223.933116	229068.329318	31995.752487	1104197.856631	-0.011428	0.000548	1.216755	5.185320	-0.438103	0.000000
0.378581	3.641714	94196.835728	228641.484454	126806.962421	15367957.652930	-0.051131	0.000549	1.216755	5.185173	-0.438766	0.000000
0.384080	3.636058	94143.810670	228169.862430	-13907.353055	7658116.104023	-0.085736	0.000550	1.216755	5.184941	-0.439430	0.000000
0.389582	3.625671	94130.812632	227393.969576	188230.582770	11339838.287696	-0.091783	0.000552	1.216755	5.184875	-0.440844	0.000000
0.395108	3.595053	93973.088311	224927.095720	704901.734220	87300150.111696	-0.305732	0.000556	1.216755	5.184028	-0.444734	0.000000
0.400709	3.557437	93634.392131	221779.549624	151038.915103	74482599.533203	-0.544093	0.000562	1.216755	5.182479	-0.449306	0.000000
0.406349	3.496637	93405.856270	217020.884020	1035254.778270	111250694.904104	-0.661640	0.000572	1.216755	5.181360	-0.457606	0.000000
0.412125	3.339485	92323.675105	203935.623078	4026533.604618	593521071.023888	-1.800969	0.000599	1.216755	5.175528	-0.478783	0.000000
0.418343	3.150059	89621.762371	186745.104383	1936278.506466	793971889.506389	-3.459151	0.000635	1.216755	5.162271	-0.503770	0.000000
0.424857	2.974520	86898.266156	170298.115494	2101273.985645	917498555.095050	-3.871674	0.000672	1.216755	5.148618	-0.530156	0.000000
0.431749	2.550876	80388.220073	131626.522802	19285149.724439	3545486008.300120	-7.780027	0.000784	1.216755	5.109824	-0.603229	0.000000
0.440917	1.892438	59902.585430	69861.166151	37650707.554411	8006419002.511326	-21.214702	0.001057	1.216755	4.968511	-0.737023	0.000000
0.454520	1.368345	31161.757132	25661.158307	28418387.345524	6814759836.263398	-37.315533	0.001462	1.216755	4.671401	-0.874873	0.000000
0.471904	1.116174	13236.553819	9020.643464	12530798.140968	2863611386.668606	-46.887995	0.001792	1.216755	4.299927	-0.957437	0.000000
0.491144	1.029542	7313.456523	4859.418397	3560481.198056	612244839.516874	-50.457883	0.001943	1.216755	4.062806	-0.988970	0.000000
0.510981	1.006319	6265.550577	4181.898820	722597.789432	78465558.950679	-51.351915	0.001987	1.216755	4.006276	-0.997651	0.000000
0.530953	1.001218	6136.606968	4093.160342	122180.018822	9665096.797688	-51.521672	0.001998	1.216755	3.998858	-0.999547	0.000000
0.550949	1.000277	6120.157715	4080.814678	17453.844372	1336207.191988	-51.548975	0.001999	1.216755	3.997891	-0.999893	0.000000
0.570948	1.000127	6117.832319	4079.013334	2128.141558	194425.296488	-51.552687	0.002000	1.216755	3.997754	-0.999947	0.000000
0.590948	1.000107	6117.495581	4078.757723	225.007778	27475.982685	-51.553122	0.002000	1.216755	3.997734	-0.999954	0.000000
0.610948	1.000104	6117.448863	4078.723872	20.436650	3631.267373	-51.553166	0.002000	1.216755	3.997731	-0.999955	0.000000
0.630948	1.000104	6117.442828	4078.719739	1.576437	443.430032	-51.553170	0.002000	1.216755	3.997731	-0.999955	0.000000
0.650948	1.000104	6117.442108	4078.719274	0.108880	50.025547	-51.553170	0.002000	1.216755	3.997731	-0.999955	0.000000
0.670948	1.000104	6117.442028	4078.719225	0.009433	5.262424	-51.553170	0.002000	1.216755	3.997731	-0.999955	0.000000
0.690948	1.000104	6117.442020	4078.719220	0.001538	0.529622	-51.553170	0.002000	1.216755	3.997731	-0.999955	0.000000
0.710948	1.000104	6117.442019	4078.719220	0.000316	0.053786	-51.553170	0.002000	1.216755	3.997731	-0.999955	0.000000
0.730948	1.000104	6117.442019	4078.719220	0.000058	0.005950	-51.553170	0.002000	1.216755	3.997731	-0.999955	0.000000
0.750948	1.000104	6117.442019	4078.719219	0.000009	0.000751	-51.553170	0.002000	1.216755	3.997731	-0.999955	0.000000
0.770948	1.000104	6117.442019	4078.719219	0.000001	0.000104	-51.553170	0.002000	1.216755	3.997731	-0.999955	0.000000
0.790948	1.000104	6117.442019	4078.719219	0.000000	0.000015	-51.553170	0.002000	1.216755	3.997731	-0.999955	0.000000
0.810948	1.000104	6117.442019	4078.719219	-0.000000	0.000002	-51.553170	0.002000	1.216755	3.997731	-0.999955	0.000000
0.830948	1.000104	6117.442019	4078.719219	-0.000000	-0.000000	-51.553170	0.002000	1.216755	3.997731	-0.999955	0.000000
0.850948	1.000104	6117.442019	4078.719219	-0.000000	-0.000000	-51.553170	0.002000	1.216755	3.997731	-0.999955	0.000000
0.870948	1.000104	6117.442019	4078.719219	0.000000	-0.000001	-51.553170	0.002000	1.216755	3.997731	-0.999955	0.000000
0.890948	1.000104	6117.442019	4078.719219	0.000000	0.000000	-51.553170	0.002000	1.216755	3.997731	-0.999955	0.000000
0.910948	1.000104	6117.442019	4078.719219	-0.000000	0.000001	-51.553170	0.002000	1.216755	3.997731	-0.999955	0.000000
0.930948	1.000104	6117.442019	4078.719219	-0.000000	-0.000000	-51.553170	0.002000	1.216755	3.997731	-0.999955	0.000000
0.950948	1.000104	6117.442019	4078.719219	0.000000	0.000000	-51.553170	0.002000	1.216755	3.997731	-0.999955	0.000000
0.970948	1.000104	6117.442019	4078.719219	-0.000000	0.000001	-51.553170	0.002000	1.216755	3.997731	-0.999955	0.000000
0.990948	1.000104	6117.442019	4078.719219	-0.000000	-0.000001	-51.553170	0.002000	1.216755	3.997731	-0.999955	0.000000
1.010948	1.000104	6117.442019	4078.719219	0.000000	-0.000001	-51.553170	0.002000	1.216755	3.997731	-0.999955	0.000000
1.030948	1.000104	6117.442019	4078.719219	0.000000	0.000000	-51.553170	0.002000	1.216755	3.997731	-0.999955	0.000000
1.050948	1.000104	6117.442019	4078.719219	-0.000000	0.000000	-51.553170	0.002000	1.216755	3.997731	-0.999955	0.000000
1.070948	1.000104	6117.442019	4078.719219	-0.000000	-0.000000	-51.553170	0.002000	1.216755	3.997731	-0.999955	0.000000
1.090948	1.000104	6117.442019	4078.719219	0.000000	-0.000000	-51.553170	0.002000	1.216755	3.997731	-0.999955	0.000000
1.110948	1.000104	6117.442019	4078.719219	0.000000	-0.000000	-51.553170	0.002000	1.216755	3.997731	-0.999955	0.000000
1.130948	1.000104	6117.442019	4078.719219	0.000000	0.000000	-51.553170	0.002000	1.216755	3.997731	-0.999955	0.000000
1.150948	1.000104	6117.442019	4078.719219	-0.000000	0.000001	-51.553170	0.002000	1.216755	3.997731	-0.999955	0.000000
1.170948	1.000104	6117.442019	4078.719219	-0.000000	0.000000	-51.553170	0.002000	1.216755	3.997731	-0.999955	0.000000
1.190948	1.000104	6117.442019	4078.719219	-0.000000	0.000000	-51.553170	0.002000	1.216755	3.997731	-0.999955	0.000000
1.210948	1.000104	6117.442019	4078.719219	-0.000000	-0.000000	-51.553170	0.002000	1.216755	3.997731	-0.999955	0.000000
1.230948	1.000104	6117.442019	4078.719219	-0.000000	-0.000001	-51.553170	0.002000	1.216755	3.997731	-0.999955	0.000000
1.250948	1.000104	6117.442019	4078.719219	0.000000	-0.000000	-51.553170	0.002000	1.216755	3.997731	-0.999955	0.000000
1.270948	1.000104	6117.442019	4078.719219	0.000000	0.000000	-51.553170	0.002000	1.216755	3.997731	-0.999955	0.000000
1.290948	1.000104	6117.442019	4078.719219	-0.000000	0.000000	-51.553170	0.002000	1.216755	3.997731	-0.999955	0.000000
1.310948	1.000104	6117.442019	4078.719219	0.000000	0.000000	-51.553170	0.002000	1.216755	3.997731	-0.999955	0.000000
1.330948	1.000104	6117.442019	4078.719219	0.000000	0.000001	-51.553170	0.002000	1.216755	3.997731	-0.999955	0.000000
1.350948	1.000104	6117.442019	4078.719219	-0.000000	0.000001	-51.553170	0.002000	1.216755	3.997731	-0.999955	0.000000
1.370948	1.000104	6117.442019	4078.719219	-0.000000	-0.000002	-51.553170	0.002000	1.216755	3.997731	-0.999955	0.000000
1.390948	1.000104	6117.442019	4078.719219	0.000000	-0.000001	-51.553170	0.002000	1.216755	3.997731	-0.999955	0.000000
1.410948	1.000104	6117.442019	4078.719219	0.000000	0.000001	-51.553170	0.002000	1.216755	3.997731	-0.999955	0.000000
1.430948	1.000104	6117.442019	4078.719219	0.000000	0.000001	-51.553170	0.002000	1.216755	3.997731	-0.999955	0.000000
1.450948	1.000104	6117.442019	4078.719219	-0.000000	0.000001	-51.553170	0.002000	1.216755	3.997731	-0.999955	0.000000
1.470948	1.000104	6117.442019	4078.719219	0.000000	-0.000001	-51.553170	0.002000	1.216755	3.997731	-0.999955	0.000000
1.490948	1.000104	6117.442019	4078.719219	0.000000	0.000001	-51.553170	0.002000	1.216755	3.997731	-0.999955	0.000000
1.510948	1.000104	6117.442019	4078.719219	-0.000000	0.000000	-51.553170	0.002000	1.216755	3.997731	-0.999955	0.000000
1.530948	1.000104	6117.442019	4078.719219	-0.000000	-0.000001	-51.553170	0.002000	1.216755	3.997731	-0.999955	0.000000
1.550948	1.000104	6117.442019	4078.719219	0.000000	-0.000000	-51.553170	0.002000	1.216755	3.997731	-0.999955	0.000000
1.570948	1.000104	6117.442019	4078.719219	0.000000	0.000001	-51.553170	0.002000	1.216755	3.997731	-0.999955	0.000000
1.590948	1.000104	6117.442019	4078.719219	-0.000000	0.000000	-51.553170	0.002000	1.216755	3.997731	-0.999955	0.000000
1.610948	1.000104	6117.442019	4078.719219	0.000000	-0.000001	-51.553170	0.002000	1.216755	3.997731	-0.999955	0.000000
1.630948	1.000104	6117.442019	4078.719219	0.000000	0.000001	-51.553170	0.002000	1.216755	3.997731	-0.999955	0.000000
1.650948	1.000104	6117.442019	4078.719219	-0.000000	0.000001	-51.553170	0.002000	1.216755	3.997731	-0.999955	0.000000
1.670948	1.000104	6117.442019	4078.719219	-0.000000	-0.000001	-51.553170	0.002000	1.216755	3.997731	-0.999955	0.000000
1.690948	1.000104	6117.442019	4078.719219	0.000000	-0.000000	-51.553170	0.002000	1.216755	3.997731	-0.999955	0.000000
1.710948	1.000104	6117.442019	4078.719219	-0.000000	0.000001	-51.553170	0.002000	1.216755	3.997731	-0.999955	0.000000
1.730948	1.000104	6117.442019	4078.719219	-0.000000	-0.000001	-51.553170	0.002000	1.216755	3.997731	-0.999955	0.000000
1.750948	1.000104	6117.442019	4078.719219	0.000000	-0.000001	-51.553170	0.002000	1.216755	3.997731	-0.999955	0.000000
1.770948	1.000104	6117.442019	4078.719219	0.000000	0.000000	-51.553170	0.002000	1.216755	3.997731	-0.999955	0.000000
1.790948	1.000104	6117.442019	4078.719219	0.000000	0.000000	-51.553170	0.002000	1.216755	3.997731	-0.999955	0.000000
1.810948	1.000104	6117.442019	4078.719219	-0.000000	0.000001	-51.553170	0.002000	1.216755	3.997731	-0.999955	0.000000
1.830948	1.000104	6117.442019	4078.719219	-0.000000	-0.000000	-51.553170	0.002000	1.216755	3.997731	-0.999955	0.000000
1.850948	1.000104	6117.442019	4078.719219	0.000000	0.000001	-51.553170	0.002000	1.216755	3.997731	-0.999955	0.000000
1.870948	1.000104	6117.442019	4078.719219	-0.000000	0.000001	-51.553170	0.002000	1.216755	3.997731	-0.999955	0.000000
1.890948	1.000104	6117.442019	4078.719219	-0.000000	0.000000	-51.553170	0.002000	1.216755	3.997731	-0.999955	0.000000
1.910948	1.000104	6117.442019	4078.719219	0.000000	0.000001	-51.553170	0.002000	1.216755	3.997731	-0.999955	0.000000
1.930948	1.000104	6117.442019	4078.719219	-0.000000	-0.000000	-51.553170	0.002000	1.216755	3.997731	-0.999955	0.000000
1.950948	1.000104	6117.442019	4078.719219	-0.000000	-0.000001	-51.553170	0.002000	1.216755	3.997731	-0.999955	0.000000
1.970948	1.000104	6117.442019	4078.719219	0.000000	-0.000001	-51.553170	0.002000	1.216755	3.997731	-0.999955	0.000000
1.990948	1.000104	6117.442019	4078.719219	0.000000	0.000000	-51.553170	0.002000	1.216755	3.997731	-0.999955	0.000000
2.010948	1.000104	6117.442019	4078.719219	-0.000000	0.000001	-51.553170	0.002000	1.216755	3.997731	-0.999955	0.000000
2.030948	1.000104	6117.442019	4078.719219	0.000000	-0.000002	-51.553170	0.002000	1.216755	3.997731	-0.999955	0.000000
2.050948	1.000104	6117.442019	4078.719219	0.000000	0.000000	-51.553170	0.002000	1.216755	3.997731	-0.999955	0.000000
2.070948	1.000104	6117.442019	4078.719219	-0.000000	0.000001	-51.553170	0.002000	1.216755	3.997731	-0.999955	0.000000
2.090948	1.000104	6117.442019	4078.719219	-0.000000	-0.000001	-51.553170	0.002000	1.216755	3.997731	-0.999955	0.000000
2.110948	1.000104	6117.442019	4078.719219	0.000000	-0.000001	-51.553170	0.002000	1.216755	3.997731	-0.999955	0.000000
2.130948	1.000104	6117.442019	4078.719219	0.000000	0.000001	-51.553170	0.002000	1.216755	3.997731	-0.999955	0.000000
2.150948	1.000104	6117.442019	4078.719219	-0.000000	0.000001	-51.553170	0.002000	1.216755	3.997731	-0.999955	0.000000
2.170948	1.000104	6117.442019	4078.719219	-0.000000	-0.000001	-51.553170	0.002000	1.216755	3.997731	-0.999955	0.000000
2.190948	1.000104	6117.442019	4078.719219	0.000000	-0.000001	-51.553170	0.002000	1.216755	3.997731	-0.999955	0.000000
2.210948	1.000104	6117.442019	4078.719219	0.000000	0.000000	-51.553170	0.002000	1.216755	3.997731	-0.999955	0.000000
2.230948	1.000104	6117.442019	4078.719219	-0.000000	0.000001	-51.553170	0.002000	1.216755	3.997731	-0.999955	0.000000
2.250948	1.000104	6117.442019	4078.719219	-0.000000	0.000001	-51.553170	0.002000	1.216755	3.997731	-0.999955	0.000000
2.270948	1.000104	6117.442019	4078.719219	0.000000	0.000000	-51.553170	0.002000	1.216755	3.997731	-0.999955	0.000000
2.290948	1.000104	6117.442019	4078.719219	0.000000	-0.000000	-51.553170	0.002000	1.216755	3.997731	-0.999955	0.000000
2.310948	1.000104	6117.442019	4078.719219	0.000000	0.000001	-51.553170	0.002000	1.216755	3.997731	-0.999955	0.000000
2.330948	1.000104	6117.442019	4078.719219	-0.000000	0.000000	-51.553170	0.002000	1.216755	3.997731	-0.999955	0.000000
2.350948	1.000104	6117.442019	4078.719219	-0.000000	-0.000000	-51.553170	0.002000	1.216755	3.997731	-0.999955	0.000000
2.370948	1.000104	6117.442019	4078.719219	-0.000000	0.000000	-51.553170	0.002000	1.216755	3.997731	-0.999955	0.000000
2.390948	1.000104	6117.442019	4078.719219	-0.000000	-0.000001	-51.553170	0.002000	1.216755	3.997731	-0.999955	0.000000
2.410948	1.000104	6117.442019	4078.719219	0.000000	0.000001	-51.553170	0.002000	1.216755	3.997731	-0.999955	0.000000
2.430948	1.000104	6117.442019	4078.719219	-0.000000	0.000001	-51.553170	0.002000	1.216755	3.997731	-0.999955	0.000000
2.450948	1.000104	6117.442019	4078.719219	-0.000000	-0.000003	-51.553170	0.002000	1.216755	3.997731	-0.999955	0.000000
2.470948	1.000104	6117.442019	4078.719219	0.000000	-0.000001	-51.553170	0.002000	1.216755	3.997731	-0.999955	0.000000
2.490948	1.000104	6117.442019	4078.719219	0.000000	0.000001	-51.553170	0.002000	1.216755	3.997731	-0.999955	0.000000
2.510948	1.000104	6117.442019	4078.719219	-0.000000	0.000000	-51.553170	0.002000	1.216755	3.997731	-0.999955	0.000000
2.530948	1.000104	6117.442019	4078.719219	0.000000	0.000000	-51.553170	0.002000	1.216755	3.997731	-0.999955	0.000000
2.550948	1.000104	6117.442019	4078.719219	-0.000000	0.000000	-51.553170	0.002000	1.216755	3.997731	-0.999955	0.000000
2.570948	1.000104	6117.442019	4078.719219	-0.000000	0.000000	-51.553170	0.002000	1.216755	3.997731	-0.999955	0.000000
2.590948	1.000104	6117.442019	4078.719219	-0.000000	0.000000	-51.553170	0.002000	1.216755	3.997731	-0.999955	0.000000
2.610948	1.000104	6117.442019	4078.719219	0.000000	0.000000	-51.553170	0.002000	1.216755	3.997731	-0.999955	0.000000
2.630948	1.000104	6117.442019	4078.719219	0.000000	0.000000	-51.553170	0.002000	1.216755	3.997731	-0.999955	0.000000
2.650948	1.000104	6117.442019	4078.719219	0.000000	0.000000	-51.553170	0.002000	1.216755	3.997731	-0.999955	0.000000
2.670948	1.000104	6117.442019	4078.719219	0.000000	0.000000	-51.553170	0.002000	1.216755	3.997731	-0.999955	0.000000
2.690948	1.000104	6117.442019	4078.719219	0.000000	0.000000	-51.553170	0.002000	1.216755	3.997731	-0.999955	0.000000
2.710948	1.000104	6117.442019	4078.719219	0.000000	0.000000	-51.553170	0.002000	1.216755	3.997731	-0.999955	0.000000
2.730948	1.000104	6117.442019	4078.719219	0.000000	0.000000	-51.553170	0.002000	1.216755	3.997731	-0.999955	0.000000
2.750948	1.000104	6117.442019	4078.719219	0.000000	0.000000	-51.553170	0.002000	1.216755	3.997731	-0.999955	0.000000
2.770948	1.000104	6117.442019	4078.719219	0.000000	0.000000	-51.553170	0.002000	1.216755	3.997731	-0.999955	0.000000
2.790948	1.000104	6117.442019	4078.719219	0.000000	0.000000	-51.553170	0.002000	1.216755	3.997731	-0.999955	0.000000
2.810948	1.000104	6117.442019	4078.719219	0.000000	0.000000	-51.553170	0.002000	1.216755	3.997731	-0.999955	0.000000
2.830948	1.000104	6117.442019	4078.719219	0.000000	0.000000	-51.553170	0.002000	1.216755	3.997731	-0.999955	0.000000
2.850948	1.000104	6117.442019	4078.719219	0.000000	0.000000	-51.553170	0.002000	1.216755	3.997731	-0.999955	0.000000
2.870948	1.000104	6117.442019	4078.719219	0.000000	0.000000	-51.553170	0.002000	1.216755	3.997731	-0.999955	0.000000
2.890948	1.000104	6117.442019	4078.719219	0.000000	0.000000	-51.553170	0.002000	1.216755	3.997731	-0.999955	0.000000
2.910948	1.000104	6117.442019	4078.719219	0.000000	0.000000	-51.553170	0.002000	1.216755	3.997731	-0.999955	0.000000
2.930948	1.000104	6117.442019	4078.719219	0.000000	0.000000	-51.553170	0.002000	1.216755	3.997731	-0.999955	0.000000
2.950948	1.000104	6117.442019	4078.719219	0.000000	0.000000	-51.553170	0.002000	1.216755	3.997731	-0.999955	0.000000
2.970948	1.000104	6117.442019	4078.719219	0.000000	0.000000	-51.553170	0.002000	1.216755	3.997731	-0.999955	0.000000
2.990948	1.000104	6117.442019	4078.719219	0.000000	0.000000	-51.553170	0.002000	1.216755	3.997731	-0.999955	0.000000
3.010948	1.000104	6117.442019	4078.719219	0.000000	0.000000	-51.553170	0.002000	1.216755	3.997731	-0.999955	0.000000
3.030948	1.000104	6117.442019	4078.719219	0.000000	0.000000	-51.553170	0.002000	1.216755	3.997731	-0.999955	0.000000
3.050948	1.000104	6117.442019	4078.719219	0.000000	0.000000	-51.553170	0.002000	1.216755	3.997731	-0.999955	0.000000
3.070948	1.000104	6117.442019	4078.719219	0.000000	0.000000	-51.553170	0.002000	1.216755	3.997731	-0.999955	0.000000
3.090948	1.000104	6117.442019	4078.719219	0.000000	0.000000	-51.553170	0.002000	1.216755	3.997731	-0.999955	0.000000
3.110948	1.000104	6117.442019	4078.719219	0.000000	0.000000	-51.553170	0.002000	1.216755	3.997731	-0.999955	0.000000
3.130948	1.000104	6117.442019	4078.719219	0.000000	0.000000	-51.553170	0.002000	1.216755	3.997731	-0.999955	0.000000
3.150948	1.000104	6117.442019	4078.719219	0.000000	0.000000	-51.553170	0.002000	1.216755	3.997731	-0.999955	0.000000
3.170948	1.000104	6117.442019	4078.719219	0.000000	0.000000	-51.553170	0.002000	1.216755	3.997731	-0.999955	0.000000
3.190948	1.000104	6117.442019	4078.719219	0.000000	0.000000	-51.553170	0.002000	1.216755	3.997731	-0.999955	0.000000
3.210948	1.000104	6117.442019	4078.719219	0.000000	0.000000	-51.553170	0.002000	1.216755	3.997731	-0.999955	0.000000
3.230948	1.000104	6117.442019	4078.719219	0.000000	0.000000	-51.553170	0.002000	1.216755	3.997731	-0.999955	0.000000
3.250948	1.000104	6117.442019	4078.719219	0.000000	0.000000	-51.553170	0.002000	1.216755	3.997731	-0.999955	0.000000
3.270948	1.000104	6117.442019	4078.719219	0.000000	0.000000	-51.553170	0.002000	1.216755	3.997731	-0.999955	0.000000
3.290948	1.000104	6117.442019	4078.719219	0.000000	0.000000	-51.553170	0.002000	1.216755	3.997731	-0.999955	0.000000
3.310948	1.000104	6117.442019	4078.719219	0.000000	0.000000	-51.553170	0.002000	1.216755	3.997731	-0.999955	0.000000
3.330948	1.000104	6117.442019	4078.719219	0.000000	0.000000	-51.553170	0.002000	1.216755	3.997731	-0.999955	0.000000
3.350948	1.000104	6117.442019	4078.719219	0.000000	0.000000	-51.553170	0.002000	1.216755	3.997731	-0.999955	0.000000
3.370948	1.000104	6117.442019	4078.719219	0.000000	0.000000	-51.553170	0.002000	1.216755	3.997731	-0.999955	0.000000
3.390948	1.000104	6117.442019	4078.719219	0.000000	0.000000	-51.553170	0.002000	1.216755	3.997731	-0.999955	0.000000
3.410948	1.000104	6117.442019	4078.719219	0.000000	0.000000	-51.553170	0.002000	1.216755	3.997731	-0.999955	0.000000
3.430948	1.000104	6117.442019	4078.719219	0.000000	0.000000	-51.553170	0.002000	1.216755	3.997731	-0.999955	0.000000
3.450948	1.000104	6117.442019	4078.719219	0.000000	0.000000	-51.553170	0.002000	1.216755	3.997731	-0.999955	0.000000
3.470948	1.000104	6117.442019	4078.719219	0.000000	0.000000	-51.553170	0.002000	1.216755	3.997731	-0.999955	0.000000
3.490948	1.000104	6117.442019	4078.719219	0.000000	0.000000	-51.553170	0.002000	1.216755	3.997731	-0.999955	0.000000
3.510948	1.000104	6117.442019	4078.719219	0.000000	0.000000	-51.553170	0.002000	1.216755	3.997731	-0.999955	0.000000
3.530948	1.000104	6117.442019	4078.719219	0.000000	0.000000	-51.553170	0.002000	1.216755	3.997731	-0.999955	0.000000
3.550948	1.000104	6117.442019	4078.719219	0.000000	0.000000	-51.553170	0.002000	1.216755	3.997731	-0.999955	0.000000
3.570948	1.000104	6117.442019	4078.719219	0.000000	0.000000	-51.553170	0.002000	1.216755	3.997731	-0.999955	0.000000
3.590948	1.000104	6117.442019	4078.719219	0.000000	0.000000	-51.553170	0.002000	1.216755	3.997731	-0.999955	0.000000
3.610948	1.000104	6117.442019	4078.719219	0.000000	0.000000	-51.553170	0.002000	1.216755	3.997731	-0.999955	0.000000
3.630948	1.000104	6117.442019	4078.719219	0.000000	0.000000	-51.553170	0.002000	1.216755	3.997731	-0.999955	0.000000
3.650948	1.000104	6117.442019	4078.719219	0.000000	0.000000	-51.553170	0.002000	1.216755	3.997731	-0.999955	0.000000
3.670948	1.000104	6117.442019	4078.719219	0.000000	0.000000	-51.553170	0.002000	1.216755	3.997731	-0.999955	0.000000
3.690948	1.000104	6117.442019	4078.719219	0.000000	0.000000	-51.553170	0.002000	1.216755	3.997731	-0.999955	0.000000
3.710948	1.000104	6117.442019	4078.719219	0.000000	-0.000000	-51.553170	0.002000	1.216755	3.997731	-0.999955	0.000000
3.730948	1.000104	6117.442019	4078.719219	0.000000	0.000000	-51.553170	0.002000	1.216755	3.997731	-0.999955	0.000000
3.750948	1.000104	6117.442019	4078.719219	0.000000	0.000000	-51.553170	0.002000	1.216755	3.997731	-0.999955	0.000000
3.770948	1.000104	6117.442019	4078.719219	-0.000000	0.000000	-51.553170	0.002000	1.216755	3.997731	-0.999955	0.000000
3.790948	1.000104	6117.442019	4078.719219	-0.000000	0.000000	-51.553170	0.002000	1.216755	3.997731	-0.999955	0.000000
3.810948	1.000104	6117.442019	4078.719219	-0.000000	0.000000	-51.553170	0.002000	1.216755	3.997731	-0.999955	0.000000
3.830948	1.000104	6117.442019	4078.719219	-0.000000	-0.000000	-51.553170	0.002000	1.216755	3.997731	-0.999955	0.000000
3.850948	1.000104	6117.442019	4078.719219	0.000000	-0.000001	-51.553170	0.002000	1.216755	3.997731	-0.999955	0.000000
3.870948	1.000104	6117.442019	4078.719219	0.000000	-0.000000	-51.553170	0.002000	1.216755	3.997731	-0.999955	0.000000
3.890948	1.000104	6117.442019	4078.719219	-0.000000	0.000001	-51.553170	0.002000	1.216755	3.997731	-0.999955	0.000000
3.910948	1.000104	6117.442019	4078.719219	-0.000000	0.000001	-51.553170	0.002000	1.216755	3.997731	-0.999955	0.000000
3.930948	1.000104	6117.442019	4078.719219	-0.000000	-0.000000	-51.553170	0.002000	1.216755	3.997731	-0.999955	0.000000
3.950948	1.000104	6117.442019	4078.719219	-0.000000	-0.000002	-51.553170	0.002000	1.216755	3.997731	-0.999955	0.000000
3.970948	1.000104	6117.442019	4078.719219	0.000000	-0.000001	-51.553170	0.002000	1.216755	3.997731	-0.999955	0.000000
3.990948	1.000104	6117.442019	4078.719219	0.000000	0.000001	-51.553170	0.002000	1.216755	3.997731	-0.999955	0.000000
4.010948	1.000104	6117.442019	4078.719219	-0.000000	-0.000000	-51.553170	0.002000	1.216755	3.997731	-0.999955	0.000000
4.030948	1.000104	6117.442019	4078.719219	0.000000	-0.000000	-51.553170	0.002000	1.216755	3.997731	-0.999955	0.000000
4.050948	1.000104	6117.442019	4078.719219	-0.000000	0.000003	-51.553170	0.002000	1.216755	3.997731	-0.999955	0.000000
4.070948	1.000104	6117.442019	4078.719219	-0.000000	-0.000001	-51.553170	0.002000	1.216755	3.997731	-0.999955	0.000000
4.090948	1.000104	6117.442019	4078.719219	0.000000	-0.000001	-51.553170	0.002000	1.216755	3.997731	-0.999955	0.000000
4.110948	1.000104	6117.442019	4078.719219	0.000000	-0.000001	-51.553170	0.002000	1.216755	3.997731	-0.999955	0.000000
4.130948	1.000104	6117.442019	4078.719219	-0.000000	-0.000000	-51.553170	0.002000	1.216755	3.997731	-0.999955	0.000000
4.150948	1.000104	6117.442019	4078.719219	-0.000000	0.000000	-51.553170	0.002000	1.216755	3.997731	-0.999955	0.000000
4.170948	1.000104	6117.442019	4078.719219	-0.000000	-0.000001	-51.553170	0.002000	1.216755	3.997731	-0.999955	0.000000
4.190948	1.000104	6117.442019	4078.719219	0.000000	-0.000002	-51.553170	0.002000	1.216755	3.997731	-0.999955	0.000000
4.210948	1.000104	6117.442019	4078.719219	0.000000	-0.000001	-51.553170	0.002000	1.216755	3.997731	-0.999955	0.000000
4.230948	1.000104	6117.442019	4078.719219	0.000000	0.000000	-51.553170	0.002000	1.216755	3.997731	-0.999955	0.000000
4.250948	1.000104	6117.442019	4078.719219	0.000000	0.000001	-51.553170	0.002000	1.216755	3.997731	-0.999955	0.000000
4.270948	1.000104	6117.442019	4078.719219	-0.000000	0.000002	-51.553170	0.002000	1.216755	3.997731	-0.999955	0.000000
4.290948	1.000104	6117.442019	4078.719219	-0.000000	-0.000000	-51.553170	0.002000	1.216755	3.997731	-0.999955	0.000000
4.310948	1.000104	6117.442019	4078.719219	0.000000	-0.000002	-51.553170	0.002000	1.216755	3.997731	-0.999955	0.000000
4.330948	1.000104	6117.442019	4078.719219	0.000000	-0.000001	-51.553170	0.002000	1.216755	3.997731	-0.999955	0.000000
4.350948	1.000104	6117.442019	4078.719219	0.000000	0.000002	-51.553170	0.002000	1.216755	3.997731	-0.999955	0.000000
4.370948	1.000104	6117.442019	4078.719219	0.000000	0.000004	-51.553170	0.002000	1.216755	3.997731	-0.999955	0.000000
4.390948	1.000104	6117.442019	4078.719219	-0.000000	0.000001	-51.553170	0.002000	1.216755	3.997731	-0.999955	0.000000
4.410948	1.000104	6117.442019	4078.719219	-0.000000	-0.000002	-51.553170	0.002000	1.216755	3.997731	-0.999955	0.000000
4.430948	1.000104	6117.442019	4078.719219	0.000000	-0.000001	-51.553170	0.002000	1.216755	3.997731	-0.999955	0.000000
4.450948	1.000104	6117.442019	4078.719219	0.000000	0.000003	-51.553170	0.002000	1.216755	3.997731	-0.999955	0.000000
4.470948	1.000104	6117.442019	4078.719219	-0.000000	0.000002	-51.553170	0.002000	1.216755	3.997731	-0.999955	0.000000
4.490948	1.000104	6117.442019	4078.719219	-0.000000	-0.000002	-51.553170	0.002000	1.216755	3.997731	-0.999955	0.000000
4.510948	1.000104	6117.442019	4078.719219	0.000000	-0.000003	-51.553170	0.002000	1.216755	3.997731	-0.999955	0.000000
4.530948	1.000104	6117.442019	4078.719219	0.000000	-0.000001	-51.553170	0.002000	1.216755	3.997731	-0.999955	0.000000
4.550948	1.000104	6117.442019	4078.719219	-0.000000	0.000001	-51.553170	0.002000	1.216755	3.997731	-0.999955	0.000000
4.570948	1.000104	6117.442019	4078.719219	-0.000000	-0.000001	-51.553170	0.002000	1.216755	3.997731	-0.999955	0.000000
4.590948	1.000104	6117.442019	4078.719219	0.000000	0.000001	-51.553170	0.002000	1.216755	3.997731	-0.999955	0.000000
4.610948	1.000104	6117.442019	4078.719219	-0.000000	0.000000	-51.553170	0.002000	1.216755	3.997731	-0.999955	0.000000
4.630948	1.000104	6117.442019	4078.719219	0.000000	-0.000001	-51.553170	0.002000	1.216755	3.997731	-0.999955	0.000000
4.650948	1.000104	6117.442019	4078.719219	0.000000	0.000001	-51.553170	0.002000	1.216755	3.997731	-0.999955	0.000000
4.670948	1.000104	6117.442019	4078.719219	-0.000000	0.000002	-51.553170	0.002000	1.216755	3.997731	-0.999955	0.000000
4.690948	1.000104	6117.442019	4078.719219	-0.000000	0.000001	-51.553170	0.002000	1.216755	3.997731	-0.999955	0.000000
4.710948	1.000104	6117.442019	4078.719219	0.000000	-0.000002	-51.553170	0.002000	1.216755	3.997731	-0.999955	0.000000
4.730948	1.000104	6117.442019	4078.719219	0.000000	0.000001	-51.553170	0.002000	1.216755	3.997731	-0.999955	0.000000
4.750948	1.000104	6117.442019	4078.719219	-0.000000	0.000002	-51.553170	0.002000	1.216755	3.997731	-0.999955	0.000000
4.770948	1.000104	6117.442019	4078.719219	-0.000000	0.000001	-51.553170	0.002000	1.216755	3.997731	-0.999955	0.000000
4.790948	1.000104	6117.442019	4078.719219	0.000000	0.000001	-51.553170	0.002000	1.216755	3.997731	-0.999955	0.000000
4.810948	1.000104	6117.442019	4078.719219	0.000000	-0.000001	-51.553170	0.002000	1.216755	3.997731	-0.999955	0.000000
4.830948	1.000104	6117.442019	4078.719219	-0.000000	-0.000003	-51.553170	0.002000	1.216755	3.997731	-0.999955	0.000000
4.850948	1.000104	6117.442019	4078.719219	-0.000000	-0.000003	-51.553170	0.002000	1.216755	3.997731	-0.999955	0.000000
4.870948	1.000104	6117.442019	4078.719219	0.000000	-0.000002	-51.553170	0.002000	1.216755	3.997731	-0.999955	0.000000
4.890948	1.000104	6117.442019	4078.719219	-0.000000	-0.000001	-51.553170	0.002000	1.216755	3.997731	-0.999955	0.000000
4.910948	1.000104	6117.442019	4078.719219	0.000000	-0.000001	-51.553170	0.002000	1.216755	3.997731	-0.999955	0.000000
4.930948	1.000104	6117.442019	4078.719219	0.000000	-0.000000	-51.553170	0.002000	1.216755	3.997731	-0.999955	0.000000
4.950948	1.000104	6117.442019	4078.719219	0.000000	0.000004	-51.553170	0.002000	1.216755	3.997731	-0.999955	0.000000
4.970948	1.000104	6117.442019	4078.719219	-0.000000	0.000004	-51.553170	0.002000	1.216755	3.997731	-0.999955	0.000000
4.990948	1.000104	6117.442019	4078.719219	-0.000000	-0.000002	-51.553170	0.002000	1.216755	3.997731	-0.999955	0.000000
5.010948	1.000104	6117.442019	4078.719219	0.000000	-0.000002	-51.553170	0.002000	1.216755	3.997731	-0.999955	0.000000
5.030948	1.000104	6117.442019	4078.719219	0.000000	0.000000	-51.553170	0.002000	1.216755	3.997731	-0.999955	0.000000
5.050948	1.000104	6117.442019	4078.719219	-0.000000	0.000000	-51.553170	0.002000	1.216755	3.997731	-0.999955	0.000000
5.070948	1.000104	6117.442019	4078.719219	-0.000000	0.000000	-51.553170	0.002000	1.216755	3.997731	-0.999955	0.000000
5.090948	1.000104	6117.442019	4078.719219	-0.000000	0.000000	-51.553170	0.002000	1.216755	3.997731	-0.999955	0.000000
5.110948	1.000104	6117.442019	4078.719219	0.000000	0.000000	-51.553170	0.002000	1.216755	3.997731	-0.999955	0.000000
5.130948	1.000104	6117.442019	4078.719219	0.000000	0.000000	-51.553170	0.002000	1.216755	3.997731	-0.999955	0.000000
5.150948	1.000104	6117.442019	4078.719219	0.000000	0.000000	-51.553170	0.002000	1.216755	3.997731	-0.999955	0.000000
5.170948	1.000104	6117.442019	4078.719219	0.000000	0.000000	-51.553170	0.002000	1.216755	3.997731	-0.999955	0.000000
5.190948	1.000104	6117.442019	4078.719219	0.000000	0.000000	-51.553170	0.002000	1.216755	3.997731	-0.999955	0.000000
5.210948	1.000104	6117.442019	4078.719219	0.000000	0.000000	-51.553170	0.002000	1.216755	3.997731	-0.999955	0.000000
5.230948	1.000104	6117.442019	4078.719219	0.000000	0.000000	-51.553170	0.002000	1.216755	3.997731	-0.999955	0.000000
5.250948	1.000104	6117.442019	4078.719219	0.000000	0.000000	-51.553170	0.002000	1.216755	3.997731	-0.999955	0.000000
5.270948	1.000104	6117.442019	4078.719219	0.000000	0.000000	-51.553170	0.002000	1.216755	3.997731	-0.999955	0.000000
5.290948	1.000104	6117.442019	4078.719219	0.000000	0.000000	-51.553170	0.002000	1.216755	3.997731	-0.999955	0.000000
5.310948	1.000104	6117.442019	4078.719219	0.000000	0.000000	-51.553170	0.002000	1.216755	3.997731	-0.999955	0.000000
5.330948	1.000104	6117.442019	4078.719219	0.000000	0.000000	-51.553170	0.002000	1.216755	3.997731	-0.999955	0.000000
5.350948	1.000104	6117.442019	4078.719219	0.000000	0.000000	-51.553170	0.002000	1.216755	3.997731	-0.999955	0.000000
5.370948	1.000104	6117.442019	4078.719219	0.000000	0.000000	-51.553170	0.002000	1.216755	3.997731	-0.999955	0.000000
5.390948	1.000104	6117.442019	4078.719219	0.000000	0.000000	-51.553170	0.002000	1.216755	3.997731	-0.999955	0.000000
5.410948	1.000104	6117.442019	4078.719219	0.000000	0.000000	-51.553170	0.002000	1.216755	3.997731	-0.999955	0.000000
5.430948	1.000104	6117.442019	4078.719219	0.000000	0.000000	-51.553170	0.002000	1.216755	3.997731	-0.999955	0.000000
5.450948	1.000104	6117.442019	4078.719219	0.000000	0.000000	-51.553170	0.002000	1.216755	3.997731	-0.999955	0.000000
5.470948	1.000104	6117.442019	4078.719219	0.000000	0.000000	-51.553170	0.002000	1.216755	3.997731	-0.999955	0.000000
5.490948	1.000104	6117.442019	4078.719219	0.000000	0.000000	-51.553170	0.002000	1.216755	3.997731	-0.999955	0.000000
5.510948	1.000104	6117.442019	4078.719219	0.000000	0.000000	-51.553170	0.002000	1.216755	3.997731	-0.999955	0.000000
5.530948	1.000104	6117.442019	4078.719219	0.000000	0.000000	-51.553170	0.002000	1.216755	3.997731	-0.999955	0.000000
5.550948	1.000104	6117.442019	4078.719219	0.000000	0.000000	-51.553170	0.002000	1.216755	3.997731	-0.999955	0.000000
5.570948	1.000104	6117.442019	4078.719219	0.000000	0.000000	-51.553170	0.002000	1.216755	3.997731	-0.999955	0.000000
5.590948	1.000104	6117.442019	4078.719219	0.000000	0.000000	-51.553170	0.002000	1.216755	3.997731	-0.999955	0.000000
5.610948	1.000104	6117.442019	4078.719219	0.000000	0.000000	-51.553170	0.002000	1.216755	3.997731	-0.999955	0.000000
5.630948	1.000104	6117.442019	4078.719219	0.000000	0.000000	-51.553170	0.002000	1.216755	3.997731	-0.999955	0.000000
5.650948	1.000104	6117.442019	4078.719219	0.000000	0.000000	-51.553170	0.002000	1.216755	3.997731	-0.999955	0.000000
5.670948	1.000104	6117.442019	4078.719219	0.000000	0.000000	-51.553170	0.002000	1.216755	3.997731	-0.999955	0.000000
5.690948	1.000104	6117.442019	4078.719219	0.000000	0.000000	-51.553170	0.002000	1.216755	3.997731	-0.999955	0.000000
5.710948	1.000104	6117.442019	4078.719219	0.000000	0.000000	-51.553170	0.002000	1.216755	3.997731	-0.999955	0.000000
5.730948	1.000104	6117.442019	4078.719219	0.000000	0.000000	-51.553170	0.002000	1.216755	3.997731	-0.999955	0.000000
5.750948	1.000104	6117.442019	4078.719219	0.000000	0.000000	-51.553170	0.002000	1.216755	3.997731	-0.999955	0.000000
5.770948	1.000104	6117.442019	4078.719219	0.000000	0.000000	-51.553170	0.002000	1.216755	3.997731	-0.999955	0.000000
5.790948	1.000104	6117.442019	4078.719219	0.000000	0.000000	-51.553170	0.002000	1.216755	3.997731	-0.999955	0.000000
5.810948	1.000104	6117.442019	4078.719219	0.000000	0.000000	-51.553170	0.002000	1.216755	3.997731	-0.999955	0.000000
5.830948	1.000104	6117.442019	4078.719219	-0.000000	0.000000	-51.553170	0.002000	1.216755	3.997731	-0.999955	0.000000
5.850948	1.000104	6117.442019	4078.719219	-0.000000	0.000000	-51.553170	0.002000	1.216755	3.997731	-0.999955	0.000000
5.870948	1.000104	6117.442019	4078.719219	-0.000000	0.000001	-51.553170	0.002000	1.216755	3.997731	-0.999955	0.000000
5.890948	1.000104	6117.442019	4078.719219	-0.000000	0.000003	-51.553170	0.002000	1.216755	3.997731	-0.999955	0.000000
5.910948	1.000104	6117.442019	4078.719219	-0.000000	0.000012	-51.553170	0.002000	1.216755	3.997731	-0.999955	0.000000
5.930948	1.000104	6117.442019	4078.719219	-0.000000	0.000038	-51.553170	0.002000	1.216755	3.997731	-0.999955	0.000000
5.950948	1.000104	6117.442019	4078.719219	-0.000001	0.000110	-51.553170	0.002000	1.216755	3.997731	-0.999955	0.000000
5.970948	1.000104	6117.442019	4078.719220	-0.000004	0.000283	-51.553170	0.002000	1.216755	3.997731	-0.999955	0.000000
5.990948	1.000104	6117.442019	4078.719220	-0.000010	0.000739	-51.553170	0.002000	1.216755	3.997731	-0.999955	0.000000
6.010948	1.000104	6117.442019	4078.719220	-0.000026	0.001903	-51.553170	0.002000	1.216755	3.997731	-0.999955	0.000000
6.030948	1.000104	6117.442019	4078.719220	-0.000066	0.004698	-51.553170	0.002000	1.216755	3.997731	-0.999955	0.000000
6.050948	1.000104	6117.442019	4078.719220	-0.000161	0.010971	-51.553170	0.002000	1.216755	3.997731	-0.999955	0.000000
6.070948	1.000104	6117.442020	4078.719220	-0.000368	0.023961	-51.553170	0.002000	1.216755	3.997731	-0.999955	0.000000
6.090948	1.000104	6117.442020	4078.719221	-0.000780	0.047033	-51.553170	0.002000	1.216755	3.997731	-0.999955	0.000000
6.110948	1.000104	6117.442021	4078.719222	-0.001451	0.075377	-51.553170	0.002000	1.216755	3.997731	-0.999955	0.000000
6.130948	1.000104	6117.442023	4078.719225	-0.002041	0.061654	-51.553170	0.002000	1.216755	3.997731	-0.999955	0.000000
6.150948	1.000104	6117.442025	4078.719228	-0.000451	-0.200779	-51.553170	0.002000	1.216755	3.997731	-0.999955	0.000000
6.170948	1.000104	6117.442021	4078.719228	0.011595	-1.433788	-51.553170	0.002000	1.216755	3.997731	-0.999955	0.000000
6.190948	1.000104	6117.441990	4078.719202	0.061633	-5.866923	-51.553170	0.002000	1.216755	3.997731	-0.999955	0.000000
6.210948	1.000104	6117.441856	4078.719074	0.232138	-19.860446	-51.553170	0.002000	1.216755	3.997731	-0.999955	0.000000
6.230948	1.000104	6117.441396	4078.718604	0.752424	-60.404682	-51.553169	0.002000	1.216755	3.997731	-0.999955	0.000000
6.250948	1.000104	6117.439985	4078.717103	2.221797	-170.397759	-51.553167	0.002000	1.216755	3.997730	-0.999955	0.000000
6.270948	1.000103	6117.435976	4078.712716	6.122284	-452.632896	-51.553160	0.002000	1.216755	3.997730	-0.999955	0.000000
6.290948	1.000102	6117.425270	4078.700723	15.932217	-1141.261089	-51.553142	0.002000	1.216755	3.997729	-0.999956	0.000000
6.310948	1.000099	6117.398157	4078.669721	39.405713	-2743.260009	-51.553094	0.002000	1.216755	3.997728	-0.999957	0.000000
6.330948	1.000091	6117.332737	4078.593489	92.947280	-6300.431814	-51.552974	0.002000	1.216755	3.997723	-0.999961	0.000000
6.350949	1.000071	6117.181990	4078.414622	209.416118	-13838.805828	-51.552691	0.002000	1.216755	3.997712	-0.999969	0.000000
6.370950	1.000025	6116.849885	4078.013538	450.894861	-29071.054747	-51.552052	0.002000	1.216755	3.997689	-0.999989	0.000000
6.390952	0.999925	6116.150308	4077.153638	927.411754	-58368.287541	-51.550671	0.002000	1.216755	3.997640	-1.000031	0.000000
6.410956	0.999717	6114.741980	4075.391577	1820.478485	-111879.238530	-51.547823	0.002001	1.216755	3.997542	-1.000120	0.000000
6.430967	0.999304	6112.035215	4071.943503	3405.786803	-204419.283129	-51.542218	0.002001	1.216755	3.997351	-1.000298	0.000000
6.450987	0.998518	6107.074775	4065.508261	6062.697741	-355421.045955	-51.531703	0.002003	1.216755	3.997002	-1.000636	0.000000
6.471028	0.997095	6098.418906	4054.070594	10252.219249	-587019.052315	-51.512922	0.002006	1.216755	3.996392	-1.001249	0.000000
6.491105	0.994643	6084.054933	4034.740357	16445.842209	-919571.896369	-51.481023	0.002011	1.216755	3.995376	-1.002309	0.000000
6.511242	0.990628	6061.405842	4003.717073	25002.905266	-1364946.593801	-51.429538	0.002019	1.216755	3.993767	-1.004052	0.000000
6.531480	0.984379	6027.475513	3956.474878	36025.135137	-1919497.034851	-51.350568	0.002032	1.216755	3.991343	-1.006783	0.000000
6.551872	0.975131	5979.135483	3888.217250	49243.900548	-2559982.336280	-51.235338	0.002051	1.216755	3.987862	-1.010860	0.000000
6.572494	0.962110	5913.489139	3794.558363	64009.313702	-3245452.870122	-51.075007	0.002079	1.216755	3.983085	-1.016672	0.000000
6.593441	0.944620	5828.187286	3672.230279	79399.838808	-3925093.428883	-50.861562	0.002117	1.216755	3.976793	-1.024611	0.000000
6.614834	0.922149	5721.484596	3519.627378	94407.337012	-4550361.481279	-50.588382	0.002169	1.216755	3.968786	-1.035038	0.000000
6.636819	0.894420	5592.000363	3336.886010	108159.326094	-5085350.345216	-50.250469	0.002236	1.216755	3.958861	-1.048268	0.000000
6.659567	0.861398	5437.864596	3125.414352	120000.573184	-5511917.133912	-49.844338	0.002322	1.216755	3.946738	-1.064579	0.000000
6.683281	0.823220	5255.937337	2887.220168	129575.068543	-5829335.673653	-49.366820	0.002429	1.216755	3.931974	-1.084242	0.000000
6.708202	0.779837	5041.649701	2623.765118	136816.445104	-6033796.064903	-48.815105	0.002565	1.216755	3.913909	-1.107732	0.000000
6.734649	0.730872	4791.491328	2337.179680	141720.638867	-6109919.051905	-48.182461	0.002736	1.216755	3.891819	-1.135875	0.000000
6.763049	0.674842	4511.689556	2032.113856	144756.731321	-6011392.075447	-47.456154	0.002964	1.216755	3.865696	-1.170496	0.000000
6.794129	0.610006	4223.018396	1719.437990	146000.906741	-5699599.747728	-46.611484	0.003279	1.216755	3.836982	-1.214344	0.000000
6.829023	0.534920	3968.730180	1417.050841	146017.324725	-5213758.859187	-45.593675	0.003739	1.216755	3.810005	-1.271368	0.000000
6.869761	0.449160	3792.945376	1137.189580	145497.659073	-4595579.881674	-44.331398	0.004453	1.216755	3.790315	-1.347231	0.000000
6.920057	0.357848	3747.884931	895.256300	143062.212043	-4001962.925658	-42.629002	0.005589	1.216755	3.785104	-1.445905	0.000000
6.985822	0.251949	3865.568438	650.124160	146017.026546	-3346906.889020	-40.233598	0.007938	1.216755	3.798501	-1.598253	0.000000
7.099734	0.145828	4846.201380	471.727116	143490.794215	-2382011.811654	-35.366652	0.013715	1.216755	3.896634	-1.835692	0.000000
-0.002992	3.345713	103223.182246	230237.625566	10.501771	0.000000	0.001066	0.000598	0.000000	5.224942	-0.475514	0.000000
-0.008968	3.354313	102930.518720	230174.428728	31.548495	0.000000	0.003098	0.000596	0.000000	5.223709	-0.474400	0.000000
-0.014921	3.370958	102368.714669	230053.980728	52.037107	0.000000	0.004836	0.000593	0.000000	5.221331	-0.472250	0.000000
-0.020837	3.394611	101581.910543	229887.510713	69.857560	0.000000	0.006115	0.000589	0.000000	5.217979	-0.469212	0.000000
-0.026707	3.423794	100629.874650	229690.660402	81.463274	0.000000	0.006814	0.000584	0.000000	5.213888	-0.465493	0.000000
-0.032523	3.456694	99581.618517	229482.025581	82.994204	0.000000	0.006879	0.000579	0.000000	5.209339	-0.461339	0.000000
-0.038281	3.491310	98508.009363	229281.134616	71.914479	0.000000	0.006326	0.000573	0.000000	5.204630	-0.457010	0.000000
-0.043982	3.525626	97474.775227	229106.117040	48.428023	0.000000	0.005246	0.000567	0.000000	5.200050	-0.452761	0.000000
-0.049628	3.557798	96536.563521	228971.407586	16.003319	0.000000	0.003792	0.000562	0.000000	5.195849	-0.448816	0.000000
-0.055225	3.586327	95732.855775	228885.916590	-19.253174	0.000000	0.002160	0.000558	0.000000	5.192218	-0.445347	0.000000
-0.060782	3.610189	95086.000994	228852.044495	-50.172356	0.000000	0.000553	0.000554	0.000000	5.189274	-0.442467	0.000000
-0.066305	3.628897	94601.439892	228865.759197	-70.493472	0.000000	-0.000844	0.000551	0.000000	5.187056	-0.440223	0.000000
-0.071804	3.642488	94269.827135	228917.723255	-76.564421	0.000000	-0.001897	0.000549	0.000000	5.185532	-0.438600	0.000000
-0.077287	3.651436	94070.591343	228995.225733	-68.233228	0.000000	-0.002534	0.000548	0.000000	5.184614	-0.437536	0.000000
-0.082759	3.656524	93976.296969	229084.500310	-48.690055	0.000000	-0.002755	0.000547	0.000000	5.184179	-0.436932	0.000000
-0.088226	3.658681	93957.127898	229172.946579	-23.375416	0.000000	-0.002619	0.000547	0.000000	5.184091	-0.436676	0.000000
-0.093693	3.658845	93984.838442	229250.828982	1.638739	0.000000	-0.002224	0.000547	0.000000	5.184220	-0.436657	0.000000
