0.002991	3.346354	103200.770447	230231.741053	10.912724	-3141704.373734	-0.001057	0.000598	1.216755	5.224848	-0.475431	0.000000
0.008966	3.354896	102910.258041	230169.084869	32.530124	-2838547.336620	-0.003069	0.000596	1.216755	5.223623	-0.474325	0.000000
0.014918	3.371428	102352.569091	230049.733751	52.964593	-2259587.988418	-0.004789	0.000593	1.216755	5.221263	-0.472189	0.000000
0.020834	3.394922	101571.457741	229884.907273	70.058623	-1460597.080082	-0.006051	0.000589	1.216755	5.217934	-0.469172	0.000000
0.026703	3.423915	100626.105241	229690.153875	80.569398	-525118.010340	-0.006741	0.000584	1.216755	5.213872	-0.465478	0.000000
0.032519	3.456612	99584.767275	229483.853120	81.155639	440705.376910	-0.006805	0.000579	1.216755	5.209353	-0.461349	0.000000
0.038278	3.491036	98517.474226	229285.202128	69.773827	1320611.353006	-0.006262	0.000573	1.216755	5.204672	-0.457044	0.000000
0.043979	3.525195	97489.165451	229111.945915	46.875013	2005929.741117	-0.005203	0.000567	1.216755	5.200114	-0.452815	0.000000
0.049626	3.557265	96553.890919	228978.179109	15.823034	2414884.699589	-0.003778	0.000562	1.216755	5.195927	-0.448881	0.000000
0.055224	3.585758	95750.841865	228892.615571	-17.684779	2508073.022435	-0.002176	0.000558	1.216755	5.192299	-0.445416	0.000000
0.060781	3.609654	95102.441335	228857.667596	-47.026762	2295993.075792	-0.000597	0.000554	1.216755	5.189349	-0.442532	0.000000
0.066306	3.628454	94614.549971	228869.529785	-66.417910	1836413.622136	0.000782	0.000551	1.216755	5.187116	-0.440276	0.000000
0.071805	3.642177	94278.498240	228919.251456	-72.442418	1222131.508734	0.001829	0.000549	1.216755	5.185571	-0.438637	0.000000
0.077288	3.651274	94074.505893	228994.569843	-64.878254	561912.546151	0.002474	0.000548	1.216755	5.184632	-0.437555	0.000000
0.082761	3.656502	93975.886282	229082.116840	-46.588448	-40920.423406	0.002712	0.000547	1.216755	5.184177	-0.436934	0.000000
0.088228	3.658772	93953.392485	229169.549767	-22.564514	-507279.664180	0.002598	0.000547	1.216755	5.184074	-0.436665	0.000000
0.093694	3.659012	93979.082260	229247.205278	1.530032	-794236.473913	0.002226	0.000547	1.216755	5.184193	-0.436637	0.000000
0.099161	3.658047	94029.217474	229309.019233	20.839209	-897786.445416	0.001706	0.000547	1.216755	5.184425	-0.436752	0.000000
0.104630	3.656538	94085.927071	229352.648707	32.381996	-846759.744372	0.001146	0.000547	1.216755	5.184687	-0.436931	0.000000
0.110101	3.654950	94137.622274	229378.917759	35.455489	-690566.457294	0.000632	0.000547	1.216755	5.184925	-0.437120	0.000000
0.115575	3.653559	94178.382363	229390.835889	31.365536	-484799.181094	0.000219	0.000547	1.216755	5.185113	-0.437285	0.000000
0.121051	3.652488	94206.678611	229392.481375	22.684994	-278635.655057	-0.000070	0.000548	1.216755	5.185243	-0.437412	0.000000
0.126528	3.651752	94223.842087	229388.004779	12.344780	-106717.397840	-0.000240	0.000548	1.216755	5.185322	-0.437499	0.000000
0.132005	3.651299	94232.621754	229380.917872	2.847638	13620.887102	-0.000311	0.000548	1.216755	5.185362	-0.437553	0.000000
0.137484	3.651051	94236.058949	229373.726371	-4.209292	80527.034975	-0.000314	0.000548	1.216755	5.185378	-0.437582	0.000000
0.142962	3.650930	94236.769828	229367.873247	-8.253632	102956.974970	-0.000279	0.000548	1.216755	5.185381	-0.437597	0.000000
0.148441	3.650873	94236.615023	229363.902078	-9.564951	95120.561438	-0.000231	0.000548	1.216755	5.185380	-0.437603	0.000000
0.153920	3.650836	94236.665575	229361.731214	-8.940717	71639.471073	-0.000185	0.000548	1.216755	5.185380	-0.437608	0.000000
0.159399	3.650797	94237.348376	229360.942345	-7.338701	44321.272940	-0.000151	0.000548	1.216755	5.185384	-0.437612	0.000000
0.164877	3.650747	94238.663389	229361.017979	-5.597104	20748.498920	-0.000131	0.000548	1.216755	5.185390	-0.437618	0.000000
0.170356	3.650688	94240.394103	229361.497823	-4.280406	4359.581904	-0.000124	0.000548	1.216755	5.185398	-0.437626	0.000000
0.175835	3.650624	94242.267635	229362.053708	-3.649299	-4558.517364	-0.000124	0.000548	1.216755	5.185406	-0.437633	0.000000
0.181314	3.650562	94244.051308	229362.501222	-3.716212	-7558.717238	-0.000130	0.000548	1.216755	5.185415	-0.437640	0.000000
0.186794	3.650507	94245.593039	229362.773249	-4.340782	-6848.288646	-0.000136	0.000548	1.216755	5.185422	-0.437647	0.000000
0.192273	3.650461	94246.822708	229362.878706	-5.330543	-4466.645767	-0.000143	0.000548	1.216755	5.185427	-0.437653	0.000000
0.197752	3.650425	94247.732973	229362.863042	-6.508657	-1872.900723	-0.000147	0.000548	1.216755	5.185432	-0.437657	0.000000
0.203232	3.650400	94248.354255	229362.779135	-7.744826	135.451434	-0.000151	0.000548	1.216755	5.185434	-0.437660	0.000000
0.208711	3.650383	94248.732895	229362.670750	-8.982719	1298.706762	-0.000153	0.000548	1.216755	5.185436	-0.437662	0.000000
0.214191	3.650375	94248.916337	229362.566530	-10.214733	1694.367902	-0.000153	0.000548	1.216755	5.185437	-0.437663	0.000000
0.219670	3.650372	94248.945438	229362.480738	-11.431111	1552.909053	-0.000153	0.000548	1.216755	5.185437	-0.437663	0.000000
0.225150	3.650375	94248.852178	229362.417306	-12.692801	1116.515947	-0.000153	0.000548	1.216755	5.185437	-0.437663	0.000000
0.230629	3.650381	94248.660539	229362.374500	-14.060425	564.913669	-0.000153	0.000548	1.216755	5.185436	-0.437662	0.000000
0.236109	3.650392	94248.388604	229362.348257	-15.428420	19.949087	-0.000152	0.000548	1.216755	5.185435	-0.437661	0.000000
0.241588	3.650404	94248.050641	229362.334605	-16.943795	-474.185614	-0.000150	0.000548	1.216755	5.185433	-0.437659	0.000000
0.247067	3.650420	94247.658807	229362.331195	-18.770506	-947.458480	-0.000149	0.000548	1.216755	5.185431	-0.437657	0.000000
0.252547	3.650436	94247.223981	229362.336124	-20.304460	-1366.039580	-0.000147	0.000548	1.216755	5.185429	-0.437655	0.000000
0.258026	3.650455	94246.755943	229362.348304	-22.112050	-1750.444621	-0.000145	0.000548	1.216755	5.185427	-0.437653	0.000000
0.263505	3.650474	94246.263961	229362.369721	-24.988340	-2272.082709	-0.000142	0.000548	1.216755	5.185425	-0.437651	0.000000
0.268985	3.650494	94245.756409	229362.398947	-26.086467	-2705.946646	-0.000138	0.000548	1.216755	5.185423	-0.437649	0.000000
0.274464	3.650515	94245.239655	229362.433393	-27.813323	-3019.454488	-0.000135	0.000548	1.216755	5.185420	-0.437646	0.000000
0.279943	3.650536	94244.720465	229362.482182	-34.194222	-3937.189856	-0.000130	0.000548	1.216755	5.185418	-0.437644	0.000000
0.285422	3.650556	94244.204861	229362.537914	-31.943949	-4388.227940	-0.000124	0.000548	1.216755	5.185415	-0.437641	0.000000
0.290902	3.650577	94243.693182	229362.585703	-31.222339	-4072.357836	-0.000121	0.000548	1.216755	5.185413	-0.437639	0.000000
0.296381	3.650598	94243.191487	229362.666278	-52.272727	-6415.262914	-0.000114	0.000548	1.216755	5.185411	-0.437636	0.000000
0.301860	3.650618	94242.707250	229362.746922	-33.315317	-6613.690536	-0.000103	0.000548	1.216755	5.185408	-0.437634	0.000000
0.307339	3.650637	94242.224995	229362.751570	-16.731945	-2734.887002	-0.000108	0.000548	1.216755	5.185406	-0.437632	0.000000
0.312818	3.650656	94241.758099	229362.865720	-103.567615	-10985.934824	-0.000096	0.000548	1.216755	5.185404	-0.437629	0.000000
0.318297	3.650674	94241.332751	229362.947018	-7.288714	-9908.533275	-0.000071	0.000548	1.216755	5.185402	-0.437627	0.000000
0.323776	3.650687	94240.868858	229362.608893	98.252205	11997.510040	-0.000121	0.000548	1.216755	5.185400	-0.437626	0.000000
0.329255	3.650705	94240.415782	229362.687733	-287.473116	-21661.384992	-0.000108	0.000548	1.216755	5.185398	-0.437623	0.000000
0.334734	3.650718	94240.098166	229362.557743	161.700958	-15333.884132	-0.000030	0.000548	1.216755	5.185396	-0.437622	0.000000
0.340213	3.650705	94239.538411	229360.253373	748.996036	96210.152822	-0.000316	0.000548	1.216755	5.185394	-0.437624	0.000000
0.345692	3.650711	94238.927743	229359.496673	-986.920317	-45781.164897	-0.000351	0.000548	1.216755	5.185391	-0.437623	0.000000
0.351171	3.650693	94238.870956	229357.489550	1081.175836	-17167.373534	-0.000075	0.000548	1.216755	5.185391	-0.437626	0.000000
0.356650	3.650544	94237.597598	229344.214607	4252.089367	540709.377655	-0.001567	0.000548	1.216755	5.185384	-0.437645	0.000000
0.362129	3.650462	94235.810636	229335.933701	-3494.265549	-49973.503497	-0.002111	0.000548	1.216755	5.185377	-0.437653	0.000000
0.367608	3.650238	94236.413326	229319.788343	6109.698197	87974.129306	-0.001218	0.000548	1.216755	5.185379	-0.437686	0.000000
0.373088	3.649321	94231.081580	229244.459229	23129.580852	2886979.015526	-0.008938	0.000548	1.216755	5.185350	-0.437800	0.000000
0.378571	3.648557	94222.106363	229179.030687	-10744.917102	537453.480008	-0.013495	0.000548	1.216755	5.185313	-0.437886	0.000000
0.384053	3.646949	94223.222260	229062.283638	34667.274501	1319317.213007	-0.011771	0.000548	1.216755	5.185317	-0.438111	0.000000
0.389539	3.641590	94195.046951	228629.278515	126389.410527	15580214.576166	-0.052462	0.000549	1.216755	5.185164	-0.438781	0.000000
0.395038	3.635957	94142.552092	228160.318862	-16789.885148	7224025.479152	-0.085732	0.000550	1.216755	5.184935	-0.439444	0.000000
0.400540	3.625259	94129.475864	227360.844321	201083.584233	12382150.284980	-0.093515	0.000552	1.216755	5.184867	-0.440900	0.000000
0.406067	3.594235	93965.956116	224857.297968	705641.433897	88676174.131319	-0.312746	0.000556	1.216755	5.183993	-0.444834	0.000000
0.411670	3.556629	93627.876511	221712.722851	138004.284648	72907349.085210	-0.545906	0.000562	1.216755	5.182451	-0.449409	0.000000
0.417310	3.494425	93397.417302	216844.503923	1095174.234307	116830499.984333	-0.670970	0.000572	1.216755	5.181312	-0.457912	0.000000
0.423093	3.335198	92278.868891	203561.255290	4056614.626604	605488470.065735	-1.840199	0.000600	1.216755	5.175298	-0.479351	0.000000
0.429321	3.146572	89559.414771	186415.641197	1839699.557487	790036104.972274	-3.479945	0.000636	1.216755	5.161974	-0.504240	0.000000
0.435838	2.969183	86829.460183	169806.063051	2285910.814848	938311408.600499	-3.889555	0.000674	1.216755	5.148237	-0.531032	0.000000
0.442751	2.537911	80126.031029	130430.269354	19807817.890662	3640444169.604988	-7.961484	0.000788	1.216755	5.108207	-0.605577	0.000000
0.452000	1.878546	59290.845020	68582.225376	37730696.130171	8058924149.155188	-21.584116	0.001065	1.216755	4.963705	-0.740241	0.000000
0.465701	1.360252	30624.506125	25066.012490	28060130.243315	6733438610.572444	-37.601460	0.001470	1.216755	4.663661	-0.877324	0.000000
0.483144	1.113034	13005.549170	8846.307485	12250086.750336	2790313544.837032	-47.016175	0.001797	1.216755	4.292565	-0.958551	0.000000
0.502407	1.028626	7262.889265	4826.640187	3450622.454497	588068775.808958	-50.494830	0.001944	1.216755	4.060208	-0.989311	0.000000
0.522250	1.006103	6259.006253	4177.539107	696555.612581	74929429.712989	-51.359481	0.001988	1.216755	4.005904	-0.997731	0.000000
0.542223	1.001176	6135.803989	4092.571189	117389.957525	9251676.811075	-51.522958	0.001998	1.216755	3.998811	-0.999563	0.000000
0.562219	1.000270	6120.047088	4080.729109	16707.119148	1281706.105405	-51.549159	0.001999	1.216755	3.997885	-0.999895	0.000000
0.582218	1.000126	6117.816225	4079.000971	2030.730155	186502.562832	-51.552710	0.002000	1.216755	3.997753	-0.999947	0.000000
0.602218	1.000107	6117.493302	4078.756043	214.043758	26325.779720	-51.553124	0.002000	1.216755	3.997734	-0.999954	0.000000
0.622218	1.000104	6117.448561	4078.723661	19.374103	3473.586290	-51.553166	0.002000	1.216755	3.997731	-0.999955	0.000000
0.642218	1.000104	6117.442791	4078.719714	1.489422	423.441515	-51.553170	0.002000	1.216755	3.997731	-0.999955	0.000000
0.662218	1.000104	6117.442104	4078.719271	0.102844	47.692264	-51.553170	0.002000	1.216755	3.997731	-0.999955	0.000000
0.682218	1.000104	6117.442028	4078.719225	0.009013	5.010479	-51.553170	0.002000	1.216755	3.997731	-0.999955	0.000000
0.702218	1.000104	6117.442020	4078.719220	0.001486	0.504026	-51.553170	0.002000	1.216755	3.997731	-0.999955	0.000000
0.722218	1.000104	6117.442019	4078.719220	0.000305	0.051240	-51.553170	0.002000	1.216755	3.997731	-0.999955	0.000000
0.742218	1.000104	6117.442019	4078.719220	0.000056	0.005681	-51.553170	0.002000	1.216755	3.997731	-0.999955	0.000000
0.762218	1.000104	6117.442019	4078.719219	0.000009	0.000719	-51.553170	0.002000	1.216755	3.997731	-0.999955	0.000000
0.782218	1.000104	6117.442019	4078.719219	0.000001	0.000100	-51.553170	0.002000	1.216755	3.997731	-0.999955	0.000000
0.802218	1.000104	6117.442019	4078.719219	0.000000	0.000014	-51.553170	0.002000	1.216755	3.997731	-0.999955	0.000000
0.822218	1.000104	6117.442019	4078.719219	-0.000000	0.000002	-51.553170	0.002000	1.216755	3.997731	-0.999955	0.000000
0.842218	1.000104	6117.442019	4078.719219	0.000000	-0.000001	-51.553170	0.002000	1.216755	3.997731	-0.999955	0.000000
0.862218	1.000104	6117.442019	4078.719219	0.000000	0.000001	-51.553170	0.002000	1.216755	3.997731	-0.999955	0.000000
0.882218	1.000104	6117.442019	4078.719219	-0.000000	0.000001	-51.553170	0.002000	1.216755	3.997731	-0.999955	0.000000
0.902218	1.000104	6117.442019	4078.719219	-0.000000	-0.000000	-51.553170	0.002000	1.216755	3.997731	-0.999955	0.000000
0.922218	1.000104	6117.442019	4078.719219	0.000000	0.000000	-51.553170	0.002000	1.216755	3.997731	-0.999955	0.000000
0.942218	1.000104	6117.442019	4078.719219	-0.000000	0.000001	-51.553170	0.002000	1.216755	3.997731	-0.999955	0.000000
0.962218	1.000104	6117.442019	4078.719219	-0.000000	-0.000001	-51.553170	0.002000	1.216755	3.997731	-0.999955	0.000000
0.982218	1.000104	6117.442019	4078.719219	0.000000	-0.000001	-51.553170	0.002000	1.216755	3.997731	-0.999955	0.000000
1.002218	1.000104	6117.442019	4078.719219	0.000000	0.000000	-51.553170	0.002000	1.216755	3.997731	-0.999955	0.000000
1.022218	1.000104	6117.442019	4078.719219	-0.000000	0.000000	-51.553170	0.002000	1.216755	3.997731	-0.999955	0.000000
1.042218	1.000104	6117.442019	4078.719219	-0.000000	-0.000000	-51.553170	0.002000	1.216755	3.997731	-0.999955	0.000000
1.062218	1.000104	6117.442019	4078.719219	0.000000	-0.000000	-51.553170	0.002000	1.216755	3.997731	-0.999955	0.000000
1.082218	1.000104	6117.442019	4078.719219	0.000000	-0.000000	-51.553170	0.002000	1.216755	3.997731	-0.999955	0.000000
1.102218	1.000104	6117.442019	4078.719219	0.000000	0.000000	-51.553170	0.002000	1.216755	3.997731	-0.999955	0.000000
1.122218	1.000104	6117.442019	4078.719219	-0.000000	0.000001	-51.553170	0.002000	1.216755	3.997731	-0.999955	0.000000
1.142218	1.000104	6117.442019	4078.719219	-0.000000	0.000000	-51.553170	0.002000	1.216755	3.997731	-0.999955	0.000000
1.162218	1.000104	6117.442019	4078.719219	-0.000000	0.000000	-51.553170	0.002000	1.216755	3.997731	-0.999955	0.000000
1.182218	1.000104	6117.442019	4078.719219	-0.000000	-0.000000	-51.553170	0.002000	1.216755	3.997731	-0.999955	0.000000
1.202218	1.000104	6117.442019	4078.719219	-0.000000	-0.000001	-51.553170	0.002000	1.216755	3.997731	-0.999955	0.000000
1.222218	1.000104	6117.442019	4078.719219	0.000000	-0.000000	-51.553170	0.002000	1.216755	3.997731	-0.999955	0.000000
1.242218	1.000104	6117.442019	4078.719219	0.000000	0.000000	-51.553170	0.002000	1.216755	3.997731	-0.999955	0.000000
1.262218	1.000104	6117.442019	4078.719219	-0.000000	0.000000	-51.553170	0.002000	1.216755	3.997731	-0.999955	0.000000
1.282218	1.000104	6117.442019	4078.719219	0.000000	0.000000	-51.553170	0.002000	1.216755	3.997731	-0.999955	0.000000
1.302218	1.000104	6117.442019	4078.719219	0.000000	0.000001	-51.553170	0.002000	1.216755	3.997731	-0.999955	0.000000
1.322218	1.000104	6117.442019	4078.719219	-0.000000	0.000001	-51.553170	0.002000	1.216755	3.997731	-0.999955	0.000000
1.342218	1.000104	6117.442019	4078.719219	-0.000000	-0.000001	-51.553170	0.002000	1.216755	3.997731	-0.999955	0.000000
1.362218	1.000104	6117.442019	4078.719219	0.000000	-0.000001	-51.553170	0.002000	1.216755	3.997731	-0.999955	0.000000
1.382218	1.000104	6117.442019	4078.719219	0.000000	0.000001	-51.553170	0.002000	1.216755	3.997731	-0.999955	0.000000
1.402218	1.000104	6117.442019	4078.719219	0.000000	0.000001	-51.553170	0.002000	1.216755	3.997731	-0.999955	0.000000
1.422218	1.000104	6117.442019	4078.719219	-0.000000	0.000001	-51.553170	0.002000	1.216755	3.997731	-0.999955	0.000000
1.442218	1.000104	6117.442019	4078.719219	0.000000	-0.000001	-51.553170	0.002000	1.216755	3.997731	-0.999955	0.000000
1.462218	1.000104	6117.442019	4078.719219	0.000000	0.000001	-51.553170	0.002000	1.216755	3.997731	-0.999955	0.000000
1.482218	1.000104	6117.442019	4078.719219	-0.000000	0.000000	-51.553170	0.002000	1.216755	3.997731	-0.999955	0.000000
1.502218	1.000104	6117.442019	4078.719219	-0.000000	-0.000001	-51.553170	0.002000	1.216755	3.997731	-0.999955	0.000000
1.522218	1.000104	6117.442019	4078.719219	0.000000	-0.000000	-51.553170	0.002000	1.216755	3.997731	-0.999955	0.000000
1.542218	1.000104	6117.442019	4078.719219	0.000000	0.000001	-51.553170	0.002000	1.216755	3.997731	-0.999955	0.000000
1.562218	1.000104	6117.442019	4078.719219	-0.000000	0.000000	-51.553170	0.002000	1.216755	3.997731	-0.999955	0.000000
1.582218	1.000104	6117.442019	4078.719219	0.000000	-0.000001	-51.553170	0.002000	1.216755	3.997731	-0.999955	0.000000
1.602218	1.000104	6117.442019	4078.719219	0.000000	0.000001	-51.553170	0.002000	1.216755	3.997731	-0.999955	0.000000
1.622218	1.000104	6117.442019	4078.719219	-0.000000	0.000001	-51.553170	0.002000	1.216755	3.997731	-0.999955	0.000000
1.642218	1.000104	6117.442019	4078.719219	-0.000000	-0.000001	-51.553170	0.002000	1.216755	3.997731	-0.999955	0.000000
1.662218	1.000104	6117.442019	4078.719219	0.000000	-0.000000	-51.553170	0.002000	1.216755	3.997731	-0.999955	0.000000
1.682218	1.000104	6117.442019	4078.719219	-0.000000	0.000001	-51.553170	0.002000	1.216755	3.997731	-0.999955	0.000000
1.702218	1.000104	6117.442019	4078.719219	-0.000000	-0.000001	-51.553170	0.002000	1.216755	3.997731	-0.999955	0.000000
1.722218	1.000104	6117.442019	4078.719219	0.000000	-0.000001	-51.553170	0.002000	1.216755	3.997731	-0.999955	0.000000
1.742218	1.000104	6117.442019	4078.719219	0.000000	0.000000	-51.553170	0.002000	1.216755	3.997731	-0.999955	0.000000
1.762218	1.000104	6117.442019	4078.719219	0.000000	0.000000	-51.553170	0.002000	1.216755	3.997731	-0.999955	0.000000
1.782218	1.000104	6117.442019	4078.719219	-0.000000	0.000001	-51.553170	0.002000	1.216755	3.997731	-0.999955	0.000000
1.802218	1.000104	6117.442019	4078.719219	-0.000000	-0.000000	-51.553170	0.002000	1.216755	3.997731	-0.999955	0.000000
1.822218	1.000104	6117.442019	4078.719219	0.000000	0.000001	-51.553170	0.002000	1.216755	3.997731	-0.999955	0.000000
1.842218	1.000104	6117.442019	4078.719219	-0.000000	0.000001	-51.553170	0.002000	1.216755	3.997731	-0.999955	0.000000
1.862218	1.000104	6117.442019	4078.719219	-0.000000	0.000000	-51.553170	0.002000	1.216755	3.997731	-0.999955	0.000000
1.882218	1.000104	6117.442019	4078.719219	0.000000	0.000001	-51.553170	0.002000	1.216755	3.997731	-0.999955	0.000000
1.902218	1.000104	6117.442019	4078.719219	-0.000000	-0.000000	-51.553170	0.002000	1.216755	3.997731	-0.999955	0.000000
1.922218	1.000104	6117.442019	4078.719219	-0.000000	-0.000001	-51.553170	0.002000	1.216755	3.997731	-0.999955	0.000000
1.942218	1.000104	6117.442019	4078.719219	0.000000	-0.000001	-51.553170	0.002000	1.216755	3.997731	-0.999955	0.000000
1.962218	1.000104	6117.442019	4078.719219	0.000000	0.000000	-51.553170	0.002000	1.216755	3.997731	-0.999955	0.000000
1.982218	1.000104	6117.442019	4078.719219	-0.000000	0.000001	-51.553170	0.002000	1.216755	3.997731	-0.999955	0.000000
2.002218	1.000104	6117.442019	4078.719219	0.000000	-0.000002	-51.553170	0.002000	1.216755	3.997731	-0.999955	0.000000
2.022218	1.000104	6117.442019	4078.719219	0.000000	0.000000	-51.553170	0.002000	1.216755	3.997731	-0.999955	0.000000
2.042218	1.000104	6117.442019	4078.719219	-0.000000	0.000001	-51.553170	0.002000	1.216755	3.997731	-0.999955	0.000000
2.062218	1.000104	6117.442019	4078.719219	-0.000000	-0.000001	-51.553170	0.002000	1.216755	3.997731	-0.999955	0.000000
2.082218	1.000104	6117.442019	4078.719219	0.000000	-0.000001	-51.553170	0.002000	1.216755	3.997731	-0.999955	0.000000
2.102218	1.000104	6117.442019	4078.719219	0.000000	0.000001	-51.553170	0.002000	1.216755	3.997731	-0.999955	0.000000
2.122218	1.000104	6117.442019	4078.719219	-0.000000	0.000001	-51.553170	0.002000	1.216755	3.997731	-0.999955	0.000000
2.142218	1.000104	6117.442019	4078.719219	-0.000000	-0.000001	-51.553170	0.002000	1.216755	3.997731	-0.999955	0.000000
2.162218	1.000104	6117.442019	4078.719219	0.000000	-0.000001	-51.553170	0.002000	1.216755	3.997731	-0.999955	0.000000
2.182218	1.000104	6117.442019	4078.719219	0.000000	0.000000	-51.553170	0.002000	1.216755	3.997731	-0.999955	0.000000
2.202218	1.000104	6117.442019	4078.719219	-0.000000	0.000001	-51.553170	0.002000	1.216755	3.997731	-0.999955	0.000000
2.222218	1.000104	6117.442019	4078.719219	-0.000000	0.000001	-51.553170	0.002000	1.216755	3.997731	-0.999955	0.000000
2.242218	1.000104	6117.442019	4078.719219	0.000000	0.000000	-51.553170	0.002000	1.216755	3.997731	-0.999955	0.000000
2.262218	1.000104	6117.442019	4078.719219	0.000000	-0.000000	-51.553170	0.002000	1.216755	3.997731	-0.999955	0.000000
2.282218	1.000104	6117.442019	4078.719219	0.000000	0.000001	-51.553170	0.002000	1.216755	3.997731	-0.999955	0.000000
2.302218	1.000104	6117.442019	4078.719219	-0.000000	0.000000	-51.553170	0.002000	1.216755	3.997731	-0.999955	0.000000
2.322218	1.000104	6117.442019	4078.719219	-0.000000	-0.000000	-51.553170	0.002000	1.216755	3.997731	-0.999955	0.000000
2.342218	1.000104	6117.442019	4078.719219	-0.000000	0.000000	-51.553170	0.002000	1.216755	3.997731	-0.999955	0.000000
2.362218	1.000104	6117.442019	4078.719219	-0.000000	-0.000001	-51.553170	0.002000	1.216755	3.997731	-0.999955	0.000000
2.382218	1.000104	6117.442019	4078.719219	0.000000	0.000001	-51.553170	0.002000	1.216755	3.997731	-0.999955	0.000000
2.402218	1.000104	6117.442019	4078.719219	-0.000000	0.000001	-51.553170	0.002000	1.216755	3.997731	-0.999955	0.000000
2.422218	1.000104	6117.442019	4078.719219	-0.000000	-0.000003	-51.553170	0.002000	1.216755	3.997731	-0.999955	0.000000
2.442218	1.000104	6117.442019	4078.719219	0.000000	-0.000001	-51.553170	0.002000	1.216755	3.997731	-0.999955	0.000000
2.462218	1.000104	6117.442019	4078.719219	0.000000	0.000002	-51.553170	0.002000	1.216755	3.997731	-0.999955	0.000000
2.482218	1.000104	6117.442019	4078.719219	-0.000000	0.000001	-51.553170	0.002000	1.216755	3.997731	-0.999955	0.000000
2.502218	1.000104	6117.442019	4078.719219	-0.000000	0.000000	-51.553170	0.002000	1.216755	3.997731	-0.999955	0.000000
2.522218	1.000104	6117.442019	4078.719219	0.000000	-0.000000	-51.553170	0.002000	1.216755	3.997731	-0.999955	0.000000
2.542218	1.000104	6117.442019	4078.719219	0.000000	-0.000000	-51.553170	0.002000	1.216755	3.997731	-0.999955	0.000000
2.562218	1.000104	6117.442019	4078.719219	0.000000	-0.000000	-51.553170	0.002000	1.216755	3.997731	-0.999955	0.000000
2.582218	1.000104	6117.442019	4078.719219	0.000000	-0.000000	-51.553170	0.002000	1.216755	3.997731	-0.999955	0.000000
2.602218	1.000104	6117.442019	4078.719219	0.000000	-0.000000	-51.553170	0.002000	1.216755	3.997731	-0.999955	0.000000
2.622218	1.000104	6117.442019	4078.719219	0.000000	0.000000	-51.553170	0.002000	1.216755	3.997731	-0.999955	0.000000
2.642218	1.000104	6117.442019	4078.719219	0.000000	-0.000000	-51.553170	0.002000	1.216755	3.997731	-0.999955	0.000000
2.662218	1.000104	6117.442019	4078.719219	0.000000	-0.000000	-51.553170	0.002000	1.216755	3.997731	-0.999955	0.000000
2.682218	1.000104	6117.442019	4078.719219	0.000000	-0.000000	-51.553170	0.002000	1.216755	3.997731	-0.999955	0.000000
2.702218	1.000104	6117.442019	4078.719219	0.000000	-0.000000	-51.553170	0.002000	1.216755	3.997731	-0.999955	0.000000
2.722218	1.000104	6117.442019	4078.719219	0.000000	0.000000	-51.553170	0.002000	1.216755	3.997731	-0.999955	0.000000
2.742218	1.000104	6117.442019	4078.719219	0.000000	0.000000	-51.553170	0.002000	1.216755	3.997731	-0.999955	0.000000
2.762218	1.000104	6117.442019	4078.719219	0.000000	0.000000	-51.553170	0.002000	1.216755	3.997731	-0.999955	0.000000
2.782218	1.000104	6117.442019	4078.719219	0.000000	0.000000	-51.553170	0.002000	1.216755	3.997731	-0.999955	0.000000
2.802218	1.000104	6117.442019	4078.719219	0.000000	0.000000	-51.553170	0.002000	1.216755	3.997731	-0.999955	0.000000
2.822218	1.000104	6117.442019	4078.719219	0.000000	0.000000	-51.553170	0.002000	1.216755	3.997731	-0.999955	0.000000
2.842218	1.000104	6117.442019	4078.719219	0.000000	0.000000	-51.553170	0.002000	1.216755	3.997731	-0.999955	0.000000
2.862218	1.000104	6117.442019	4078.719219	0.000000	0.000000	-51.553170	0.002000	1.216755	3.997731	-0.999955	0.000000
2.882218	1.000104	6117.442019	4078.719219	0.000000	0.000000	-51.553170	0.002000	1.216755	3.997731	-0.999955	0.000000
2.902218	1.000104	6117.442019	4078.719219	0.000000	0.000000	-51.553170	0.002000	1.216755	3.997731	-0.999955	0.000000
2.922218	1.000104	6117.442019	4078.719219	0.000000	0.000000	-51.553170	0.002000	1.216755	3.997731	-0.999955	0.000000
2.942218	1.000104	6117.442019	4078.719219	0.000000	0.000000	-51.553170	0.002000	1.216755	3.997731	-0.999955	0.000000
2.962218	1.000104	6117.442019	4078.719219	0.000000	0.000000	-51.553170	0.002000	1.216755	3.997731	-0.999955	0.000000
2.982218	1.000104	6117.442019	4078.719219	0.000000	0.000000	-51.553170	0.002000	1.216755	3.997731	-0.999955	0.000000
3.002218	1.000104	6117.442019	4078.719219	0.000000	0.000000	-51.553170	0.002000	1.216755	3.997731	-0.999955	0.000000
3.022218	1.000104	6117.442019	4078.719219	0.000000	0.000000	-51.553170	0.002000	1.216755	3.997731	-0.999955	0.000000
3.042218	1.000104	6117.442019	4078.719219	0.000000	0.000000	-51.553170	0.002000	1.216755	3.997731	-0.999955	0.000000
3.062218	1.000104	6117.442019	4078.719219	0.000000	0.000000	-51.553170	0.002000	1.216755	3.997731	-0.999955	0.000000
3.082218	1.000104	6117.442019	4078.719219	0.000000	0.000000	-51.553170	0.002000	1.216755	3.997731	-0.999955	0.000000
3.102218	1.000104	6117.442019	4078.719219	0.000000	0.000000	-51.553170	0.002000	1.216755	3.997731	-0.999955	0.000000
3.122218	1.000104	6117.442019	4078.719219	0.000000	0.000000	-51.553170	0.002000	1.216755	3.997731	-0.999955	0.000000
3.142218	1.000104	6117.442019	4078.719219	0.000000	0.000000	-51.553170	0.002000	1.216755	3.997731	-0.999955	0.000000
3.162218	1.000104	6117.442019	4078.719219	0.000000	0.000000	-51.553170	0.002000	1.216755	3.997731	-0.999955	0.000000
3.182218	1.000104	6117.442019	4078.719219	0.000000	0.000000	-51.553170	0.002000	1.216755	3.997731	-0.999955	0.000000
3.202218	1.000104	6117.442019	4078.719219	0.000000	0.000000	-51.553170	0.002000	1.216755	3.997731	-0.999955	0.000000
3.222218	1.000104	6117.442019	4078.719219	0.000000	0.000000	-51.553170	0.002000	1.216755	3.997731	-0.999955	0.000000
3.242218	1.000104	6117.442019	4078.719219	0.000000	0.000000	-51.553170	0.002000	1.216755	3.997731	-0.999955	0.000000
3.262218	1.000104	6117.442019	4078.719219	0.000000	0.000000	-51.553170	0.002000	1.216755	3.997731	-0.999955	0.000000
3.282218	1.000104	6117.442019	4078.719219	0.000000	0.000000	-51.553170	0.002000	1.216755	3.997731	-0.999955	0.000000
3.302218	1.000104	6117.442019	4078.719219	0.000000	0.000000	-51.553170	0.002000	1.216755	3.997731	-0.999955	0.000000
3.322218	1.000104	6117.442019	4078.719219	0.000000	0.000000	-51.553170	0.002000	1.216755	3.997731	-0.999955	0.000000
3.342218	1.000104	6117.442019	4078.719219	0.000000	0.000000	-51.553170	0.002000	1.216755	3.997731	-0.999955	0.000000
3.362218	1.000104	6117.442019	4078.719219	0.000000	0.000000	-51.553170	0.002000	1.216755	3.997731	-0.999955	0.000000
3.382218	1.000104	6117.442019	4078.719219	0.000000	0.000000	-51.553170	0.002000	1.216755	3.997731	-0.999955	0.000000
3.402218	1.000104	6117.442019	4078.719219	0.000000	0.000000	-51.553170	0.002000	1.216755	3.997731	-0.999955	0.000000
3.422218	1.000104	6117.442019	4078.719219	0.000000	0.000000	-51.553170	0.002000	1.216755	3.997731	-0.999955	0.000000
3.442218	1.000104	6117.442019	4078.719219	0.000000	0.000000	-51.553170	0.002000	1.216755	3.997731	-0.999955	0.000000
3.462218	1.000104	6117.442019	4078.719219	0.000000	0.000000	-51.553170	0.002000	1.216755	3.997731	-0.999955	0.000000
3.482218	1.000104	6117.442019	4078.719219	0.000000	0.000000	-51.553170	0.002000	1.216755	3.997731	-0.999955	0.000000
3.502218	1.000104	6117.442019	4078.719219	0.000000	0.000000	-51.553170	0.002000	1.216755	3.997731	-0.999955	0.000000
3.522218	1.000104	6117.442019	4078.719219	0.000000	0.000000	-51.553170	0.002000	1.216755	3.997731	-0.999955	0.000000
3.542218	1.000104	6117.442019	4078.719219	0.000000	0.000000	-51.553170	0.002000	1.216755	3.997731	-0.999955	0.000000
3.562218	1.000104	6117.442019	4078.719219	0.000000	0.000000	-51.553170	0.002000	1.216755	3.997731	-0.999955	0.000000
3.582218	1.000104	6117.442019	4078.719219	0.000000	0.000000	-51.553170	0.002000	1.216755	3.997731	-0.999955	0.000000
3.602218	1.000104	6117.442019	4078.719219	0.000000	0.000000	-51.553170	0.002000	1.216755	3.997731	-0.999955	0.000000
3.622218	1.000104	6117.442019	4078.719219	0.000000	0.000000	-51.553170	0.002000	1.216755	3.997731	-0.999955	0.000000
3.642218	1.000104	6117.442019	4078.719219	0.000000	0.000000	-51.553170	0.002000	1.216755	3.997731	-0.999955	0.000000
3.662218	1.000104	6117.442019	4078.719219	0.000000	0.000000	-51.553170	0.002000	1.216755	3.997731	-0.999955	0.000000
3.682218	1.000104	6117.442019	4078.719219	0.000000	-0.000000	-51.553170	0.002000	1.216755	3.997731	-0.999955	0.000000
3.702218	1.000104	6117.442019	4078.719219	0.000000	0.000000	-51.553170	0.002000	1.216755	3.997731	-0.999955	0.000000
3.722218	1.000104	6117.442019	4078.719219	0.000000	0.000000	-51.553170	0.002000	1.216755	3.997731	-0.999955	0.000000
3.742218	1.000104	6117.442019	4078.719219	-0.000000	0.000000	-51.553170	0.002000	1.216755	3.997731	-0.999955	0.000000
3.762218	1.000104	6117.442019	4078.719219	-0.000000	0.000000	-51.553170	0.002000	1.216755	3.997731	-0.999955	0.000000
3.782218	1.000104	6117.442019	4078.719219	-0.000000	0.000000	-51.553170	0.002000	1.216755	3.997731	-0.999955	0.000000
3.802218	1.000104	6117.442019	4078.719219	-0.000000	-0.000000	-51.553170	0.002000	1.216755	3.997731	-0.999955	0.000000
3.822218	1.000104	6117.442019	4078.719219	0.000000	-0.000001	-51.553170	0.002000	1.216755	3.997731	-0.999955	0.000000
3.842218	1.000104	6117.442019	4078.719219	0.000000	-0.000000	-51.553170	0.002000	1.216755	3.997731	-0.999955	0.000000
3.862218	1.000104	6117.442019	4078.719219	-0.000000	0.000001	-51.553170	0.002000	1.216755	3.997731	-0.999955	0.000000
3.882218	1.000104	6117.442019	4078.719219	-0.000000	0.000001	-51.553170	0.002000	1.216755	3.997731	-0.999955	0.000000
3.902218	1.000104	6117.442019	4078.719219	-0.000000	-0.000000	-51.553170	0.002000	1.216755	3.997731	-0.999955	0.000000
3.922218	1.000104	6117.442019	4078.719219	-0.000000	-0.000002	-51.553170	0.002000	1.216755	3.997731	-0.999955	0.000000
3.942218	1.000104	6117.442019	4078.719219	0.000000	-0.000001	-51.553170	0.002000	1.216755	3.997731	-0.999955	0.000000
3.962218	1.000104	6117.442019	4078.719219	0.000000	0.000001	-51.553170	0.002000	1.216755	3.997731	-0.999955	0.000000
3.982218	1.000104	6117.442019	4078.719219	-0.000000	-0.000000	-51.553170	0.002000	1.216755	3.997731	-0.999955	0.000000
4.002218	1.000104	6117.442019	4078.719219	0.000000	-0.000000	-51.553170	0.002000	1.216755	3.997731	-0.999955	0.000000
4.022218	1.000104	6117.442019	4078.719219	-0.000000	0.000003	-51.553170	0.002000	1.216755	3.997731	-0.999955	0.000000
4.042218	1.000104	6117.442019	4078.719219	-0.000000	-0.000001	-51.553170	0.002000	1.216755	3.997731	-0.999955	0.000000
4.062218	1.000104	6117.442019	4078.719219	0.000000	-0.000001	-51.553170	0.002000	1.216755	3.997731	-0.999955	0.000000
4.082218	1.000104	6117.442019	4078.719219	0.000000	-0.000001	-51.553170	0.002000	1.216755	3.997731	-0.999955	0.000000
4.102218	1.000104	6117.442019	4078.719219	-0.000000	-0.000000	-51.553170	0.002000	1.216755	3.997731	-0.999955	0.000000
4.122218	1.000104	6117.442019	4078.719219	-0.000000	0.000000	-51.553170	0.002000	1.216755	3.997731	-0.999955	0.000000
4.142218	1.000104	6117.442019	4078.719219	-0.000000	-0.000001	-51.553170	0.002000	1.216755	3.997731	-0.999955	0.000000
4.162218	1.000104	6117.442019	4078.719219	0.000000	-0.000002	-51.553170	0.002000	1.216755	3.997731	-0.999955	0.000000
4.182218	1.000104	6117.442019	4078.719219	0.000000	-0.000001	-51.553170	0.002000	1.216755	3.997731	-0.999955	0.000000
4.202218	1.000104	6117.442019	4078.719219	0.000000	0.000000	-51.553170	0.002000	1.216755	3.997731	-0.999955	0.000000
4.222218	1.000104	6117.442019	4078.719219	0.000000	0.000001	-51.553170	0.002000	1.216755	3.997731	-0.999955	0.000000
4.242218	1.000104	6117.442019	4078.719219	-0.000000	0.000001	-51.553170	0.002000	1.216755	3.997731	-0.999955	0.000000
4.262218	1.000104	6117.442019	4078.719219	-0.000000	-0.000000	-51.553170	0.002000	1.216755	3.997731	-0.999955	0.000000
4.282218	1.000104	6117.442019	4078.719219	0.000000	-0.000002	-51.553170	0.002000	1.216755	3.997731	-0.999955	0.000000
4.302218	1.000104	6117.442019	4078.719219	0.000000	-0.000001	-51.553170	0.002000	1.216755	3.997731	-0.999955	0.000000
4.322218	1.000104	6117.442019	4078.719219	0.000000	0.000002	-51.553170	0.002000	1.216755	3.997731	-0.999955	0.000000
4.342218	1.000104	6117.442019	4078.719219	0.000000	0.000004	-51.553170	0.002000	1.216755	3.997731	-0.999955	0.000000
4.362218	1.000104	6117.442019	4078.719219	-0.000000	0.000001	-51.553170	0.002000	1.216755	3.997731	-0.999955	0.000000
4.382218	1.000104	6117.442019	4078.719219	-0.000000	-0.000002	-51.553170	0.002000	1.216755	3.997731	-0.999955	0.000000
4.402218	1.000104	6117.442019	4078.719219	0.000000	-0.000001	-51.553170	0.002000	1.216755	3.997731	-0.999955	0.000000
4.422218	1.000104	6117.442019	4078.719219	0.000000	0.000003	-51.553170	0.002000	1.216755	3.997731	-0.999955	0.000000
4.442218	1.000104	6117.442019	4078.719219	-0.000000	0.000002	-51.553170	0.002000	1.216755	3.997731	-0.999955	0.000000
4.462218	1.000104	6117.442019	4078.719219	-0.000000	-0.000002	-51.553170	0.002000	1.216755	3.997731	-0.999955	0.000000
4.482218	1.000104	6117.442019	4078.719219	-0.000000	-0.000003	-51.553170	0.002000	1.216755	3.997731	-0.999955	0.000000
4.502218	1.000104	6117.442019	4078.719219	0.000000	-0.000001	-51.553170	0.002000	1.216755	3.997731	-0.999955	0.000000
4.522218	1.000104	6117.442019	4078.719219	-0.000000	0.000001	-51.553170	0.002000	1.216755	3.997731	-0.999955	0.000000
4.542218	1.000104	6117.442019	4078.719219	-0.000000	-0.000001	-51.553170	0.002000	1.216755	3.997731	-0.999955	0.000000
4.562218	1.000104	6117.442019	4078.719219	0.000000	0.000001	-51.553170	0.002000	1.216755	3.997731	-0.999955	0.000000
4.582218	1.000104	6117.442019	4078.719219	-0.000000	0.000000	-51.553170	0.002000	1.216755	3.997731	-0.999955	0.000000
4.602218	1.000104	6117.442019	4078.719219	0.000000	-0.000001	-51.553170	0.002000	1.216755	3.997731	-0.999955	0.000000
4.622218	1.000104	6117.442019	4078.719219	0.000000	0.000001	-51.553170	0.002000	1.216755	3.997731	-0.999955	0.000000
4.642218	1.000104	6117.442019	4078.719219	-0.000000	0.000001	-51.553170	0.002000	1.216755	3.997731	-0.999955	0.000000
4.662218	1.000104	6117.442019	4078.719219	-0.000000	0.000001	-51.553170	0.002000	1.216755	3.997731	-0.999955	0.000000
4.682218	1.000104	6117.442019	4078.719219	0.000000	-0.000001	-51.553170	0.002000	1.216755	3.997731	-0.999955	0.000000
4.702218	1.000104	6117.442019	4078.719219	0.000000	0.000001	-51.553170	0.002000	1.216755	3.997731	-0.999955	0.000000
4.722218	1.000104	6117.442019	4078.719219	-0.000000	0.000002	-51.553170	0.002000	1.216755	3.997731	-0.999955	0.000000
4.742218	1.000104	6117.442019	4078.719219	-0.000000	0.000001	-51.553170	0.002000	1.216755	3.997731	-0.999955	0.000000
4.762218	1.000104	6117.442019	4078.719219	0.000000	0.000001	-51.553170	0.002000	1.216755	3.997731	-0.999955	0.000000
4.782218	1.000104	6117.442019	4078.719219	0.000000	-0.000001	-51.553170	0.002000	1.216755	3.997731	-0.999955	0.000000
4.802218	1.000104	6117.442019	4078.719219	-0.000000	-0.000003	-51.553170	0.002000	1.216755	3.997731	-0.999955	0.000000
4.822218	1.000104	6117.442019	4078.719219	-0.000000	-0.000003	-51.553170	0.002000	1.216755	3.997731	-0.999955	0.000000
4.842218	1.000104	6117.442019	4078.719219	0.000000	-0.000002	-51.553170	0.002000	1.216755	3.997731	-0.999955	0.000000
4.862218	1.000104	6117.442019	4078.719219	-0.000000	-0.000001	-51.553170	0.002000	1.216755	3.997731	-0.999955	0.000000
4.882218	1.000104	6117.442019	4078.719219	0.000000	-0.000001	-51.553170	0.002000	1.216755	3.997731	-0.999955	0.000000
4.902218	1.000104	6117.442019	4078.719219	0.000000	-0.000001	-51.553170	0.002000	1.216755	3.997731	-0.999955	0.000000
4.922218	1.000104	6117.442019	4078.719219	0.000000	0.000003	-51.553170	0.002000	1.216755	3.997731	-0.999955	0.000000
4.942218	1.000104	6117.442019	4078.719219	-0.000000	0.000003	-51.553170	0.002000	1.216755	3.997731	-0.999955	0.000000
4.962218	1.000104	6117.442019	4078.719219	-0.000000	-0.000001	-51.553170	0.002000	1.216755	3.997731	-0.999955	0.000000
4.982218	1.000104	6117.442019	4078.719219	0.000000	-0.000001	-51.553170	0.002000	1.216755	3.997731	-0.999955	0.000000
5.002218	1.000104	6117.442019	4078.719219	-0.000000	0.000000	-51.553170	0.002000	1.216755	3.997731	-0.999955	0.000000
5.022218	1.000104	6117.442019	4078.719219	-0.000000	-0.000000	-51.553170	0.002000	1.216755	3.997731	-0.999955	0.000000
5.042218	1.000104	6117.442019	4078.719219	0.000000	-0.000000	-51.553170	0.002000	1.216755	3.997731	-0.999955	0.000000
5.062218	1.000104	6117.442019	4078.719219	0.000000	-0.000000	-51.553170	0.002000	1.216755	3.997731	-0.999955	0.000000
5.082218	1.000104	6117.442019	4078.719219	0.000000	-0.000000	-51.553170	0.002000	1.216755	3.997731	-0.999955	0.000000
5.102218	1.000104	6117.442019	4078.719219	0.000000	-0.000000	-51.553170	0.002000	1.216755	3.997731	-0.999955	0.000000
5.122218	1.000104	6117.442019	4078.719219	0.000000	-0.000000	-51.553170	0.002000	1.216755	3.997731	-0.999955	0.000000
5.142218	1.000104	6117.442019	4078.719219	0.000000	-0.000000	-51.553170	0.002000	1.216755	3.997731	-0.999955	0.000000
5.162218	1.000104	6117.442019	4078.719219	0.000000	-0.000000	-51.553170	0.002000	1.216755	3.997731	-0.999955	0.000000
5.182218	1.000104	6117.442019	4078.719219	0.000000	-0.000000	-51.553170	0.002000	1.216755	3.997731	-0.999955	0.000000
5.202218	1.000104	6117.442019	4078.719219	0.000000	-0.000000	-51.553170	0.002000	1.216755	3.997731	-0.999955	0.000000
5.222218	1.000104	6117.442019	4078.719219	0.000000	-0.000000	-51.553170	0.002000	1.216755	3.997731	-0.999955	0.000000
5.242218	1.000104	6117.442019	4078.719219	0.000000	0.000000	-51.553170	0.002000	1.216755	3.997731	-0.999955	0.000000
5.262218	1.000104	6117.442019	4078.719219	0.000000	0.000000	-51.553170	0.002000	1.216755	3.997731	-0.999955	0.000000
5.282218	1.000104	6117.442019	4078.719219	0.000000	0.000000	-51.553170	0.002000	1.216755	3.997731	-0.999955	0.000000
5.302218	1.000104	6117.442019	4078.719219	0.000000	0.000000	-51.553170	0.002000	1.216755	3.997731	-0.999955	0.000000
5.322218	1.000104	6117.442019	4078.719219	0.000000	0.000000	-51.553170	0.002000	1.216755	3.997731	-0.999955	0.000000
5.342218	1.000104	6117.442019	4078.719219	0.000000	0.000000	-51.553170	0.002000	1.216755	3.997731	-0.999955	0.000000
5.362218	1.000104	6117.442019	4078.719219	0.000000	0.000000	-51.553170	0.002000	1.216755	3.997731	-0.999955	0.000000
5.382218	1.000104	6117.442019	4078.719219	0.000000	0.000000	-51.553170	0.002000	1.216755	3.997731	-0.999955	0.000000
5.402218	1.000104	6117.442019	4078.719219	0.000000	0.000000	-51.553170	0.002000	1.216755	3.997731	-0.999955	0.000000
5.422218	1.000104	6117.442019	4078.719219	0.000000	0.000000	-51.553170	0.002000	1.216755	3.997731	-0.999955	0.000000
5.442218	1.000104	6117.442019	4078.719219	0.000000	0.000000	-51.553170	0.002000	1.216755	3.997731	-0.999955	0.000000
5.462218	1.000104	6117.442019	4078.719219	0.000000	0.000000	-51.553170	0.002000	1.216755	3.997731	-0.999955	0.000000
5.482218	1.000104	6117.442019	4078.719219	0.000000	0.000000	-51.553170	0.002000	1.216755	3.997731	-0.999955	0.000000
5.502218	1.000104	6117.442019	4078.719219	0.000000	0.000000	-51.553170	0.002000	1.216755	3.997731	-0.999955	0.000000
5.522218	1.000104	6117.442019	4078.719219	0.000000	0.000000	-51.553170	0.002000	1.216755	3.997731	-0.999955	0.000000
5.542218	1.000104	6117.442019	4078.719219	0.000000	0.000000	-51.553170	0.002000	1.216755	3.997731	-0.999955	0.000000
5.562218	1.000104	6117.442019	4078.719219	0.000000	0.000000	-51.553170	0.002000	1.216755	3.997731	-0.999955	0.000000
5.582218	1.000104	6117.442019	4078.719219	0.000000	0.000000	-51.553170	0.002000	1.216755	3.997731	-0.999955	0.000000
5.602218	1.000104	6117.442019	4078.719219	0.000000	0.000000	-51.553170	0.002000	1.216755	3.997731	-0.999955	0.000000
5.622218	1.000104	6117.442019	4078.719219	0.000000	0.000000	-51.553170	0.002000	1.216755	3.997731	-0.999955	0.000000
5.642218	1.000104	6117.442019	4078.719219	0.000000	0.000000	-51.553170	0.002000	1.216755	3.997731	-0.999955	0.000000
5.662218	1.000104	6117.442019	4078.719219	0.000000	0.000000	-51.553170	0.002000	1.216755	3.997731	-0.999955	0.000000
5.682218	1.000104	6117.442019	4078.719219	0.000000	0.000000	-51.553170	0.002000	1.216755	3.997731	-0.999955	0.000000
5.702218	1.000104	6117.442019	4078.719219	0.000000	0.000000	-51.553170	0.002000	1.216755	3.997731	-0.999955	0.000000
5.722218	1.000104	6117.442019	4078.719219	0.000000	0.000000	-51.553170	0.002000	1.216755	3.997731	-0.999955	0.000000
5.742218	1.000104	6117.442019	4078.719219	0.000000	0.000000	-51.553170	0.002000	1.216755	3.997731	-0.999955	0.000000
5.762218	1.000104	6117.442019	4078.719219	0.000000	0.000000	-51.553170	0.002000	1.216755	3.997731	-0.999955	0.000000
5.782218	1.000104	6117.442019	4078.719219	0.000000	0.000000	-51.553170	0.002000	1.216755	3.997731	-0.999955	0.000000
5.802218	1.000104	6117.442019	4078.719219	0.000000	0.000000	-51.553170	0.002000	1.216755	3.997731	-0.999955	0.000000
5.822218	1.000104	6117.442019	4078.719219	0.000000	0.000001	-51.553170	0.002000	1.216755	3.997731	-0.999955	0.000000
5.842218	1.000104	6117.442019	4078.719219	-0.000000	0.000003	-51.553170	0.002000	1.216755	3.997731	-0.999955	0.000000
5.862218	1.000104	6117.442019	4078.719219	-0.000000	0.000007	-51.553170	0.002000	1.216755	3.997731	-0.999955	0.000000
5.882218	1.000104	6117.442019	4078.719219	-0.000000	0.000020	-51.553170	0.002000	1.216755	3.997731	-0.999955	0.000000
5.902218	1.000104	6117.442019	4078.719219	-0.000001	0.000065	-51.553170	0.002000	1.216755	3.997731	-0.999955	0.000000
5.922218	1.000104	6117.442019	4078.719220	-0.000002	0.000179	-51.553170	0.002000	1.216755	3.997731	-0.999955	0.000000
5.942218	1.000104	6117.442019	4078.719220	-0.000006	0.000461	-51.553170	0.002000	1.216755	3.997731	-0.999955	0.000000
5.962218	1.000104	6117.442019	4078.719220	-0.000016	0.001172	-51.553170	0.002000	1.216755	3.997731	-0.999955	0.000000
5.982218	1.000104	6117.442019	4078.719220	-0.000041	0.002890	-51.553170	0.002000	1.216755	3.997731	-0.999955	0.000000
6.002218	1.000104	6117.442019	4078.719220	-0.000099	0.006835	-51.553170	0.002000	1.216755	3.997731	-0.999955	0.000000
6.022218	1.000104	6117.442020	4078.719220	-0.000230	0.015059	-51.553170	0.002000	1.216755	3.997731	-0.999955	0.000000
6.042218	1.000104	6117.442020	4078.719220	-0.000493	0.030099	-51.553170	0.002000	1.216755	3.997731	-0.999955	0.000000
6.062218	1.000104	6117.442021	4078.719221	-0.000938	0.050359	-51.553170	0.002000	1.216755	3.997731	-0.999955	0.000000
6.082218	1.000104	6117.442022	4078.719223	-0.001407	0.050404	-51.553170	0.002000	1.216755	3.997731	-0.999955	0.000000
6.102218	1.000104	6117.442023	4078.719225	-0.000741	-0.087162	-51.553170	0.002000	1.216755	3.997731	-0.999955	0.000000
6.122218	1.000104	6117.442022	4078.719226	0.005810	-0.783274	-51.553170	0.002000	1.216755	3.997731	-0.999955	0.000000
6.142218	1.000104	6117.442005	4078.719213	0.034399	-3.359454	-51.553170	0.002000	1.216755	3.997731	-0.999955	0.000000
6.162218	1.000104	6117.441928	4078.719141	0.134152	-11.638914	-51.553170	0.002000	1.216755	3.997731	-0.999955	0.000000
6.182218	1.000104	6117.441660	4078.718868	0.443514	-35.966048	-51.553170	0.002000	1.216755	3.997731	-0.999955	0.000000
6.202218	1.000104	6117.440821	4078.717982	1.329009	-102.798985	-51.553168	0.002000	1.216755	3.997730	-0.999955	0.000000
6.222218	1.000104	6117.438406	4078.715353	3.709222	-276.412062	-51.553164	0.002000	1.216755	3.997730	-0.999955	0.000000
6.242218	1.000103	6117.431877	4078.708074	9.771386	-705.426064	-51.553153	0.002000	1.216755	3.997730	-0.999955	0.000000
6.262218	1.000101	6117.415138	4078.689029	24.470008	-1717.067785	-51.553124	0.002000	1.216755	3.997729	-0.999956	0.000000
6.282218	1.000096	6117.374240	4078.641614	58.478151	-3996.688617	-51.553050	0.002000	1.216755	3.997726	-0.999959	0.000000
6.302219	1.000083	6117.278725	4078.528897	133.623944	-8906.687674	-51.552872	0.002000	1.216755	3.997719	-0.999964	0.000000
6.322219	1.000054	6117.065234	4078.272564	292.161074	-19008.555334	-51.552464	0.002000	1.216755	3.997704	-0.999976	0.000000
6.342220	0.999990	6116.608364	4077.714532	611.158525	-38834.193707	-51.551570	0.002000	1.216755	3.997672	-1.000004	0.000000
6.362223	0.999854	6115.672596	4076.551714	1222.232360	-75875.314434	-51.549696	0.002000	1.216755	3.997607	-1.000062	0.000000
6.382230	0.999578	6113.839654	4074.233986	2333.990652	-141587.457375	-51.545938	0.002001	1.216755	3.997478	-1.000180	0.000000
6.402244	0.999043	6110.410178	4069.819996	4249.479881	-251933.448742	-51.538743	0.002002	1.216755	3.997237	-1.000410	0.000000
6.422271	0.998053	6104.289228	4061.799244	7364.624569	-426707.438551	-51.525606	0.002004	1.216755	3.996806	-1.000836	0.000000
6.442323	0.996309	6093.881942	4047.913977	12130.202950	-686818.182823	-51.502759	0.002007	1.216755	3.996071	-1.001588	0.000000
6.462419	0.993382	6077.043397	4025.045982	18965.328058	-1049189.267640	-51.464945	0.002013	1.216755	3.994878	-1.002856	0.000000
6.482588	0.988706	6051.132757	3989.257207	28130.267984	-1520140.822225	-51.405418	0.002023	1.216755	3.993034	-1.004890	0.000000
6.502873	0.981600	6013.204076	3936.061129	39597.396198	-2089579.560593	-51.316246	0.002037	1.216755	3.990318	-1.008004	0.000000
6.523333	0.971322	5960.314273	3860.937114	52975.959605	-2729010.927624	-51.188960	0.002059	1.216755	3.986497	-1.012553	0.000000
6.544047	0.957150	5889.865982	3760.008389	67544.538706	-3395487.469729	-51.015341	0.002090	1.216755	3.981351	-1.018910	0.000000
6.565117	0.938468	5799.863910	3630.666007	82388.810019	-4040290.220988	-50.788210	0.002131	1.216755	3.974681	-1.027443	0.000000
6.586667	0.914859	5688.888044	3471.972814	96579.833586	-4620185.985457	-50.501824	0.002186	1.216755	3.966307	-1.038479	0.000000
6.608844	0.886136	5555.787687	3284.612397	109364.493277	-5105939.083114	-50.151917	0.002257	1.216755	3.956041	-1.052305	0.000000
6.631821	0.852331	5398.800070	3070.317448	120212.600475	-5485092.848057	-49.735538	0.002347	1.216755	3.943607	-1.069172	0.000000
6.655803	0.813620	5214.775937	2831.203648	128858.714839	-5760658.235795	-49.249795	0.002458	1.216755	3.928559	-1.089336	0.000000
6.681034	0.769962	4999.166495	2568.695865	135300.888149	-5930605.078687	-48.691907	0.002598	1.216755	3.910233	-1.113268	0.000000
6.707834	0.720955	4748.569664	2284.788314	139561.729382	-5979762.917091	-48.055132	0.002774	1.216755	3.887908	-1.141811	0.000000
6.736640	0.665106	4469.532495	1984.051623	142093.531686	-5864274.665353	-47.326319	0.003007	1.216755	3.861616	-1.176811	0.000000
6.768191	0.600642	4183.099437	1677.006911	142990.778359	-5546567.702166	-46.480689	0.003330	1.216755	3.832854	-1.221067	0.000000
6.803652	0.526183	3932.239930	1381.059691	142729.847901	-5066954.341169	-45.463000	0.003801	1.216755	3.805990	-1.278526	0.000000
6.845094	0.441304	3760.787241	1107.799399	142037.714319	-4464760.573908	-44.201277	0.004532	1.216755	3.786614	-1.354901	0.000000
6.896338	0.351105	3719.874132	871.800934	139489.309337	-3889803.538649	-42.501142	0.005696	1.216755	3.781843	-1.454173	0.000000
6.963439	0.246779	3842.123581	632.903944	142158.794838	-3258144.449119	-40.103199	0.008104	1.216755	3.795857	-1.607267	0.000000
7.080062	0.142608	4829.491879	459.708973	139519.183519	-2325148.391823	-35.238596	0.014024	1.216755	3.895133	-1.845398	0.000000
-0.002991	3.346354	103200.770447	230231.741053	10.912724	0.000000	0.001057	0.000598	0.000000	5.224848	-0.475431	0.000000
-0.008966	3.354896	102910.258041	230169.084869	32.530124	0.000000	0.003069	0.000596	0.000000	5.223623	-0.474325	0.000000
-0.014918	3.371428	102352.569091	230049.733751	52.964593	0.000000	0.004789	0.000593	0.000000	5.221263	-0.472189	0.000000
-0.020834	3.394922	101571.457741	229884.907273	70.058623	0.000000	0.006051	0.000589	0.000000	5.217934	-0.469172	0.000000
-0.026703	3.423915	100626.105241	229690.153875	80.569398	0.000000	0.006741	0.000584	0.000000	5.213872	-0.465478	0.000000
-0.032519	3.456612	99584.767275	229483.853120	81.155639	0.000000	0.006805	0.000579	0.000000	5.209353	-0.461349	0.000000
-0.038278	3.491036	98517.474226	229285.202128	69.773827	0.000000	0.006262	0.000573	0.000000	5.204672	-0.457044	0.000000
-0.043979	3.525195	97489.165451	229111.945915	46.875013	0.000000	0.005203	0.000567	0.000000	5.200114	-0.452815	0.000000
-0.049626	3.557265	96553.890919	228978.179109	15.823034	0.000000	0.003778	0.000562	0.000000	5.195927	-0.448881	0.000000
-0.055224	3.585758	95750.841865	228892.615571	-17.684779	0.000000	0.002176	0.000558	0.000000	5.192299	-0.445416	0.000000
-0.060781	3.609654	95102.441335	228857.667596	-47.026762	0.000000	0.000597	0.000554	0.000000	5.189349	-0.442532	0.000000
-0.066306	3.628454	94614.549971	228869.529785	-66.417910	0.000000	-0.000782	0.000551	0.000000	5.187116	-0.440276	0.000000
-0.071805	3.642177	94278.498240	228919.251456	-72.442418	0.000000	-0.001829	0.000549	0.000000	5.185571	-0.438637	0.000000
-0.077288	3.651274	94074.505893	228994.569843	-64.878254	0.000000	-0.002474	0.000548	0.000000	5.184632	-0.437555	0.000000
-0.082761	3.656502	93975.886282	229082.116840	-46.588448	0.000000	-0.002712	0.000547	0.000000	5.184177	-0.436934	0.000000
-0.088228	3.658772	93953.392485	229169.549767	-22.564514	0.000000	-0.002598	0.000547	0.000000	5.184074	-0.436665	0.000000
-0.093694	3.659012	93979.082260	229247.205278	1.530032	0.000000	-0.002226	0.000547	0.000000	5.184193	-0.436637	0.000000
