0.002991	3.346929	103180.662427	230226.428957	11.199440	-3116232.676714	-0.001048	0.000598	1.216755	5.224763	-0.475357	0.000000
0.008964	3.355418	102892.099358	230164.282871	33.198391	-2812950.060501	-0.003042	0.000596	1.216755	5.223547	-0.474257	0.000000
0.014916	3.371848	102338.127573	230045.952536	53.538565	-2235369.461952	-0.004745	0.000593	1.216755	5.221201	-0.472135	0.000000
0.020831	3.395200	101562.134998	229882.628866	70.029713	-1441474.682274	-0.005994	0.000589	1.216755	5.217895	-0.469137	0.000000
0.026700	3.424023	100622.761063	229689.759577	79.667197	-516176.679619	-0.006675	0.000584	1.216755	5.213858	-0.465464	0.000000
0.032516	3.456540	99587.581112	229485.524433	79.514191	434966.931514	-0.006739	0.000579	1.216755	5.209365	-0.461358	0.000000
0.038275	3.490794	98525.887590	229288.831752	67.911266	1298426.983668	-0.006206	0.000573	1.216755	5.204709	-0.457074	0.000000
0.043976	3.524813	97501.935378	229117.100678	45.502404	1969612.434959	-0.005165	0.000567	1.216755	5.200171	-0.452862	0.000000
0.049624	3.556791	96569.262612	228984.142486	15.568211	2370754.023268	-0.003765	0.000562	1.216755	5.195996	-0.448939	0.000000
0.055223	3.585253	95766.815895	228898.510273	-16.518985	2464955.571426	-0.002190	0.000558	1.216755	5.192372	-0.445477	0.000000
0.060781	3.609176	95117.086156	228862.630174	-44.575813	2262829.001828	-0.000634	0.000554	1.216755	5.189416	-0.442589	0.000000
0.066306	3.628057	94626.297284	228872.890137	-63.203336	1819790.497587	0.000729	0.000551	1.216755	5.187170	-0.440324	0.000000
0.071806	3.641896	94286.362165	228920.667347	-69.184360	1224543.152267	0.001771	0.000549	1.216755	5.185608	-0.438671	0.000000
0.077289	3.651124	94078.183924	228994.080192	-62.250307	581260.613699	0.002422	0.000548	1.216755	5.184649	-0.437573	0.000000
0.082762	3.656476	93975.727197	229080.102480	-45.006784	-10489.613924	0.002675	0.000547	1.216755	5.184176	-0.436937	0.000000
0.088229	3.658848	93950.246883	229166.617731	-22.081698	-473541.198660	0.002580	0.000547	1.216755	5.184059	-0.436656	0.000000
0.093695	3.659156	93974.077678	229244.033300	1.201085	-764690.219709	0.002227	0.000547	1.216755	5.184170	-0.436620	0.000000
0.099161	3.658224	94023.514555	229306.204812	20.195335	-877795.759285	0.001723	0.000547	1.216755	5.184399	-0.436731	0.000000
0.104630	3.656716	94080.511937	229350.600362	31.952472	-838541.612533	0.001173	0.000547	1.216755	5.184662	-0.436910	0.000000
0.110101	3.655105	94133.174147	229377.808971	35.643799	-693207.508011	0.000661	0.000547	1.216755	5.184904	-0.437101	0.000000
0.115575	3.653677	94175.230844	229390.621627	32.358782	-495116.508893	0.000245	0.000547	1.216755	5.185098	-0.437271	0.000000
0.121050	3.652567	94204.840481	229392.960254	24.447240	-292467.209804	-0.000051	0.000548	1.216755	5.185234	-0.437403	0.000000
0.126527	3.651794	94223.110452	229388.901329	14.678834	-120178.219756	-0.000229	0.000548	1.216755	5.185318	-0.437494	0.000000
0.132005	3.651313	94232.674326	229381.960009	5.490336	3264.750407	-0.000307	0.000548	1.216755	5.185362	-0.437551	0.000000
0.137484	3.651047	94236.556418	229374.700604	-1.496007	74514.726933	-0.000316	0.000548	1.216755	5.185380	-0.437583	0.000000
0.142962	3.650917	94237.425836	229368.650546	-5.622645	101171.568316	-0.000285	0.000548	1.216755	5.185384	-0.437598	0.000000
0.148441	3.650857	94237.231477	229364.436824	-7.064928	96535.390748	-0.000237	0.000548	1.216755	5.185383	-0.437605	0.000000
0.153920	3.650823	94237.137147	229362.041812	-6.532296	74859.293491	-0.000191	0.000548	1.216755	5.185383	-0.437609	0.000000
0.159398	3.650788	94237.645975	229361.084057	-4.930455	48042.776575	-0.000156	0.000548	1.216755	5.185385	-0.437614	0.000000
0.164877	3.650742	94238.807957	229361.057105	-3.084884	24042.570188	-0.000135	0.000548	1.216755	5.185390	-0.437619	0.000000
0.170356	3.650686	94240.430264	229361.492941	-1.577724	6759.659670	-0.000126	0.000548	1.216755	5.185398	-0.437626	0.000000
0.175835	3.650625	94242.243216	229362.045885	-0.701424	-3117.786464	-0.000126	0.000548	1.216755	5.185406	-0.437633	0.000000
0.181314	3.650564	94244.005031	229362.512160	-0.500760	-6882.004198	-0.000131	0.000548	1.216755	5.185414	-0.437640	0.000000
0.186794	3.650509	94245.549792	229362.808697	-0.861022	-6632.489242	-0.000138	0.000548	1.216755	5.185422	-0.437647	0.000000
0.192273	3.650463	94246.794221	229362.934169	-1.599592	-4419.979887	-0.000145	0.000548	1.216755	5.185427	-0.437652	0.000000
0.197752	3.650427	94247.721330	229362.929427	-2.538091	-1781.699802	-0.000151	0.000548	1.216755	5.185432	-0.437657	0.000000
0.203232	3.650401	94248.356076	229362.846976	-3.547908	387.196691	-0.000155	0.000548	1.216755	5.185434	-0.437660	0.000000
0.208711	3.650384	94248.742859	229362.732573	-4.556047	1744.848500	-0.000158	0.000548	1.216755	5.185436	-0.437662	0.000000
0.214191	3.650375	94248.929451	229362.617568	-5.535478	2318.498956	-0.000160	0.000548	1.216755	5.185437	-0.437663	0.000000
0.219670	3.650372	94248.958100	229362.518677	-6.508391	2313.239829	-0.000161	0.000548	1.216755	5.185437	-0.437663	0.000000
0.225150	3.650375	94248.862357	229362.441512	-7.500239	1970.546177	-0.000161	0.000548	1.216755	5.185437	-0.437663	0.000000
0.230629	3.650381	94248.667432	229362.385028	-8.514942	1491.491743	-0.000162	0.000548	1.216755	5.185436	-0.437662	0.000000
0.236108	3.650391	94248.392152	229362.345435	-9.624184	998.314425	-0.000162	0.000548	1.216755	5.185435	-0.437661	0.000000
0.241588	3.650404	94248.051163	229362.318754	-10.839786	543.298723	-0.000162	0.000548	1.216755	5.185433	-0.437659	0.000000
0.247067	3.650419	94247.656618	229362.301740	-12.047736	150.696337	-0.000161	0.000548	1.216755	5.185431	-0.437657	0.000000
0.252547	3.650436	94247.219216	229362.292554	-13.468128	-205.617980	-0.000161	0.000548	1.216755	5.185429	-0.437655	0.000000
0.258026	3.650454	94246.748815	229362.290822	-15.102619	-571.944627	-0.000160	0.000548	1.216755	5.185427	-0.437653	0.000000
0.263505	3.650473	94246.254383	229362.295754	-16.359679	-900.887351	-0.000158	0.000548	1.216755	5.185425	-0.437651	0.000000
0.268985	3.650493	94245.743850	229362.307470	-18.211600	-1251.641719	-0.000157	0.000548	1.216755	5.185422	-0.437649	0.000000
0.274464	3.650514	94245.224591	229362.328145	-20.749033	-1748.098285	-0.000154	0.000548	1.216755	5.185420	-0.437646	0.000000
0.279943	3.650534	94244.702662	229362.354874	-21.130122	-2078.520479	-0.000152	0.000548	1.216755	5.185418	-0.437644	0.000000
0.285422	3.650555	94244.182303	229362.386989	-23.712185	-2426.608802	-0.000149	0.000548	1.216755	5.185415	-0.437641	0.000000
0.290902	3.650576	94243.668751	229362.433513	-29.336245	-3365.333125	-0.000145	0.000548	1.216755	5.185413	-0.437639	0.000000
0.296381	3.650596	94243.165269	229362.480337	-24.420075	-3439.710021	-0.000140	0.000548	1.216755	5.185411	-0.437636	0.000000
0.301860	3.650616	94242.670544	229362.522181	-28.443928	-3379.449590	-0.000138	0.000548	1.216755	5.185408	-0.437634	0.000000
0.307339	3.650635	94242.191763	229362.601412	-47.312869	-6002.374881	-0.000130	0.000548	1.216755	5.185406	-0.437632	0.000000
0.312818	3.650654	94241.731240	229362.654216	-16.387617	-4608.169187	-0.000123	0.000548	1.216755	5.185404	-0.437629	0.000000
0.318297	3.650672	94241.272108	229362.648001	-22.445705	-2011.183624	-0.000130	0.000548	1.216755	5.185402	-0.437627	0.000000
0.323776	3.650691	94240.838973	229362.780489	-102.198674	-11972.438358	-0.000112	0.000548	1.216755	5.185400	-0.437625	0.000000
0.329255	3.650706	94240.439249	229362.760976	51.063653	-3684.329736	-0.000100	0.000548	1.216755	5.185398	-0.437623	0.000000
0.334734	3.650718	94239.988098	229362.395371	52.725814	12540.033463	-0.000159	0.000548	1.216755	5.185396	-0.437622	0.000000
0.340213	3.650736	94239.591082	229362.595731	-310.162101	-30119.927831	-0.000111	0.000548	1.216755	5.185394	-0.437620	0.000000
0.345692	3.650741	94239.290386	229362.028653	414.320563	9710.181066	-0.000086	0.000548	1.216755	5.185393	-0.437619	0.000000
0.351171	3.650726	94238.678600	229359.573833	532.014610	97325.441820	-0.000420	0.000548	1.216755	5.185390	-0.437621	0.000000
0.356650	3.650738	94238.213786	229359.387772	-1138.086274	-89967.693909	-0.000290	0.000548	1.216755	5.185388	-0.437620	0.000000
0.362128	3.650692	94238.131392	229355.299754	2264.032082	95521.230884	-0.000251	0.000548	1.216755	5.185387	-0.437627	0.000000
0.367607	3.650532	94236.479029	229340.964478	3332.426119	556128.192626	-0.002000	0.000548	1.216755	5.185379	-0.437645	0.000000
0.373087	3.650471	94235.216389	229335.013950	-4277.877801	-257839.621136	-0.001795	0.000548	1.216755	5.185374	-0.437652	0.000000
0.378566	3.650115	94235.593047	229308.509684	11794.137920	617250.507802	-0.002005	0.000548	1.216755	5.185375	-0.437703	0.000000
0.384046	3.649126	94228.227944	229225.840398	19494.864485	3038883.908416	-0.011141	0.000548	1.216755	5.185337	-0.437822	0.000000
0.389529	3.648432	94221.300780	229168.552514	-14466.597297	-394376.371455	-0.012389	0.000548	1.216755	5.185310	-0.437904	0.000000
0.395011	3.646143	94221.158466	228998.725585	62351.129820	3861346.307871	-0.015884	0.000549	1.216755	5.185303	-0.438218	0.000000
0.400499	3.640276	94182.406104	228516.825308	113457.006942	16800225.434084	-0.064435	0.000549	1.216755	5.185104	-0.438934	0.000000
0.406000	3.634749	94137.427168	228067.605287	-33479.664360	3276424.240286	-0.083597	0.000550	1.216755	5.184918	-0.439603	0.000000
0.411503	3.620530	94117.215577	226993.159241	336783.601862	24977468.678073	-0.116417	0.000552	1.216755	5.184791	-0.441526	0.000000
0.417044	3.586118	93896.177765	224174.799961	673022.444714	98679537.082917	-0.380253	0.000558	1.216755	5.183654	-0.445816	0.000000
0.422660	3.548190	93575.543443	221039.091480	58691.749503	58648758.454360	-0.556529	0.000564	1.216755	5.182231	-0.450510	0.000000
0.428309	3.469933	93295.877081	214885.022132	1748050.160862	185449104.193462	-0.792918	0.000576	1.216755	5.180731	-0.461273	0.000000
0.434166	3.292850	91798.753079	199832.418943	4174483.402720	710913025.591334	-2.235464	0.000607	1.216755	5.172858	-0.484940	0.000000
0.440487	3.113539	88971.886600	183293.588443	963656.411216	748401666.251314	-3.632569	0.000642	1.216755	5.159176	-0.508777	0.000000
0.447029	2.909552	86071.214225	164342.482603	4559032.252748	1213146299.760934	-4.164208	0.000687	1.216755	5.143943	-0.540941	0.000000
0.454211	2.405949	77180.265324	118170.513519	24976186.433104	4629406766.954629	-10.002350	0.000831	1.216755	5.089764	-0.630003	0.000000
0.464293	1.747595	53130.894372	56740.264615	37650000.158928	8368016365.597086	-25.218562	0.001144	1.216755	4.912729	-0.771586	0.000000
0.478926	1.288227	25717.545997	19923.707053	24505049.192443	5899075226.494479	-40.204961	0.001553	1.216755	4.586311	-0.899689	0.000000
0.496902	1.086078	11043.945327	7404.961300	9716080.220359	2130075944.793276	-48.124143	0.001841	1.216755	4.224982	-0.968207	0.000000
0.516357	1.020968	6863.681702	4569.011646	2521066.486959	391974046.834831	-50.800290	0.001959	1.216755	4.039245	-0.992171	0.000000
0.536246	1.004335	6208.755159	4143.712833	485116.813387	47840850.130323	-51.420368	0.001991	1.216755	4.003032	-0.998390	0.000000
0.556228	1.000837	6129.561918	4087.951486	79110.518690	6056355.439448	-51.533136	0.001998	1.216755	3.998445	-0.999687	0.000000
0.576225	1.000214	6119.178198	4080.055871	10864.047279	854569.974185	-51.550595	0.002000	1.216755	3.997833	-0.999915	0.000000
0.596225	1.000118	6117.689815	4078.904178	1281.176549	124161.225242	-51.552883	0.002000	1.216755	3.997745	-0.999950	0.000000
0.616225	1.000106	6117.475511	4078.742997	130.964679	17313.742008	-51.553142	0.002000	1.216755	3.997733	-0.999954	0.000000
0.636225	1.000104	6117.446223	4078.722039	11.458384	2247.853754	-51.553168	0.002000	1.216755	3.997731	-0.999955	0.000000
0.656225	1.000104	6117.442507	4078.719529	0.853103	269.430399	-51.553170	0.002000	1.216755	3.997731	-0.999955	0.000000
0.676225	1.000104	6117.442072	4078.719251	0.059267	29.870058	-51.553170	0.002000	1.216755	3.997731	-0.999955	0.000000
0.696225	1.000104	6117.442025	4078.719223	0.005878	3.100525	-51.553170	0.002000	1.216755	3.997731	-0.999955	0.000000
0.716225	1.000104	6117.442020	4078.719220	0.001066	0.310857	-51.553170	0.002000	1.216755	3.997731	-0.999955	0.000000
0.736225	1.000104	6117.442019	4078.719220	0.000216	0.031978	-51.553170	0.002000	1.216755	3.997731	-0.999955	0.000000
0.756225	1.000104	6117.442019	4078.719220	0.000038	0.003641	-51.553170	0.002000	1.216755	3.997731	-0.999955	0.000000
0.776225	1.000104	6117.442019	4078.719219	0.000006	0.000472	-51.553170	0.002000	1.216755	3.997731	-0.999955	0.000000
0.796225	1.000104	6117.442019	4078.719219	0.000001	0.000066	-51.553170	0.002000	1.216755	3.997731	-0.999955	0.000000
0.816225	1.000104	6117.442019	4078.719219	0.000000	0.000009	-51.553170	0.002000	1.216755	3.997731	-0.999955	0.000000
0.836225	1.000104	6117.442019	4078.719219	0.000000	0.000002	-51.553170	0.002000	1.216755	3.997731	-0.999955	0.000000
0.856225	1.000104	6117.442019	4078.719219	-0.000000	0.000001	-51.553170	0.002000	1.216755	3.997731	-0.999955	0.000000
0.876225	1.000104	6117.442019	4078.719219	-0.000000	-0.000000	-51.553170	0.002000	1.216755	3.997731	-0.999955	0.000000
0.896225	1.000104	6117.442019	4078.719219	0.000000	0.000000	-51.553170	0.002000	1.216755	3.997731	-0.999955	0.000000
0.916225	1.000104	6117.442019	4078.719219	-0.000000	0.000001	-51.553170	0.002000	1.216755	3.997731	-0.999955	0.000000
0.936225	1.000104	6117.442019	4078.719219	-0.000000	-0.000001	-51.553170	0.002000	1.216755	3.997731	-0.999955	0.000000
0.956225	1.000104	6117.442019	4078.719219	0.000000	-0.000001	-51.553170	0.002000	1.216755	3.997731	-0.999955	0.000000
0.976225	1.000104	6117.442019	4078.719219	0.000000	0.000000	-51.553170	0.002000	1.216755	3.997731	-0.999955	0.000000
0.996225	1.000104	6117.442019	4078.719219	-0.000000	0.000000	-51.553170	0.002000	1.216755	3.997731	-0.999955	0.000000
1.016225	1.000104	6117.442019	4078.719219	-0.000000	-0.000000	-51.553170	0.002000	1.216755	3.997731	-0.999955	0.000000
1.036225	1.000104	6117.442019	4078.719219	0.000000	-0.000000	-51.553170	0.002000	1.216755	3.997731	-0.999955	0.000000
1.056225	1.000104	6117.442019	4078.719219	0.000000	-0.000000	-51.553170	0.002000	1.216755	3.997731	-0.999955	0.000000
1.076225	1.000104	6117.442019	4078.719219	0.000000	0.000000	-51.553170	0.002000	1.216755	3.997731	-0.999955	0.000000
1.096225	1.000104	6117.442019	4078.719219	-0.000000	0.000001	-51.553170	0.002000	1.216755	3.997731	-0.999955	0.000000
1.116225	1.000104	6117.442019	4078.719219	-0.000000	0.000000	-51.553170	0.002000	1.216755	3.997731	-0.999955	0.000000
1.136225	1.000104	6117.442019	4078.719219	-0.000000	0.000000	-51.553170	0.002000	1.216755	3.997731	-0.999955	0.000000
1.156225	1.000104	6117.442019	4078.719219	-0.000000	-0.000000	-51.553170	0.002000	1.216755	3.997731	-0.999955	0.000000
1.176225	1.000104	6117.442019	4078.719219	-0.000000	-0.000001	-51.553170	0.002000	1.216755	3.997731	-0.999955	0.000000
1.196225	1.000104	6117.442019	4078.719219	0.000000	-0.000001	-51.553170	0.002000	1.216755	3.997731	-0.999955	0.000000
1.216225	1.000104	6117.442019	4078.719219	0.000000	0.000000	-51.553170	0.002000	1.216755	3.997731	-0.999955	0.000000
1.236225	1.000104	6117.442019	4078.719219	-0.000000	0.000001	-51.553170	0.002000	1.216755	3.997731	-0.999955	0.000000
1.256225	1.000104	6117.442019	4078.719219	-0.000000	0.000000	-51.553170	0.002000	1.216755	3.997731	-0.999955	0.000000
1.276225	1.000104	6117.442019	4078.719219	0.000000	0.000000	-51.553170	0.002000	1.216755	3.997731	-0.999955	0.000000
1.296225	1.000104	6117.442019	4078.719219	-0.000000	0.000001	-51.553170	0.002000	1.216755	3.997731	-0.999955	0.000000
1.316225	1.000104	6117.442019	4078.719219	-0.000000	-0.000001	-51.553170	0.002000	1.216755	3.997731	-0.999955	0.000000
1.336225	1.000104	6117.442019	4078.719219	0.000000	-0.000001	-51.553170	0.002000	1.216755	3.997731	-0.999955	0.000000
1.356225	1.000104	6117.442019	4078.719219	0.000000	0.000001	-51.553170	0.002000	1.216755	3.997731	-0.999955	0.000000
1.376225	1.000104	6117.442019	4078.719219	0.000000	0.000001	-51.553170	0.002000	1.216755	3.997731	-0.999955	0.000000
1.396225	1.000104	6117.442019	4078.719219	-0.000000	0.000001	-51.553170	0.002000	1.216755	3.997731	-0.999955	0.000000
1.416225	1.000104	6117.442019	4078.719219	0.000000	-0.000001	-51.553170	0.002000	1.216755	3.997731	-0.999955	0.000000
1.436225	1.000104	6117.442019	4078.719219	0.000000	0.000001	-51.553170	0.002000	1.216755	3.997731	-0.999955	0.000000
1.456225	1.000104	6117.442019	4078.719219	-0.000000	0.000000	-51.553170	0.002000	1.216755	3.997731	-0.999955	0.000000
1.476225	1.000104	6117.442019	4078.719219	-0.000000	-0.000001	-51.553170	0.002000	1.216755	3.997731	-0.999955	0.000000
1.496225	1.000104	6117.442019	4078.719219	0.000000	-0.000000	-51.553170	0.002000	1.216755	3.997731	-0.999955	0.000000
1.516225	1.000104	6117.442019	4078.719219	0.000000	0.000001	-51.553170	0.002000	1.216755	3.997731	-0.999955	0.000000
1.536225	1.000104	6117.442019	4078.719219	-0.000000	0.000000	-51.553170	0.002000	1.216755	3.997731	-0.999955	0.000000
1.556225	1.000104	6117.442019	4078.719219	0.000000	-0.000001	-51.553170	0.002000	1.216755	3.997731	-0.999955	0.000000
1.576225	1.000104	6117.442019	4078.719219	0.000000	0.000001	-51.553170	0.002000	1.216755	3.997731	-0.999955	0.000000
1.596225	1.000104	6117.442019	4078.719219	-0.000000	0.000001	-51.553170	0.002000	1.216755	3.997731	-0.999955	0.000000
1.616225	1.000104	6117.442019	4078.719219	-0.000000	-0.000001	-51.553170	0.002000	1.216755	3.997731	-0.999955	0.000000
1.636225	1.000104	6117.442019	4078.719219	0.000000	-0.000000	-51.553170	0.002000	1.216755	3.997731	-0.999955	0.000000
1.656225	1.000104	6117.442019	4078.719219	-0.000000	0.000001	-51.553170	0.002000	1.216755	3.997731	-0.999955	0.000000
1.676225	1.000104	6117.442019	4078.719219	-0.000000	-0.000001	-51.553170	0.002000	1.216755	3.997731	-0.999955	0.000000
1.696225	1.000104	6117.442019	4078.719219	0.000000	-0.000001	-51.553170	0.002000	1.216755	3.997731	-0.999955	0.000000
1.716225	1.000104	6117.442019	4078.719219	0.000000	0.000000	-51.553170	0.002000	1.216755	3.997731	-0.999955	0.000000
1.736225	1.000104	6117.442019	4078.719219	0.000000	0.000000	-51.553170	0.002000	1.216755	3.997731	-0.999955	0.000000
1.756225	1.000104	6117.442019	4078.719219	-0.000000	0.000001	-51.553170	0.002000	1.216755	3.997731	-0.999955	0.000000
1.776225	1.000104	6117.442019	4078.719219	-0.000000	-0.000000	-51.553170	0.002000	1.216755	3.997731	-0.999955	0.000000
1.796225	1.000104	6117.442019	4078.719219	0.000000	0.000001	-51.553170	0.002000	1.216755	3.997731	-0.999955	0.000000
1.816225	1.000104	6117.442019	4078.719219	-0.000000	0.000001	-51.553170	0.002000	1.216755	3.997731	-0.999955	0.000000
1.836225	1.000104	6117.442019	4078.719219	-0.000000	0.000000	-51.553170	0.002000	1.216755	3.997731	-0.999955	0.000000
1.856225	1.000104	6117.442019	4078.719219	0.000000	0.000001	-51.553170	0.002000	1.216755	3.997731	-0.999955	0.000000
1.876225	1.000104	6117.442019	4078.719219	-0.000000	-0.000000	-51.553170	0.002000	1.216755	3.997731	-0.999955	0.000000
1.896225	1.000104	6117.442019	4078.719219	-0.000000	-0.000001	-51.553170	0.002000	1.216755	3.997731	-0.999955	0.000000
1.916225	1.000104	6117.442019	4078.719219	0.000000	-0.000001	-51.553170	0.002000	1.216755	3.997731	-0.999955	0.000000
1.936225	1.000104	6117.442019	4078.719219	0.000000	0.000000	-51.553170	0.002000	1.216755	3.997731	-0.999955	0.000000
1.956225	1.000104	6117.442019	4078.719219	-0.000000	0.000001	-51.553170	0.002000	1.216755	3.997731	-0.999955	0.000000
1.976225	1.000104	6117.442019	4078.719219	0.000000	-0.000002	-51.553170	0.002000	1.216755	3.997731	-0.999955	0.000000
1.996225	1.000104	6117.442019	4078.719219	0.000000	0.000001	-51.553170	0.002000	1.216755	3.997731	-0.999955	0.000000
2.016225	1.000104	6117.442019	4078.719219	-0.000000	0.000001	-51.553170	0.002000	1.216755	3.997731	-0.999955	0.000000
2.036225	1.000104	6117.442019	4078.719219	-0.000000	-0.000001	-51.553170	0.002000	1.216755	3.997731	-0.999955	0.000000
2.056225	1.000104	6117.442019	4078.719219	0.000000	-0.000001	-51.553170	0.002000	1.216755	3.997731	-0.999955	0.000000
2.076225	1.000104	6117.442019	4078.719219	0.000000	0.000001	-51.553170	0.002000	1.216755	3.997731	-0.999955	0.000000
2.096225	1.000104	6117.442019	4078.719219	-0.000000	0.000001	-51.553170	0.002000	1.216755	3.997731	-0.999955	0.000000
2.116225	1.000104	6117.442019	4078.719219	-0.000000	-0.000001	-51.553170	0.002000	1.216755	3.997731	-0.999955	0.000000
2.136225	1.000104	6117.442019	4078.719219	0.000000	-0.000001	-51.553170	0.002000	1.216755	3.997731	-0.999955	0.000000
2.156225	1.000104	6117.442019	4078.719219	0.000000	0.000000	-51.553170	0.002000	1.216755	3.997731	-0.999955	0.000000
2.176225	1.000104	6117.442019	4078.719219	-0.000000	0.000001	-51.553170	0.002000	1.216755	3.997731	-0.999955	0.000000
2.196225	1.000104	6117.442019	4078.719219	-0.000000	0.000001	-51.553170	0.002000	1.216755	3.997731	-0.999955	0.000000
2.216225	1.000104	6117.442019	4078.719219	0.000000	0.000000	-51.553170	0.002000	1.216755	3.997731	-0.999955	0.000000
2.236225	1.000104	6117.442019	4078.719219	0.000000	-0.000000	-51.553170	0.002000	1.216755	3.997731	-0.999955	0.000000
2.256225	1.000104	6117.442019	4078.719219	0.000000	0.000001	-51.553170	0.002000	1.216755	3.997731	-0.999955	0.000000
2.276225	1.000104	6117.442019	4078.719219	-0.000000	0.000000	-51.553170	0.002000	1.216755	3.997731	-0.999955	0.000000
2.296225	1.000104	6117.442019	4078.719219	-0.000000	-0.000000	-51.553170	0.002000	1.216755	3.997731	-0.999955	0.000000
2.316225	1.000104	6117.442019	4078.719219	-0.000000	0.000000	-51.553170	0.002000	1.216755	3.997731	-0.999955	0.000000
2.336225	1.000104	6117.442019	4078.719219	-0.000000	-0.000001	-51.553170	0.002000	1.216755	3.997731	-0.999955	0.000000
2.356225	1.000104	6117.442019	4078.719219	0.000000	0.000001	-51.553170	0.002000	1.216755	3.997731	-0.999955	0.000000
2.376225	1.000104	6117.442019	4078.719219	-0.000000	0.000001	-51.553170	0.002000	1.216755	3.997731	-0.999955	0.000000
2.396225	1.000104	6117.442019	4078.719219	-0.000000	-0.000003	-51.553170	0.002000	1.216755	3.997731	-0.999955	0.000000
2.416225	1.000104	6117.442019	4078.719219	0.000000	-0.000001	-51.553170	0.002000	1.216755	3.997731	-0.999955	0.000000
2.436225	1.000104	6117.442019	4078.719219	0.000000	0.000002	-51.553170	0.002000	1.216755	3.997731	-0.999955	0.000000
2.456225	1.000104	6117.442019	4078.719219	-0.000000	0.000001	-51.553170	0.002000	1.216755	3.997731	-0.999955	0.000000
2.476225	1.000104	6117.442019	4078.719219	-0.000000	-0.000001	-51.553170	0.002000	1.216755	3.997731	-0.999955	0.000000
2.496225	1.000104	6117.442019	4078.719219	0.000000	-0.000000	-51.553170	0.002000	1.216755	3.997731	-0.999955	0.000000
2.516225	1.000104	6117.442019	4078.719219	0.000000	0.000000	-51.553170	0.002000	1.216755	3.997731	-0.999955	0.000000
2.536225	1.000104	6117.442019	4078.719219	-0.000000	0.000000	-51.553170	0.002000	1.216755	3.997731	-0.999955	0.000000
2.556225	1.000104	6117.442019	4078.719219	-0.000000	0.000000	-51.553170	0.002000	1.216755	3.997731	-0.999955	0.000000
2.576225	1.000104	6117.442019	4078.719219	-0.000000	0.000000	-51.553170	0.002000	1.216755	3.997731	-0.999955	0.000000
2.596225	1.000104	6117.442019	4078.719219	0.000000	0.000000	-51.553170	0.002000	1.216755	3.997731	-0.999955	0.000000
2.616225	1.000104	6117.442019	4078.719219	0.000000	0.000000	-51.553170	0.002000	1.216755	3.997731	-0.999955	0.000000
2.636225	1.000104	6117.442019	4078.719219	0.000000	0.000000	-51.553170	0.002000	1.216755	3.997731	-0.999955	0.000000
2.656225	1.000104	6117.442019	4078.719219	0.000000	0.000000	-51.553170	0.002000	1.216755	3.997731	-0.999955	0.000000
2.676225	1.000104	6117.442019	4078.719219	0.000000	0.000000	-51.553170	0.002000	1.216755	3.997731	-0.999955	0.000000
2.696225	1.000104	6117.442019	4078.719219	0.000000	0.000000	-51.553170	0.002000	1.216755	3.997731	-0.999955	0.000000
2.716225	1.000104	6117.442019	4078.719219	0.000000	0.000000	-51.553170	0.002000	1.216755	3.997731	-0.999955	0.000000
2.736225	1.000104	6117.442019	4078.719219	0.000000	0.000000	-51.553170	0.002000	1.216755	3.997731	-0.999955	0.000000
2.756225	1.000104	6117.442019	4078.719219	0.000000	0.000000	-51.553170	0.002000	1.216755	3.997731	-0.999955	0.000000
2.776225	1.000104	6117.442019	4078.719219	0.000000	0.000000	-51.553170	0.002000	1.216755	3.997731	-0.999955	0.000000
2.796225	1.000104	6117.442019	4078.719219	0.000000	0.000000	-51.553170	0.002000	1.216755	3.997731	-0.999955	0.000000
2.816225	1.000104	6117.442019	4078.719219	0.000000	0.000000	-51.553170	0.002000	1.216755	3.997731	-0.999955	0.000000
2.836225	1.000104	6117.442019	4078.719219	0.000000	0.000000	-51.553170	0.002000	1.216755	3.997731	-0.999955	0.000000
2.856225	1.000104	6117.442019	4078.719219	0.000000	0.000000	-51.553170	0.002000	1.216755	3.997731	-0.999955	0.000000
2.876225	1.000104	6117.442019	4078.719219	0.000000	0.000000	-51.553170	0.002000	1.216755	3.997731	-0.999955	0.000000
2.896225	1.000104	6117.442019	4078.719219	0.000000	0.000000	-51.553170	0.002000	1.216755	3.997731	-0.999955	0.000000
2.916225	1.000104	6117.442019	4078.719219	0.000000	0.000000	-51.553170	0.002000	1.216755	3.997731	-0.999955	0.000000
2.936225	1.000104	6117.442019	4078.719219	0.000000	0.000000	-51.553170	0.002000	1.216755	3.997731	-0.999955	0.000000
2.956225	1.000104	6117.442019	4078.719219	0.000000	0.000000	-51.553170	0.002000	1.216755	3.997731	-0.999955	0.000000
2.976225	1.000104	6117.442019	4078.719219	0.000000	0.000000	-51.553170	0.002000	1.216755	3.997731	-0.999955	0.000000
2.996225	1.000104	6117.442019	4078.719219	0.000000	0.000000	-51.553170	0.002000	1.216755	3.997731	-0.999955	0.000000
3.016225	1.000104	6117.442019	4078.719219	0.000000	0.000000	-51.553170	0.002000	1.216755	3.997731	-0.999955	0.000000
3.036225	1.000104	6117.442019	4078.719219	0.000000	0.000000	-51.553170	0.002000	1.216755	3.997731	-0.999955	0.000000
3.056225	1.000104	6117.442019	4078.719219	0.000000	0.000000	-51.553170	0.002000	1.216755	3.997731	-0.999955	0.000000
3.076225	1.000104	6117.442019	4078.719219	0.000000	0.000000	-51.553170	0.002000	1.216755	3.997731	-0.999955	0.000000
3.096225	1.000104	6117.442019	4078.719219	0.000000	0.000000	-51.553170	0.002000	1.216755	3.997731	-0.999955	0.000000
3.116225	1.000104	6117.442019	4078.719219	0.000000	0.000000	-51.553170	0.002000	1.216755	3.997731	-0.999955	0.000000
3.136225	1.000104	6117.442019	4078.719219	0.000000	0.000000	-51.553170	0.002000	1.216755	3.997731	-0.999955	0.000000
3.156225	1.000104	6117.442019	4078.719219	0.000000	0.000000	-51.553170	0.002000	1.216755	3.997731	-0.999955	0.000000
3.176225	1.000104	6117.442019	4078.719219	0.000000	0.000000	-51.553170	0.002000	1.216755	3.997731	-0.999955	0.000000
3.196225	1.000104	6117.442019	4078.719219	0.000000	0.000000	-51.553170	0.002000	1.216755	3.997731	-0.999955	0.000000
3.216225	1.000104	6117.442019	4078.719219	0.000000	0.000000	-51.553170	0.002000	1.216755	3.997731	-0.999955	0.000000
3.236225	1.000104	6117.442019	4078.719219	0.000000	0.000000	-51.553170	0.002000	1.216755	3.997731	-0.999955	0.000000
3.256225	1.000104	6117.442019	4078.719219	0.000000	0.000000	-51.553170	0.002000	1.216755	3.997731	-0.999955	0.000000
3.276225	1.000104	6117.442019	4078.719219	0.000000	0.000000	-51.553170	0.002000	1.216755	3.997731	-0.999955	0.000000
3.296225	1.000104	6117.442019	4078.719219	0.000000	0.000000	-51.553170	0.002000	1.216755	3.997731	-0.999955	0.000000
3.316225	1.000104	6117.442019	4078.719219	0.000000	0.000000	-51.553170	0.002000	1.216755	3.997731	-0.999955	0.000000
3.336225	1.000104	6117.442019	4078.719219	0.000000	0.000000	-51.553170	0.002000	1.216755	3.997731	-0.999955	0.000000
3.356225	1.000104	6117.442019	4078.719219	0.000000	0.000000	-51.553170	0.002000	1.216755	3.997731	-0.999955	0.000000
3.376225	1.000104	6117.442019	4078.719219	0.000000	0.000000	-51.553170	0.002000	1.216755	3.997731	-0.999955	0.000000
3.396225	1.000104	6117.442019	4078.719219	0.000000	0.000000	-51.553170	0.002000	1.216755	3.997731	-0.999955	0.000000
3.416225	1.000104	6117.442019	4078.719219	0.000000	0.000000	-51.553170	0.002000	1.216755	3.997731	-0.999955	0.000000
3.436225	1.000104	6117.442019	4078.719219	0.000000	0.000000	-51.553170	0.002000	1.216755	3.997731	-0.999955	0.000000
3.456225	1.000104	6117.442019	4078.719219	0.000000	0.000000	-51.553170	0.002000	1.216755	3.997731	-0.999955	0.000000
3.476225	1.000104	6117.442019	4078.719219	0.000000	0.000000	-51.553170	0.002000	1.216755	3.997731	-0.999955	0.000000
3.496225	1.000104	6117.442019	4078.719219	0.000000	0.000000	-51.553170	0.002000	1.216755	3.997731	-0.999955	0.000000
3.516225	1.000104	6117.442019	4078.719219	0.000000	0.000000	-51.553170	0.002000	1.216755	3.997731	-0.999955	0.000000
3.536225	1.000104	6117.442019	4078.719219	0.000000	0.000000	-51.553170	0.002000	1.216755	3.997731	-0.999955	0.000000
3.556225	1.000104	6117.442019	4078.719219	0.000000	0.000000	-51.553170	0.002000	1.216755	3.997731	-0.999955	0.000000
3.576225	1.000104	6117.442019	4078.719219	0.000000	0.000000	-51.553170	0.002000	1.216755	3.997731	-0.999955	0.000000
3.596225	1.000104	6117.442019	4078.719219	0.000000	0.000000	-51.553170	0.002000	1.216755	3.997731	-0.999955	0.000000
3.616225	1.000104	6117.442019	4078.719219	0.000000	0.000000	-51.553170	0.002000	1.216755	3.997731	-0.999955	0.000000
3.636225	1.000104	6117.442019	4078.719219	0.000000	0.000000	-51.553170	0.002000	1.216755	3.997731	-0.999955	0.000000
3.656225	1.000104	6117.442019	4078.719219	0.000000	-0.000000	-51.553170	0.002000	1.216755	3.997731	-0.999955	0.000000
3.676225	1.000104	6117.442019	4078.719219	0.000000	0.000000	-51.553170	0.002000	1.216755	3.997731	-0.999955	0.000000
3.696225	1.000104	6117.442019	4078.719219	0.000000	0.000000	-51.553170	0.002000	1.216755	3.997731	-0.999955	0.000000
3.716225	1.000104	6117.442019	4078.719219	-0.000000	0.000000	-51.553170	0.002000	1.216755	3.997731	-0.999955	0.000000
3.736225	1.000104	6117.442019	4078.719219	-0.000000	0.000000	-51.553170	0.002000	1.216755	3.997731	-0.999955	0.000000
3.756225	1.000104	6117.442019	4078.719219	-0.000000	0.000000	-51.553170	0.002000	1.216755	3.997731	-0.999955	0.000000
3.776225	1.000104	6117.442019	4078.719219	-0.000000	-0.000000	-51.553170	0.002000	1.216755	3.997731	-0.999955	0.000000
3.796225	1.000104	6117.442019	4078.719219	0.000000	-0.000001	-51.553170	0.002000	1.216755	3.997731	-0.999955	0.000000
3.816225	1.000104	6117.442019	4078.719219	0.000000	-0.000000	-51.553170	0.002000	1.216755	3.997731	-0.999955	0.000000
3.836225	1.000104	6117.442019	4078.719219	-0.000000	0.000001	-51.553170	0.002000	1.216755	3.997731	-0.999955	0.000000
3.856225	1.000104	6117.442019	4078.719219	-0.000000	0.000001	-51.553170	0.002000	1.216755	3.997731	-0.999955	0.000000
3.876225	1.000104	6117.442019	4078.719219	-0.000000	-0.000000	-51.553170	0.002000	1.216755	3.997731	-0.999955	0.000000
3.896225	1.000104	6117.442019	4078.719219	-0.000000	-0.000001	-51.553170	0.002000	1.216755	3.997731	-0.999955	0.000000
3.916225	1.000104	6117.442019	4078.719219	0.000000	-0.000001	-51.553170	0.002000	1.216755	3.997731	-0.999955	0.000000
3.936225	1.000104	6117.442019	4078.719219	0.000000	0.000001	-51.553170	0.002000	1.216755	3.997731	-0.999955	0.000000
3.956225	1.000104	6117.442019	4078.719219	-0.000000	-0.000000	-51.553170	0.002000	1.216755	3.997731	-0.999955	0.000000
3.976225	1.000104	6117.442019	4078.719219	-0.000000	-0.000000	-51.553170	0.002000	1.216755	3.997731	-0.999955	0.000000
3.996225	1.000104	6117.442019	4078.719219	-0.000000	0.000002	-51.553170	0.002000	1.216755	3.997731	-0.999955	0.000000
4.016225	1.000104	6117.442019	4078.719219	0.000000	-0.000000	-51.553170	0.002000	1.216755	3.997731	-0.999955	0.000000
4.036225	1.000104	6117.442019	4078.719219	0.000000	-0.000000	-51.553170	0.002000	1.216755	3.997731	-0.999955	0.000000
4.056225	1.000104	6117.442019	4078.719219	-0.000000	-0.000001	-51.553170	0.002000	1.216755	3.997731	-0.999955	0.000000
4.076225	1.000104	6117.442019	4078.719219	-0.000000	-0.000000	-51.553170	0.002000	1.216755	3.997731	-0.999955	0.000000
4.096225	1.000104	6117.442019	4078.719219	-0.000000	0.000000	-51.553170	0.002000	1.216755	3.997731	-0.999955	0.000000
4.116225	1.000104	6117.442019	4078.719219	-0.000000	-0.000001	-51.553170	0.002000	1.216755	3.997731	-0.999955	0.000000
4.136225	1.000104	6117.442019	4078.719219	0.000000	-0.000001	-51.553170	0.002000	1.216755	3.997731	-0.999955	0.000000
4.156225	1.000104	6117.442019	4078.719219	0.000000	-0.000001	-51.553170	0.002000	1.216755	3.997731	-0.999955	0.000000
4.176225	1.000104	6117.442019	4078.719219	0.000000	0.000000	-51.553170	0.002000	1.216755	3.997731	-0.999955	0.000000
4.196225	1.000104	6117.442019	4078.719219	0.000000	0.000002	-51.553170	0.002000	1.216755	3.997731	-0.999955	0.000000
4.216225	1.000104	6117.442019	4078.719219	-0.000000	0.000001	-51.553170	0.002000	1.216755	3.997731	-0.999955	0.000000
4.236225	1.000104	6117.442019	4078.719219	-0.000000	-0.000000	-51.553170	0.002000	1.216755	3.997731	-0.999955	0.000000
4.256225	1.000104	6117.442019	4078.719219	0.000000	-0.000002	-51.553170	0.002000	1.216755	3.997731	-0.999955	0.000000
4.276225	1.000104	6117.442019	4078.719219	0.000000	-0.000001	-51.553170	0.002000	1.216755	3.997731	-0.999955	0.000000
4.296225	1.000104	6117.442019	4078.719219	0.000000	0.000002	-51.553170	0.002000	1.216755	3.997731	-0.999955	0.000000
4.316225	1.000104	6117.442019	4078.719219	0.000000	0.000003	-51.553170	0.002000	1.216755	3.997731	-0.999955	0.000000
4.336225	1.000104	6117.442019	4078.719219	0.000000	0.000001	-51.553170	0.002000	1.216755	3.997731	-0.999955	0.000000
4.356225	1.000104	6117.442019	4078.719219	-0.000000	-0.000001	-51.553170	0.002000	1.216755	3.997731	-0.999955	0.000000
4.376225	1.000104	6117.442019	4078.719219	0.000000	-0.000002	-51.553170	0.002000	1.216755	3.997731	-0.999955	0.000000
4.396225	1.000104	6117.442019	4078.719219	0.000000	0.000001	-51.553170	0.002000	1.216755	3.997731	-0.999955	0.000000
4.416225	1.000104	6117.442019	4078.719219	-0.000000	0.000002	-51.553170	0.002000	1.216755	3.997731	-0.999955	0.000000
4.436225	1.000104	6117.442019	4078.719219	-0.000000	-0.000001	-51.553170	0.002000	1.216755	3.997731	-0.999955	0.000000
4.456225	1.000104	6117.442019	4078.719219	-0.000000	-0.000002	-51.553170	0.002000	1.216755	3.997731	-0.999955	0.000000
4.476225	1.000104	6117.442019	4078.719219	0.000000	-0.000001	-51.553170	0.002000	1.216755	3.997731	-0.999955	0.000000
4.496225	1.000104	6117.442019	4078.719219	-0.000000	0.000001	-51.553170	0.002000	1.216755	3.997731	-0.999955	0.000000
4.516225	1.000104	6117.442019	4078.719219	-0.000000	-0.000001	-51.553170	0.002000	1.216755	3.997731	-0.999955	0.000000
4.536225	1.000104	6117.442019	4078.719219	0.000000	0.000001	-51.553170	0.002000	1.216755	3.997731	-0.999955	0.000000
4.556225	1.000104	6117.442019	4078.719219	-0.000000	0.000001	-51.553170	0.002000	1.216755	3.997731	-0.999955	0.000000
4.576225	1.000104	6117.442019	4078.719219	0.000000	-0.000001	-51.553170	0.002000	1.216755	3.997731	-0.999955	0.000000
4.596225	1.000104	6117.442019	4078.719219	0.000000	0.000000	-51.553170	0.002000	1.216755	3.997731	-0.999955	0.000000
4.616225	1.000104	6117.442019	4078.719219	0.000000	0.000002	-51.553170	0.002000	1.216755	3.997731	-0.999955	0.000000
4.636225	1.000104	6117.442019	4078.719219	-0.000000	0.000001	-51.553170	0.002000	1.216755	3.997731	-0.999955	0.000000
4.656225	1.000104	6117.442019	4078.719219	0.000000	-0.000002	-51.553170	0.002000	1.216755	3.997731	-0.999955	0.000000
4.676225	1.000104	6117.442019	4078.719219	0.000000	0.000002	-51.553170	0.002000	1.216755	3.997731	-0.999955	0.000000
4.696225	1.000104	6117.442019	4078.719219	-0.000000	0.000003	-51.553170	0.002000	1.216755	3.997731	-0.999955	0.000000
4.716225	1.000104	6117.442019	4078.719219	-0.000000	-0.000000	-51.553170	0.002000	1.216755	3.997731	-0.999955	0.000000
4.736225	1.000104	6117.442019	4078.719219	0.000000	0.000000	-51.553170	0.002000	1.216755	3.997731	-0.999955	0.000000
4.756225	1.000104	6117.442019	4078.719219	0.000000	-0.000000	-51.553170	0.002000	1.216755	3.997731	-0.999955	0.000000
4.776225	1.000104	6117.442019	4078.719219	-0.000000	-0.000002	-51.553170	0.002000	1.216755	3.997731	-0.999955	0.000000
4.796225	1.000104	6117.442019	4078.719219	-0.000000	-0.000003	-51.553170	0.002000	1.216755	3.997731	-0.999955	0.000000
4.816225	1.000104	6117.442019	4078.719219	0.000000	-0.000002	-51.553170	0.002000	1.216755	3.997731	-0.999955	0.000000
4.836225	1.000104	6117.442019	4078.719219	-0.000000	-0.000001	-51.553170	0.002000	1.216755	3.997731	-0.999955	0.000000
4.856225	1.000104	6117.442019	4078.719219	0.000000	-0.000001	-51.553170	0.002000	1.216755	3.997731	-0.999955	0.000000
4.876225	1.000104	6117.442019	4078.719219	0.000000	-0.000000	-51.553170	0.002000	1.216755	3.997731	-0.999955	0.000000
4.896225	1.000104	6117.442019	4078.719219	0.000000	0.000003	-51.553170	0.002000	1.216755	3.997731	-0.999955	0.000000
4.916225	1.000104	6117.442019	4078.719219	-0.000000	0.000001	-51.553170	0.002000	1.216755	3.997731	-0.999955	0.000000
4.936225	1.000104	6117.442019	4078.719219	0.000000	-0.000002	-51.553170	0.002000	1.216755	3.997731	-0.999955	0.000000
4.956225	1.000104	6117.442019	4078.719219	0.000000	0.000001	-51.553170	0.002000	1.216755	3.997731	-0.999955	0.000000
4.976225	1.000104	6117.442019	4078.719219	-0.000000	0.000002	-51.553170	0.002000	1.216755	3.997731	-0.999955	0.000000
4.996225	1.000104	6117.442019	4078.719219	-0.000000	-0.000001	-51.553170	0.002000	1.216755	3.997731	-0.999955	0.000000
5.016225	1.000104	6117.442019	4078.719219	-0.000000	-0.000001	-51.553170	0.002000	1.216755	3.997731	-0.999955	0.000000
5.036225	1.000104	6117.442019	4078.719219	0.000000	-0.000000	-51.553170	0.002000	1.216755	3.997731	-0.999955	0.000000
5.056225	1.000104	6117.442019	4078.719219	0.000000	-0.000000	-51.553170	0.002000	1.216755	3.997731	-0.999955	0.000000
5.076225	1.000104	6117.442019	4078.719219	0.000000	-0.000000	-51.553170	0.002000	1.216755	3.997731	-0.999955	0.000000
5.096225	1.000104	6117.442019	4078.719219	0.000000	-0.000000	-51.553170	0.002000	1.216755	3.997731	-0.999955	0.000000
5.116225	1.000104	6117.442019	4078.719219	0.000000	-0.000000	-51.553170	0.002000	1.216755	3.997731	-0.999955	0.000000
5.136225	1.000104	6117.442019	4078.719219	0.000000	-0.000000	-51.553170	0.002000	1.216755	3.997731	-0.999955	0.000000
5.156225	1.000104	6117.442019	4078.719219	0.000000	-0.000000	-51.553170	0.002000	1.216755	3.997731	-0.999955	0.000000
5.176225	1.000104	6117.442019	4078.719219	0.000000	-0.000000	-51.553170	0.002000	1.216755	3.997731	-0.999955	0.000000
5.196225	1.000104	6117.442019	4078.719219	0.000000	-0.000000	-51.553170	0.002000	1.216755	3.997731	-0.999955	0.000000
5.216225	1.000104	6117.442019	4078.719219	0.000000	-0.000000	-51.553170	0.002000	1.216755	3.997731	-0.999955	0.000000
5.236225	1.000104	6117.442019	4078.719219	0.000000	-0.000000	-51.553170	0.002000	1.216755	3.997731	-0.999955	0.000000
5.256225	1.000104	6117.442019	4078.719219	0.000000	0.000000	-51.553170	0.002000	1.216755	3.997731	-0.999955	0.000000
5.276225	1.000104	6117.442019	4078.719219	0.000000	0.000000	-51.553170	0.002000	1.216755	3.997731	-0.999955	0.000000
5.296225	1.000104	6117.442019	4078.719219	0.000000	0.000000	-51.553170	0.002000	1.216755	3.997731	-0.999955	0.000000
5.316225	1.000104	6117.442019	4078.719219	0.000000	0.000000	-51.553170	0.002000	1.216755	3.997731	-0.999955	0.000000
5.336225	1.000104	6117.442019	4078.719219	0.000000	0.000000	-51.553170	0.002000	1.216755	3.997731	-0.999955	0.000000
5.356225	1.000104	6117.442019	4078.719219	0.000000	0.000000	-51.553170	0.002000	1.216755	3.997731	-0.999955	0.000000
5.376225	1.000104	6117.442019	4078.719219	0.000000	0.000000	-51.553170	0.002000	1.216755	3.997731	-0.999955	0.000000
5.396225	1.000104	6117.442019	4078.719219	0.000000	0.000000	-51.553170	0.002000	1.216755	3.997731	-0.999955	0.000000
5.416225	1.000104	6117.442019	4078.719219	0.000000	0.000000	-51.553170	0.002000	1.216755	3.997731	-0.999955	0.000000
5.436225	1.000104	6117.442019	4078.719219	0.000000	0.000000	-51.553170	0.002000	1.216755	3.997731	-0.999955	0.000000
5.456225	1.000104	6117.442019	4078.719219	0.000000	0.000000	-51.553170	0.002000	1.216755	3.997731	-0.999955	0.000000
5.476225	1.000104	6117.442019	4078.719219	0.000000	0.000000	-51.553170	0.002000	1.216755	3.997731	-0.999955	0.000000
5.496225	1.000104	6117.442019	4078.719219	0.000000	0.000000	-51.553170	0.002000	1.216755	3.997731	-0.999955	0.000000
5.516225	1.000104	6117.442019	4078.719219	0.000000	0.000000	-51.553170	0.002000	1.216755	3.997731	-0.999955	0.000000
5.536225	1.000104	6117.442019	4078.719219	0.000000	0.000000	-51.553170	0.002000	1.216755	3.997731	-0.999955	0.000000
5.556225	1.000104	6117.442019	4078.719219	0.000000	0.000000	-51.553170	0.002000	1.216755	3.997731	-0.999955	0.000000
5.576225	1.000104	6117.442019	4078.719219	0.000000	0.000000	-51.553170	0.002000	1.216755	3.997731	-0.999955	0.000000
5.596225	1.000104	6117.442019	4078.719219	0.000000	0.000000	-51.553170	0.002000	1.216755	3.997731	-0.999955	0.000000
5.616225	1.000104	6117.442019	4078.719219	0.000000	0.000000	-51.553170	0.002000	1.216755	3.997731	-0.999955	0.000000
5.636225	1.000104	6117.442019	4078.719219	0.000000	0.000000	-51.553170	0.002000	1.216755	3.997731	-0.999955	0.000000
5.656225	1.000104	6117.442019	4078.719219	0.000000	0.000000	-51.553170	0.002000	1.216755	3.997731	-0.999955	0.000000
5.676225	1.000104	6117.442019	4078.719219	0.000000	0.000000	-51.553170	0.002000	1.216755	3.997731	-0.999955	0.000000
5.696225	1.000104	6117.442019	4078.719219	0.000000	0.000000	-51.553170	0.002000	1.216755	3.997731	-0.999955	0.000000
5.716225	1.000104	6117.442019	4078.719219	0.000000	0.000000	-51.553170	0.002000	1.216755	3.997731	-0.999955	0.000000
5.736225	1.000104	6117.442019	4078.719219	0.000000	0.000000	-51.553170	0.002000	1.216755	3.997731	-0.999955	0.000000
5.756225	1.000104	6117.442019	4078.719219	0.000000	0.000000	-51.553170	0.002000	1.216755	3.997731	-0.999955	0.000000
5.776225	1.000104	6117.442019	4078.719219	0.000000	0.000000	-51.553170	0.002000	1.216755	3.997731	-0.999955	0.000000
5.796225	1.000104	6117.442019	4078.719219	-0.000000	0.000002	-51.553170	0.002000	1.216755	3.997731	-0.999955	0.000000
5.816225	1.000104	6117.442019	4078.719219	-0.000000	0.000005	-51.553170	0.002000	1.216755	3.997731	-0.999955	0.000000
5.836225	1.000104	6117.442019	4078.719219	-0.000000	0.000012	-51.553170	0.002000	1.216755	3.997731	-0.999955	0.000000
5.856225	1.000104	6117.442019	4078.719219	-0.000000	0.000036	-51.553170	0.002000	1.216755	3.997731	-0.999955	0.000000
5.876225	1.000104	6117.442019	4078.719219	-0.000001	0.000103	-51.553170	0.002000	1.216755	3.997731	-0.999955	0.000000
5.896225	1.000104	6117.442019	4078.719220	-0.000004	0.000273	-51.553170	0.002000	1.216755	3.997731	-0.999955	0.000000
5.916225	1.000104	6117.442019	4078.719220	-0.000009	0.000692	-51.553170	0.002000	1.216755	3.997731	-0.999955	0.000000
5.936225	1.000104	6117.442019	4078.719220	-0.000024	0.001725	-51.553170	0.002000	1.216755	3.997731	-0.999955	0.000000
5.956225	1.000104	6117.442019	4078.719220	-0.000060	0.004096	-51.553170	0.002000	1.216755	3.997731	-0.999955	0.000000
5.976225	1.000104	6117.442019	4078.719220	-0.000138	0.009188	-51.553170	0.002000	1.216755	3.997731	-0.999955	0.000000
5.996225	1.000104	6117.442020	4078.719220	-0.000303	0.018853	-51.553170	0.002000	1.216755	3.997731	-0.999955	0.000000
6.016225	1.000104	6117.442020	4078.719221	-0.000596	0.033282	-51.553170	0.002000	1.216755	3.997731	-0.999955	0.000000
6.036225	1.000104	6117.442021	4078.719222	-0.000965	0.040618	-51.553170	0.002000	1.216755	3.997731	-0.999955	0.000000
6.056225	1.000104	6117.442022	4078.719223	-0.000838	-0.020429	-51.553170	0.002000	1.216755	3.997731	-0.999955	0.000000
6.076225	1.000104	6117.442022	4078.719225	0.002314	-0.378738	-51.553170	0.002000	1.216755	3.997731	-0.999955	0.000000
6.096225	1.000104	6117.442014	4078.719219	0.017366	-1.775130	-51.553170	0.002000	1.216755	3.997731	-0.999955	0.000000
6.116225	1.000104	6117.441974	4078.719182	0.072012	-6.389023	-51.553170	0.002000	1.216755	3.997731	-0.999955	0.000000
6.136225	1.000104	6117.441827	4078.719035	0.245716	-20.224897	-51.553170	0.002000	1.216755	3.997731	-0.999955	0.000000
6.156225	1.000104	6117.441356	4078.718542	0.752464	-58.892222	-51.553169	0.002000	1.216755	3.997731	-0.999955	0.000000
6.176225	1.000104	6117.439975	4078.717050	2.137499	-160.942343	-51.553167	0.002000	1.216755	3.997730	-0.999955	0.000000
6.196225	1.000103	6117.436180	4078.712846	5.721421	-417.075997	-51.553161	0.002000	1.216755	3.997730	-0.999955	0.000000
6.216225	1.000102	6117.426298	4078.701672	14.550514	-1030.766442	-51.553143	0.002000	1.216755	3.997729	-0.999956	0.000000
6.236225	1.000099	6117.401781	4078.673422	35.318863	-2437.053594	-51.553099	0.002000	1.216755	3.997728	-0.999957	0.000000
6.256225	1.000092	6117.343617	4078.605215	82.023985	-5520.983111	-51.552992	0.002000	1.216755	3.997724	-0.999960	0.000000
6.276225	1.000074	6117.211451	4078.447575	182.452400	-11991.013137	-51.552742	0.002000	1.216755	3.997714	-0.999968	0.000000
6.296226	1.000034	6116.923618	4078.098466	388.779583	-24963.644076	-51.552185	0.002000	1.216755	3.997694	-0.999985	0.000000
6.316228	0.999948	6116.322877	4077.357528	793.203148	-49780.396505	-51.550994	0.002000	1.216755	3.997652	-1.000022	0.000000
6.336232	0.999770	6115.122038	4075.851156	1547.954776	-94974.671399	-51.548558	0.002000	1.216755	3.997568	-1.000098	0.000000
6.356241	0.999418	6112.825396	4072.920202	2885.592082	-173108.968458	-51.543793	0.002001	1.216755	3.997407	-1.000249	0.000000
6.376259	0.998751	6108.628179	4067.469292	5130.169928	-300934.500093	-51.534889	0.002003	1.216755	3.997112	-1.000536	0.000000
6.396293	0.997548	6101.308421	4057.793601	8684.530661	-498113.234739	-51.519012	0.002005	1.216755	3.996596	-1.001054	0.000000
6.416358	0.995475	6089.142352	4041.425480	13978.338020	-783844.869845	-51.492032	0.002009	1.216755	3.995736	-1.001949	0.000000
6.436475	0.992073	6069.888316	4015.071337	21371.142491	-1171423.150725	-51.448375	0.002016	1.216755	3.994370	-1.003425	0.000000
6.456676	0.986756	6040.882247	3974.722123	31027.231215	-1662023.749828	-51.381122	0.002027	1.216755	3.992301	-1.005743	0.000000
6.477008	0.978844	5999.261398	3915.993247	42807.304474	-2240227.186510	-51.282413	0.002043	1.216755	3.989313	-1.009220	0.000000
6.497535	0.967621	5942.278833	3834.672615	56228.372662	-2873863.701394	-51.144140	0.002067	1.216755	3.985185	-1.014205	0.000000
6.518340	0.952419	5867.615748	3727.372327	70529.307256	-3519418.751696	-50.958694	0.002100	1.216755	3.979710	-1.021056	0.000000
6.539528	0.932699	5773.580981	3592.064089	84823.558655	-4130950.396953	-50.719634	0.002144	1.216755	3.972711	-1.030115	0.000000
6.561225	0.908123	5659.015548	3428.359623	98263.353334	-4670220.825807	-50.421943	0.002202	1.216755	3.964023	-1.041685	0.000000
6.583581	0.878575	5522.937484	3237.360622	110199.334546	-5113591.008526	-50.061928	0.002276	1.216755	3.953467	-1.056024	0.000000
6.606770	0.844139	5363.648799	3021.020294	120201.829987	-5453015.759389	-49.637029	0.002369	1.216755	3.940770	-1.073365	0.000000
6.630999	0.805018	5177.971623	2781.496471	128073.408613	-5694140.092201	-49.144539	0.002484	1.216755	3.925482	-1.093952	0.000000
6.656513	0.761171	4961.366122	2520.152583	133857.355739	-5836080.576251	-48.581660	0.002628	1.216755	3.906935	-1.118256	0.000000
6.683635	0.712172	4710.527838	2238.850077	137594.312164	-5863602.006414	-47.941623	0.002808	1.216755	3.884413	-1.147136	0.000000
6.712809	0.656518	4432.278875	1942.084265	139717.560671	-5734838.146869	-47.210915	0.003046	1.216755	3.857978	-1.182458	0.000000
6.744786	0.592410	4147.902034	1640.079072	140335.774779	-5413149.976583	-46.364673	0.003376	1.216755	3.829181	-1.227064	0.000000
6.780760	0.518523	3900.105095	1349.807341	139853.485160	-4939560.634055	-45.347295	0.003857	1.216755	3.802423	-1.284899	0.000000
6.822838	0.434435	3732.474868	1082.324199	139021.698243	-4351578.386910	-44.086200	0.004604	1.216755	3.783329	-1.361720	0.000000
6.874938	0.345223	3695.202257	851.490682	136389.221263	-3792810.666425	-42.388190	0.005793	1.216755	3.778950	-1.461518	0.000000
6.943249	0.242282	3821.443186	618.012235	138815.762769	-3181274.119058	-39.988166	0.008255	1.216755	3.793510	-1.615262	0.000000
7.062325	0.139817	4814.714444	449.320605	136093.692038	-2275878.283287	-35.125763	0.014304	1.216755	3.893801	-1.853993	0.000000
-0.002991	3.346929	103180.662427	230226.428957	11.199440	0.000000	0.001048	0.000598	0.000000	5.224763	-0.475357	0.000000
-0.008964	3.355418	102892.099358	230164.282871	33.198391	0.000000	0.003042	0.000596	0.000000	5.223547	-0.474257	0.000000
-0.014916	3.371848	102338.127573	230045.952536	53.538565	0.000000	0.004745	0.000593	0.000000	5.221201	-0.472135	0.000000
-0.020831	3.395200	101562.134998	229882.628866	70.029713	0.000000	0.005994	0.000589	0.000000	5.217895	-0.469137	0.000000
-0.026700	3.424023	100622.761063	229689.759577	79.667197	0.000000	0.006675	0.000584	0.000000	5.213858	-0.465464	0.000000
-0.032516	3.456540	99587.581112	229485.524433	79.514191	0.000000	0.006739	0.000579	0.000000	5.209365	-0.461358	0.000000
-0.038275	3.490794	98525.887590	229288.831752	67.911266	0.000000	0.006206	0.000573	0.000000	5.204709	-0.457074	0.000000
-0.043976	3.524813	97501.935378	229117.100678	45.502404	0.000000	0.005165	0.000567	0.000000	5.200171	-0.452862	0.000000
-0.049624	3.556791	96569.262612	228984.142486	15.568211	0.000000	0.003765	0.000562	0.000000	5.195996	-0.448939	0.000000
-0.055223	3.585253	95766.815895	228898.510273	-16.518985	0.000000	0.002190	0.000558	0.000000	5.192372	-0.445477	0.000000
-0.060781	3.609176	95117.086156	228862.630174	-44.575813	0.000000	0.000634	0.000554	0.000000	5.189416	-0.442589	0.000000
-0.066306	3.628057	94626.297284	228872.890137	-63.203336	0.000000	-0.000729	0.000551	0.000000	5.187170	-0.440324	0.000000
-0.071806	3.641896	94286.362165	228920.667347	-69.184360	0.000000	-0.001771	0.000549	0.000000	5.185608	-0.438671	0.000000
-0.077289	3.651124	94078.183924	228994.080192	-62.250307	0.000000	-0.002422	0.000548	0.000000	5.184649	-0.437573	0.000000
-0.082762	3.656476	93975.727197	229080.102480	-45.006784	0.000000	-0.002675	0.000547	0.000000	5.184176	-0.436937	0.000000
-0.088229	3.658848	93950.246883	229166.617731	-22.081698	0.000000	-0.002580	0.000547	0.000000	5.184059	-0.436656	0.000000
-0.093695	3.659156	93974.077678	229244.033300	1.201085	0.000000	-0.002227	0.000547	0.000000	5.184170	-0.436620	0.000000
