0.002988	3.349527	103089.772483	230202.135889	11.788746	-2989912.237058	-0.001004	0.000597	1.216755	5.224381	-0.475019	0.000000
0.008957	3.357774	102810.173149	230142.511094	34.394347	-2692336.780283	-0.002913	0.000596	1.216755	5.223201	-0.473952	0.000000
0.014905	3.373742	102273.190582	230029.107267	53.942380	-2130428.697161	-0.004540	0.000593	1.216755	5.220926	-0.471891	0.000000
0.020817	3.396451	101520.388954	229872.807918	68.183693	-1367545.622460	-0.005731	0.000589	1.216755	5.217716	-0.468977	0.000000
0.026685	3.424511	100607.831648	229688.454719	74.894935	-490884.989399	-0.006382	0.000584	1.216755	5.213793	-0.465402	0.000000
0.032501	3.456225	99600.007758	229493.273954	72.429520	398018.014479	-0.006451	0.000579	1.216755	5.209419	-0.461398	0.000000
0.038261	3.489724	98562.997796	229304.946272	60.345258	1196315.815811	-0.005963	0.000573	1.216755	5.204873	-0.457208	0.000000
0.043965	3.523126	97558.178187	229139.593689	39.884217	1814040.737055	-0.005004	0.000568	1.216755	5.200422	-0.453070	0.000000
0.049615	3.554698	96636.997528	229009.948624	14.025151	2187312.555659	-0.003709	0.000563	1.216755	5.196301	-0.449195	0.000000
0.055218	3.583009	95837.442602	228923.983800	-12.965757	2287684.463201	-0.002245	0.000558	1.216755	5.192692	-0.445749	0.000000
0.060779	3.607042	95182.322420	228884.221085	-36.408913	2125773.155891	-0.000786	0.000554	1.216755	5.189714	-0.442846	0.000000
0.066307	3.626260	94679.371455	228887.830714	-52.263249	1748247.229531	0.000512	0.000552	1.216755	5.187413	-0.440539	0.000000
0.071810	3.640594	94322.902110	228927.490960	-58.058037	1228704.972248	0.001532	0.000549	1.216755	5.185776	-0.438826	0.000000
0.077295	3.650388	94096.644925	228992.839483	-53.434802	654116.782370	0.002204	0.000548	1.216755	5.184734	-0.437660	0.000000
0.082768	3.656290	93977.298764	229072.239857	-40.151725	109491.475852	0.002514	0.000547	1.216755	5.184183	-0.436959	0.000000
0.088235	3.659122	93938.289578	229154.538677	-21.561066	-336166.826828	0.002498	0.000547	1.216755	5.184004	-0.436624	0.000000
0.093700	3.659752	93953.241003	229230.510856	-1.724995	-639767.142009	0.002226	0.000546	1.216755	5.184073	-0.436549	0.000000
0.099166	3.658990	93998.747816	229293.778110	15.568477	-788048.930919	0.001791	0.000547	1.216755	5.184284	-0.436640	0.000000
0.104633	3.657511	94056.184751	229341.113757	27.616473	-795153.889755	0.001286	0.000547	1.216755	5.184549	-0.436816	0.000000
0.110103	3.655819	94112.471653	229372.181453	33.241849	-695097.259042	0.000793	0.000547	1.216755	5.184809	-0.437016	0.000000
0.115576	3.654244	94159.900019	229388.861735	32.795861	-531536.166169	0.000371	0.000547	1.216755	5.185028	-0.437203	0.000000
0.121050	3.652960	94195.268471	229394.375294	27.790422	-347591.655956	0.000050	0.000548	1.216755	5.185190	-0.437356	0.000000
0.126527	3.652023	94218.642508	229392.410046	20.321553	-178006.340351	-0.000160	0.000548	1.216755	5.185298	-0.437467	0.000000
0.132005	3.651408	94232.044535	229386.411439	12.474356	-44891.459327	-0.000271	0.000548	1.216755	5.185359	-0.437540	0.000000
0.137483	3.651050	94238.310218	229379.123279	5.866087	42844.327899	-0.000306	0.000548	1.216755	5.185388	-0.437582	0.000000
0.142961	3.650867	94240.247787	229372.392734	1.411405	87209.087800	-0.000290	0.000548	1.216755	5.185397	-0.437604	0.000000
0.148440	3.650789	94240.138149	229367.196009	-0.686059	97278.928641	-0.000250	0.000548	1.216755	5.185396	-0.437613	0.000000
0.153919	3.650758	94239.537706	229363.809408	-0.773079	85091.199252	-0.000203	0.000548	1.216755	5.185394	-0.437617	0.000000
0.159398	3.650739	94239.302144	229362.044455	0.496199	62262.938471	-0.000162	0.000548	1.216755	5.185393	-0.437619	0.000000
0.164877	3.650713	94239.737292	229361.479207	2.401654	37847.079638	-0.000133	0.000548	1.216755	5.185395	-0.437622	0.000000
0.170356	3.650675	94240.794340	229361.641834	4.337815	17486.443359	-0.000118	0.000548	1.216755	5.185400	-0.437627	0.000000
0.175835	3.650626	94242.250838	229362.128074	5.908357	3602.315513	-0.000113	0.000548	1.216755	5.185406	-0.437633	0.000000
0.181314	3.650572	94243.845885	229362.654859	6.939367	-3797.745565	-0.000116	0.000548	1.216755	5.185414	-0.437639	0.000000
0.186793	3.650520	94245.360986	229363.065155	7.435715	-6106.349568	-0.000122	0.000548	1.216755	5.185421	-0.437645	0.000000
0.192273	3.650474	94246.653492	229363.303590	7.511289	-5207.080211	-0.000130	0.000548	1.216755	5.185427	-0.437651	0.000000
0.197752	3.650436	94247.656969	229363.380880	7.319742	-2837.094715	-0.000138	0.000548	1.216755	5.185431	-0.437655	0.000000
0.203231	3.650408	94248.363831	229363.339916	7.002807	-258.096793	-0.000145	0.000548	1.216755	5.185435	-0.437659	0.000000
0.208711	3.650390	94248.802629	229363.230472	6.662192	1817.066655	-0.000150	0.000548	1.216755	5.185437	-0.437661	0.000000
0.214190	3.650379	94249.017825	229363.094365	6.352448	3135.330376	-0.000154	0.000548	1.216755	5.185438	-0.437662	0.000000
0.219670	3.650376	94249.055626	229362.959649	6.088455	3745.354756	-0.000157	0.000548	1.216755	5.185438	-0.437663	0.000000
0.225149	3.650378	94248.956246	229362.840917	5.859563	3840.362882	-0.000159	0.000548	1.216755	5.185437	-0.437662	0.000000
0.230629	3.650384	94248.751256	229362.742670	5.642758	3640.182232	-0.000162	0.000548	1.216755	5.185436	-0.437662	0.000000
0.236108	3.650394	94248.464084	229362.663443	5.413786	3323.650768	-0.000164	0.000548	1.216755	5.185435	-0.437660	0.000000
0.241587	3.650406	94248.111924	229362.599279	5.154661	3004.666904	-0.000167	0.000548	1.216755	5.185433	-0.437659	0.000000
0.247067	3.650421	94247.707845	229362.546025	4.851594	2736.237435	-0.000169	0.000548	1.216755	5.185431	-0.437657	0.000000
0.252546	3.650438	94247.262471	229362.500472	4.496434	2527.988668	-0.000171	0.000548	1.216755	5.185429	-0.437655	0.000000
0.258026	3.650456	94246.785030	229362.460629	4.092380	2367.076346	-0.000174	0.000548	1.216755	5.185427	-0.437653	0.000000
0.263505	3.650474	94246.283862	229362.425537	3.633607	2232.582242	-0.000176	0.000548	1.216755	5.185425	-0.437651	0.000000
0.268984	3.650494	94245.766554	229362.394929	3.112356	2103.959438	-0.000178	0.000548	1.216755	5.185423	-0.437649	0.000000
0.274463	3.650514	94245.239905	229362.368813	2.555614	1970.219681	-0.000180	0.000548	1.216755	5.185420	-0.437646	0.000000
0.279943	3.650534	94244.709820	229362.347249	1.940591	1824.716580	-0.000182	0.000548	1.216755	5.185418	-0.437644	0.000000
0.285422	3.650554	94244.181287	229362.330335	1.227484	1658.038533	-0.000183	0.000548	1.216755	5.185415	-0.437641	0.000000
0.290901	3.650574	94243.658367	229362.317905	0.542470	1480.390759	-0.000185	0.000548	1.216755	5.185413	-0.437639	0.000000
0.296380	3.650594	94243.144214	229362.309613	-0.208497	1295.972874	-0.000186	0.000548	1.216755	5.185410	-0.437637	0.000000
0.301859	3.650614	94242.641284	229362.305591	-1.222381	1072.865758	-0.000187	0.000548	1.216755	5.185408	-0.437634	0.000000
0.307338	3.650632	94242.151419	229362.305266	-1.911952	856.533903	-0.000188	0.000548	1.216755	5.185406	-0.437632	0.000000
0.312818	3.650651	94241.675741	229362.307666	-2.670471	666.279518	-0.000188	0.000548	1.216755	5.185404	-0.437630	0.000000
0.318297	3.650669	94241.215256	229362.314390	-4.485954	345.732843	-0.000189	0.000548	1.216755	5.185402	-0.437628	0.000000
0.323776	3.650686	94240.770816	229362.324073	-4.647816	94.584724	-0.000189	0.000548	1.216755	5.185400	-0.437626	0.000000
0.329255	3.650703	94240.342057	229362.333095	-4.775740	25.687650	-0.000189	0.000548	1.216755	5.185398	-0.437624	0.000000
0.334733	3.650719	94239.929698	229362.349782	-9.767224	-596.701704	-0.000188	0.000548	1.216755	5.185396	-0.437622	0.000000
0.340212	3.650735	94239.535135	229362.369179	-7.101949	-884.553213	-0.000186	0.000548	1.216755	5.185394	-0.437620	0.000000
0.345691	3.650750	94239.154932	229362.373840	-3.263730	-203.307060	-0.000188	0.000548	1.216755	5.185392	-0.437618	0.000000
0.351170	3.650764	94238.791008	229362.401914	-22.323259	-2011.356665	-0.000186	0.000548	1.216755	5.185390	-0.437616	0.000000
0.356649	3.650778	94238.449498	229362.432872	-6.562605	-2388.200244	-0.000180	0.000548	1.216755	5.185389	-0.437615	0.000000
0.362128	3.650790	94238.114071	229362.379637	18.837352	2113.302339	-0.000189	0.000548	1.216755	5.185387	-0.437613	0.000000
0.367607	3.650803	94237.791983	229362.413832	-63.806908	-4719.222318	-0.000187	0.000548	1.216755	5.185386	-0.437612	0.000000
0.373086	3.650815	94237.513154	229362.449580	10.871565	-5661.943597	-0.000165	0.000548	1.216755	5.185385	-0.437610	0.000000
0.378564	3.650821	94237.202013	229362.052758	149.295161	17613.560786	-0.000217	0.000548	1.216755	5.185383	-0.437610	0.000000
0.384043	3.650831	94236.885373	229361.988501	-220.869043	-10638.988406	-0.000225	0.000548	1.216755	5.185382	-0.437608	0.000000
0.389522	3.650838	94236.708388	229361.895461	117.750562	-15119.623333	-0.000143	0.000548	1.216755	5.185381	-0.437608	0.000000
0.395001	3.650819	94236.321167	229359.608913	842.023006	100070.528799	-0.000411	0.000548	1.216755	5.185379	-0.437610	0.000000
0.400479	3.650817	94235.813006	229358.494076	-816.616522	-17704.331574	-0.000516	0.000548	1.216755	5.185377	-0.437610	0.000000
0.405958	3.650799	94235.880020	229356.993474	716.047812	-40861.986089	-0.000195	0.000548	1.216755	5.185377	-0.437613	0.000000
0.411437	3.650650	94234.897085	229344.275197	4473.124337	526407.314711	-0.001558	0.000548	1.216755	5.185372	-0.437632	0.000000
0.416916	3.650550	94233.097106	229334.837959	-2866.950955	49025.132674	-0.002382	0.000548	1.216755	5.185364	-0.437642	0.000000
0.422395	3.650361	94233.779373	229321.645797	4177.803214	-54973.724777	-0.001251	0.000548	1.216755	5.185367	-0.437671	0.000000
0.427875	3.649479	94229.365283	229250.160226	23696.917333	2756763.836880	-0.008261	0.000548	1.216755	5.185343	-0.437781	0.000000
0.433357	3.648671	94219.981668	229180.864302	-8064.408693	940053.868828	-0.013990	0.000548	1.216755	5.185302	-0.437872	0.000000
0.438839	3.647268	94221.064579	229079.878772	25141.374451	596572.150477	-0.011102	0.000548	1.216755	5.185308	-0.438069	0.000000
0.444324	3.642160	94197.044179	228670.336958	127285.686476	14752375.502038	-0.048030	0.000549	1.216755	5.185175	-0.438713	0.000000
0.449823	3.636426	94142.999178	228190.954949	-5031.720289	8874387.770685	-0.086132	0.000550	1.216755	5.184935	-0.439385	0.000000
0.455325	3.626822	94129.841644	227474.430840	154801.772146	8783675.424245	-0.088254	0.000551	1.216755	5.184874	-0.440690	0.000000
0.460847	3.597341	93987.783926	225110.343922	699351.254701	83312606.112049	-0.287408	0.000556	1.216755	5.184102	-0.444455	0.000000
0.466444	3.559671	93648.750614	221954.506740	190098.836105	78779356.542266	-0.539062	0.000562	1.216755	5.182539	-0.449023	0.000000
0.472082	3.502444	93423.118363	217472.951302	880141.236526	97443451.766226	-0.639671	0.000571	1.216755	5.181462	-0.456805	0.000000
0.477841	3.351110	92437.138281	204937.850226	3929308.669852	560221681.795495	-1.696818	0.000597	1.216755	5.176116	-0.477242	0.000000
0.484031	3.159717	89789.360573	187647.760109	2200071.549529	803786281.952704	-3.398395	0.000633	1.216755	5.163068	-0.502473	0.000000
0.490538	2.988440	87075.726016	171576.831968	1645034.970019	867008038.441390	-3.831466	0.000669	1.216755	5.149593	-0.527882	0.000000
0.497374	2.585573	81064.032801	134816.292347	17877669.658064	3293653739.092541	-7.311991	0.000774	1.216755	5.113979	-0.596984	0.000000
0.506332	1.930649	61541.932194	73395.532379	37343655.881751	7844314887.939116	-20.215560	0.001036	1.216755	4.981191	-0.728270	0.000000
0.519665	1.391084	32655.181129	27351.162994	29382744.535128	7030374296.973302	-36.519104	0.001438	1.216755	4.692274	-0.868047	0.000000
0.536881	1.125116	13895.771608	9523.662201	13314466.076450	3068111796.017534	-46.524113	0.001778	1.216755	4.320332	-0.954276	0.000000
0.556057	1.032174	7461.794138	4955.833060	3874690.640504	682368658.763957	-50.351228	0.001938	1.216755	4.070357	-0.987989	0.000000
0.575877	1.006945	6284.995095	4194.809743	798313.539281	88973322.244970	-51.329841	0.001986	1.216755	4.007381	-0.997417	0.000000
0.595846	1.001341	6138.983273	4094.898487	136193.934536	10891083.965373	-51.517896	0.001997	1.216755	3.998996	-0.999502	0.000000
0.615841	1.000297	6120.483831	4081.066778	19656.054781	1497013.343243	-51.548428	0.001999	1.216755	3.997911	-0.999885	0.000000
0.635841	1.000130	6117.879756	4079.049826	2417.335861	217760.582408	-51.552620	0.002000	1.216755	3.997756	-0.999946	0.000000
0.655840	1.000107	6117.502312	4078.762697	257.756641	30869.082490	-51.553115	0.002000	1.216755	3.997734	-0.999954	0.000000
0.675840	1.000104	6117.449757	4078.724498	23.632326	4097.867239	-51.553165	0.002000	1.216755	3.997731	-0.999955	0.000000
0.695840	1.000104	6117.442938	4078.719811	1.840250	502.788915	-51.553170	0.002000	1.216755	3.997731	-0.999955	0.000000
0.715840	1.000104	6117.442120	4078.719281	0.127317	56.979516	-51.553170	0.002000	1.216755	3.997731	-0.999955	0.000000
0.735840	1.000104	6117.442030	4078.719226	0.010710	6.015791	-51.553170	0.002000	1.216755	3.997731	-0.999955	0.000000
0.755840	1.000104	6117.442020	4078.719220	0.001691	0.606338	-51.553170	0.002000	1.216755	3.997731	-0.999955	0.000000
0.775840	1.000104	6117.442019	4078.719220	0.000347	0.061424	-51.553170	0.002000	1.216755	3.997731	-0.999955	0.000000
0.795840	1.000104	6117.442019	4078.719220	0.000064	0.006747	-51.553170	0.002000	1.216755	3.997731	-0.999955	0.000000
0.815840	1.000104	6117.442019	4078.719219	0.000010	0.000844	-51.553170	0.002000	1.216755	3.997731	-0.999955	0.000000
0.835840	1.000104	6117.442019	4078.719219	0.000001	0.000116	-51.553170	0.002000	1.216755	3.997731	-0.999955	0.000000
0.855840	1.000104	6117.442019	4078.719219	0.000000	0.000017	-51.553170	0.002000	1.216755	3.997731	-0.999955	0.000000
0.875840	1.000104	6117.442019	4078.719219	0.000000	0.000003	-51.553170	0.002000	1.216755	3.997731	-0.999955	0.000000
0.895840	1.000104	6117.442019	4078.719219	-0.000000	-0.000000	-51.553170	0.002000	1.216755	3.997731	-0.999955	0.000000
0.915840	1.000104	6117.442019	4078.719219	0.000000	-0.000000	-51.553170	0.002000	1.216755	3.997731	-0.999955	0.000000
0.935840	1.000104	6117.442019	4078.719219	0.000000	-0.000000	-51.553170	0.002000	1.216755	3.997731	-0.999955	0.000000
0.955840	1.000104	6117.442019	4078.719219	0.000000	0.000000	-51.553170	0.002000	1.216755	3.997731	-0.999955	0.000000
0.975840	1.000104	6117.442019	4078.719219	-0.000000	0.000001	-51.553170	0.002000	1.216755	3.997731	-0.999955	0.000000
0.995840	1.000104	6117.442019	4078.719219	-0.000000	0.000000	-51.553170	0.002000	1.216755	3.997731	-0.999955	0.000000
1.015840	1.000104	6117.442019	4078.719219	-0.000000	0.000000	-51.553170	0.002000	1.216755	3.997731	-0.999955	0.000000
1.035840	1.000104	6117.442019	4078.719219	-0.000000	-0.000000	-51.553170	0.002000	1.216755	3.997731	-0.999955	0.000000
1.055840	1.000104	6117.442019	4078.719219	-0.000000	-0.000001	-51.553170	0.002000	1.216755	3.997731	-0.999955	0.000000
1.075840	1.000104	6117.442019	4078.719219	0.000000	-0.000001	-51.553170	0.002000	1.216755	3.997731	-0.999955	0.000000
1.095840	1.000104	6117.442019	4078.719219	0.000000	0.000000	-51.553170	0.002000	1.216755	3.997731	-0.999955	0.000000
1.115840	1.000104	6117.442019	4078.719219	-0.000000	0.000001	-51.553170	0.002000	1.216755	3.997731	-0.999955	0.000000
1.135840	1.000104	6117.442019	4078.719219	-0.000000	-0.000000	-51.553170	0.002000	1.216755	3.997731	-0.999955	0.000000
1.155840	1.000104	6117.442019	4078.719219	0.000000	-0.000000	-51.553170	0.002000	1.216755	3.997731	-0.999955	0.000000
1.175840	1.000104	6117.442019	4078.719219	-0.000000	0.000001	-51.553170	0.002000	1.216755	3.997731	-0.999955	0.000000
1.195840	1.000104	6117.442019	4078.719219	-0.000000	-0.000001	-51.553170	0.002000	1.216755	3.997731	-0.999955	0.000000
1.215840	1.000104	6117.442019	4078.719219	0.000000	-0.000002	-51.553170	0.002000	1.216755	3.997731	-0.999955	0.000000
1.235840	1.000104	6117.442019	4078.719219	0.000000	0.000000	-51.553170	0.002000	1.216755	3.997731	-0.999955	0.000000
1.255840	1.000104	6117.442019	4078.719219	0.000000	0.000002	-51.553170	0.002000	1.216755	3.997731	-0.999955	0.000000
1.275840	1.000104	6117.442019	4078.719219	-0.000000	0.000000	-51.553170	0.002000	1.216755	3.997731	-0.999955	0.000000
1.295840	1.000104	6117.442019	4078.719219	0.000000	-0.000001	-51.553170	0.002000	1.216755	3.997731	-0.999955	0.000000
1.315840	1.000104	6117.442019	4078.719219	0.000000	0.000002	-51.553170	0.002000	1.216755	3.997731	-0.999955	0.000000
1.335840	1.000104	6117.442019	4078.719219	-0.000000	0.000000	-51.553170	0.002000	1.216755	3.997731	-0.999955	0.000000
1.355840	1.000104	6117.442019	4078.719219	-0.000000	-0.000002	-51.553170	0.002000	1.216755	3.997731	-0.999955	0.000000
1.375840	1.000104	6117.442019	4078.719219	0.000000	-0.000000	-51.553170	0.002000	1.216755	3.997731	-0.999955	0.000000
1.395840	1.000104	6117.442019	4078.719219	0.000000	0.000000	-51.553170	0.002000	1.216755	3.997731	-0.999955	0.000000
1.415840	1.000104	6117.442019	4078.719219	-0.000000	0.000000	-51.553170	0.002000	1.216755	3.997731	-0.999955	0.000000
1.435840	1.000104	6117.442019	4078.719219	0.000000	-0.000001	-51.553170	0.002000	1.216755	3.997731	-0.999955	0.000000
1.455840	1.000104	6117.442019	4078.719219	0.000000	0.000001	-51.553170	0.002000	1.216755	3.997731	-0.999955	0.000000
1.475840	1.000104	6117.442019	4078.719219	-0.000000	0.000001	-51.553170	0.002000	1.216755	3.997731	-0.999955	0.000000
1.495840	1.000104	6117.442019	4078.719219	-0.000000	-0.000001	-51.553170	0.002000	1.216755	3.997731	-0.999955	0.000000
1.515840	1.000104	6117.442019	4078.719219	0.000000	-0.000000	-51.553170	0.002000	1.216755	3.997731	-0.999955	0.000000
1.535840	1.000104	6117.442019	4078.719219	-0.000000	0.000002	-51.553170	0.002000	1.216755	3.997731	-0.999955	0.000000
1.555840	1.000104	6117.442019	4078.719219	-0.000000	-0.000001	-51.553170	0.002000	1.216755	3.997731	-0.999955	0.000000
1.575840	1.000104	6117.442019	4078.719219	0.000000	-0.000001	-51.553170	0.002000	1.216755	3.997731	-0.999955	0.000000
1.595840	1.000104	6117.442019	4078.719219	0.000000	0.000000	-51.553170	0.002000	1.216755	3.997731	-0.999955	0.000000
1.615840	1.000104	6117.442019	4078.719219	0.000000	0.000000	-51.553170	0.002000	1.216755	3.997731	-0.999955	0.000000
1.635840	1.000104	6117.442019	4078.719219	-0.000000	0.000001	-51.553170	0.002000	1.216755	3.997731	-0.999955	0.000000
1.655840	1.000104	6117.442019	4078.719219	-0.000000	-0.000000	-51.553170	0.002000	1.216755	3.997731	-0.999955	0.000000
1.675840	1.000104	6117.442019	4078.719219	0.000000	0.000001	-51.553170	0.002000	1.216755	3.997731	-0.999955	0.000000
1.695840	1.000104	6117.442019	4078.719219	-0.000000	0.000001	-51.553170	0.002000	1.216755	3.997731	-0.999955	0.000000
1.715840	1.000104	6117.442019	4078.719219	-0.000000	-0.000000	-51.553170	0.002000	1.216755	3.997731	-0.999955	0.000000
1.735840	1.000104	6117.442019	4078.719219	0.000000	0.000000	-51.553170	0.002000	1.216755	3.997731	-0.999955	0.000000
1.755840	1.000104	6117.442019	4078.719219	-0.000000	-0.000000	-51.553170	0.002000	1.216755	3.997731	-0.999955	0.000000
1.775840	1.000104	6117.442019	4078.719219	-0.000000	-0.000001	-51.553170	0.002000	1.216755	3.997731	-0.999955	0.000000
1.795840	1.000104	6117.442019	4078.719219	0.000000	-0.000001	-51.553170	0.002000	1.216755	3.997731	-0.999955	0.000000
1.815840	1.000104	6117.442019	4078.719219	0.000000	0.000001	-51.553170	0.002000	1.216755	3.997731	-0.999955	0.000000
1.835840	1.000104	6117.442019	4078.719219	-0.000000	0.000000	-51.553170	0.002000	1.216755	3.997731	-0.999955	0.000000
1.855840	1.000104	6117.442019	4078.719219	0.000000	-0.000003	-51.553170	0.002000	1.216755	3.997731	-0.999955	0.000000
1.875840	1.000104	6117.442019	4078.719219	0.000000	-0.000000	-51.553170	0.002000	1.216755	3.997731	-0.999955	0.000000
1.895840	1.000104	6117.442019	4078.719219	-0.000000	0.000002	-51.553170	0.002000	1.216755	3.997731	-0.999955	0.000000
1.915840	1.000104	6117.442019	4078.719219	-0.000000	-0.000000	-51.553170	0.002000	1.216755	3.997731	-0.999955	0.000000
1.935840	1.000104	6117.442019	4078.719219	0.000000	-0.000001	-51.553170	0.002000	1.216755	3.997731	-0.999955	0.000000
1.955840	1.000104	6117.442019	4078.719219	0.000000	0.000001	-51.553170	0.002000	1.216755	3.997731	-0.999955	0.000000
1.975840	1.000104	6117.442019	4078.719219	-0.000000	0.000000	-51.553170	0.002000	1.216755	3.997731	-0.999955	0.000000
1.995840	1.000104	6117.442019	4078.719219	-0.000000	-0.000001	-51.553170	0.002000	1.216755	3.997731	-0.999955	0.000000
2.015840	1.000104	6117.442019	4078.719219	0.000000	-0.000001	-51.553170	0.002000	1.216755	3.997731	-0.999955	0.000000
2.035840	1.000104	6117.442019	4078.719219	0.000000	0.000001	-51.553170	0.002000	1.216755	3.997731	-0.999955	0.000000
2.055840	1.000104	6117.442019	4078.719219	-0.000000	0.000001	-51.553170	0.002000	1.216755	3.997731	-0.999955	0.000000
2.075840	1.000104	6117.442019	4078.719219	-0.000000	-0.000001	-51.553170	0.002000	1.216755	3.997731	-0.999955	0.000000
2.095840	1.000104	6117.442019	4078.719219	0.000000	0.000000	-51.553170	0.002000	1.216755	3.997731	-0.999955	0.000000
2.115840	1.000104	6117.442019	4078.719219	0.000000	-0.000000	-51.553170	0.002000	1.216755	3.997731	-0.999955	0.000000
2.135840	1.000104	6117.442019	4078.719219	0.000000	0.000001	-51.553170	0.002000	1.216755	3.997731	-0.999955	0.000000
2.155840	1.000104	6117.442019	4078.719219	-0.000000	0.000000	-51.553170	0.002000	1.216755	3.997731	-0.999955	0.000000
2.175840	1.000104	6117.442019	4078.719219	-0.000000	-0.000000	-51.553170	0.002000	1.216755	3.997731	-0.999955	0.000000
2.195840	1.000104	6117.442019	4078.719219	-0.000000	0.000000	-51.553170	0.002000	1.216755	3.997731	-0.999955	0.000000
2.215840	1.000104	6117.442019	4078.719219	-0.000000	-0.000001	-51.553170	0.002000	1.216755	3.997731	-0.999955	0.000000
2.235840	1.000104	6117.442019	4078.719219	0.000000	0.000001	-51.553170	0.002000	1.216755	3.997731	-0.999955	0.000000
2.255840	1.000104	6117.442019	4078.719219	-0.000000	0.000000	-51.553170	0.002000	1.216755	3.997731	-0.999955	0.000000
2.275840	1.000104	6117.442019	4078.719219	-0.000000	-0.000001	-51.553170	0.002000	1.216755	3.997731	-0.999955	0.000000
2.295840	1.000104	6117.442019	4078.719219	0.000000	-0.000001	-51.553170	0.002000	1.216755	3.997731	-0.999955	0.000000
2.315840	1.000104	6117.442019	4078.719219	0.000000	0.000000	-51.553170	0.002000	1.216755	3.997731	-0.999955	0.000000
2.335840	1.000104	6117.442019	4078.719219	-0.000000	0.000001	-51.553170	0.002000	1.216755	3.997731	-0.999955	0.000000
2.355840	1.000104	6117.442019	4078.719219	0.000000	-0.000001	-51.553170	0.002000	1.216755	3.997731	-0.999955	0.000000
2.375840	1.000104	6117.442019	4078.719219	0.000000	0.000001	-51.553170	0.002000	1.216755	3.997731	-0.999955	0.000000
2.395840	1.000104	6117.442019	4078.719219	-0.000000	0.000001	-51.553170	0.002000	1.216755	3.997731	-0.999955	0.000000
2.415840	1.000104	6117.442019	4078.719219	-0.000000	-0.000001	-51.553170	0.002000	1.216755	3.997731	-0.999955	0.000000
2.435840	1.000104	6117.442019	4078.719219	0.000000	-0.000000	-51.553170	0.002000	1.216755	3.997731	-0.999955	0.000000
2.455840	1.000104	6117.442019	4078.719219	-0.000000	0.000000	-51.553170	0.002000	1.216755	3.997731	-0.999955	0.000000
2.475840	1.000104	6117.442019	4078.719219	0.000000	-0.000001	-51.553170	0.002000	1.216755	3.997731	-0.999955	0.000000
2.495840	1.000104	6117.442019	4078.719219	0.000000	0.000000	-51.553170	0.002000	1.216755	3.997731	-0.999955	0.000000
2.515840	1.000104	6117.442019	4078.719219	-0.000000	0.000001	-51.553170	0.002000	1.216755	3.997731	-0.999955	0.000000
2.535840	1.000104	6117.442019	4078.719219	-0.000000	-0.000000	-51.553170	0.002000	1.216755	3.997731	-0.999955	0.000000
2.555840	1.000104	6117.442019	4078.719219	0.000000	-0.000000	-51.553170	0.002000	1.216755	3.997731	-0.999955	0.000000
2.575840	1.000104	6117.442019	4078.719219	0.000000	0.000000	-51.553170	0.002000	1.216755	3.997731	-0.999955	0.000000
2.595840	1.000104	6117.442019	4078.719219	0.000000	0.000000	-51.553170	0.002000	1.216755	3.997731	-0.999955	0.000000
2.615840	1.000104	6117.442019	4078.719219	0.000000	0.000000	-51.553170	0.002000	1.216755	3.997731	-0.999955	0.000000
2.635840	1.000104	6117.442019	4078.719219	0.000000	0.000000	-51.553170	0.002000	1.216755	3.997731	-0.999955	0.000000
2.655840	1.000104	6117.442019	4078.719219	0.000000	0.000000	-51.553170	0.002000	1.216755	3.997731	-0.999955	0.000000
2.675840	1.000104	6117.442019	4078.719219	0.000000	0.000000	-51.553170	0.002000	1.216755	3.997731	-0.999955	0.000000
2.695840	1.000104	6117.442019	4078.719219	0.000000	0.000000	-51.553170	0.002000	1.216755	3.997731	-0.999955	0.000000
2.715840	1.000104	6117.442019	4078.719219	0.000000	0.000000	-51.553170	0.002000	1.216755	3.997731	-0.999955	0.000000
2.735840	1.000104	6117.442019	4078.719219	0.000000	0.000000	-51.553170	0.002000	1.216755	3.997731	-0.999955	0.000000
2.755840	1.000104	6117.442019	4078.719219	0.000000	0.000000	-51.553170	0.002000	1.216755	3.997731	-0.999955	0.000000
2.775840	1.000104	6117.442019	4078.719219	0.000000	0.000000	-51.553170	0.002000	1.216755	3.997731	-0.999955	0.000000
2.795840	1.000104	6117.442019	4078.719219	0.000000	0.000000	-51.553170	0.002000	1.216755	3.997731	-0.999955	0.000000
2.815840	1.000104	6117.442019	4078.719219	0.000000	0.000000	-51.553170	0.002000	1.216755	3.997731	-0.999955	0.000000
2.835840	1.000104	6117.442019	4078.719219	0.000000	0.000000	-51.553170	0.002000	1.216755	3.997731	-0.999955	0.000000
2.855840	1.000104	6117.442019	4078.719219	0.000000	0.000000	-51.553170	0.002000	1.216755	3.997731	-0.999955	0.000000
2.875840	1.000104	6117.442019	4078.719219	0.000000	0.000000	-51.553170	0.002000	1.216755	3.997731	-0.999955	0.000000
2.895840	1.000104	6117.442019	4078.719219	0.000000	0.000000	-51.553170	0.002000	1.216755	3.997731	-0.999955	0.000000
2.915840	1.000104	6117.442019	4078.719219	0.000000	0.000000	-51.553170	0.002000	1.216755	3.997731	-0.999955	0.000000
2.935840	1.000104	6117.442019	4078.719219	0.000000	0.000000	-51.553170	0.002000	1.216755	3.997731	-0.999955	0.000000
2.955840	1.000104	6117.442019	4078.719219	0.000000	0.000000	-51.553170	0.002000	1.216755	3.997731	-0.999955	0.000000
2.975840	1.000104	6117.442019	4078.719219	0.000000	0.000000	-51.553170	0.002000	1.216755	3.997731	-0.999955	0.000000
2.995840	1.000104	6117.442019	4078.719219	0.000000	0.000000	-51.553170	0.002000	1.216755	3.997731	-0.999955	0.000000
3.015840	1.000104	6117.442019	4078.719219	0.000000	0.000000	-51.553170	0.002000	1.216755	3.997731	-0.999955	0.000000
3.035840	1.000104	6117.442019	4078.719219	0.000000	0.000000	-51.553170	0.002000	1.216755	3.997731	-0.999955	0.000000
3.055840	1.000104	6117.442019	4078.719219	0.000000	0.000000	-51.553170	0.002000	1.216755	3.997731	-0.999955	0.000000
3.075840	1.000104	6117.442019	4078.719219	0.000000	0.000000	-51.553170	0.002000	1.216755	3.997731	-0.999955	0.000000
3.095840	1.000104	6117.442019	4078.719219	0.000000	0.000000	-51.553170	0.002000	1.216755	3.997731	-0.999955	0.000000
3.115840	1.000104	6117.442019	4078.719219	0.000000	0.000000	-51.553170	0.002000	1.216755	3.997731	-0.999955	0.000000
3.135840	1.000104	6117.442019	4078.719219	0.000000	0.000000	-51.553170	0.002000	1.216755	3.997731	-0.999955	0.000000
3.155840	1.000104	6117.442019	4078.719219	0.000000	0.000000	-51.553170	0.002000	1.216755	3.997731	-0.999955	0.000000
3.175840	1.000104	6117.442019	4078.719219	0.000000	0.000000	-51.553170	0.002000	1.216755	3.997731	-0.999955	0.000000
3.195840	1.000104	6117.442019	4078.719219	0.000000	0.000000	-51.553170	0.002000	1.216755	3.997731	-0.999955	0.000000
3.215840	1.000104	6117.442019	4078.719219	0.000000	0.000000	-51.553170	0.002000	1.216755	3.997731	-0.999955	0.000000
3.235840	1.000104	6117.442019	4078.719219	0.000000	0.000000	-51.553170	0.002000	1.216755	3.997731	-0.999955	0.000000
3.255840	1.000104	6117.442019	4078.719219	0.000000	0.000000	-51.553170	0.002000	1.216755	3.997731	-0.999955	0.000000
3.275840	1.000104	6117.442019	4078.719219	0.000000	0.000000	-51.553170	0.002000	1.216755	3.997731	-0.999955	0.000000
3.295840	1.000104	6117.442019	4078.719219	0.000000	0.000000	-51.553170	0.002000	1.216755	3.997731	-0.999955	0.000000
3.315840	1.000104	6117.442019	4078.719219	0.000000	0.000000	-51.553170	0.002000	1.216755	3.997731	-0.999955	0.000000
3.335840	1.000104	6117.442019	4078.719219	0.000000	0.000000	-51.553170	0.002000	1.216755	3.997731	-0.999955	0.000000
3.355840	1.000104	6117.442019	4078.719219	0.000000	0.000000	-51.553170	0.002000	1.216755	3.997731	-0.999955	0.000000
3.375840	1.000104	6117.442019	4078.719219	0.000000	0.000000	-51.553170	0.002000	1.216755	3.997731	-0.999955	0.000000
3.395840	1.000104	6117.442019	4078.719219	0.000000	0.000000	-51.553170	0.002000	1.216755	3.997731	-0.999955	0.000000
3.415840	1.000104	6117.442019	4078.719219	0.000000	0.000000	-51.553170	0.002000	1.216755	3.997731	-0.999955	0.000000
3.435840	1.000104	6117.442019	4078.719219	0.000000	0.000000	-51.553170	0.002000	1.216755	3.997731	-0.999955	0.000000
3.455840	1.000104	6117.442019	4078.719219	0.000000	0.000000	-51.553170	0.002000	1.216755	3.997731	-0.999955	0.000000
3.475840	1.000104	6117.442019	4078.719219	0.000000	0.000000	-51.553170	0.002000	1.216755	3.997731	-0.999955	0.000000
3.495840	1.000104	6117.442019	4078.719219	0.000000	0.000000	-51.553170	0.002000	1.216755	3.997731	-0.999955	0.000000
3.515840	1.000104	6117.442019	4078.719219	0.000000	0.000000	-51.553170	0.002000	1.216755	3.997731	-0.999955	0.000000
3.535840	1.000104	6117.442019	4078.719219	0.000000	-0.000000	-51.553170	0.002000	1.216755	3.997731	-0.999955	0.000000
3.555840	1.000104	6117.442019	4078.719219	0.000000	0.000000	-51.553170	0.002000	1.216755	3.997731	-0.999955	0.000000
3.575840	1.000104	6117.442019	4078.719219	0.000000	0.000000	-51.553170	0.002000	1.216755	3.997731	-0.999955	0.000000
3.595840	1.000104	6117.442019	4078.719219	-0.000000	0.000000	-51.553170	0.002000	1.216755	3.997731	-0.999955	0.000000
3.615840	1.000104	6117.442019	4078.719219	-0.000000	0.000000	-51.553170	0.002000	1.216755	3.997731	-0.999955	0.000000
3.635840	1.000104	6117.442019	4078.719219	-0.000000	0.000000	-51.553170	0.002000	1.216755	3.997731	-0.999955	0.000000
3.655840	1.000104	6117.442019	4078.719219	-0.000000	-0.000000	-51.553170	0.002000	1.216755	3.997731	-0.999955	0.000000
3.675840	1.000104	6117.442019	4078.719219	0.000000	-0.000001	-51.553170	0.002000	1.216755	3.997731	-0.999955	0.000000
3.695840	1.000104	6117.442019	4078.719219	0.000000	0.000000	-51.553170	0.002000	1.216755	3.997731	-0.999955	0.000000
3.715840	1.000104	6117.442019	4078.719219	-0.000000	0.000001	-51.553170	0.002000	1.216755	3.997731	-0.999955	0.000000
3.735840	1.000104	6117.442019	4078.719219	-0.000000	0.000001	-51.553170	0.002000	1.216755	3.997731	-0.999955	0.000000
3.755840	1.000104	6117.442019	4078.719219	-0.000000	-0.000001	-51.553170	0.002000	1.216755	3.997731	-0.999955	0.000000
3.775840	1.000104	6117.442019	4078.719219	0.000000	-0.000001	-51.553170	0.002000	1.216755	3.997731	-0.999955	0.000000
3.795840	1.000104	6117.442019	4078.719219	0.000000	0.000000	-51.553170	0.002000	1.216755	3.997731	-0.999955	0.000000
3.815840	1.000104	6117.442019	4078.719219	0.000000	0.000001	-51.553170	0.002000	1.216755	3.997731	-0.999955	0.000000
3.835840	1.000104	6117.442019	4078.719219	-0.000000	0.000000	-51.553170	0.002000	1.216755	3.997731	-0.999955	0.000000
3.855840	1.000104	6117.442019	4078.719219	-0.000000	-0.000000	-51.553170	0.002000	1.216755	3.997731	-0.999955	0.000000
3.875840	1.000104	6117.442019	4078.719219	-0.000000	0.000000	-51.553170	0.002000	1.216755	3.997731	-0.999955	0.000000
3.895840	1.000104	6117.442019	4078.719219	0.000000	-0.000000	-51.553170	0.002000	1.216755	3.997731	-0.999955	0.000000
3.915840	1.000104	6117.442019	4078.719219	0.000000	0.000000	-51.553170	0.002000	1.216755	3.997731	-0.999955	0.000000
3.935840	1.000104	6117.442019	4078.719219	0.000000	-0.000001	-51.553170	0.002000	1.216755	3.997731	-0.999955	0.000000
3.955840	1.000104	6117.442019	4078.719219	-0.000000	0.000001	-51.553170	0.002000	1.216755	3.997731	-0.999955	0.000000
3.975840	1.000104	6117.442019	4078.719219	-0.000000	-0.000000	-51.553170	0.002000	1.216755	3.997731	-0.999955	0.000000
3.995840	1.000104	6117.442019	4078.719219	-0.000000	-0.000002	-51.553170	0.002000	1.216755	3.997731	-0.999955	0.000000
4.015840	1.000104	6117.442019	4078.719219	0.000000	-0.000001	-51.553170	0.002000	1.216755	3.997731	-0.999955	0.000000
4.035840	1.000104	6117.442019	4078.719219	0.000000	-0.000000	-51.553170	0.002000	1.216755	3.997731	-0.999955	0.000000
4.055840	1.000104	6117.442019	4078.719219	-0.000000	0.000001	-51.553170	0.002000	1.216755	3.997731	-0.999955	0.000000
4.075840	1.000104	6117.442019	4078.719219	-0.000000	0.000000	-51.553170	0.002000	1.216755	3.997731	-0.999955	0.000000
4.095840	1.000104	6117.442019	4078.719219	-0.000000	0.000001	-51.553170	0.002000	1.216755	3.997731	-0.999955	0.000000
4.115840	1.000104	6117.442019	4078.719219	-0.000000	-0.000000	-51.553170	0.002000	1.216755	3.997731	-0.999955	0.000000
4.135840	1.000104	6117.442019	4078.719219	0.000000	-0.000001	-51.553170	0.002000	1.216755	3.997731	-0.999955	0.000000
4.155840	1.000104	6117.442019	4078.719219	0.000000	-0.000000	-51.553170	0.002000	1.216755	3.997731	-0.999955	0.000000
4.175840	1.000104	6117.442019	4078.719219	-0.000000	0.000002	-51.553170	0.002000	1.216755	3.997731	-0.999955	0.000000
4.195840	1.000104	6117.442019	4078.719219	-0.000000	0.000002	-51.553170	0.002000	1.216755	3.997731	-0.999955	0.000000
4.215840	1.000104	6117.442019	4078.719219	0.000000	0.000001	-51.553170	0.002000	1.216755	3.997731	-0.999955	0.000000
4.235840	1.000104	6117.442019	4078.719219	-0.000000	0.000000	-51.553170	0.002000	1.216755	3.997731	-0.999955	0.000000
4.255840	1.000104	6117.442019	4078.719219	-0.000000	-0.000002	-51.553170	0.002000	1.216755	3.997731	-0.999955	0.000000
4.275840	1.000104	6117.442019	4078.719219	0.000000	0.000000	-51.553170	0.002000	1.216755	3.997731	-0.999955	0.000000
4.295840	1.000104	6117.442019	4078.719219	0.000000	0.000001	-51.553170	0.002000	1.216755	3.997731	-0.999955	0.000000
4.315840	1.000104	6117.442019	4078.719219	-0.000000	0.000001	-51.553170	0.002000	1.216755	3.997731	-0.999955	0.000000
4.335840	1.000104	6117.442019	4078.719219	-0.000000	-0.000002	-51.553170	0.002000	1.216755	3.997731	-0.999955	0.000000
4.355840	1.000104	6117.442019	4078.719219	0.000000	-0.000001	-51.553170	0.002000	1.216755	3.997731	-0.999955	0.000000
4.375840	1.000104	6117.442019	4078.719219	-0.000000	0.000001	-51.553170	0.002000	1.216755	3.997731	-0.999955	0.000000
4.395840	1.000104	6117.442019	4078.719219	-0.000000	-0.000001	-51.553170	0.002000	1.216755	3.997731	-0.999955	0.000000
4.415840	1.000104	6117.442019	4078.719219	0.000000	0.000001	-51.553170	0.002000	1.216755	3.997731	-0.999955	0.000000
4.435840	1.000104	6117.442019	4078.719219	-0.000000	0.000001	-51.553170	0.002000	1.216755	3.997731	-0.999955	0.000000
4.455840	1.000104	6117.442019	4078.719219	0.000000	-0.000000	-51.553170	0.002000	1.216755	3.997731	-0.999955	0.000000
4.475840	1.000104	6117.442019	4078.719219	0.000000	-0.000000	-51.553170	0.002000	1.216755	3.997731	-0.999955	0.000000
4.495840	1.000104	6117.442019	4078.719219	0.000000	0.000001	-51.553170	0.002000	1.216755	3.997731	-0.999955	0.000000
4.515840	1.000104	6117.442019	4078.719219	-0.000000	0.000000	-51.553170	0.002000	1.216755	3.997731	-0.999955	0.000000
4.535840	1.000104	6117.442019	4078.719219	0.000000	-0.000000	-51.553170	0.002000	1.216755	3.997731	-0.999955	0.000000
4.555840	1.000104	6117.442019	4078.719219	0.000000	0.000004	-51.553170	0.002000	1.216755	3.997731	-0.999955	0.000000
4.575840	1.000104	6117.442019	4078.719219	-0.000000	0.000002	-51.553170	0.002000	1.216755	3.997731	-0.999955	0.000000
4.595840	1.000104	6117.442019	4078.719219	-0.000000	-0.000002	-51.553170	0.002000	1.216755	3.997731	-0.999955	0.000000
4.615840	1.000104	6117.442019	4078.719219	0.000000	-0.000002	-51.553170	0.002000	1.216755	3.997731	-0.999955	0.000000
4.635840	1.000104	6117.442019	4078.719219	0.000000	0.000001	-51.553170	0.002000	1.216755	3.997731	-0.999955	0.000000
4.655840	1.000104	6117.442019	4078.719219	-0.000000	-0.000001	-51.553170	0.002000	1.216755	3.997731	-0.999955	0.000000
4.675840	1.000104	6117.442019	4078.719219	-0.000000	-0.000003	-51.553170	0.002000	1.216755	3.997731	-0.999955	0.000000
4.695840	1.000104	6117.442019	4078.719219	-0.000000	-0.000001	-51.553170	0.002000	1.216755	3.997731	-0.999955	0.000000
4.715840	1.000104	6117.442019	4078.719219	-0.000000	-0.000001	-51.553170	0.002000	1.216755	3.997731	-0.999955	0.000000
4.735840	1.000104	6117.442019	4078.719219	0.000000	-0.000001	-51.553170	0.002000	1.216755	3.997731	-0.999955	0.000000
4.755840	1.000104	6117.442019	4078.719219	0.000000	0.000001	-51.553170	0.002000	1.216755	3.997731	-0.999955	0.000000
4.775840	1.000104	6117.442019	4078.719219	-0.000000	0.000001	-51.553170	0.002000	1.216755	3.997731	-0.999955	0.000000
4.795840	1.000104	6117.442019	4078.719219	0.000000	-0.000001	-51.553170	0.002000	1.216755	3.997731	-0.999955	0.000000
4.815840	1.000104	6117.442019	4078.719219	0.000000	0.000000	-51.553170	0.002000	1.216755	3.997731	-0.999955	0.000000
4.835840	1.000104	6117.442019	4078.719219	-0.000000	0.000002	-51.553170	0.002000	1.216755	3.997731	-0.999955	0.000000
4.855840	1.000104	6117.442019	4078.719219	-0.000000	-0.000000	-51.553170	0.002000	1.216755	3.997731	-0.999955	0.000000
4.875840	1.000104	6117.442019	4078.719219	0.000000	0.000000	-51.553170	0.002000	1.216755	3.997731	-0.999955	0.000000
4.895840	1.000104	6117.442019	4078.719219	-0.000000	0.000004	-51.553170	0.002000	1.216755	3.997731	-0.999955	0.000000
4.915840	1.000104	6117.442019	4078.719219	-0.000000	0.000001	-51.553170	0.002000	1.216755	3.997731	-0.999955	0.000000
4.935840	1.000104	6117.442019	4078.719219	-0.000000	-0.000003	-51.553170	0.002000	1.216755	3.997731	-0.999955	0.000000
4.955840	1.000104	6117.442019	4078.719219	0.000000	-0.000002	-51.553170	0.002000	1.216755	3.997731	-0.999955	0.000000
4.975840	1.000104	6117.442019	4078.719219	-0.000000	0.000000	-51.553170	0.002000	1.216755	3.997731	-0.999955	0.000000
4.995840	1.000104	6117.442019	4078.719219	-0.000000	-0.000000	-51.553170	0.002000	1.216755	3.997731	-0.999955	0.000000
5.015840	1.000104	6117.442019	4078.719219	0.000000	-0.000001	-51.553170	0.002000	1.216755	3.997731	-0.999955	0.000000
5.035840	1.000104	6117.442019	4078.719219	0.000000	0.000000	-51.553170	0.002000	1.216755	3.997731	-0.999955	0.000000
5.055840	1.000104	6117.442019	4078.719219	-0.000000	0.000000	-51.553170	0.002000	1.216755	3.997731	-0.999955	0.000000
5.075840	1.000104	6117.442019	4078.719219	-0.000000	0.000000	-51.553170	0.002000	1.216755	3.997731	-0.999955	0.000000
5.095840	1.000104	6117.442019	4078.719219	-0.000000	0.000000	-51.553170	0.002000	1.216755	3.997731	-0.999955	0.000000
5.115840	1.000104	6117.442019	4078.719219	0.000000	0.000000	-51.553170	0.002000	1.216755	3.997731	-0.999955	0.000000
5.135840	1.000104	6117.442019	4078.719219	0.000000	0.000000	-51.553170	0.002000	1.216755	3.997731	-0.999955	0.000000
5.155840	1.000104	6117.442019	4078.719219	0.000000	0.000000	-51.553170	0.002000	1.216755	3.997731	-0.999955	0.000000
5.175840	1.000104	6117.442019	4078.719219	0.000000	0.000000	-51.553170	0.002000	1.216755	3.997731	-0.999955	0.000000
5.195840	1.000104	6117.442019	4078.719219	0.000000	0.000000	-51.553170	0.002000	1.216755	3.997731	-0.999955	0.000000
5.215840	1.000104	6117.442019	4078.719219	0.000000	0.000000	-51.553170	0.002000	1.216755	3.997731	-0.999955	0.000000
5.235840	1.000104	6117.442019	4078.719219	0.000000	0.000000	-51.553170	0.002000	1.216755	3.997731	-0.999955	0.000000
5.255840	1.000104	6117.442019	4078.719219	0.000000	0.000000	-51.553170	0.002000	1.216755	3.997731	-0.999955	0.000000
5.275840	1.000104	6117.442019	4078.719219	0.000000	0.000000	-51.553170	0.002000	1.216755	3.997731	-0.999955	0.000000
5.295840	1.000104	6117.442019	4078.719219	0.000000	0.000000	-51.553170	0.002000	1.216755	3.997731	-0.999955	0.000000
5.315840	1.000104	6117.442019	4078.719219	0.000000	0.000000	-51.553170	0.002000	1.216755	3.997731	-0.999955	0.000000
5.335840	1.000104	6117.442019	4078.719219	0.000000	0.000000	-51.553170	0.002000	1.216755	3.997731	-0.999955	0.000000
5.355840	1.000104	6117.442019	4078.719219	0.000000	0.000000	-51.553170	0.002000	1.216755	3.997731	-0.999955	0.000000
5.375840	1.000104	6117.442019	4078.719219	0.000000	0.000000	-51.553170	0.002000	1.216755	3.997731	-0.999955	0.000000
5.395840	1.000104	6117.442019	4078.719219	0.000000	0.000000	-51.553170	0.002000	1.216755	3.997731	-0.999955	0.000000
5.415840	1.000104	6117.442019	4078.719219	0.000000	0.000000	-51.553170	0.002000	1.216755	3.997731	-0.999955	0.000000
5.435840	1.000104	6117.442019	4078.719219	0.000000	0.000000	-51.553170	0.002000	1.216755	3.997731	-0.999955	0.000000
5.455840	1.000104	6117.442019	4078.719219	0.000000	0.000000	-51.553170	0.002000	1.216755	3.997731	-0.999955	0.000000
5.475840	1.000104	6117.442019	4078.719219	0.000000	0.000000	-51.553170	0.002000	1.216755	3.997731	-0.999955	0.000000
5.495840	1.000104	6117.442019	4078.719219	0.000000	0.000000	-51.553170	0.002000	1.216755	3.997731	-0.999955	0.000000
5.515840	1.000104	6117.442019	4078.719219	0.000000	0.000000	-51.553170	0.002000	1.216755	3.997731	-0.999955	0.000000
5.535840	1.000104	6117.442019	4078.719219	0.000000	0.000000	-51.553170	0.002000	1.216755	3.997731	-0.999955	0.000000
5.555840	1.000104	6117.442019	4078.719219	0.000000	0.000000	-51.553170	0.002000	1.216755	3.997731	-0.999955	0.000000
5.575840	1.000104	6117.442019	4078.719219	-0.000000	0.000000	-51.553170	0.002000	1.216755	3.997731	-0.999955	0.000000
5.595840	1.000104	6117.442019	4078.719219	-0.000000	0.000000	-51.553170	0.002000	1.216755	3.997731	-0.999955	0.000000
5.615840	1.000104	6117.442019	4078.719219	-0.000000	0.000000	-51.553170	0.002000	1.216755	3.997731	-0.999955	0.000000
5.635840	1.000104	6117.442019	4078.719219	-0.000000	0.000002	-51.553170	0.002000	1.216755	3.997731	-0.999955	0.000000
5.655840	1.000104	6117.442019	4078.719219	-0.000000	0.000006	-51.553170	0.002000	1.216755	3.997731	-0.999955	0.000000
5.675840	1.000104	6117.442019	4078.719219	-0.000000	0.000016	-51.553170	0.002000	1.216755	3.997731	-0.999955	0.000000
5.695840	1.000104	6117.442019	4078.719219	-0.000000	0.000043	-51.553170	0.002000	1.216755	3.997731	-0.999955	0.000000
5.715840	1.000104	6117.442019	4078.719220	-0.000002	0.000113	-51.553170	0.002000	1.216755	3.997731	-0.999955	0.000000
5.735840	1.000104	6117.442019	4078.719220	-0.000004	0.000274	-51.553170	0.002000	1.216755	3.997731	-0.999955	0.000000
5.755840	1.000104	6117.442019	4078.719220	-0.000009	0.000653	-51.553170	0.002000	1.216755	3.997731	-0.999955	0.000000
5.775840	1.000104	6117.442019	4078.719220	-0.000022	0.001504	-51.553170	0.002000	1.216755	3.997731	-0.999955	0.000000
5.795840	1.000104	6117.442019	4078.719220	-0.000050	0.003205	-51.553170	0.002000	1.216755	3.997731	-0.999955	0.000000
5.815840	1.000104	6117.442019	4078.719220	-0.000103	0.006107	-51.553170	0.002000	1.216755	3.997731	-0.999955	0.000000
5.835840	1.000104	6117.442020	4078.719220	-0.000185	0.009276	-51.553170	0.002000	1.216755	3.997731	-0.999955	0.000000
5.855840	1.000104	6117.442020	4078.719220	-0.000241	0.005740	-51.553170	0.002000	1.216755	3.997731	-0.999955	0.000000
5.875840	1.000104	6117.442020	4078.719221	0.000032	-0.033632	-51.553170	0.002000	1.216755	3.997731	-0.999955	0.000000
5.895840	1.000104	6117.442019	4078.719220	0.001792	-0.208893	-51.553170	0.002000	1.216755	3.997731	-0.999955	0.000000
5.915840	1.000104	6117.442015	4078.719216	0.008844	-0.828585	-51.553170	0.002000	1.216755	3.997731	-0.999955	0.000000
5.935840	1.000104	6117.441996	4078.719198	0.032574	-2.777865	-51.553170	0.002000	1.216755	3.997731	-0.999955	0.000000
5.955840	1.000104	6117.441932	4078.719132	0.104903	-8.442105	-51.553170	0.002000	1.216755	3.997731	-0.999955	0.000000
5.975840	1.000104	6117.441735	4078.718923	0.310364	-23.958438	-51.553170	0.002000	1.216755	3.997731	-0.999955	0.000000
5.995840	1.000104	6117.441172	4078.718309	0.862405	-64.399186	-51.553169	0.002000	1.216755	3.997730	-0.999955	0.000000
6.015840	1.000104	6117.439653	4078.716616	2.276312	-165.225994	-51.553166	0.002000	1.216755	3.997730	-0.999955	0.000000
6.035840	1.000103	6117.435738	4078.712174	5.743430	-406.425082	-51.553159	0.002000	1.216755	3.997730	-0.999955	0.000000
6.055840	1.000102	6117.426075	4078.701025	13.902683	-960.925675	-51.553142	0.002000	1.216755	3.997729	-0.999956	0.000000
6.075841	1.000099	6117.403159	4078.674165	32.350670	-2186.703324	-51.553100	0.002000	1.216755	3.997728	-0.999957	0.000000
6.095841	1.000092	6117.350869	4078.611935	72.433774	-4791.944535	-51.553001	0.002000	1.216755	3.997724	-0.999960	0.000000
6.115841	1.000076	6117.235998	4078.473159	156.088217	-10111.845249	-51.552780	0.002000	1.216755	3.997716	-0.999967	0.000000
6.135842	1.000042	6116.993057	4078.175219	323.617021	-20536.355055	-51.552303	0.002000	1.216755	3.997699	-0.999982	0.000000
6.155843	0.999970	6116.498639	4077.559600	645.061629	-40106.067565	-51.551311	0.002000	1.216755	3.997665	-1.000012	0.000000
6.175847	0.999824	6115.531159	4076.336217	1234.838382	-75228.432693	-51.549329	0.002000	1.216755	3.997597	-1.000075	0.000000
6.195854	0.999542	6113.712806	4074.000391	2267.143778	-135341.913110	-51.545529	0.002001	1.216755	3.997469	-1.000196	0.000000
6.215869	0.999016	6110.434407	4069.720760	3986.221903	-233180.566525	-51.538537	0.002002	1.216755	3.997238	-1.000422	0.000000
6.235896	0.998079	6104.771713	4062.206954	6701.884816	-384133.903484	-51.526214	0.002004	1.216755	3.996839	-1.000826	0.000000
6.255947	0.996479	6095.412731	4049.583137	10759.293682	-604202.957388	-51.505433	0.002007	1.216755	3.996178	-1.001516	0.000000
6.276038	0.993865	6080.626341	4029.313455	16476.521693	-906401.370470	-51.471933	0.002012	1.216755	3.995131	-1.002648	0.000000
6.296194	0.989785	6058.304920	3998.238205	24056.403329	-1296203.588791	-51.420331	0.002021	1.216755	3.993543	-1.004423	0.000000
6.316449	0.983697	6026.100819	3952.769394	33497.360667	-1767511.150903	-51.344356	0.002033	1.216755	3.991240	-1.007087	0.000000
6.336853	0.975011	5981.645432	3889.253647	44539.373038	-2301015.505448	-51.237313	0.002051	1.216755	3.988038	-1.010920	0.000000
6.357469	0.963147	5922.804714	3804.448582	56677.941407	-2866224.705153	-51.092667	0.002077	1.216755	3.983759	-1.016216	0.000000
6.378379	0.947591	5847.901278	3695.992658	69247.760705	-3426733.092291	-50.904616	0.002111	1.216755	3.978247	-1.023264	0.000000
6.399678	0.927961	5755.822365	3562.756278	81546.995543	-3947237.767316	-50.668430	0.002155	1.216755	3.971369	-1.032331	0.000000
6.421484	0.904033	5645.987094	3404.949468	92963.069922	-4399504.763255	-50.380556	0.002212	1.216755	3.963015	-1.043653	0.000000
6.443932	0.875760	5518.043106	3223.973277	103035.767295	-4766351.659050	-50.038435	0.002284	1.216755	3.953073	-1.057429	0.000000
6.467176	0.843257	5371.395811	3022.040689	111495.966256	-5043275.604842	-49.640050	0.002372	1.216755	3.941386	-1.073834	0.000000
6.491397	0.806742	5204.367194	2801.456117	118231.505374	-5234951.140261	-49.183790	0.002479	1.216755	3.927676	-1.093041	0.000000
6.516807	0.766465	5013.505236	2564.131129	123230.167062	-5352595.062866	-48.667288	0.002609	1.216755	3.911459	-1.115267	0.000000
6.543656	0.722343	4794.259701	2310.967663	126634.545092	-5397016.112013	-48.087341	0.002769	1.216755	3.892048	-1.141002	0.000000
6.572287	0.673820	4543.802414	2043.205509	128522.473426	-5351244.382349	-47.436939	0.002968	1.216755	3.868753	-1.171189	0.000000
6.603174	0.619355	4270.086472	1764.994761	129220.967163	-5180611.563080	-46.701122	0.003229	1.216755	3.841776	-1.207780	0.000000
6.637129	0.557058	3995.419025	1485.402413	128881.737250	-4852940.261478	-45.854524	0.003590	1.216755	3.812901	-1.253806	0.000000
6.675475	0.485824	3761.266340	1219.565412	127659.035044	-4410034.207455	-44.840528	0.004117	1.216755	3.786667	-1.313210	0.000000
6.720493	0.405301	3610.189716	976.573522	126340.882965	-3884045.229754	-43.583597	0.004935	1.216755	3.768849	-1.391892	0.000000
6.776546	0.320401	3588.508466	767.377972	123485.414864	-3392541.027804	-41.896079	0.006242	1.216755	3.766214	-1.493952	0.000000
6.850471	0.223445	3731.679114	556.519325	124954.383516	-2862798.201690	-39.488766	0.008951	1.216755	3.783178	-1.650446	0.000000
6.980888	0.128211	4750.133521	406.455077	122035.117665	-2071403.376747	-34.637153	0.015599	1.216755	3.887931	-1.891666	0.000000
-0.002988	3.349527	103089.772483	230202.135889	11.788746	0.000000	0.001004	0.000597	0.000000	5.224381	-0.475019	0.000000
-0.008957	3.357774	102810.173149	230142.511094	34.394347	0.000000	0.002913	0.000596	0.000000	5.223201	-0.473952	0.000000
-0.014905	3.373742	102273.190582	230029.107267	53.942380	0.000000	0.004540	0.000593	0.000000	5.220926	-0.471891	0.000000
-0.020817	3.396451	101520.388954	229872.807918	68.183693	0.000000	0.005731	0.000589	0.000000	5.217716	-0.468977	0.000000
-0.026685	3.424511	100607.831648	229688.454719	74.894935	0.000000	0.006382	0.000584	0.000000	5.213793	-0.465402	0.000000
-0.032501	3.456225	99600.007758	229493.273954	72.429520	0.000000	0.006451	0.000579	0.000000	5.209419	-0.461398	0.000000
-0.038261	3.489724	98562.997796	229304.946272	60.345258	0.000000	0.005963	0.000573	0.000000	5.204873	-0.457208	0.000000
-0.043965	3.523126	97558.178187	229139.593689	39.884217	0.000000	0.005004	0.000568	0.000000	5.200422	-0.453070	0.000000
-0.049615	3.554698	96636.997528	229009.948624	14.025151	0.000000	0.003709	0.000563	0.000000	5.196301	-0.449195	0.000000
-0.055218	3.583009	95837.442602	228923.983800	-12.965757	0.000000	0.002245	0.000558	0.000000	5.192692	-0.445749	0.000000
-0.060779	3.607042	95182.322420	228884.221085	-36.408913	0.000000	0.000786	0.000554	0.000000	5.189714	-0.442846	0.000000
-0.066307	3.626260	94679.371455	228887.830714	-52.263249	0.000000	-0.000512	0.000552	0.000000	5.187413	-0.440539	0.000000
-0.071810	3.640594	94322.902110	228927.490960	-58.058037	0.000000	-0.001532	0.000549	0.000000	5.185776	-0.438826	0.000000
-0.077295	3.650388	94096.644925	228992.839483	-53.434802	0.000000	-0.002204	0.000548	0.000000	5.184734	-0.437660	0.000000
-0.082768	3.656290	93977.298764	229072.239857	-40.151725	0.000000	-0.002514	0.000547	0.000000	5.184183	-0.436959	0.000000
-0.088235	3.659122	93938.289578	229154.538677	-21.561066	0.000000	-0.002498	0.000547	0.000000	5.184004	-0.436624	0.000000
-0.093700	3.659752	93953.241003	229230.510856	-1.724995	0.000000	-0.002226	0.000546	0.000000	5.184073	-0.436549	0.000000
