0.002988	3.349642	103085.731955	230201.048168	11.794866	-2983977.297755	-0.001002	0.000597	1.216755	5.224364	-0.475004	0.000000
0.008957	3.357879	102806.534891	230141.541549	34.395947	-2686839.739245	-0.002907	0.000596	1.216755	5.223185	-0.473938	0.000000
0.014904	3.373826	102270.311801	230028.365422	53.899403	-2125905.166871	-0.004531	0.000593	1.216755	5.220913	-0.471880	0.000000
0.020817	3.396507	101518.541042	229872.384417	68.056232	-1364633.644879	-0.005719	0.000589	1.216755	5.217708	-0.468969	0.000000
0.026684	3.424533	100607.168024	229688.408861	74.669307	-490208.515347	-0.006369	0.000584	1.216755	5.213790	-0.465399	0.000000
0.032500	3.456212	99600.544645	229493.621246	72.133576	396055.684189	-0.006439	0.000579	1.216755	5.209422	-0.461399	0.000000
0.038260	3.489678	98564.612616	229305.650072	60.045431	1191737.772070	-0.005953	0.000573	1.216755	5.204880	-0.457213	0.000000
0.043964	3.523052	97560.627088	229140.565090	39.664950	1807406.433778	-0.004997	0.000568	1.216755	5.200433	-0.453079	0.000000
0.049615	3.554607	96639.950636	229011.056971	13.959150	2179670.695302	-0.003706	0.000563	1.216755	5.196314	-0.449206	0.000000
0.055218	3.582910	95840.531795	228925.077181	-12.844492	2280369.117105	-0.002248	0.000558	1.216755	5.192706	-0.445761	0.000000
0.060779	3.606948	95185.193926	228885.152928	-36.118896	2120099.068225	-0.000793	0.000554	1.216755	5.189727	-0.442857	0.000000
0.066308	3.626180	94681.734364	228888.486399	-51.871225	1745194.482398	0.000503	0.000552	1.216755	5.187424	-0.440548	0.000000
0.071810	3.640534	94324.564613	228927.808009	-57.658581	1228685.569476	0.001522	0.000549	1.216755	5.185784	-0.438833	0.000000
0.077295	3.650353	94097.532338	228992.816404	-53.121374	656890.108495	0.002195	0.000548	1.216755	5.184738	-0.437664	0.000000
0.082768	3.656279	93977.450943	229071.931763	-39.989316	114250.228352	0.002507	0.000547	1.216755	5.184184	-0.436961	0.000000
0.088235	3.659131	93937.839461	229154.041307	-21.569339	-330569.559428	0.002494	0.000547	1.216755	5.184002	-0.436622	0.000000
0.093700	3.659776	93952.379798	229229.937568	-1.876586	-634520.069979	0.002226	0.000546	1.216755	5.184069	-0.436546	0.000000
0.099166	3.659023	93997.684873	229293.235897	15.335383	-784101.968023	0.001794	0.000547	1.216755	5.184279	-0.436636	0.000000
0.104633	3.657546	94055.110650	229340.683969	27.376855	-793031.005753	0.001291	0.000547	1.216755	5.184544	-0.436811	0.000000
0.110103	3.655851	94111.531354	229371.909034	33.061642	-694843.263465	0.000799	0.000547	1.216755	5.184805	-0.437013	0.000000
0.115576	3.654270	94159.179750	229388.754064	32.715826	-532792.686386	0.000376	0.000547	1.216755	5.185024	-0.437200	0.000000
0.121050	3.652979	94194.796320	229394.409128	27.820023	-349759.967301	0.000055	0.000547	1.216755	5.185188	-0.437354	0.000000
0.126527	3.652035	94218.399597	229392.543344	20.442835	-180436.760963	-0.000156	0.000548	1.216755	5.185297	-0.437466	0.000000
0.132005	3.651414	94231.981973	229386.596306	12.652697	-47043.341320	-0.000269	0.000548	1.216755	5.185359	-0.437539	0.000000
0.137483	3.651051	94238.366890	229379.316832	6.063183	41307.428623	-0.000305	0.000548	1.216755	5.185388	-0.437582	0.000000
0.142961	3.650866	94240.365102	229372.563977	1.596215	86398.054273	-0.000290	0.000548	1.216755	5.185398	-0.437604	0.000000
0.148440	3.650786	94240.269639	229367.328250	-0.531070	97117.977067	-0.000250	0.000548	1.216755	5.185397	-0.437614	0.000000
0.153919	3.650755	94239.653094	229363.898938	-0.650963	85390.673212	-0.000203	0.000548	1.216755	5.185394	-0.437617	0.000000
0.159398	3.650736	94239.386843	229362.096904	0.593702	62797.810278	-0.000162	0.000548	1.216755	5.185393	-0.437620	0.000000
0.164877	3.650711	94239.788986	229361.505127	2.488855	38419.565370	-0.000133	0.000548	1.216755	5.185395	-0.437623	0.000000
0.170356	3.650674	94240.818402	229361.652749	4.429799	17961.833429	-0.000117	0.000548	1.216755	5.185400	-0.437627	0.000000
0.175835	3.650626	94242.255979	229362.133736	6.017164	3917.617290	-0.000112	0.000548	1.216755	5.185406	-0.437633	0.000000
0.181314	3.650573	94243.840875	229362.661910	7.072216	-3645.433581	-0.000114	0.000548	1.216755	5.185414	-0.437639	0.000000
0.186793	3.650521	94245.352744	229363.076978	7.595100	-6081.770346	-0.000121	0.000548	1.216755	5.185421	-0.437645	0.000000
0.192273	3.650475	94246.646402	229363.320945	7.696288	-5259.815227	-0.000129	0.000548	1.216755	5.185427	-0.437651	0.000000
0.197752	3.650437	94247.653061	229363.402860	7.527786	-2919.405297	-0.000137	0.000548	1.216755	5.185431	-0.437655	0.000000
0.203231	3.650409	94248.363417	229363.364884	7.231187	-335.050766	-0.000143	0.000548	1.216755	5.185435	-0.437659	0.000000
0.208711	3.650390	94248.805043	229363.256752	6.909051	1764.734249	-0.000148	0.000548	1.216755	5.185437	-0.437661	0.000000
0.214190	3.650379	94249.022049	229363.120639	6.617246	3113.439538	-0.000152	0.000548	1.216755	5.185438	-0.437662	0.000000
0.219670	3.650376	94249.060699	229362.985092	6.371730	3750.894452	-0.000156	0.000548	1.216755	5.185438	-0.437663	0.000000
0.225149	3.650378	94248.961464	229362.865144	6.162540	3866.291723	-0.000158	0.000548	1.216755	5.185437	-0.437662	0.000000
0.230629	3.650384	94248.756215	229362.765607	5.967330	3679.156726	-0.000161	0.000548	1.216755	5.185436	-0.437662	0.000000
0.236108	3.650394	94248.468621	229362.685177	5.761552	3370.092300	-0.000163	0.000548	1.216755	5.185435	-0.437660	0.000000
0.241587	3.650407	94248.116032	229362.619945	5.526576	3055.347716	-0.000166	0.000548	1.216755	5.185433	-0.437659	0.000000
0.247067	3.650421	94247.711593	229362.565734	5.249851	2790.208193	-0.000168	0.000548	1.216755	5.185432	-0.437657	0.000000
0.252546	3.650438	94247.265940	229362.519279	4.921830	2585.773443	-0.000171	0.000548	1.216755	5.185429	-0.437655	0.000000
0.258026	3.650456	94246.788286	229362.478537	4.543459	2429.508619	-0.000173	0.000548	1.216755	5.185427	-0.437653	0.000000
0.263505	3.650475	94246.286941	229362.442505	4.116030	2301.157519	-0.000175	0.000548	1.216755	5.185425	-0.437651	0.000000
0.268984	3.650494	94245.769466	229362.410879	3.627085	2180.124582	-0.000177	0.000548	1.216755	5.185423	-0.437649	0.000000
0.274463	3.650514	94245.242641	229362.383677	3.093103	2053.223311	-0.000179	0.000548	1.216755	5.185420	-0.437646	0.000000
0.279943	3.650534	94244.712367	229362.360940	2.524302	1915.879812	-0.000181	0.000548	1.216755	5.185418	-0.437644	0.000000
0.285422	3.650554	94244.183617	229362.342728	1.860588	1759.501847	-0.000183	0.000548	1.216755	5.185415	-0.437641	0.000000
0.290901	3.650574	94243.660459	229362.328973	1.173519	1585.450453	-0.000184	0.000548	1.216755	5.185413	-0.437639	0.000000
0.296380	3.650594	94243.146064	229362.319266	0.518543	1408.710211	-0.000186	0.000548	1.216755	5.185410	-0.437637	0.000000
0.301859	3.650614	94242.642847	229362.313542	-0.387871	1203.869569	-0.000187	0.000548	1.216755	5.185408	-0.437634	0.000000
0.307338	3.650633	94242.152679	229362.311696	-1.233569	975.748578	-0.000188	0.000548	1.216755	5.185406	-0.437632	0.000000
0.312817	3.650651	94241.676752	229362.312508	-1.726592	791.937516	-0.000189	0.000548	1.216755	5.185404	-0.437630	0.000000
0.318297	3.650669	94241.215883	229362.316646	-3.204103	532.188362	-0.000189	0.000548	1.216755	5.185402	-0.437628	0.000000
0.323776	3.650686	94240.771032	229362.324928	-4.309459	204.420799	-0.000189	0.000548	1.216755	5.185400	-0.437626	0.000000
0.329255	3.650703	94240.342191	229362.332826	-3.509659	132.726574	-0.000189	0.000548	1.216755	5.185398	-0.437624	0.000000
0.334733	3.650719	94239.929208	229362.344158	-7.056461	-226.011482	-0.000190	0.000548	1.216755	5.185396	-0.437622	0.000000
0.340212	3.650735	94239.533910	229362.364046	-9.050571	-885.990502	-0.000188	0.000548	1.216755	5.185394	-0.437620	0.000000
0.345691	3.650750	94239.154618	229362.371757	-1.517234	-292.083669	-0.000188	0.000548	1.216755	5.185392	-0.437618	0.000000
0.351170	3.650764	94238.789255	229362.383582	-13.577523	-889.330754	-0.000189	0.000548	1.216755	5.185390	-0.437616	0.000000
0.356649	3.650778	94238.445632	229362.425245	-19.770678	-2983.874134	-0.000182	0.000548	1.216755	5.185389	-0.437615	0.000000
0.362128	3.650790	94238.116025	229362.398749	20.801097	860.516763	-0.000185	0.000548	1.216755	5.185387	-0.437613	0.000000
0.367607	3.650802	94237.789426	229362.370284	-27.209226	-316.353416	-0.000194	0.000548	1.216755	5.185386	-0.437612	0.000000
0.373086	3.650815	94237.502013	229362.466002	-54.927014	-9038.721043	-0.000171	0.000548	1.216755	5.185384	-0.437610	0.000000
0.378564	3.650823	94237.220214	229362.222113	145.121767	10160.912017	-0.000191	0.000548	1.216755	5.185383	-0.437609	0.000000
0.384043	3.650830	94236.887634	229361.898126	-54.301766	8396.583659	-0.000246	0.000548	1.216755	5.185382	-0.437609	0.000000
0.389522	3.650842	94236.671471	229362.104013	-192.026420	-31087.269070	-0.000158	0.000548	1.216755	5.185381	-0.437607	0.000000
0.395001	3.650832	94236.425984	229360.639402	775.865362	60488.163325	-0.000267	0.000548	1.216755	5.185379	-0.437609	0.000000
0.400479	3.650816	94235.863036	229358.459796	-47.663456	66341.769545	-0.000576	0.000548	1.216755	5.185377	-0.437610	0.000000
0.405958	3.650821	94235.748825	229358.457319	-729.531267	-114089.982248	-0.000241	0.000548	1.216755	5.185377	-0.437610	0.000000
0.411437	3.650720	94235.447859	229350.135302	3948.531746	320928.117683	-0.000817	0.000548	1.216755	5.185374	-0.437624	0.000000
0.416916	3.650571	94233.489470	229336.588064	656.894587	416989.198582	-0.002506	0.000548	1.216755	5.185365	-0.437640	0.000000
0.422395	3.650496	94233.351575	229331.180657	-2597.690960	-394654.251651	-0.001327	0.000548	1.216755	5.185366	-0.437651	0.000000
0.427874	3.649880	94232.244431	229283.427310	20136.230508	1690228.052211	-0.004439	0.000548	1.216755	5.185358	-0.437733	0.000000
0.433356	3.648906	94222.657482	229200.278026	7805.614518	2512043.953668	-0.013705	0.000548	1.216755	5.185312	-0.437845	0.000000
0.438838	3.648114	94220.187180	229141.452510	-6937.196727	-1025261.626310	-0.010548	0.000548	1.216755	5.185306	-0.437951	0.000000
0.444321	3.644488	94212.452146	228861.772162	104559.137698	9129638.575550	-0.027998	0.000549	1.216755	5.185255	-0.438430	0.000000
0.449814	3.638381	94160.737145	228350.991478	64696.686368	15220389.316038	-0.079604	0.000550	1.216755	5.185007	-0.439152	0.000000
0.455316	3.632073	94133.423354	227866.477794	1994.779945	734431.135072	-0.079613	0.000551	1.216755	5.184903	-0.439971	0.000000
0.460824	3.610846	94074.620153	226217.736932	553809.673641	51927862.282629	-0.180227	0.000554	1.216755	5.184552	-0.442774	0.000000
0.466391	3.573495	93774.428941	223104.451434	486271.675430	99230282.848950	-0.474564	0.000560	1.216755	5.183090	-0.447330	0.000000
0.472020	3.531328	93509.280806	219723.685672	199938.409745	52252101.102542	-0.568897	0.000566	1.216755	5.181933	-0.452805	0.000000
0.477701	3.420373	93009.920668	210817.084115	2898061.682566	342721910.806516	-1.122488	0.000585	1.216755	5.179148	-0.467991	0.000000
0.483704	3.226983	90895.133840	193885.817361	3652258.612960	810890512.595150	-2.853816	0.000620	1.216755	5.168389	-0.493591	0.000000
0.490139	3.061119	88095.799071	178340.680945	301079.698956	719580284.027471	-3.728503	0.000653	1.216755	5.154914	-0.516412	0.000000
0.496754	2.781682	84336.859259	152706.895575	9812591.274227	1957792810.036636	-5.124172	0.000719	1.216755	5.133754	-0.562644	0.000000
0.504591	2.183786	70925.581995	97224.938206	32426521.537339	6299514063.141006	-14.238673	0.000916	1.216755	5.048715	-0.673686	0.000000
0.516158	1.561943	43152.994812	40816.334880	34867198.192634	8117492838.488516	-30.838257	0.001280	1.216755	4.817619	-0.819533	0.000000
0.532127	1.197789	19254.082631	13907.315358	18945030.994563	4520971631.920298	-43.633263	0.001670	1.216755	4.459742	-0.929247	0.000000
0.550771	1.054881	8876.629174	5894.746597	6472361.936072	1302533251.705110	-49.417039	0.001896	1.216755	4.137299	-0.979582	0.000000
0.570442	1.012605	6488.951881	4327.824917	1491690.836842	198338231.061540	-51.122771	0.001975	1.216755	4.018822	-0.995300	0.000000
0.590380	1.002502	6163.478524	4112.424921	269848.944884	23699668.695103	-51.481157	0.001995	1.216755	4.000421	-0.999072	0.000000
0.610370	1.000500	6123.757773	4083.577798	41613.324273	3124698.126101	-51.542881	0.001999	1.216755	3.998104	-0.999811	0.000000
0.630369	1.000161	6118.353326	4079.415936	5416.508253	450136.905516	-51.551911	0.002000	1.216755	3.997784	-0.999935	0.000000
0.650369	1.000111	6117.570225	4078.813454	609.302072	64858.683462	-51.553036	0.002000	1.216755	3.997738	-0.999952	0.000000
0.670369	1.000105	6117.458944	4078.731015	59.246626	8848.589424	-51.553158	0.002000	1.216755	3.997732	-0.999955	0.000000
0.690369	1.000104	6117.444089	4078.720582	4.907281	1119.027449	-51.553169	0.002000	1.216755	3.997731	-0.999955	0.000000
0.710369	1.000104	6117.442254	4078.719365	0.349687	130.610003	-51.553170	0.002000	1.216755	3.997731	-0.999955	0.000000
0.730369	1.000104	6117.442044	4078.719234	0.025593	14.137096	-51.553170	0.002000	1.216755	3.997731	-0.999955	0.000000
0.750369	1.000104	6117.442022	4078.719221	0.003177	1.443742	-51.553170	0.002000	1.216755	3.997731	-0.999955	0.000000
0.770369	1.000104	6117.442020	4078.719220	0.000632	0.144803	-51.553170	0.002000	1.216755	3.997731	-0.999955	0.000000
0.790369	1.000104	6117.442019	4078.719220	0.000124	0.015290	-51.553170	0.002000	1.216755	3.997731	-0.999955	0.000000
0.810369	1.000104	6117.442019	4078.719220	0.000021	0.001820	-51.553170	0.002000	1.216755	3.997731	-0.999955	0.000000
0.830369	1.000104	6117.442019	4078.719219	0.000003	0.000243	-51.553170	0.002000	1.216755	3.997731	-0.999955	0.000000
0.850369	1.000104	6117.442019	4078.719219	0.000000	0.000035	-51.553170	0.002000	1.216755	3.997731	-0.999955	0.000000
0.870369	1.000104	6117.442019	4078.719219	0.000000	0.000005	-51.553170	0.002000	1.216755	3.997731	-0.999955	0.000000
0.890369	1.000104	6117.442019	4078.719219	-0.000000	0.000000	-51.553170	0.002000	1.216755	3.997731	-0.999955	0.000000
0.910369	1.000104	6117.442019	4078.719219	0.000000	-0.000000	-51.553170	0.002000	1.216755	3.997731	-0.999955	0.000000
0.930369	1.000104	6117.442019	4078.719219	0.000000	-0.000000	-51.553170	0.002000	1.216755	3.997731	-0.999955	0.000000
0.950369	1.000104	6117.442019	4078.719219	0.000000	0.000000	-51.553170	0.002000	1.216755	3.997731	-0.999955	0.000000
0.970369	1.000104	6117.442019	4078.719219	-0.000000	0.000001	-51.553170	0.002000	1.216755	3.997731	-0.999955	0.000000
0.990369	1.000104	6117.442019	4078.719219	-0.000000	0.000000	-51.553170	0.002000	1.216755	3.997731	-0.999955	0.000000
1.010369	1.000104	6117.442019	4078.719219	-0.000000	0.000000	-51.553170	0.002000	1.216755	3.997731	-0.999955	0.000000
1.030369	1.000104	6117.442019	4078.719219	-0.000000	-0.000000	-51.553170	0.002000	1.216755	3.997731	-0.999955	0.000000
1.050369	1.000104	6117.442019	4078.719219	-0.000000	-0.000001	-51.553170	0.002000	1.216755	3.997731	-0.999955	0.000000
1.070369	1.000104	6117.442019	4078.719219	0.000000	-0.000001	-51.553170	0.002000	1.216755	3.997731	-0.999955	0.000000
1.090369	1.000104	6117.442019	4078.719219	0.000000	0.000000	-51.553170	0.002000	1.216755	3.997731	-0.999955	0.000000
1.110369	1.000104	6117.442019	4078.719219	-0.000000	0.000001	-51.553170	0.002000	1.216755	3.997731	-0.999955	0.000000
1.130369	1.000104	6117.442019	4078.719219	-0.000000	-0.000000	-51.553170	0.002000	1.216755	3.997731	-0.999955	0.000000
1.150369	1.000104	6117.442019	4078.719219	0.000000	-0.000000	-51.553170	0.002000	1.216755	3.997731	-0.999955	0.000000
1.170369	1.000104	6117.442019	4078.719219	-0.000000	0.000001	-51.553170	0.002000	1.216755	3.997731	-0.999955	0.000000
1.190369	1.000104	6117.442019	4078.719219	-0.000000	-0.000001	-51.553170	0.002000	1.216755	3.997731	-0.999955	0.000000
1.210369	1.000104	6117.442019	4078.719219	0.000000	-0.000001	-51.553170	0.002000	1.216755	3.997731	-0.999955	0.000000
1.230369	1.000104	6117.442019	4078.719219	0.000000	0.000000	-51.553170	0.002000	1.216755	3.997731	-0.999955	0.000000
1.250369	1.000104	6117.442019	4078.719219	0.000000	0.000001	-51.553170	0.002000	1.216755	3.997731	-0.999955	0.000000
1.270369	1.000104	6117.442019	4078.719219	-0.000000	0.000001	-51.553170	0.002000	1.216755	3.997731	-0.999955	0.000000
1.290369	1.000104	6117.442019	4078.719219	0.000000	-0.000001	-51.553170	0.002000	1.216755	3.997731	-0.999955	0.000000
1.310369	1.000104	6117.442019	4078.719219	0.000000	0.000001	-51.553170	0.002000	1.216755	3.997731	-0.999955	0.000000
1.330369	1.000104	6117.442019	4078.719219	-0.000000	0.000000	-51.553170	0.002000	1.216755	3.997731	-0.999955	0.000000
1.350369	1.000104	6117.442019	4078.719219	-0.000000	-0.000002	-51.553170	0.002000	1.216755	3.997731	-0.999955	0.000000
1.370369	1.000104	6117.442019	4078.719219	0.000000	-0.000000	-51.553170	0.002000	1.216755	3.997731	-0.999955	0.000000
1.390369	1.000104	6117.442019	4078.719219	0.000000	0.000000	-51.553170	0.002000	1.216755	3.997731	-0.999955	0.000000
1.410369	1.000104	6117.442019	4078.719219	-0.000000	0.000000	-51.553170	0.002000	1.216755	3.997731	-0.999955	0.000000
1.430369	1.000104	6117.442019	4078.719219	0.000000	-0.000001	-51.553170	0.002000	1.216755	3.997731	-0.999955	0.000000
1.450369	1.000104	6117.442019	4078.719219	0.000000	0.000001	-51.553170	0.002000	1.216755	3.997731	-0.999955	0.000000
1.470369	1.000104	6117.442019	4078.719219	-0.000000	0.000001	-51.553170	0.002000	1.216755	3.997731	-0.999955	0.000000
1.490369	1.000104	6117.442019	4078.719219	-0.000000	-0.000001	-51.553170	0.002000	1.216755	3.997731	-0.999955	0.000000
1.510369	1.000104	6117.442019	4078.719219	0.000000	-0.000000	-51.553170	0.002000	1.216755	3.997731	-0.999955	0.000000
1.530369	1.000104	6117.442019	4078.719219	-0.000000	0.000002	-51.553170	0.002000	1.216755	3.997731	-0.999955	0.000000
1.550369	1.000104	6117.442019	4078.719219	-0.000000	-0.000001	-51.553170	0.002000	1.216755	3.997731	-0.999955	0.000000
1.570369	1.000104	6117.442019	4078.719219	0.000000	-0.000001	-51.553170	0.002000	1.216755	3.997731	-0.999955	0.000000
1.590369	1.000104	6117.442019	4078.719219	0.000000	0.000000	-51.553170	0.002000	1.216755	3.997731	-0.999955	0.000000
1.610369	1.000104	6117.442019	4078.719219	0.000000	0.000000	-51.553170	0.002000	1.216755	3.997731	-0.999955	0.000000
1.630369	1.000104	6117.442019	4078.719219	-0.000000	0.000001	-51.553170	0.002000	1.216755	3.997731	-0.999955	0.000000
1.650369	1.000104	6117.442019	4078.719219	-0.000000	-0.000000	-51.553170	0.002000	1.216755	3.997731	-0.999955	0.000000
1.670369	1.000104	6117.442019	4078.719219	0.000000	0.000001	-51.553170	0.002000	1.216755	3.997731	-0.999955	0.000000
1.690369	1.000104	6117.442019	4078.719219	-0.000000	0.000001	-51.553170	0.002000	1.216755	3.997731	-0.999955	0.000000
1.710369	1.000104	6117.442019	4078.719219	-0.000000	-0.000000	-51.553170	0.002000	1.216755	3.997731	-0.999955	0.000000
1.730369	1.000104	6117.442019	4078.719219	0.000000	0.000000	-51.553170	0.002000	1.216755	3.997731	-0.999955	0.000000
1.750369	1.000104	6117.442019	4078.719219	-0.000000	-0.000000	-51.553170	0.002000	1.216755	3.997731	-0.999955	0.000000
1.770369	1.000104	6117.442019	4078.719219	-0.000000	-0.000001	-51.553170	0.002000	1.216755	3.997731	-0.999955	0.000000
1.790369	1.000104	6117.442019	4078.719219	0.000000	-0.000001	-51.553170	0.002000	1.216755	3.997731	-0.999955	0.000000
1.810369	1.000104	6117.442019	4078.719219	0.000000	0.000001	-51.553170	0.002000	1.216755	3.997731	-0.999955	0.000000
1.830369	1.000104	6117.442019	4078.719219	-0.000000	0.000000	-51.553170	0.002000	1.216755	3.997731	-0.999955	0.000000
1.850369	1.000104	6117.442019	4078.719219	0.000000	-0.000003	-51.553170	0.002000	1.216755	3.997731	-0.999955	0.000000
1.870369	1.000104	6117.442019	4078.719219	0.000000	-0.000000	-51.553170	0.002000	1.216755	3.997731	-0.999955	0.000000
1.890369	1.000104	6117.442019	4078.719219	-0.000000	0.000002	-51.553170	0.002000	1.216755	3.997731	-0.999955	0.000000
1.910369	1.000104	6117.442019	4078.719219	-0.000000	-0.000000	-51.553170	0.002000	1.216755	3.997731	-0.999955	0.000000
1.930369	1.000104	6117.442019	4078.719219	0.000000	-0.000001	-51.553170	0.002000	1.216755	3.997731	-0.999955	0.000000
1.950369	1.000104	6117.442019	4078.719219	0.000000	0.000001	-51.553170	0.002000	1.216755	3.997731	-0.999955	0.000000
1.970369	1.000104	6117.442019	4078.719219	-0.000000	0.000000	-51.553170	0.002000	1.216755	3.997731	-0.999955	0.000000
1.990369	1.000104	6117.442019	4078.719219	-0.000000	-0.000001	-51.553170	0.002000	1.216755	3.997731	-0.999955	0.000000
2.010369	1.000104	6117.442019	4078.719219	0.000000	-0.000001	-51.553170	0.002000	1.216755	3.997731	-0.999955	0.000000
2.030369	1.000104	6117.442019	4078.719219	0.000000	0.000001	-51.553170	0.002000	1.216755	3.997731	-0.999955	0.000000
2.050369	1.000104	6117.442019	4078.719219	-0.000000	0.000001	-51.553170	0.002000	1.216755	3.997731	-0.999955	0.000000
2.070369	1.000104	6117.442019	4078.719219	-0.000000	-0.000001	-51.553170	0.002000	1.216755	3.997731	-0.999955	0.000000
2.090369	1.000104	6117.442019	4078.719219	0.000000	0.000000	-51.553170	0.002000	1.216755	3.997731	-0.999955	0.000000
2.110369	1.000104	6117.442019	4078.719219	0.000000	-0.000000	-51.553170	0.002000	1.216755	3.997731	-0.999955	0.000000
2.130369	1.000104	6117.442019	4078.719219	0.000000	0.000001	-51.553170	0.002000	1.216755	3.997731	-0.999955	0.000000
2.150369	1.000104	6117.442019	4078.719219	-0.000000	0.000000	-51.553170	0.002000	1.216755	3.997731	-0.999955	0.000000
2.170369	1.000104	6117.442019	4078.719219	-0.000000	-0.000000	-51.553170	0.002000	1.216755	3.997731	-0.999955	0.000000
2.190369	1.000104	6117.442019	4078.719219	-0.000000	0.000000	-51.553170	0.002000	1.216755	3.997731	-0.999955	0.000000
2.210369	1.000104	6117.442019	4078.719219	-0.000000	-0.000001	-51.553170	0.002000	1.216755	3.997731	-0.999955	0.000000
2.230369	1.000104	6117.442019	4078.719219	0.000000	0.000001	-51.553170	0.002000	1.216755	3.997731	-0.999955	0.000000
2.250369	1.000104	6117.442019	4078.719219	-0.000000	0.000000	-51.553170	0.002000	1.216755	3.997731	-0.999955	0.000000
2.270369	1.000104	6117.442019	4078.719219	-0.000000	-0.000001	-51.553170	0.002000	1.216755	3.997731	-0.999955	0.000000
2.290369	1.000104	6117.442019	4078.719219	0.000000	-0.000001	-51.553170	0.002000	1.216755	3.997731	-0.999955	0.000000
2.310369	1.000104	6117.442019	4078.719219	0.000000	0.000000	-51.553170	0.002000	1.216755	3.997731	-0.999955	0.000000
2.330369	1.000104	6117.442019	4078.719219	-0.000000	0.000001	-51.553170	0.002000	1.216755	3.997731	-0.999955	0.000000
2.350369	1.000104	6117.442019	4078.719219	0.000000	-0.000001	-51.553170	0.002000	1.216755	3.997731	-0.999955	0.000000
2.370369	1.000104	6117.442019	4078.719219	0.000000	0.000001	-51.553170	0.002000	1.216755	3.997731	-0.999955	0.000000
2.390369	1.000104	6117.442019	4078.719219	-0.000000	0.000001	-51.553170	0.002000	1.216755	3.997731	-0.999955	0.000000
2.410369	1.000104	6117.442019	4078.719219	-0.000000	-0.000001	-51.553170	0.002000	1.216755	3.997731	-0.999955	0.000000
2.430369	1.000104	6117.442019	4078.719219	0.000000	-0.000000	-51.553170	0.002000	1.216755	3.997731	-0.999955	0.000000
2.450369	1.000104	6117.442019	4078.719219	-0.000000	0.000000	-51.553170	0.002000	1.216755	3.997731	-0.999955	0.000000
2.470369	1.000104	6117.442019	4078.719219	0.000000	-0.000001	-51.553170	0.002000	1.216755	3.997731	-0.999955	0.000000
2.490369	1.000104	6117.442019	4078.719219	0.000000	0.000000	-51.553170	0.002000	1.216755	3.997731	-0.999955	0.000000
2.510369	1.000104	6117.442019	4078.719219	-0.000000	0.000001	-51.553170	0.002000	1.216755	3.997731	-0.999955	0.000000
2.530369	1.000104	6117.442019	4078.719219	-0.000000	-0.000000	-51.553170	0.002000	1.216755	3.997731	-0.999955	0.000000
2.550369	1.000104	6117.442019	4078.719219	0.000000	-0.000000	-51.553170	0.002000	1.216755	3.997731	-0.999955	0.000000
2.570369	1.000104	6117.442019	4078.719219	0.000000	0.000000	-51.553170	0.002000	1.216755	3.997731	-0.999955	0.000000
2.590369	1.000104	6117.442019	4078.719219	0.000000	0.000000	-51.553170	0.002000	1.216755	3.997731	-0.999955	0.000000
2.610369	1.000104	6117.442019	4078.719219	0.000000	0.000000	-51.553170	0.002000	1.216755	3.997731	-0.999955	0.000000
2.630369	1.000104	6117.442019	4078.719219	0.000000	0.000000	-51.553170	0.002000	1.216755	3.997731	-0.999955	0.000000
2.650369	1.000104	6117.442019	4078.719219	0.000000	0.000000	-51.553170	0.002000	1.216755	3.997731	-0.999955	0.000000
2.670369	1.000104	6117.442019	4078.719219	0.000000	0.000000	-51.553170	0.002000	1.216755	3.997731	-0.999955	0.000000
2.690369	1.000104	6117.442019	4078.719219	0.000000	0.000000	-51.553170	0.002000	1.216755	3.997731	-0.999955	0.000000
2.710369	1.000104	6117.442019	4078.719219	0.000000	0.000000	-51.553170	0.002000	1.216755	3.997731	-0.999955	0.000000
2.730369	1.000104	6117.442019	4078.719219	0.000000	0.000000	-51.553170	0.002000	1.216755	3.997731	-0.999955	0.000000
2.750369	1.000104	6117.442019	4078.719219	0.000000	0.000000	-51.553170	0.002000	1.216755	3.997731	-0.999955	0.000000
2.770369	1.000104	6117.442019	4078.719219	0.000000	0.000000	-51.553170	0.002000	1.216755	3.997731	-0.999955	0.000000
2.790369	1.000104	6117.442019	4078.719219	0.000000	0.000000	-51.553170	0.002000	1.216755	3.997731	-0.999955	0.000000
2.810369	1.000104	6117.442019	4078.719219	0.000000	0.000000	-51.553170	0.002000	1.216755	3.997731	-0.999955	0.000000
2.830369	1.000104	6117.442019	4078.719219	0.000000	0.000000	-51.553170	0.002000	1.216755	3.997731	-0.999955	0.000000
2.850369	1.000104	6117.442019	4078.719219	0.000000	0.000000	-51.553170	0.002000	1.216755	3.997731	-0.999955	0.000000
2.870369	1.000104	6117.442019	4078.719219	0.000000	0.000000	-51.553170	0.002000	1.216755	3.997731	-0.999955	0.000000
2.890369	1.000104	6117.442019	4078.719219	0.000000	0.000000	-51.553170	0.002000	1.216755	3.997731	-0.999955	0.000000
2.910369	1.000104	6117.442019	4078.719219	0.000000	0.000000	-51.553170	0.002000	1.216755	3.997731	-0.999955	0.000000
2.930369	1.000104	6117.442019	4078.719219	0.000000	0.000000	-51.553170	0.002000	1.216755	3.997731	-0.999955	0.000000
2.950369	1.000104	6117.442019	4078.719219	0.000000	0.000000	-51.553170	0.002000	1.216755	3.997731	-0.999955	0.000000
2.970369	1.000104	6117.442019	4078.719219	0.000000	0.000000	-51.553170	0.002000	1.216755	3.997731	-0.999955	0.000000
2.990369	1.000104	6117.442019	4078.719219	0.000000	0.000000	-51.553170	0.002000	1.216755	3.997731	-0.999955	0.000000
3.010369	1.000104	6117.442019	4078.719219	0.000000	0.000000	-51.553170	0.002000	1.216755	3.997731	-0.999955	0.000000
3.030369	1.000104	6117.442019	4078.719219	0.000000	0.000000	-51.553170	0.002000	1.216755	3.997731	-0.999955	0.000000
3.050369	1.000104	6117.442019	4078.719219	0.000000	0.000000	-51.553170	0.002000	1.216755	3.997731	-0.999955	0.000000
3.070369	1.000104	6117.442019	4078.719219	0.000000	0.000000	-51.553170	0.002000	1.216755	3.997731	-0.999955	0.000000
3.090369	1.000104	6117.442019	4078.719219	0.000000	0.000000	-51.553170	0.002000	1.216755	3.997731	-0.999955	0.000000
3.110369	1.000104	6117.442019	4078.719219	0.000000	0.000000	-51.553170	0.002000	1.216755	3.997731	-0.999955	0.000000
3.130369	1.000104	6117.442019	4078.719219	0.000000	0.000000	-51.553170	0.002000	1.216755	3.997731	-0.999955	0.000000
3.150369	1.000104	6117.442019	4078.719219	0.000000	0.000000	-51.553170	0.002000	1.216755	3.997731	-0.999955	0.000000
3.170369	1.000104	6117.442019	4078.719219	0.000000	0.000000	-51.553170	0.002000	1.216755	3.997731	-0.999955	0.000000
3.190369	1.000104	6117.442019	4078.719219	0.000000	0.000000	-51.553170	0.002000	1.216755	3.997731	-0.999955	0.000000
3.210369	1.000104	6117.442019	4078.719219	0.000000	0.000000	-51.553170	0.002000	1.216755	3.997731	-0.999955	0.000000
3.230369	1.000104	6117.442019	4078.719219	0.000000	0.000000	-51.553170	0.002000	1.216755	3.997731	-0.999955	0.000000
3.250369	1.000104	6117.442019	4078.719219	0.000000	0.000000	-51.553170	0.002000	1.216755	3.997731	-0.999955	0.000000
3.270369	1.000104	6117.442019	4078.719219	0.000000	0.000000	-51.553170	0.002000	1.216755	3.997731	-0.999955	0.000000
3.290369	1.000104	6117.442019	4078.719219	0.000000	0.000000	-51.553170	0.002000	1.216755	3.997731	-0.999955	0.000000
3.310369	1.000104	6117.442019	4078.719219	0.000000	0.000000	-51.553170	0.002000	1.216755	3.997731	-0.999955	0.000000
3.330369	1.000104	6117.442019	4078.719219	0.000000	0.000000	-51.553170	0.002000	1.216755	3.997731	-0.999955	0.000000
3.350369	1.000104	6117.442019	4078.719219	0.000000	0.000000	-51.553170	0.002000	1.216755	3.997731	-0.999955	0.000000
3.370369	1.000104	6117.442019	4078.719219	0.000000	0.000000	-51.553170	0.002000	1.216755	3.997731	-0.999955	0.000000
3.390369	1.000104	6117.442019	4078.719219	0.000000	0.000000	-51.553170	0.002000	1.216755	3.997731	-0.999955	0.000000
3.410369	1.000104	6117.442019	4078.719219	0.000000	0.000000	-51.553170	0.002000	1.216755	3.997731	-0.999955	0.000000
3.430369	1.000104	6117.442019	4078.719219	0.000000	0.000000	-51.553170	0.002000	1.216755	3.997731	-0.999955	0.000000
3.450369	1.000104	6117.442019	4078.719219	0.000000	0.000000	-51.553170	0.002000	1.216755	3.997731	-0.999955	0.000000
3.470369	1.000104	6117.442019	4078.719219	0.000000	0.000000	-51.553170	0.002000	1.216755	3.997731	-0.999955	0.000000
3.490369	1.000104	6117.442019	4078.719219	0.000000	0.000000	-51.553170	0.002000	1.216755	3.997731	-0.999955	0.000000
3.510369	1.000104	6117.442019	4078.719219	0.000000	0.000000	-51.553170	0.002000	1.216755	3.997731	-0.999955	0.000000
3.530369	1.000104	6117.442019	4078.719219	0.000000	-0.000000	-51.553170	0.002000	1.216755	3.997731	-0.999955	0.000000
3.550369	1.000104	6117.442019	4078.719219	0.000000	0.000000	-51.553170	0.002000	1.216755	3.997731	-0.999955	0.000000
3.570369	1.000104	6117.442019	4078.719219	0.000000	0.000000	-51.553170	0.002000	1.216755	3.997731	-0.999955	0.000000
3.590369	1.000104	6117.442019	4078.719219	-0.000000	0.000000	-51.553170	0.002000	1.216755	3.997731	-0.999955	0.000000
3.610369	1.000104	6117.442019	4078.719219	-0.000000	0.000000	-51.553170	0.002000	1.216755	3.997731	-0.999955	0.000000
3.630369	1.000104	6117.442019	4078.719219	-0.000000	0.000000	-51.553170	0.002000	1.216755	3.997731	-0.999955	0.000000
3.650369	1.000104	6117.442019	4078.719219	-0.000000	-0.000000	-51.553170	0.002000	1.216755	3.997731	-0.999955	0.000000
3.670369	1.000104	6117.442019	4078.719219	0.000000	-0.000001	-51.553170	0.002000	1.216755	3.997731	-0.999955	0.000000
3.690369	1.000104	6117.442019	4078.719219	0.000000	0.000000	-51.553170	0.002000	1.216755	3.997731	-0.999955	0.000000
3.710369	1.000104	6117.442019	4078.719219	-0.000000	0.000001	-51.553170	0.002000	1.216755	3.997731	-0.999955	0.000000
3.730369	1.000104	6117.442019	4078.719219	-0.000000	0.000001	-51.553170	0.002000	1.216755	3.997731	-0.999955	0.000000
3.750369	1.000104	6117.442019	4078.719219	-0.000000	-0.000001	-51.553170	0.002000	1.216755	3.997731	-0.999955	0.000000
3.770369	1.000104	6117.442019	4078.719219	0.000000	-0.000001	-51.553170	0.002000	1.216755	3.997731	-0.999955	0.000000
3.790369	1.000104	6117.442019	4078.719219	0.000000	0.000000	-51.553170	0.002000	1.216755	3.997731	-0.999955	0.000000
3.810369	1.000104	6117.442019	4078.719219	0.000000	0.000001	-51.553170	0.002000	1.216755	3.997731	-0.999955	0.000000
3.830369	1.000104	6117.442019	4078.719219	-0.000000	0.000000	-51.553170	0.002000	1.216755	3.997731	-0.999955	0.000000
3.850369	1.000104	6117.442019	4078.719219	-0.000000	-0.000000	-51.553170	0.002000	1.216755	3.997731	-0.999955	0.000000
3.870369	1.000104	6117.442019	4078.719219	-0.000000	0.000000	-51.553170	0.002000	1.216755	3.997731	-0.999955	0.000000
3.890369	1.000104	6117.442019	4078.719219	0.000000	-0.000000	-51.553170	0.002000	1.216755	3.997731	-0.999955	0.000000
3.910369	1.000104	6117.442019	4078.719219	0.000000	0.000000	-51.553170	0.002000	1.216755	3.997731	-0.999955	0.000000
3.930369	1.000104	6117.442019	4078.719219	0.000000	-0.000001	-51.553170	0.002000	1.216755	3.997731	-0.999955	0.000000
3.950369	1.000104	6117.442019	4078.719219	-0.000000	0.000002	-51.553170	0.002000	1.216755	3.997731	-0.999955	0.000000
3.970369	1.000104	6117.442019	4078.719219	-0.000000	-0.000000	-51.553170	0.002000	1.216755	3.997731	-0.999955	0.000000
3.990369	1.000104	6117.442019	4078.719219	-0.000000	-0.000002	-51.553170	0.002000	1.216755	3.997731	-0.999955	0.000000
4.010369	1.000104	6117.442019	4078.719219	0.000000	-0.000001	-51.553170	0.002000	1.216755	3.997731	-0.999955	0.000000
4.030369	1.000104	6117.442019	4078.719219	0.000000	-0.000000	-51.553170	0.002000	1.216755	3.997731	-0.999955	0.000000
4.050369	1.000104	6117.442019	4078.719219	-0.000000	0.000001	-51.553170	0.002000	1.216755	3.997731	-0.999955	0.000000
4.070369	1.000104	6117.442019	4078.719219	-0.000000	0.000000	-51.553170	0.002000	1.216755	3.997731	-0.999955	0.000000
4.090369	1.000104	6117.442019	4078.719219	-0.000000	0.000001	-51.553170	0.002000	1.216755	3.997731	-0.999955	0.000000
4.110369	1.000104	6117.442019	4078.719219	-0.000000	-0.000000	-51.553170	0.002000	1.216755	3.997731	-0.999955	0.000000
4.130369	1.000104	6117.442019	4078.719219	0.000000	-0.000001	-51.553170	0.002000	1.216755	3.997731	-0.999955	0.000000
4.150369	1.000104	6117.442019	4078.719219	0.000000	-0.000000	-51.553170	0.002000	1.216755	3.997731	-0.999955	0.000000
4.170369	1.000104	6117.442019	4078.719219	-0.000000	0.000002	-51.553170	0.002000	1.216755	3.997731	-0.999955	0.000000
4.190369	1.000104	6117.442019	4078.719219	-0.000000	0.000001	-51.553170	0.002000	1.216755	3.997731	-0.999955	0.000000
4.210369	1.000104	6117.442019	4078.719219	0.000000	0.000001	-51.553170	0.002000	1.216755	3.997731	-0.999955	0.000000
4.230369	1.000104	6117.442019	4078.719219	-0.000000	0.000000	-51.553170	0.002000	1.216755	3.997731	-0.999955	0.000000
4.250369	1.000104	6117.442019	4078.719219	-0.000000	-0.000002	-51.553170	0.002000	1.216755	3.997731	-0.999955	0.000000
4.270369	1.000104	6117.442019	4078.719219	0.000000	0.000000	-51.553170	0.002000	1.216755	3.997731	-0.999955	0.000000
4.290369	1.000104	6117.442019	4078.719219	0.000000	0.000001	-51.553170	0.002000	1.216755	3.997731	-0.999955	0.000000
4.310369	1.000104	6117.442019	4078.719219	-0.000000	0.000001	-51.553170	0.002000	1.216755	3.997731	-0.999955	0.000000
4.330369	1.000104	6117.442019	4078.719219	-0.000000	-0.000002	-51.553170	0.002000	1.216755	3.997731	-0.999955	0.000000
4.350369	1.000104	6117.442019	4078.719219	0.000000	-0.000001	-51.553170	0.002000	1.216755	3.997731	-0.999955	0.000000
4.370369	1.000104	6117.442019	4078.719219	-0.000000	0.000001	-51.553170	0.002000	1.216755	3.997731	-0.999955	0.000000
4.390369	1.000104	6117.442019	4078.719219	-0.000000	-0.000001	-51.553170	0.002000	1.216755	3.997731	-0.999955	0.000000
4.410369	1.000104	6117.442019	4078.719219	0.000000	0.000001	-51.553170	0.002000	1.216755	3.997731	-0.999955	0.000000
4.430369	1.000104	6117.442019	4078.719219	-0.000000	0.000001	-51.553170	0.002000	1.216755	3.997731	-0.999955	0.000000
4.450369	1.000104	6117.442019	4078.719219	0.000000	-0.000000	-51.553170	0.002000	1.216755	3.997731	-0.999955	0.000000
4.470369	1.000104	6117.442019	4078.719219	0.000000	-0.000000	-51.553170	0.002000	1.216755	3.997731	-0.999955	0.000000
4.490369	1.000104	6117.442019	4078.719219	0.000000	0.000001	-51.553170	0.002000	1.216755	3.997731	-0.999955	0.000000
4.510369	1.000104	6117.442019	4078.719219	-0.000000	0.000000	-51.553170	0.002000	1.216755	3.997731	-0.999955	0.000000
4.530369	1.000104	6117.442019	4078.719219	0.000000	-0.000000	-51.553170	0.002000	1.216755	3.997731	-0.999955	0.000000
4.550369	1.000104	6117.442019	4078.719219	0.000000	0.000004	-51.553170	0.002000	1.216755	3.997731	-0.999955	0.000000
4.570369	1.000104	6117.442019	4078.719219	-0.000000	0.000002	-51.553170	0.002000	1.216755	3.997731	-0.999955	0.000000
4.590369	1.000104	6117.442019	4078.719219	-0.000000	-0.000002	-51.553170	0.002000	1.216755	3.997731	-0.999955	0.000000
4.610369	1.000104	6117.442019	4078.719219	0.000000	-0.000002	-51.553170	0.002000	1.216755	3.997731	-0.999955	0.000000
4.630369	1.000104	6117.442019	4078.719219	0.000000	0.000001	-51.553170	0.002000	1.216755	3.997731	-0.999955	0.000000
4.650369	1.000104	6117.442019	4078.719219	-0.000000	-0.000001	-51.553170	0.002000	1.216755	3.997731	-0.999955	0.000000
4.670369	1.000104	6117.442019	4078.719219	-0.000000	-0.000002	-51.553170	0.002000	1.216755	3.997731	-0.999955	0.000000
4.690369	1.000104	6117.442019	4078.719219	-0.000000	-0.000001	-51.553170	0.002000	1.216755	3.997731	-0.999955	0.000000
4.710369	1.000104	6117.442019	4078.719219	-0.000000	-0.000001	-51.553170	0.002000	1.216755	3.997731	-0.999955	0.000000
4.730369	1.000104	6117.442019	4078.719219	0.000000	-0.000001	-51.553170	0.002000	1.216755	3.997731	-0.999955	0.000000
4.750369	1.000104	6117.442019	4078.719219	0.000000	0.000001	-51.553170	0.002000	1.216755	3.997731	-0.999955	0.000000
4.770369	1.000104	6117.442019	4078.719219	-0.000000	0.000001	-51.553170	0.002000	1.216755	3.997731	-0.999955	0.000000
4.790369	1.000104	6117.442019	4078.719219	0.000000	-0.000001	-51.553170	0.002000	1.216755	3.997731	-0.999955	0.000000
4.810369	1.000104	6117.442019	4078.719219	0.000000	0.000000	-51.553170	0.002000	1.216755	3.997731	-0.999955	0.000000
4.830369	1.000104	6117.442019	4078.719219	-0.000000	0.000002	-51.553170	0.002000	1.216755	3.997731	-0.999955	0.000000
4.850369	1.000104	6117.442019	4078.719219	-0.000000	-0.000000	-51.553170	0.002000	1.216755	3.997731	-0.999955	0.000000
4.870369	1.000104	6117.442019	4078.719219	0.000000	0.000000	-51.553170	0.002000	1.216755	3.997731	-0.999955	0.000000
4.890369	1.000104	6117.442019	4078.719219	-0.000000	0.000004	-51.553170	0.002000	1.216755	3.997731	-0.999955	0.000000
4.910369	1.000104	6117.442019	4078.719219	-0.000000	0.000001	-51.553170	0.002000	1.216755	3.997731	-0.999955	0.000000
4.930369	1.000104	6117.442019	4078.719219	-0.000000	-0.000003	-51.553170	0.002000	1.216755	3.997731	-0.999955	0.000000
4.950369	1.000104	6117.442019	4078.719219	0.000000	-0.000002	-51.553170	0.002000	1.216755	3.997731	-0.999955	0.000000
4.970369	1.000104	6117.442019	4078.719219	0.000000	-0.000001	-51.553170	0.002000	1.216755	3.997731	-0.999955	0.000000
4.990369	1.000104	6117.442019	4078.719219	0.000000	0.000000	-51.553170	0.002000	1.216755	3.997731	-0.999955	0.000000
5.010369	1.000104	6117.442019	4078.719219	-0.000000	0.000000	-51.553170	0.002000	1.216755	3.997731	-0.999955	0.000000
5.030369	1.000104	6117.442019	4078.719219	-0.000000	-0.000000	-51.553170	0.002000	1.216755	3.997731	-0.999955	0.000000
5.050369	1.000104	6117.442019	4078.719219	0.000000	-0.000000	-51.553170	0.002000	1.216755	3.997731	-0.999955	0.000000
5.070369	1.000104	6117.442019	4078.719219	0.000000	-0.000000	-51.553170	0.002000	1.216755	3.997731	-0.999955	0.000000
5.090369	1.000104	6117.442019	4078.719219	0.000000	-0.000000	-51.553170	0.002000	1.216755	3.997731	-0.999955	0.000000
5.110369	1.000104	6117.442019	4078.719219	0.000000	-0.000000	-51.553170	0.002000	1.216755	3.997731	-0.999955	0.000000
5.130369	1.000104	6117.442019	4078.719219	0.000000	-0.000000	-51.553170	0.002000	1.216755	3.997731	-0.999955	0.000000
5.150369	1.000104	6117.442019	4078.719219	0.000000	-0.000000	-51.553170	0.002000	1.216755	3.997731	-0.999955	0.000000
5.170369	1.000104	6117.442019	4078.719219	0.000000	-0.000000	-51.553170	0.002000	1.216755	3.997731	-0.999955	0.000000
5.190369	1.000104	6117.442019	4078.719219	0.000000	-0.000000	-51.553170	0.002000	1.216755	3.997731	-0.999955	0.000000
5.210369	1.000104	6117.442019	4078.719219	0.000000	-0.000000	-51.553170	0.002000	1.216755	3.997731	-0.999955	0.000000
5.230369	1.000104	6117.442019	4078.719219	0.000000	0.000000	-51.553170	0.002000	1.216755	3.997731	-0.999955	0.000000
5.250369	1.000104	6117.442019	4078.719219	0.000000	0.000000	-51.553170	0.002000	1.216755	3.997731	-0.999955	0.000000
5.270369	1.000104	6117.442019	4078.719219	0.000000	0.000000	-51.553170	0.002000	1.216755	3.997731	-0.999955	0.000000
5.290369	1.000104	6117.442019	4078.719219	0.000000	0.000000	-51.553170	0.002000	1.216755	3.997731	-0.999955	0.000000
5.310369	1.000104	6117.442019	4078.719219	0.000000	0.000000	-51.553170	0.002000	1.216755	3.997731	-0.999955	0.000000
5.330369	1.000104	6117.442019	4078.719219	0.000000	0.000000	-51.553170	0.002000	1.216755	3.997731	-0.999955	0.000000
5.350369	1.000104	6117.442019	4078.719219	0.000000	0.000000	-51.553170	0.002000	1.216755	3.997731	-0.999955	0.000000
5.370369	1.000104	6117.442019	4078.719219	0.000000	0.000000	-51.553170	0.002000	1.216755	3.997731	-0.999955	0.000000
5.390369	1.000104	6117.442019	4078.719219	0.000000	0.000000	-51.553170	0.002000	1.216755	3.997731	-0.999955	0.000000
5.410369	1.000104	6117.442019	4078.719219	0.000000	0.000000	-51.553170	0.002000	1.216755	3.997731	-0.999955	0.000000
5.430369	1.000104	6117.442019	4078.719219	0.000000	0.000000	-51.553170	0.002000	1.216755	3.997731	-0.999955	0.000000
5.450369	1.000104	6117.442019	4078.719219	0.000000	0.000000	-51.553170	0.002000	1.216755	3.997731	-0.999955	0.000000
5.470369	1.000104	6117.442019	4078.719219	0.000000	0.000000	-51.553170	0.002000	1.216755	3.997731	-0.999955	0.000000
5.490369	1.000104	6117.442019	4078.719219	0.000000	0.000000	-51.553170	0.002000	1.216755	3.997731	-0.999955	0.000000
5.510369	1.000104	6117.442019	4078.719219	0.000000	0.000000	-51.553170	0.002000	1.216755	3.997731	-0.999955	0.000000
5.530369	1.000104	6117.442019	4078.719219	0.000000	0.000000	-51.553170	0.002000	1.216755	3.997731	-0.999955	0.000000
5.550369	1.000104	6117.442019	4078.719219	0.000000	0.000000	-51.553170	0.002000	1.216755	3.997731	-0.999955	0.000000
5.570369	1.000104	6117.442019	4078.719219	-0.000000	0.000000	-51.553170	0.002000	1.216755	3.997731	-0.999955	0.000000
5.590369	1.000104	6117.442019	4078.719219	-0.000000	0.000000	-51.553170	0.002000	1.216755	3.997731	-0.999955	0.000000
5.610369	1.000104	6117.442019	4078.719219	-0.000000	0.000000	-51.553170	0.002000	1.216755	3.997731	-0.999955	0.000000
5.630369	1.000104	6117.442019	4078.719219	-0.000000	0.000002	-51.553170	0.002000	1.216755	3.997731	-0.999955	0.000000
5.650369	1.000104	6117.442019	4078.719219	-0.000000	0.000006	-51.553170	0.002000	1.216755	3.997731	-0.999955	0.000000
5.670369	1.000104	6117.442019	4078.719219	-0.000000	0.000019	-51.553170	0.002000	1.216755	3.997731	-0.999955	0.000000
5.690369	1.000104	6117.442019	4078.719219	-0.000001	0.000048	-51.553170	0.002000	1.216755	3.997731	-0.999955	0.000000
5.710369	1.000104	6117.442019	4078.719220	-0.000002	0.000120	-51.553170	0.002000	1.216755	3.997731	-0.999955	0.000000
5.730369	1.000104	6117.442019	4078.719220	-0.000004	0.000296	-51.553170	0.002000	1.216755	3.997731	-0.999955	0.000000
5.750369	1.000104	6117.442019	4078.719220	-0.000010	0.000704	-51.553170	0.002000	1.216755	3.997731	-0.999955	0.000000
5.770369	1.000104	6117.442019	4078.719220	-0.000024	0.001598	-51.553170	0.002000	1.216755	3.997731	-0.999955	0.000000
5.790369	1.000104	6117.442019	4078.719220	-0.000053	0.003359	-51.553170	0.002000	1.216755	3.997731	-0.999955	0.000000
5.810369	1.000104	6117.442019	4078.719220	-0.000107	0.006243	-51.553170	0.002000	1.216755	3.997731	-0.999955	0.000000
5.830369	1.000104	6117.442020	4078.719220	-0.000187	0.008907	-51.553170	0.002000	1.216755	3.997731	-0.999955	0.000000
5.850369	1.000104	6117.442020	4078.719220	-0.000219	0.002983	-51.553170	0.002000	1.216755	3.997731	-0.999955	0.000000
5.870369	1.000104	6117.442020	4078.719221	0.000151	-0.045085	-51.553170	0.002000	1.216755	3.997731	-0.999955	0.000000
5.890369	1.000104	6117.442019	4078.719220	0.002247	-0.248183	-51.553170	0.002000	1.216755	3.997731	-0.999955	0.000000
5.910369	1.000104	6117.442013	4078.719215	0.010339	-0.949806	-51.553170	0.002000	1.216755	3.997731	-0.999955	0.000000
5.930369	1.000104	6117.441992	4078.719194	0.037052	-3.125833	-51.553170	0.002000	1.216755	3.997731	-0.999955	0.000000
5.950369	1.000104	6117.441919	4078.719119	0.117472	-9.385571	-51.553170	0.002000	1.216755	3.997731	-0.999955	0.000000
5.970369	1.000104	6117.441700	4078.718885	0.343811	-26.396424	-51.553170	0.002000	1.216755	3.997731	-0.999955	0.000000
5.990369	1.000104	6117.441080	4078.718206	0.947375	-70.432379	-51.553169	0.002000	1.216755	3.997730	-0.999955	0.000000
6.010369	1.000104	6117.439417	4078.716348	2.483176	-179.562526	-51.553166	0.002000	1.216755	3.997730	-0.999955	0.000000
6.030369	1.000103	6117.435161	4078.711506	6.227092	-439.182825	-51.553158	0.002000	1.216755	3.997730	-0.999955	0.000000
6.050369	1.000102	6117.424715	4078.699427	14.989702	-1032.929265	-51.553139	0.002000	1.216755	3.997729	-0.999956	0.000000
6.070369	1.000099	6117.400073	4078.670484	34.699322	-2338.921027	-51.553094	0.002000	1.216755	3.997728	-0.999957	0.000000
6.090369	1.000091	6117.344125	4078.603770	77.309616	-5101.191307	-51.552988	0.002000	1.216755	3.997724	-0.999960	0.000000
6.110369	1.000074	6117.221809	4078.455722	165.803459	-10714.845736	-51.552752	0.002000	1.216755	3.997715	-0.999968	0.000000
6.130370	1.000038	6116.964323	4078.139370	342.166662	-21662.883525	-51.552245	0.002000	1.216755	3.997697	-0.999983	0.000000
6.150372	0.999961	6116.442680	4077.488699	678.929701	-42118.007557	-51.551196	0.002000	1.216755	3.997661	-1.000016	0.000000
6.170375	0.999808	6115.426486	4076.201478	1293.818919	-78654.257249	-51.549110	0.002000	1.216755	3.997589	-1.000082	0.000000
6.190383	0.999511	6113.525008	4073.754689	2364.818510	-140885.759901	-51.545127	0.002001	1.216755	3.997456	-1.000209	0.000000
6.210398	0.998962	6110.111736	4069.291500	4139.514710	-241675.646493	-51.537832	0.002002	1.216755	3.997216	-1.000445	0.000000
6.230427	0.997988	6104.241599	4061.489649	6929.021938	-396410.107693	-51.525033	0.002004	1.216755	3.996802	-1.000865	0.000000
6.250481	0.996331	6094.581144	4048.438551	11075.771578	-620859.529590	-51.503543	0.002007	1.216755	3.996120	-1.001580	0.000000
6.270575	0.993636	6079.382079	4027.571954	16889.489228	-927522.334079	-51.469047	0.002013	1.216755	3.995043	-1.002747	0.000000
6.290736	0.989447	6056.530016	3995.714293	24559.037593	-1321111.709997	-51.416127	0.002021	1.216755	3.993417	-1.004570	0.000000
6.311000	0.983220	6023.686273	3949.286758	34065.720541	-1794686.471926	-51.338517	0.002034	1.216755	3.991067	-1.007296	0.000000
6.331415	0.974371	5978.508941	3884.676646	45133.901790	-2328265.258071	-51.229566	0.002053	1.216755	3.987811	-1.011204	0.000000
6.352047	0.962324	5918.905465	3798.712255	57249.987810	-2891084.735503	-51.082829	0.002078	1.216755	3.983474	-1.016586	0.000000
6.372976	0.946579	5843.247532	3689.122134	69749.091231	-3446963.012055	-50.892617	0.002113	1.216755	3.977902	-1.023727	0.000000
6.394301	0.926766	5750.469618	3554.869569	81938.651434	-3961227.458456	-50.654322	0.002158	1.216755	3.970965	-1.032890	0.000000
6.416138	0.902673	5640.028340	3396.243836	93220.772614	-4406475.858080	-50.364493	0.002216	1.216755	3.962557	-1.044306	0.000000
6.438622	0.874261	5511.593919	3214.699088	103150.954117	-4766314.970720	-50.020650	0.002288	1.216755	3.952565	-1.058173	0.000000
6.461908	0.841655	5364.577343	3012.472252	111472.920215	-5036848.260966	-49.620821	0.002376	1.216755	3.940834	-1.074659	0.000000
6.486178	0.805075	5197.293986	2791.864803	118083.945469	-5223086.126695	-49.163413	0.002484	1.216755	3.927086	-1.093939	0.000000
6.511642	0.764770	5006.276590	2554.766481	122976.494230	-5336316.895924	-48.646060	0.002615	1.216755	3.910832	-1.116229	0.000000
6.538554	0.720654	4786.973833	2302.055424	126294.736460	-5377338.211593	-48.065534	0.002775	1.216755	3.891387	-1.142019	0.000000
6.567253	0.672165	4536.580585	2034.945230	128117.084206	-5329082.291561	-47.414813	0.002975	1.216755	3.868062	-1.172257	0.000000
6.598218	0.617763	4263.096624	1757.571344	128765.639468	-5157149.041670	-46.678882	0.003237	1.216755	3.841064	-1.208899	0.000000
6.632263	0.555552	3988.872461	1478.955996	128393.349555	-4829571.876410	-45.832346	0.003600	1.216755	3.812189	-1.254982	0.000000
6.670717	0.484439	3755.317830	1214.159070	127145.881720	-4388118.079888	-44.818563	0.004128	1.216755	3.785979	-1.314452	0.000000
6.715869	0.404073	3604.950656	972.197209	125810.735124	-3864783.188487	-43.561861	0.004950	1.216755	3.768217	-1.393211	0.000000
6.772101	0.319359	3583.932087	763.903750	122950.080106	-3376061.918304	-41.874837	0.006263	1.216755	3.765659	-1.495368	0.000000
6.846281	0.222659	3727.816701	553.985256	124381.413871	-2849638.987219	-39.467274	0.008982	1.216755	3.782728	-1.651978	0.000000
6.977213	0.127729	4747.337943	404.689250	121458.666861	-2062938.973171	-34.616165	0.015658	1.216755	3.887675	-1.893301	0.000000
-0.002988	3.349642	103085.731955	230201.048168	11.794866	0.000000	0.001002	0.000597	0.000000	5.224364	-0.475004	0.000000
-0.008957	3.357879	102806.534891	230141.541549	34.395947	0.000000	0.002907	0.000596	0.000000	5.223185	-0.473938	0.000000
-0.014904	3.373826	102270.311801	230028.365422	53.899403	0.000000	0.004531	0.000593	0.000000	5.220913	-0.471880	0.000000
-0.020817	3.396507	101518.541042	229872.384417	68.056232	0.000000	0.005719	0.000589	0.000000	5.217708	-0.468969	0.000000
-0.026684	3.424533	100607.168024	229688.408861	74.669307	0.000000	0.006369	0.000584	0.000000	5.213790	-0.465399	0.000000
-0.032500	3.456212	99600.544645	229493.621246	72.133576	0.000000	0.006439	0.000579	0.000000	5.209422	-0.461399	0.000000
-0.038260	3.489678	98564.612616	229305.650072	60.045431	0.000000	0.005953	0.000573	0.000000	5.204880	-0.457213	0.000000
-0.043964	3.523052	97560.627088	229140.565090	39.664950	0.000000	0.004997	0.000568	0.000000	5.200433	-0.453079	0.000000
-0.049615	3.554607	96639.950636	229011.056971	13.959150	0.000000	0.003706	0.000563	0.000000	5.196314	-0.449206	0.000000
-0.055218	3.582910	95840.531795	228925.077181	-12.844492	0.000000	0.002248	0.000558	0.000000	5.192706	-0.445761	0.000000
-0.060779	3.606948	95185.193926	228885.152928	-36.118896	0.000000	0.000793	0.000554	0.000000	5.189727	-0.442857	0.000000
-0.066308	3.626180	94681.734364	228888.486399	-51.871225	0.000000	-0.000503	0.000552	0.000000	5.187424	-0.440548	0.000000
-0.071810	3.640534	94324.564613	228927.808009	-57.658581	0.000000	-0.001522	0.000549	0.000000	5.185784	-0.438833	0.000000
-0.077295	3.650353	94097.532338	228992.816404	-53.121374	0.000000	-0.002195	0.000548	0.000000	5.184738	-0.437664	0.000000
-0.082768	3.656279	93977.450943	229071.931763	-39.989316	0.000000	-0.002507	0.000547	0.000000	5.184184	-0.436961	0.000000
-0.088235	3.659131	93937.839461	229154.041307	-21.569339	0.000000	-0.002494	0.000547	0.000000	5.184002	-0.436622	0.000000
-0.093700	3.659776	93952.379798	229229.937568	-1.876586	0.000000	-0.002226	0.000546	0.000000	5.184069	-0.436546	0.000000
