0.002986	3.351599	103017.306221	230182.572209	11.723986	-2880856.246136	-0.000967	0.000597	1.216755	5.224075	-0.474751	0.000000
0.008952	3.359652	102744.941976	230125.116160	33.978460	-2592768.871458	-0.002806	0.000595	1.216755	5.222925	-0.473709	0.000000
0.014896	3.375251	102221.593704	230015.863648	52.656479	-2050764.344336	-0.004372	0.000593	1.216755	5.220706	-0.471697	0.000000
0.020806	3.397450	101487.248452	229865.313464	65.538854	-1318808.696762	-0.005520	0.000589	1.216755	5.217574	-0.468849	0.000000
0.026673	3.424909	100595.828599	229687.706878	70.797168	-482796.648274	-0.006153	0.000584	1.216755	5.213741	-0.465352	0.000000
0.032488	3.455994	99609.369169	229499.474132	67.387097	360079.065752	-0.006232	0.000579	1.216755	5.209460	-0.461427	0.000000
0.038249	3.488904	98591.503649	229317.385413	55.414906	1114179.579240	-0.005781	0.000573	1.216755	5.204999	-0.457310	0.000000
0.043955	3.521825	97601.499098	229156.677591	36.362375	1698104.932093	-0.004884	0.000568	1.216755	5.200615	-0.453230	0.000000
0.049608	3.553075	96689.326952	229029.394157	13.007139	2055539.813531	-0.003666	0.000563	1.216755	5.196536	-0.449393	0.000000
0.055214	3.581258	95892.328543	228943.170501	-10.986365	2162274.222906	-0.002283	0.000558	1.216755	5.192941	-0.445962	0.000000
0.060778	3.605360	95233.568758	228900.634585	-31.747000	2028349.292293	-0.000893	0.000555	1.216755	5.189948	-0.443049	0.000000
0.066308	3.624818	94721.862965	228899.501653	-45.979789	1694911.832803	0.000358	0.000552	1.216755	5.187608	-0.440712	0.000000
0.071813	3.639517	94353.220970	228933.327604	-51.653266	1226356.566560	0.001360	0.000550	1.216755	5.185916	-0.438955	0.000000
0.077299	3.649738	94113.382911	228992.776301	-48.406381	699067.181570	0.002044	0.000548	1.216755	5.184811	-0.437737	0.000000
0.082773	3.656064	93981.025971	229067.171072	-37.568347	188745.409388	0.002392	0.000547	1.216755	5.184201	-0.436986	0.000000
0.088240	3.659262	93931.205936	229146.061023	-21.788272	-241376.832391	0.002429	0.000547	1.216755	5.183971	-0.436607	0.000000
0.093704	3.660163	93938.598559	229220.546804	-4.379966	-549244.210664	0.002216	0.000546	1.216755	5.184006	-0.436500	0.000000
0.099169	3.659560	93980.173706	229284.175863	11.438522	-718053.379056	0.001833	0.000547	1.216755	5.184198	-0.436572	0.000000
0.104636	3.658131	94037.045523	229333.317123	23.210653	-755207.208300	0.001366	0.000547	1.216755	5.184461	-0.436742	0.000000
0.110105	3.656400	94095.395896	229367.034500	29.653637	-686874.201083	0.000892	0.000547	1.216755	5.184730	-0.436947	0.000000
0.115577	3.654726	94146.526275	229386.570852	30.743334	-549855.803660	0.000471	0.000547	1.216755	5.184966	-0.437146	0.000000
0.121051	3.653315	94186.225330	229394.609156	27.496468	-382907.221090	0.000138	0.000547	1.216755	5.185149	-0.437314	0.000000
0.126527	3.652247	94213.715523	229394.488071	21.553127	-219465.127589	-0.000093	0.000548	1.216755	5.185275	-0.437440	0.000000
0.132004	3.651520	94230.453230	229389.519932	14.698858	-83052.276762	-0.000228	0.000548	1.216755	5.185352	-0.437527	0.000000
0.137482	3.651076	94239.012200	229382.505082	8.455543	14261.200297	-0.000283	0.000548	1.216755	5.185391	-0.437579	0.000000
0.142961	3.650841	94242.201929	229375.475166	3.825673	70757.142846	-0.000282	0.000548	1.216755	5.185406	-0.437607	0.000000
0.148440	3.650737	94242.485951	229369.645174	1.216187	92250.837800	-0.000248	0.000548	1.216755	5.185407	-0.437620	0.000000
0.153919	3.650702	94241.691192	229365.519368	0.515870	88624.566838	-0.000203	0.000548	1.216755	5.185404	-0.437624	0.000000
0.159398	3.650692	94240.950273	229363.082640	1.267871	70632.483249	-0.000159	0.000548	1.216755	5.185400	-0.437625	0.000000
0.164877	3.650680	94240.796642	229362.013454	2.870320	47567.981754	-0.000125	0.000548	1.216755	5.185400	-0.437626	0.000000
0.170356	3.650657	94241.333487	229361.871015	4.749444	26012.571338	-0.000103	0.000548	1.216755	5.185402	-0.437629	0.000000
0.175835	3.650621	94242.413540	229362.230492	6.472378	9574.099817	-0.000093	0.000548	1.216755	5.185407	-0.437633	0.000000
0.181314	3.650576	94243.789623	229362.759778	7.791723	-669.864552	-0.000092	0.000548	1.216755	5.185413	-0.437639	0.000000
0.186793	3.650529	94245.217968	229363.245544	8.633315	-5370.529175	-0.000096	0.000548	1.216755	5.185420	-0.437644	0.000000
0.192272	3.650484	94246.513554	229363.583872	9.049085	-6054.900992	-0.000103	0.000548	1.216755	5.185426	-0.437650	0.000000
0.197752	3.650446	94247.567103	229363.752186	9.158285	-4428.639030	-0.000111	0.000548	1.216755	5.185431	-0.437654	0.000000
0.203231	3.650416	94248.337431	229363.776418	9.095237	-1928.628504	-0.000118	0.000548	1.216755	5.185434	-0.437658	0.000000
0.208711	3.650396	94248.832131	229363.702571	8.973652	474.945431	-0.000124	0.000548	1.216755	5.185437	-0.437660	0.000000
0.214190	3.650384	94249.086354	229363.577000	8.869754	2285.493349	-0.000128	0.000548	1.216755	5.185438	-0.437662	0.000000
0.219669	3.650380	94249.145361	229363.435844	8.820913	3375.584708	-0.000132	0.000548	1.216755	5.185438	-0.437662	0.000000
0.225149	3.650381	94249.053043	229363.301806	8.833882	3844.065329	-0.000135	0.000548	1.216755	5.185438	-0.437662	0.000000
0.230628	3.650387	94248.846165	229363.185574	8.896642	3885.658340	-0.000138	0.000548	1.216755	5.185437	-0.437661	0.000000
0.236108	3.650397	94248.552867	229363.089341	8.989386	3698.661053	-0.000140	0.000548	1.216755	5.185435	-0.437660	0.000000
0.241587	3.650410	94248.193660	229363.010588	9.092384	3435.580870	-0.000143	0.000548	1.216755	5.185434	-0.437659	0.000000
0.247067	3.650425	94247.783409	229362.945080	9.190136	3188.714583	-0.000146	0.000548	1.216755	5.185432	-0.437657	0.000000
0.252546	3.650441	94247.333332	229362.888759	9.272222	2997.594203	-0.000148	0.000548	1.216755	5.185430	-0.437655	0.000000
0.258025	3.650459	94246.852517	229362.838602	9.332685	2865.911959	-0.000151	0.000548	1.216755	5.185428	-0.437653	0.000000
0.263505	3.650478	94246.348841	229362.792774	9.368680	2779.045943	-0.000154	0.000548	1.216755	5.185425	-0.437650	0.000000
0.268984	3.650497	94245.829395	229362.750390	9.378048	2717.278934	-0.000157	0.000548	1.216755	5.185423	-0.437648	0.000000
0.274463	3.650517	94245.300588	229362.711156	9.359200	2663.597991	-0.000159	0.000548	1.216755	5.185420	-0.437646	0.000000
0.279942	3.650537	94244.768107	229362.675039	9.311707	2606.979453	-0.000162	0.000548	1.216755	5.185418	-0.437643	0.000000
0.285422	3.650557	94244.236833	229362.642050	9.231907	2541.965347	-0.000165	0.000548	1.216755	5.185415	-0.437641	0.000000
0.290901	3.650577	94243.710815	229362.612130	9.117024	2467.095190	-0.000167	0.000548	1.216755	5.185413	-0.437639	0.000000
0.296380	3.650597	94243.193280	229362.585109	8.970971	2384.118463	-0.000170	0.000548	1.216755	5.185411	-0.437636	0.000000
0.301859	3.650616	94242.686705	229362.560736	8.784386	2294.790958	-0.000172	0.000548	1.216755	5.185408	-0.437634	0.000000
0.307338	3.650635	94242.192931	229362.538741	8.551696	2199.631941	-0.000174	0.000548	1.216755	5.185406	-0.437632	0.000000
0.312817	3.650653	94241.713272	229362.518809	8.299646	2102.585461	-0.000177	0.000548	1.216755	5.185404	-0.437630	0.000000
0.318296	3.650671	94241.248629	229362.500664	7.993592	2003.390841	-0.000179	0.000548	1.216755	5.185402	-0.437628	0.000000
0.323775	3.650688	94240.799611	229362.484187	7.609552	1895.616646	-0.000181	0.000548	1.216755	5.185400	-0.437626	0.000000
0.329254	3.650704	94240.366608	229362.469127	7.278232	1791.163987	-0.000183	0.000548	1.216755	5.185398	-0.437624	0.000000
0.334733	3.650720	94239.949809	229362.455305	6.850456	1686.765535	-0.000185	0.000548	1.216755	5.185396	-0.437622	0.000000
0.340212	3.650736	94239.549377	229362.443108	6.199708	1550.873742	-0.000186	0.000548	1.216755	5.185394	-0.437620	0.000000
0.345691	3.650750	94239.165383	229362.432090	5.943382	1439.128759	-0.000188	0.000548	1.216755	5.185392	-0.437618	0.000000
0.351170	3.650764	94238.797639	229362.421820	5.431741	1344.542477	-0.000189	0.000548	1.216755	5.185390	-0.437616	0.000000
0.356649	3.650778	94238.446259	229362.414327	3.998186	1119.110818	-0.000191	0.000548	1.216755	5.185389	-0.437615	0.000000
0.362128	3.650791	94238.111289	229362.407678	4.542483	1019.213891	-0.000192	0.000548	1.216755	5.185387	-0.437613	0.000000
0.367606	3.650803	94237.791762	229362.399434	4.247218	1041.528962	-0.000193	0.000548	1.216755	5.185386	-0.437612	0.000000
0.373085	3.650815	94237.488267	229362.398765	-0.353080	480.833374	-0.000194	0.000548	1.216755	5.185384	-0.437610	0.000000
0.378564	3.650826	94237.201389	229362.396870	4.314795	500.712487	-0.000193	0.000548	1.216755	5.185383	-0.437609	0.000000
0.384043	3.650836	94236.927059	229362.380592	6.122297	1206.319973	-0.000197	0.000548	1.216755	5.185382	-0.437608	0.000000
0.389522	3.650846	94236.668356	229362.391817	-12.714609	-767.076761	-0.000195	0.000548	1.216755	5.185381	-0.437607	0.000000
0.395000	3.650856	94236.429229	229362.391426	11.171496	-168.329964	-0.000192	0.000548	1.216755	5.185380	-0.437606	0.000000
0.400479	3.650864	94236.191542	229362.310718	26.069970	4044.355355	-0.000205	0.000548	1.216755	5.185378	-0.437605	0.000000
0.405958	3.650872	94235.969317	229362.340822	-58.226366	-4130.279637	-0.000200	0.000548	1.216755	5.185377	-0.437604	0.000000
0.411436	3.650880	94235.784030	229362.308369	53.466590	-1062.714620	-0.000186	0.000548	1.216755	5.185377	-0.437603	0.000000
0.416915	3.650882	94235.552023	229361.858172	143.364644	20690.724219	-0.000248	0.000548	1.216755	5.185375	-0.437602	0.000000
0.422394	3.650889	94235.333258	229361.855927	-241.432713	-14671.985456	-0.000238	0.000548	1.216755	5.185374	-0.437602	0.000000
0.427872	3.650890	94235.237422	229361.529330	271.458059	-1118.726135	-0.000179	0.000548	1.216755	5.185374	-0.437602	0.000000
0.433351	3.650866	94234.874180	229359.048335	779.153339	108164.127145	-0.000490	0.000548	1.216755	5.185372	-0.437605	0.000000
0.438830	3.650864	94234.489619	229358.288022	-971.488054	-44554.853765	-0.000504	0.000548	1.216755	5.185371	-0.437604	0.000000
0.444309	3.650831	94234.626906	229355.760263	1389.423545	15259.945118	-0.000279	0.000548	1.216755	5.185371	-0.437610	0.000000
0.449787	3.650669	94233.452163	229342.022978	4196.927237	562997.086436	-0.001853	0.000548	1.216755	5.185365	-0.437630	0.000000
0.455267	3.650584	94231.927636	229334.115600	-3665.016177	-82393.927391	-0.002262	0.000548	1.216755	5.185359	-0.437638	0.000000
0.460746	3.650326	94232.687453	229315.920803	7327.255819	197991.609521	-0.001561	0.000548	1.216755	5.185362	-0.437676	0.000000
0.466226	3.649381	94227.074291	229238.499558	22748.003786	2962110.569280	-0.009654	0.000548	1.216755	5.185332	-0.437792	0.000000
0.471708	3.648627	94218.584058	229174.808820	-11819.851932	347927.215705	-0.013570	0.000548	1.216755	5.185297	-0.437878	0.000000
0.477189	3.646885	94219.772105	229048.226537	40237.980781	1791663.820936	-0.012690	0.000548	1.216755	5.185300	-0.438121	0.000000
0.482676	3.641392	94189.503174	228603.263005	125113.858140	15975094.347254	-0.055294	0.000549	1.216755	5.185138	-0.438804	0.000000
0.488176	3.635793	94138.303667	228139.310969	-21942.509196	6371247.854093	-0.085805	0.000550	1.216755	5.184917	-0.439465	0.000000
0.493678	3.624434	94124.806223	227289.592658	227752.001493	14638107.365734	-0.097562	0.000552	1.216755	5.184842	-0.441011	0.000000
0.499207	3.592619	93949.580585	224714.320520	704932.981987	91278624.146791	-0.327108	0.000557	1.216755	5.183913	-0.445030	0.000000
0.504813	3.555012	93613.505619	221575.162820	114199.003599	69768313.774074	-0.549352	0.000563	1.216755	5.182390	-0.449617	0.000000
0.510454	3.489840	93377.642873	216473.883672	1220192.907078	128882613.771100	-0.691694	0.000573	1.216755	5.181201	-0.458544	0.000000
0.516251	3.326552	92184.384341	202800.169814	4107507.500351	629035995.569068	-1.920362	0.000601	1.216755	5.174815	-0.480494	0.000000
0.522499	3.139644	89433.449223	185756.953061	1647283.491131	781721241.049985	-3.519110	0.000637	1.216755	5.161375	-0.505178	0.000000
0.529021	2.958055	86685.246527	168778.769574	2684919.544722	984054414.139106	-3.930912	0.000676	1.216755	5.147435	-0.532865	0.000000
0.535982	2.511489	79575.749506	127986.268527	20866377.841091	3835291566.239573	-8.342146	0.000796	1.216755	5.104803	-0.610388	0.000000
0.545393	1.850844	58046.397662	66043.443942	37839375.633711	8152820169.845011	-22.330251	0.001081	1.216755	4.953797	-0.746716	0.000000
0.559291	1.344385	29562.586231	23909.166685	27334283.517312	6566874205.435117	-38.165861	0.001488	1.216755	4.647981	-0.882165	0.000000
0.576852	1.106943	12558.454199	8511.742552	11697175.521126	2645933679.758530	-47.265394	0.001807	1.216755	4.277989	-0.960718	0.000000
0.596159	1.026864	7167.126110	4764.684004	3238332.069469	541893650.929327	-50.565722	0.001948	1.216755	4.055254	-0.989969	0.000000
0.616012	1.005690	6246.728093	4169.337434	646866.315439	68297793.722445	-51.373876	0.001989	1.216755	4.005204	-0.997885	0.000000
0.635987	1.001095	6134.292422	4091.459496	108294.598638	8474748.669401	-51.525393	0.001998	1.216755	3.998722	-0.999592	0.000000
0.655983	1.000256	6119.838205	4080.567484	15298.238500	1178871.984589	-51.549507	0.001999	1.216755	3.997872	-0.999900	0.000000
0.675983	1.000124	6117.785837	4078.977654	1847.896215	171535.126382	-51.552753	0.002000	1.216755	3.997751	-0.999948	0.000000
0.695983	1.000106	6117.489008	4078.752882	193.564515	24155.690870	-51.553129	0.002000	1.216755	3.997733	-0.999954	0.000000
0.715983	1.000104	6117.447993	4078.723266	17.400313	3176.823250	-51.553167	0.002000	1.216755	3.997731	-0.999955	0.000000
0.735983	1.000104	6117.442722	4078.719669	1.328821	385.928010	-51.553170	0.002000	1.216755	3.997731	-0.999955	0.000000
0.755983	1.000104	6117.442096	4078.719266	0.091769	43.325717	-51.553170	0.002000	1.216755	3.997731	-0.999955	0.000000
0.775983	1.000104	6117.442027	4078.719224	0.008237	4.540222	-51.553170	0.002000	1.216755	3.997731	-0.999955	0.000000
0.795983	1.000104	6117.442020	4078.719220	0.001388	0.456341	-51.553170	0.002000	1.216755	3.997731	-0.999955	0.000000
0.815983	1.000104	6117.442019	4078.719220	0.000284	0.046493	-51.553170	0.002000	1.216755	3.997731	-0.999955	0.000000
0.835983	1.000104	6117.442019	4078.719220	0.000052	0.005183	-51.553170	0.002000	1.216755	3.997731	-0.999955	0.000000
0.855983	1.000104	6117.442019	4078.719219	0.000008	0.000660	-51.553170	0.002000	1.216755	3.997731	-0.999955	0.000000
0.875983	1.000104	6117.442019	4078.719219	0.000001	0.000093	-51.553170	0.002000	1.216755	3.997731	-0.999955	0.000000
0.895983	1.000104	6117.442019	4078.719219	0.000000	0.000013	-51.553170	0.002000	1.216755	3.997731	-0.999955	0.000000
0.915983	1.000104	6117.442019	4078.719219	-0.000000	0.000002	-51.553170	0.002000	1.216755	3.997731	-0.999955	0.000000
0.935983	1.000104	6117.442019	4078.719219	-0.000000	-0.000000	-51.553170	0.002000	1.216755	3.997731	-0.999955	0.000000
0.955983	1.000104	6117.442019	4078.719219	-0.000000	-0.000001	-51.553170	0.002000	1.216755	3.997731	-0.999955	0.000000
0.975983	1.000104	6117.442019	4078.719219	0.000000	-0.000001	-51.553170	0.002000	1.216755	3.997731	-0.999955	0.000000
0.995983	1.000104	6117.442019	4078.719219	0.000000	0.000000	-51.553170	0.002000	1.216755	3.997731	-0.999955	0.000000
1.015983	1.000104	6117.442019	4078.719219	-0.000000	0.000001	-51.553170	0.002000	1.216755	3.997731	-0.999955	0.000000
1.035983	1.000104	6117.442019	4078.719219	-0.000000	-0.000000	-51.553170	0.002000	1.216755	3.997731	-0.999955	0.000000
1.055983	1.000104	6117.442019	4078.719219	0.000000	-0.000001	-51.553170	0.002000	1.216755	3.997731	-0.999955	0.000000
1.075983	1.000104	6117.442019	4078.719219	0.000000	0.000001	-51.553170	0.002000	1.216755	3.997731	-0.999955	0.000000
1.095983	1.000104	6117.442019	4078.719219	-0.000000	-0.000000	-51.553170	0.002000	1.216755	3.997731	-0.999955	0.000000
1.115983	1.000104	6117.442019	4078.719219	0.000000	-0.000001	-51.553170	0.002000	1.216755	3.997731	-0.999955	0.000000
1.135983	1.000104	6117.442019	4078.719219	0.000000	0.000000	-51.553170	0.002000	1.216755	3.997731	-0.999955	0.000000
1.155983	1.000104	6117.442019	4078.719219	0.000000	-0.000001	-51.553170	0.002000	1.216755	3.997731	-0.999955	0.000000
1.175983	1.000104	6117.442019	4078.719219	0.000000	0.000000	-51.553170	0.002000	1.216755	3.997731	-0.999955	0.000000
1.195983	1.000104	6117.442019	4078.719219	0.000000	0.000001	-51.553170	0.002000	1.216755	3.997731	-0.999955	0.000000
1.215983	1.000104	6117.442019	4078.719219	-0.000000	0.000001	-51.553170	0.002000	1.216755	3.997731	-0.999955	0.000000
1.235983	1.000104	6117.442019	4078.719219	-0.000000	-0.000001	-51.553170	0.002000	1.216755	3.997731	-0.999955	0.000000
1.255983	1.000104	6117.442019	4078.719219	0.000000	-0.000001	-51.553170	0.002000	1.216755	3.997731	-0.999955	0.000000
1.275983	1.000104	6117.442019	4078.719219	0.000000	-0.000000	-51.553170	0.002000	1.216755	3.997731	-0.999955	0.000000
1.295983	1.000104	6117.442019	4078.719219	0.000000	0.000000	-51.553170	0.002000	1.216755	3.997731	-0.999955	0.000000
1.315983	1.000104	6117.442019	4078.719219	-0.000000	0.000000	-51.553170	0.002000	1.216755	3.997731	-0.999955	0.000000
1.335983	1.000104	6117.442019	4078.719219	0.000000	-0.000001	-51.553170	0.002000	1.216755	3.997731	-0.999955	0.000000
1.355983	1.000104	6117.442019	4078.719219	0.000000	0.000001	-51.553170	0.002000	1.216755	3.997731	-0.999955	0.000000
1.375983	1.000104	6117.442019	4078.719219	-0.000000	0.000001	-51.553170	0.002000	1.216755	3.997731	-0.999955	0.000000
1.395983	1.000104	6117.442019	4078.719219	-0.000000	-0.000001	-51.553170	0.002000	1.216755	3.997731	-0.999955	0.000000
1.415983	1.000104	6117.442019	4078.719219	0.000000	0.000000	-51.553170	0.002000	1.216755	3.997731	-0.999955	0.000000
1.435983	1.000104	6117.442019	4078.719219	-0.000000	0.000001	-51.553170	0.002000	1.216755	3.997731	-0.999955	0.000000
1.455983	1.000104	6117.442019	4078.719219	-0.000000	-0.000001	-51.553170	0.002000	1.216755	3.997731	-0.999955	0.000000
1.475983	1.000104	6117.442019	4078.719219	0.000000	-0.000001	-51.553170	0.002000	1.216755	3.997731	-0.999955	0.000000
1.495983	1.000104	6117.442019	4078.719219	0.000000	0.000000	-51.553170	0.002000	1.216755	3.997731	-0.999955	0.000000
1.515983	1.000104	6117.442019	4078.719219	0.000000	0.000000	-51.553170	0.002000	1.216755	3.997731	-0.999955	0.000000
1.535983	1.000104	6117.442019	4078.719219	-0.000000	0.000001	-51.553170	0.002000	1.216755	3.997731	-0.999955	0.000000
1.555983	1.000104	6117.442019	4078.719219	-0.000000	-0.000000	-51.553170	0.002000	1.216755	3.997731	-0.999955	0.000000
1.575983	1.000104	6117.442019	4078.719219	0.000000	0.000001	-51.553170	0.002000	1.216755	3.997731	-0.999955	0.000000
1.595983	1.000104	6117.442019	4078.719219	-0.000000	0.000001	-51.553170	0.002000	1.216755	3.997731	-0.999955	0.000000
1.615983	1.000104	6117.442019	4078.719219	0.000000	-0.000001	-51.553170	0.002000	1.216755	3.997731	-0.999955	0.000000
1.635983	1.000104	6117.442019	4078.719219	0.000000	0.000001	-51.553170	0.002000	1.216755	3.997731	-0.999955	0.000000
1.655983	1.000104	6117.442019	4078.719219	-0.000000	0.000001	-51.553170	0.002000	1.216755	3.997731	-0.999955	0.000000
1.675983	1.000104	6117.442019	4078.719219	-0.000000	-0.000001	-51.553170	0.002000	1.216755	3.997731	-0.999955	0.000000
1.695983	1.000104	6117.442019	4078.719219	0.000000	-0.000001	-51.553170	0.002000	1.216755	3.997731	-0.999955	0.000000
1.715983	1.000104	6117.442019	4078.719219	0.000000	0.000001	-51.553170	0.002000	1.216755	3.997731	-0.999955	0.000000
1.735983	1.000104	6117.442019	4078.719219	-0.000000	-0.000000	-51.553170	0.002000	1.216755	3.997731	-0.999955	0.000000
1.755983	1.000104	6117.442019	4078.719219	0.000000	-0.000002	-51.553170	0.002000	1.216755	3.997731	-0.999955	0.000000
1.775983	1.000104	6117.442019	4078.719219	0.000000	-0.000000	-51.553170	0.002000	1.216755	3.997731	-0.999955	0.000000
1.795983	1.000104	6117.442019	4078.719219	-0.000000	0.000001	-51.553170	0.002000	1.216755	3.997731	-0.999955	0.000000
1.815983	1.000104	6117.442019	4078.719219	-0.000000	-0.000000	-51.553170	0.002000	1.216755	3.997731	-0.999955	0.000000
1.835983	1.000104	6117.442019	4078.719219	0.000000	-0.000001	-51.553170	0.002000	1.216755	3.997731	-0.999955	0.000000
1.855983	1.000104	6117.442019	4078.719219	0.000000	0.000001	-51.553170	0.002000	1.216755	3.997731	-0.999955	0.000000
1.875983	1.000104	6117.442019	4078.719219	-0.000000	0.000000	-51.553170	0.002000	1.216755	3.997731	-0.999955	0.000000
1.895983	1.000104	6117.442019	4078.719219	-0.000000	-0.000001	-51.553170	0.002000	1.216755	3.997731	-0.999955	0.000000
1.915983	1.000104	6117.442019	4078.719219	0.000000	-0.000001	-51.553170	0.002000	1.216755	3.997731	-0.999955	0.000000
1.935983	1.000104	6117.442019	4078.719219	0.000000	0.000002	-51.553170	0.002000	1.216755	3.997731	-0.999955	0.000000
1.955983	1.000104	6117.442019	4078.719219	-0.000000	0.000001	-51.553170	0.002000	1.216755	3.997731	-0.999955	0.000000
1.975983	1.000104	6117.442019	4078.719219	-0.000000	-0.000002	-51.553170	0.002000	1.216755	3.997731	-0.999955	0.000000
1.995983	1.000104	6117.442019	4078.719219	0.000000	-0.000000	-51.553170	0.002000	1.216755	3.997731	-0.999955	0.000000
2.015983	1.000104	6117.442019	4078.719219	0.000000	0.000000	-51.553170	0.002000	1.216755	3.997731	-0.999955	0.000000
2.035983	1.000104	6117.442019	4078.719219	-0.000000	0.000001	-51.553170	0.002000	1.216755	3.997731	-0.999955	0.000000
2.055983	1.000104	6117.442019	4078.719219	-0.000000	0.000000	-51.553170	0.002000	1.216755	3.997731	-0.999955	0.000000
2.075983	1.000104	6117.442019	4078.719219	-0.000000	0.000000	-51.553170	0.002000	1.216755	3.997731	-0.999955	0.000000
2.095983	1.000104	6117.442019	4078.719219	-0.000000	0.000000	-51.553170	0.002000	1.216755	3.997731	-0.999955	0.000000
2.115983	1.000104	6117.442019	4078.719219	-0.000000	-0.000001	-51.553170	0.002000	1.216755	3.997731	-0.999955	0.000000
2.135983	1.000104	6117.442019	4078.719219	0.000000	-0.000000	-51.553170	0.002000	1.216755	3.997731	-0.999955	0.000000
2.155983	1.000104	6117.442019	4078.719219	-0.000000	0.000000	-51.553170	0.002000	1.216755	3.997731	-0.999955	0.000000
2.175983	1.000104	6117.442019	4078.719219	-0.000000	-0.000000	-51.553170	0.002000	1.216755	3.997731	-0.999955	0.000000
2.195983	1.000104	6117.442019	4078.719219	-0.000000	-0.000001	-51.553170	0.002000	1.216755	3.997731	-0.999955	0.000000
2.215983	1.000104	6117.442019	4078.719219	0.000000	-0.000000	-51.553170	0.002000	1.216755	3.997731	-0.999955	0.000000
2.235983	1.000104	6117.442019	4078.719219	-0.000000	0.000001	-51.553170	0.002000	1.216755	3.997731	-0.999955	0.000000
2.255983	1.000104	6117.442019	4078.719219	0.000000	-0.000001	-51.553170	0.002000	1.216755	3.997731	-0.999955	0.000000
2.275983	1.000104	6117.442019	4078.719219	0.000000	0.000001	-51.553170	0.002000	1.216755	3.997731	-0.999955	0.000000
2.295983	1.000104	6117.442019	4078.719219	-0.000000	0.000001	-51.553170	0.002000	1.216755	3.997731	-0.999955	0.000000
2.315983	1.000104	6117.442019	4078.719219	-0.000000	-0.000001	-51.553170	0.002000	1.216755	3.997731	-0.999955	0.000000
2.335983	1.000104	6117.442019	4078.719219	0.000000	-0.000001	-51.553170	0.002000	1.216755	3.997731	-0.999955	0.000000
2.355983	1.000104	6117.442019	4078.719219	0.000000	-0.000001	-51.553170	0.002000	1.216755	3.997731	-0.999955	0.000000
2.375983	1.000104	6117.442019	4078.719219	0.000000	-0.000001	-51.553170	0.002000	1.216755	3.997731	-0.999955	0.000000
2.395983	1.000104	6117.442019	4078.719219	0.000000	0.000004	-51.553170	0.002000	1.216755	3.997731	-0.999955	0.000000
2.415983	1.000104	6117.442019	4078.719219	-0.000000	0.000006	-51.553170	0.002000	1.216755	3.997731	-0.999955	0.000000
2.435983	1.000104	6117.442019	4078.719219	-0.000000	-0.000002	-51.553170	0.002000	1.216755	3.997731	-0.999955	0.000000
2.455983	1.000104	6117.442019	4078.719219	-0.000000	-0.000005	-51.553170	0.002000	1.216755	3.997731	-0.999955	0.000000
2.475983	1.000104	6117.442019	4078.719219	0.000000	-0.000002	-51.553170	0.002000	1.216755	3.997731	-0.999955	0.000000
2.495983	1.000104	6117.442019	4078.719219	0.000000	0.000000	-51.553170	0.002000	1.216755	3.997731	-0.999955	0.000000
2.515983	1.000104	6117.442019	4078.719219	0.000000	0.000001	-51.553170	0.002000	1.216755	3.997731	-0.999955	0.000000
2.535983	1.000104	6117.442019	4078.719219	0.000000	0.000001	-51.553170	0.002000	1.216755	3.997731	-0.999955	0.000000
2.555983	1.000104	6117.442019	4078.719219	-0.000000	0.000000	-51.553170	0.002000	1.216755	3.997731	-0.999955	0.000000
2.575983	1.000104	6117.442019	4078.719219	-0.000000	0.000000	-51.553170	0.002000	1.216755	3.997731	-0.999955	0.000000
2.595983	1.000104	6117.442019	4078.719219	-0.000000	0.000000	-51.553170	0.002000	1.216755	3.997731	-0.999955	0.000000
2.615983	1.000104	6117.442019	4078.719219	0.000000	0.000000	-51.553170	0.002000	1.216755	3.997731	-0.999955	0.000000
2.635983	1.000104	6117.442019	4078.719219	0.000000	0.000000	-51.553170	0.002000	1.216755	3.997731	-0.999955	0.000000
2.655983	1.000104	6117.442019	4078.719219	0.000000	0.000000	-51.553170	0.002000	1.216755	3.997731	-0.999955	0.000000
2.675983	1.000104	6117.442019	4078.719219	0.000000	0.000000	-51.553170	0.002000	1.216755	3.997731	-0.999955	0.000000
2.695983	1.000104	6117.442019	4078.719219	0.000000	0.000000	-51.553170	0.002000	1.216755	3.997731	-0.999955	0.000000
2.715983	1.000104	6117.442019	4078.719219	0.000000	0.000000	-51.553170	0.002000	1.216755	3.997731	-0.999955	0.000000
2.735983	1.000104	6117.442019	4078.719219	0.000000	0.000000	-51.553170	0.002000	1.216755	3.997731	-0.999955	0.000000
2.755983	1.000104	6117.442019	4078.719219	0.000000	0.000000	-51.553170	0.002000	1.216755	3.997731	-0.999955	0.000000
2.775983	1.000104	6117.442019	4078.719219	0.000000	0.000000	-51.553170	0.002000	1.216755	3.997731	-0.999955	0.000000
2.795983	1.000104	6117.442019	4078.719219	0.000000	0.000000	-51.553170	0.002000	1.216755	3.997731	-0.999955	0.000000
2.815983	1.000104	6117.442019	4078.719219	0.000000	0.000000	-51.553170	0.002000	1.216755	3.997731	-0.999955	0.000000
2.835983	1.000104	6117.442019	4078.719219	0.000000	0.000000	-51.553170	0.002000	1.216755	3.997731	-0.999955	0.000000
2.855983	1.000104	6117.442019	4078.719219	0.000000	0.000000	-51.553170	0.002000	1.216755	3.997731	-0.999955	0.000000
2.875983	1.000104	6117.442019	4078.719219	0.000000	0.000000	-51.553170	0.002000	1.216755	3.997731	-0.999955	0.000000
2.895983	1.000104	6117.442019	4078.719219	0.000000	0.000000	-51.553170	0.002000	1.216755	3.997731	-0.999955	0.000000
2.915983	1.000104	6117.442019	4078.719219	0.000000	0.000000	-51.553170	0.002000	1.216755	3.997731	-0.999955	0.000000
2.935983	1.000104	6117.442019	4078.719219	0.000000	0.000000	-51.553170	0.002000	1.216755	3.997731	-0.999955	0.000000
2.955983	1.000104	6117.442019	4078.719219	0.000000	0.000000	-51.553170	0.002000	1.216755	3.997731	-0.999955	0.000000
2.975983	1.000104	6117.442019	4078.719219	0.000000	0.000000	-51.553170	0.002000	1.216755	3.997731	-0.999955	0.000000
2.995983	1.000104	6117.442019	4078.719219	0.000000	0.000000	-51.553170	0.002000	1.216755	3.997731	-0.999955	0.000000
3.015983	1.000104	6117.442019	4078.719219	0.000000	0.000000	-51.553170	0.002000	1.216755	3.997731	-0.999955	0.000000
3.035983	1.000104	6117.442019	4078.719219	0.000000	0.000000	-51.553170	0.002000	1.216755	3.997731	-0.999955	0.000000
3.055983	1.000104	6117.442019	4078.719219	0.000000	0.000000	-51.553170	0.002000	1.216755	3.997731	-0.999955	0.000000
3.075983	1.000104	6117.442019	4078.719219	0.000000	0.000000	-51.553170	0.002000	1.216755	3.997731	-0.999955	0.000000
3.095983	1.000104	6117.442019	4078.719219	0.000000	0.000000	-51.553170	0.002000	1.216755	3.997731	-0.999955	0.000000
3.115983	1.000104	6117.442019	4078.719219	0.000000	0.000000	-51.553170	0.002000	1.216755	3.997731	-0.999955	0.000000
3.135983	1.000104	6117.442019	4078.719219	0.000000	0.000000	-51.553170	0.002000	1.216755	3.997731	-0.999955	0.000000
3.155983	1.000104	6117.442019	4078.719219	0.000000	0.000000	-51.553170	0.002000	1.216755	3.997731	-0.999955	0.000000
3.175983	1.000104	6117.442019	4078.719219	0.000000	0.000000	-51.553170	0.002000	1.216755	3.997731	-0.999955	0.000000
3.195983	1.000104	6117.442019	4078.719219	0.000000	0.000000	-51.553170	0.002000	1.216755	3.997731	-0.999955	0.000000
3.215983	1.000104	6117.442019	4078.719219	0.000000	0.000000	-51.553170	0.002000	1.216755	3.997731	-0.999955	0.000000
3.235983	1.000104	6117.442019	4078.719219	0.000000	0.000000	-51.553170	0.002000	1.216755	3.997731	-0.999955	0.000000
3.255983	1.000104	6117.442019	4078.719219	0.000000	0.000000	-51.553170	0.002000	1.216755	3.997731	-0.999955	0.000000
3.275983	1.000104	6117.442019	4078.719219	0.000000	0.000000	-51.553170	0.002000	1.216755	3.997731	-0.999955	0.000000
3.295983	1.000104	6117.442019	4078.719219	0.000000	0.000000	-51.553170	0.002000	1.216755	3.997731	-0.999955	0.000000
3.315983	1.000104	6117.442019	4078.719219	0.000000	0.000000	-51.553170	0.002000	1.216755	3.997731	-0.999955	0.000000
3.335983	1.000104	6117.442019	4078.719219	0.000000	0.000000	-51.553170	0.002000	1.216755	3.997731	-0.999955	0.000000
3.355983	1.000104	6117.442019	4078.719219	0.000000	0.000000	-51.553170	0.002000	1.216755	3.997731	-0.999955	0.000000
3.375983	1.000104	6117.442019	4078.719219	0.000000	-0.000000	-51.553170	0.002000	1.216755	3.997731	-0.999955	0.000000
3.395983	1.000104	6117.442019	4078.719219	0.000000	-0.000000	-51.553170	0.002000	1.216755	3.997731	-0.999955	0.000000
3.415983	1.000104	6117.442019	4078.719219	0.000000	-0.000000	-51.553170	0.002000	1.216755	3.997731	-0.999955	0.000000
3.435983	1.000104	6117.442019	4078.719219	0.000000	-0.000000	-51.553170	0.002000	1.216755	3.997731	-0.999955	0.000000
3.455983	1.000104	6117.442019	4078.719219	0.000000	-0.000000	-51.553170	0.002000	1.216755	3.997731	-0.999955	0.000000
3.475983	1.000104	6117.442019	4078.719219	0.000000	-0.000000	-51.553170	0.002000	1.216755	3.997731	-0.999955	0.000000
3.495983	1.000104	6117.442019	4078.719219	-0.000000	-0.000000	-51.553170	0.002000	1.216755	3.997731	-0.999955	0.000000
3.515983	1.000104	6117.442019	4078.719219	-0.000000	-0.000000	-51.553170	0.002000	1.216755	3.997731	-0.999955	0.000000
3.535983	1.000104	6117.442019	4078.719219	-0.000000	-0.000000	-51.553170	0.002000	1.216755	3.997731	-0.999955	0.000000
3.555983	1.000104	6117.442019	4078.719219	-0.000000	-0.000000	-51.553170	0.002000	1.216755	3.997731	-0.999955	0.000000
3.575983	1.000104	6117.442019	4078.719219	0.000000	-0.000001	-51.553170	0.002000	1.216755	3.997731	-0.999955	0.000000
3.595983	1.000104	6117.442019	4078.719219	0.000000	0.000001	-51.553170	0.002000	1.216755	3.997731	-0.999955	0.000000
3.615983	1.000104	6117.442019	4078.719219	-0.000000	0.000001	-51.553170	0.002000	1.216755	3.997731	-0.999955	0.000000
3.635983	1.000104	6117.442019	4078.719219	-0.000000	0.000000	-51.553170	0.002000	1.216755	3.997731	-0.999955	0.000000
3.655983	1.000104	6117.442019	4078.719219	-0.000000	-0.000002	-51.553170	0.002000	1.216755	3.997731	-0.999955	0.000000
3.675983	1.000104	6117.442019	4078.719219	0.000000	-0.000001	-51.553170	0.002000	1.216755	3.997731	-0.999955	0.000000
3.695983	1.000104	6117.442019	4078.719219	0.000000	0.000001	-51.553170	0.002000	1.216755	3.997731	-0.999955	0.000000
3.715983	1.000104	6117.442019	4078.719219	0.000000	0.000001	-51.553170	0.002000	1.216755	3.997731	-0.999955	0.000000
3.735983	1.000104	6117.442019	4078.719219	-0.000000	0.000000	-51.553170	0.002000	1.216755	3.997731	-0.999955	0.000000
3.755983	1.000104	6117.442019	4078.719219	-0.000000	0.000000	-51.553170	0.002000	1.216755	3.997731	-0.999955	0.000000
3.775983	1.000104	6117.442019	4078.719219	-0.000000	-0.000001	-51.553170	0.002000	1.216755	3.997731	-0.999955	0.000000
3.795983	1.000104	6117.442019	4078.719219	0.000000	-0.000001	-51.553170	0.002000	1.216755	3.997731	-0.999955	0.000000
3.815983	1.000104	6117.442019	4078.719219	0.000000	0.000001	-51.553170	0.002000	1.216755	3.997731	-0.999955	0.000000
3.835983	1.000104	6117.442019	4078.719219	0.000000	0.000000	-51.553170	0.002000	1.216755	3.997731	-0.999955	0.000000
3.855983	1.000104	6117.442019	4078.719219	-0.000000	0.000001	-51.553170	0.002000	1.216755	3.997731	-0.999955	0.000000
3.875983	1.000104	6117.442019	4078.719219	-0.000000	-0.000001	-51.553170	0.002000	1.216755	3.997731	-0.999955	0.000000
3.895983	1.000104	6117.442019	4078.719219	0.000000	-0.000001	-51.553170	0.002000	1.216755	3.997731	-0.999955	0.000000
3.915983	1.000104	6117.442019	4078.719219	0.000000	-0.000000	-51.553170	0.002000	1.216755	3.997731	-0.999955	0.000000
3.935983	1.000104	6117.442019	4078.719219	0.000000	-0.000000	-51.553170	0.002000	1.216755	3.997731	-0.999955	0.000000
3.955983	1.000104	6117.442019	4078.719219	-0.000000	0.000002	-51.553170	0.002000	1.216755	3.997731	-0.999955	0.000000
3.975983	1.000104	6117.442019	4078.719219	-0.000000	-0.000001	-51.553170	0.002000	1.216755	3.997731	-0.999955	0.000000
3.995983	1.000104	6117.442019	4078.719219	0.000000	-0.000002	-51.553170	0.002000	1.216755	3.997731	-0.999955	0.000000
4.015983	1.000104	6117.442019	4078.719219	0.000000	0.000001	-51.553170	0.002000	1.216755	3.997731	-0.999955	0.000000
4.035983	1.000104	6117.442019	4078.719219	-0.000000	0.000000	-51.553170	0.002000	1.216755	3.997731	-0.999955	0.000000
4.055983	1.000104	6117.442019	4078.719219	0.000000	-0.000001	-51.553170	0.002000	1.216755	3.997731	-0.999955	0.000000
4.075983	1.000104	6117.442019	4078.719219	0.000000	0.000001	-51.553170	0.002000	1.216755	3.997731	-0.999955	0.000000
4.095983	1.000104	6117.442019	4078.719219	0.000000	0.000000	-51.553170	0.002000	1.216755	3.997731	-0.999955	0.000000
4.115983	1.000104	6117.442019	4078.719219	0.000000	0.000001	-51.553170	0.002000	1.216755	3.997731	-0.999955	0.000000
4.135983	1.000104	6117.442019	4078.719219	0.000000	0.000002	-51.553170	0.002000	1.216755	3.997731	-0.999955	0.000000
4.155983	1.000104	6117.442019	4078.719219	-0.000000	-0.000001	-51.553170	0.002000	1.216755	3.997731	-0.999955	0.000000
4.175983	1.000104	6117.442019	4078.719219	0.000000	-0.000001	-51.553170	0.002000	1.216755	3.997731	-0.999955	0.000000
4.195983	1.000104	6117.442019	4078.719219	0.000000	0.000001	-51.553170	0.002000	1.216755	3.997731	-0.999955	0.000000
4.215983	1.000104	6117.442019	4078.719219	-0.000000	0.000001	-51.553170	0.002000	1.216755	3.997731	-0.999955	0.000000
4.235983	1.000104	6117.442019	4078.719219	-0.000000	-0.000002	-51.553170	0.002000	1.216755	3.997731	-0.999955	0.000000
4.255983	1.000104	6117.442019	4078.719219	0.000000	-0.000001	-51.553170	0.002000	1.216755	3.997731	-0.999955	0.000000
4.275983	1.000104	6117.442019	4078.719219	-0.000000	0.000002	-51.553170	0.002000	1.216755	3.997731	-0.999955	0.000000
4.295983	1.000104	6117.442019	4078.719219	-0.000000	-0.000000	-51.553170	0.002000	1.216755	3.997731	-0.999955	0.000000
4.315983	1.000104	6117.442019	4078.719219	-0.000000	-0.000001	-51.553170	0.002000	1.216755	3.997731	-0.999955	0.000000
4.335983	1.000104	6117.442019	4078.719219	0.000000	-0.000002	-51.553170	0.002000	1.216755	3.997731	-0.999955	0.000000
4.355983	1.000104	6117.442019	4078.719219	0.000000	0.000002	-51.553170	0.002000	1.216755	3.997731	-0.999955	0.000000
4.375983	1.000104	6117.442019	4078.719219	-0.000000	0.000001	-51.553170	0.002000	1.216755	3.997731	-0.999955	0.000000
4.395983	1.000104	6117.442019	4078.719219	0.000000	-0.000001	-51.553170	0.002000	1.216755	3.997731	-0.999955	0.000000
4.415983	1.000104	6117.442019	4078.719219	0.000000	0.000001	-51.553170	0.002000	1.216755	3.997731	-0.999955	0.000000
4.435983	1.000104	6117.442019	4078.719219	0.000000	0.000002	-51.553170	0.002000	1.216755	3.997731	-0.999955	0.000000
4.455983	1.000104	6117.442019	4078.719219	-0.000000	0.000003	-51.553170	0.002000	1.216755	3.997731	-0.999955	0.000000
4.475983	1.000104	6117.442019	4078.719219	-0.000000	0.000000	-51.553170	0.002000	1.216755	3.997731	-0.999955	0.000000
4.495983	1.000104	6117.442019	4078.719219	0.000000	-0.000000	-51.553170	0.002000	1.216755	3.997731	-0.999955	0.000000
4.515983	1.000104	6117.442019	4078.719219	0.000000	-0.000002	-51.553170	0.002000	1.216755	3.997731	-0.999955	0.000000
4.535983	1.000104	6117.442019	4078.719219	0.000000	0.000000	-51.553170	0.002000	1.216755	3.997731	-0.999955	0.000000
4.555983	1.000104	6117.442019	4078.719219	-0.000000	-0.000000	-51.553170	0.002000	1.216755	3.997731	-0.999955	0.000000
4.575983	1.000104	6117.442019	4078.719219	0.000000	-0.000002	-51.553170	0.002000	1.216755	3.997731	-0.999955	0.000000
4.595983	1.000104	6117.442019	4078.719219	-0.000000	-0.000000	-51.553170	0.002000	1.216755	3.997731	-0.999955	0.000000
4.615983	1.000104	6117.442019	4078.719219	-0.000000	-0.000001	-51.553170	0.002000	1.216755	3.997731	-0.999955	0.000000
4.635983	1.000104	6117.442019	4078.719219	0.000000	0.000000	-51.553170	0.002000	1.216755	3.997731	-0.999955	0.000000
4.655983	1.000104	6117.442019	4078.719219	-0.000000	0.000001	-51.553170	0.002000	1.216755	3.997731	-0.999955	0.000000
4.675983	1.000104	6117.442019	4078.719219	-0.000000	-0.000005	-51.553170	0.002000	1.216755	3.997731	-0.999955	0.000000
4.695983	1.000104	6117.442019	4078.719219	0.000000	0.000000	-51.553170	0.002000	1.216755	3.997731	-0.999955	0.000000
4.715983	1.000104	6117.442019	4078.719219	0.000000	0.000003	-51.553170	0.002000	1.216755	3.997731	-0.999955	0.000000
4.735983	1.000104	6117.442019	4078.719219	-0.000000	0.000000	-51.553170	0.002000	1.216755	3.997731	-0.999955	0.000000
4.755983	1.000104	6117.442019	4078.719219	0.000000	-0.000000	-51.553170	0.002000	1.216755	3.997731	-0.999955	0.000000
4.775983	1.000104	6117.442019	4078.719219	0.000000	0.000002	-51.553170	0.002000	1.216755	3.997731	-0.999955	0.000000
4.795983	1.000104	6117.442019	4078.719219	-0.000000	0.000002	-51.553170	0.002000	1.216755	3.997731	-0.999955	0.000000
4.815983	1.000104	6117.442019	4078.719219	0.000000	0.000001	-51.553170	0.002000	1.216755	3.997731	-0.999955	0.000000
4.835983	1.000104	6117.442019	4078.719219	-0.000000	-0.000000	-51.553170	0.002000	1.216755	3.997731	-0.999955	0.000000
4.855983	1.000104	6117.442019	4078.719219	-0.000000	-0.000000	-51.553170	0.002000	1.216755	3.997731	-0.999955	0.000000
4.875983	1.000104	6117.442019	4078.719219	-0.000000	-0.000000	-51.553170	0.002000	1.216755	3.997731	-0.999955	0.000000
4.895983	1.000104	6117.442019	4078.719219	0.000000	-0.000002	-51.553170	0.002000	1.216755	3.997731	-0.999955	0.000000
4.915983	1.000104	6117.442019	4078.719219	-0.000000	-0.000004	-51.553170	0.002000	1.216755	3.997731	-0.999955	0.000000
4.935983	1.000104	6117.442019	4078.719219	0.000000	-0.000003	-51.553170	0.002000	1.216755	3.997731	-0.999955	0.000000
4.955983	1.000104	6117.442019	4078.719219	0.000000	0.000003	-51.553170	0.002000	1.216755	3.997731	-0.999955	0.000000
4.975983	1.000104	6117.442019	4078.719219	0.000000	0.000005	-51.553170	0.002000	1.216755	3.997731	-0.999955	0.000000
4.995983	1.000104	6117.442019	4078.719219	-0.000000	0.000001	-51.553170	0.002000	1.216755	3.997731	-0.999955	0.000000
5.015983	1.000104	6117.442019	4078.719219	-0.000000	-0.000001	-51.553170	0.002000	1.216755	3.997731	-0.999955	0.000000
5.035983	1.000104	6117.442019	4078.719219	-0.000000	-0.000001	-51.553170	0.002000	1.216755	3.997731	-0.999955	0.000000
5.055983	1.000104	6117.442019	4078.719219	0.000000	-0.000000	-51.553170	0.002000	1.216755	3.997731	-0.999955	0.000000
5.075983	1.000104	6117.442019	4078.719219	0.000000	-0.000000	-51.553170	0.002000	1.216755	3.997731	-0.999955	0.000000
5.095983	1.000104	6117.442019	4078.719219	0.000000	-0.000000	-51.553170	0.002000	1.216755	3.997731	-0.999955	0.000000
5.115983	1.000104	6117.442019	4078.719219	0.000000	-0.000000	-51.553170	0.002000	1.216755	3.997731	-0.999955	0.000000
5.135983	1.000104	6117.442019	4078.719219	0.000000	-0.000000	-51.553170	0.002000	1.216755	3.997731	-0.999955	0.000000
5.155983	1.000104	6117.442019	4078.719219	0.000000	-0.000000	-51.553170	0.002000	1.216755	3.997731	-0.999955	0.000000
5.175983	1.000104	6117.442019	4078.719219	0.000000	-0.000000	-51.553170	0.002000	1.216755	3.997731	-0.999955	0.000000
5.195983	1.000104	6117.442019	4078.719219	0.000000	-0.000000	-51.553170	0.002000	1.216755	3.997731	-0.999955	0.000000
5.215983	1.000104	6117.442019	4078.719219	0.000000	-0.000000	-51.553170	0.002000	1.216755	3.997731	-0.999955	0.000000
5.235983	1.000104	6117.442019	4078.719219	0.000000	-0.000000	-51.553170	0.002000	1.216755	3.997731	-0.999955	0.000000
5.255983	1.000104	6117.442019	4078.719219	0.000000	0.000000	-51.553170	0.002000	1.216755	3.997731	-0.999955	0.000000
5.275983	1.000104	6117.442019	4078.719219	0.000000	0.000000	-51.553170	0.002000	1.216755	3.997731	-0.999955	0.000000
5.295983	1.000104	6117.442019	4078.719219	0.000000	0.000000	-51.553170	0.002000	1.216755	3.997731	-0.999955	0.000000
5.315983	1.000104	6117.442019	4078.719219	0.000000	0.000000	-51.553170	0.002000	1.216755	3.997731	-0.999955	0.000000
5.335983	1.000104	6117.442019	4078.719219	0.000000	0.000000	-51.553170	0.002000	1.216755	3.997731	-0.999955	0.000000
5.355983	1.000104	6117.442019	4078.719219	0.000000	0.000000	-51.553170	0.002000	1.216755	3.997731	-0.999955	0.000000
5.375983	1.000104	6117.442019	4078.719219	0.000000	0.000000	-51.553170	0.002000	1.216755	3.997731	-0.999955	0.000000
5.395983	1.000104	6117.442019	4078.719219	0.000000	0.000000	-51.553170	0.002000	1.216755	3.997731	-0.999955	0.000000
5.415983	1.000104	6117.442019	4078.719219	0.000000	0.000000	-51.553170	0.002000	1.216755	3.997731	-0.999955	0.000000
5.435983	1.000104	6117.442019	4078.719219	0.000000	0.000000	-51.553170	0.002000	1.216755	3.997731	-0.999955	0.000000
5.455983	1.000104	6117.442019	4078.719219	0.000000	0.000000	-51.553170	0.002000	1.216755	3.997731	-0.999955	0.000000
5.475983	1.000104	6117.442019	4078.719219	0.000000	0.000001	-51.553170	0.002000	1.216755	3.997731	-0.999955	0.000000
5.495983	1.000104	6117.442019	4078.719219	-0.000000	0.000003	-51.553170	0.002000	1.216755	3.997731	-0.999955	0.000000
5.515983	1.000104	6117.442019	4078.719219	-0.000000	0.000004	-51.553170	0.002000	1.216755	3.997731	-0.999955	0.000000
5.535983	1.000104	6117.442019	4078.719219	-0.000000	0.000010	-51.553170	0.002000	1.216755	3.997731	-0.999955	0.000000
5.555983	1.000104	6117.442019	4078.719219	-0.000000	0.000029	-51.553170	0.002000	1.216755	3.997731	-0.999955	0.000000
5.575983	1.000104	6117.442019	4078.719219	-0.000001	0.000078	-51.553170	0.002000	1.216755	3.997731	-0.999955	0.000000
5.595983	1.000104	6117.442019	4078.719220	-0.000003	0.000197	-51.553170	0.002000	1.216755	3.997731	-0.999955	0.000000
5.615983	1.000104	6117.442019	4078.719220	-0.000007	0.000439	-51.553170	0.002000	1.216755	3.997731	-0.999955	0.000000
5.635983	1.000104	6117.442019	4078.719220	-0.000014	0.000923	-51.553170	0.002000	1.216755	3.997731	-0.999955	0.000000
5.655983	1.000104	6117.442019	4078.719220	-0.000030	0.001767	-51.553170	0.002000	1.216755	3.997731	-0.999955	0.000000
5.675983	1.000104	6117.442019	4078.719220	-0.000054	0.002741	-51.553170	0.002000	1.216755	3.997731	-0.999955	0.000000
5.695983	1.000104	6117.442019	4078.719220	-0.000073	0.001978	-51.553170	0.002000	1.216755	3.997731	-0.999955	0.000000
5.715983	1.000104	6117.442019	4078.719220	-0.000004	-0.008466	-51.553170	0.002000	1.216755	3.997731	-0.999955	0.000000
5.735983	1.000104	6117.442019	4078.719220	0.000469	-0.056193	-51.553170	0.002000	1.216755	3.997731	-0.999955	0.000000
5.755983	1.000104	6117.442018	4078.719219	0.002398	-0.227106	-51.553170	0.002000	1.216755	3.997731	-0.999955	0.000000
5.775983	1.000104	6117.442013	4078.719214	0.008966	-0.769880	-51.553170	0.002000	1.216755	3.997731	-0.999955	0.000000
5.795983	1.000104	6117.441995	4078.719196	0.029173	-2.366344	-51.553170	0.002000	1.216755	3.997731	-0.999955	0.000000
5.815983	1.000104	6117.441940	4078.719137	0.087236	-6.788198	-51.553170	0.002000	1.216755	3.997731	-0.999955	0.000000
5.835983	1.000104	6117.441781	4078.718965	0.245165	-18.466770	-51.553170	0.002000	1.216755	3.997731	-0.999955	0.000000
5.855983	1.000104	6117.441346	4078.718482	0.655420	-48.032182	-51.553169	0.002000	1.216755	3.997731	-0.999955	0.000000
5.875983	1.000104	6117.440210	4078.717201	1.678083	-120.020990	-51.553167	0.002000	1.216755	3.997730	-0.999955	0.000000
5.895983	1.000104	6117.437362	4078.713936	4.130999	-288.934042	-51.553162	0.002000	1.216755	3.997730	-0.999955	0.000000
5.915983	1.000103	6117.430485	4078.705936	9.800512	-671.219391	-51.553149	0.002000	1.216755	3.997730	-0.999956	0.000000
5.935983	1.000101	6117.414465	4078.687033	22.435893	-1505.952128	-51.553120	0.002000	1.216755	3.997729	-0.999956	0.000000
5.955983	1.000096	6117.378438	4078.643929	49.587778	-3263.961106	-51.553051	0.002000	1.216755	3.997726	-0.999959	0.000000
5.975983	1.000085	6117.300183	4078.549001	105.815331	-6832.541144	-51.552900	0.002000	1.216755	3.997721	-0.999963	0.000000
5.995984	1.000061	6117.136044	4078.347116	217.917807	-13806.632485	-51.552576	0.002000	1.216755	3.997709	-0.999973	0.000000
6.015985	1.000013	6116.803756	4077.932642	432.802736	-26909.193021	-51.551908	0.002000	1.216755	3.997686	-0.999994	0.000000
6.035987	0.999915	6116.155001	4077.111781	828.141507	-50530.646528	-51.550579	0.002000	1.216755	3.997640	-1.000036	0.000000
6.055992	0.999726	6114.934687	4075.544995	1524.775647	-91305.904957	-51.548032	0.002001	1.216755	3.997555	-1.000117	0.000000
6.076002	0.999373	6112.725754	4072.666143	2697.723787	-158533.405975	-51.543334	0.002001	1.216755	3.997399	-1.000269	0.000000
6.096020	0.998741	6108.882758	4067.580563	4579.879903	-264109.032100	-51.535007	0.002003	1.216755	3.997129	-1.000541	0.000000
6.116055	0.997652	6102.464756	4058.954903	7450.303553	-421573.435369	-51.520837	0.002005	1.216755	3.996676	-1.001010	0.000000
6.136116	0.995855	6092.186774	4044.926166	11599.648107	-643974.579268	-51.497716	0.002008	1.216755	3.995949	-1.001787	0.000000
6.156222	0.993008	6076.415226	4023.071196	17271.270073	-940633.031536	-51.461565	0.002014	1.216755	3.994831	-1.003021	0.000000
6.176397	0.988689	6053.230234	3990.481338	24588.076045	-1313518.249903	-51.407413	0.002023	1.216755	3.993180	-1.004903	0.000000
6.196678	0.982410	6020.562263	3943.970907	33487.811998	-1754517.443202	-51.329660	0.002036	1.216755	3.990841	-1.007655	0.000000
6.217110	0.973655	5976.385414	3880.409051	43695.184582	-2244930.697927	-51.222502	0.002054	1.216755	3.987654	-1.011525	0.000000
6.237756	0.961932	5918.923821	3797.114603	54748.194847	-2757793.114999	-51.080434	0.002079	1.216755	3.983472	-1.016766	0.000000
6.258689	0.946820	5846.817439	3692.223932	66075.806622	-3262491.340202	-50.898666	0.002112	1.216755	3.978162	-1.023622	0.000000
6.280000	0.928009	5759.207978	3564.930468	77099.579203	-3729959.131506	-50.673391	0.002155	1.216755	3.971619	-1.032316	0.000000
6.301793	0.905327	5655.702569	3415.557369	87320.545227	-4137127.647728	-50.401778	0.002209	1.216755	3.963755	-1.043041	0.000000
6.324190	0.878735	5536.239211	3245.439572	96379.113128	-4469403.079212	-50.081787	0.002276	1.216755	3.954494	-1.055969	0.000000
6.347328	0.848323	5400.732233	3056.633420	104056.433551	-4721248.346667	-49.711898	0.002358	1.216755	3.943742	-1.071247	0.000000
6.371367	0.814297	5248.584452	2851.541459	110263.626951	-4896293.473615	-49.290624	0.002456	1.216755	3.931340	-1.089008	0.000000
6.396491	0.776901	5077.944333	2632.270755	115011.712251	-5003166.655019	-48.816485	0.002574	1.216755	3.916993	-1.109411	0.000000
6.422915	0.736366	4885.078460	2400.278865	118343.480775	-5053025.995193	-48.287050	0.002716	1.216755	3.900184	-1.132671	0.000000
6.450897	0.692551	4665.423828	2156.042231	120408.728321	-5045950.570100	-47.698646	0.002888	1.216755	3.880211	-1.159302	0.000000
6.480791	0.644794	4416.592815	1900.372023	121288.670671	-4963310.724174	-47.044008	0.003102	1.216755	3.856413	-1.190323	0.000000
6.513105	0.591534	4147.337982	1637.172133	121225.998452	-4774779.895905	-46.307285	0.003381	1.216755	3.829099	-1.227753	0.000000
6.548698	0.530842	3880.712240	1374.781650	120387.678833	-4452097.908395	-45.462606	0.003768	1.216755	3.800241	-1.274755	0.000000
6.589004	0.461763	3657.163176	1127.012800	118801.204669	-4035795.843848	-44.453085	0.004331	1.216755	3.774467	-1.335286	0.000000
6.636453	0.384042	3518.487501	901.786306	117225.464226	-3555912.122950	-43.200742	0.005208	1.216755	3.757665	-1.415310	0.000000
6.695766	0.302417	3508.334396	708.076012	114320.724540	-3111911.622415	-41.522315	0.006613	1.216755	3.756392	-1.519060	0.000000
6.774357	0.209931	3663.865975	513.323640	115171.664189	-2638131.132267	-39.111400	0.009527	1.216755	3.775206	-1.677563	0.000000
6.914163	0.119969	4700.837498	376.354026	112238.926431	-1926657.398997	-34.269024	0.016671	1.216755	3.883396	-1.920548	0.000000
-0.002986	3.351599	103017.306221	230182.572209	11.723986	0.000000	0.000967	0.000597	0.000000	5.224075	-0.474751	0.000000
-0.008952	3.359652	102744.941976	230125.116160	33.978460	0.000000	0.002806	0.000595	0.000000	5.222925	-0.473709	0.000000
-0.014896	3.375251	102221.593704	230015.863648	52.656479	0.000000	0.004372	0.000593	0.000000	5.220706	-0.471697	0.000000
-0.020806	3.397450	101487.248452	229865.313464	65.538854	0.000000	0.005520	0.000589	0.000000	5.217574	-0.468849	0.000000
-0.026673	3.424909	100595.828599	229687.706878	70.797168	0.000000	0.006153	0.000584	0.000000	5.213741	-0.465352	0.000000
-0.032488	3.455994	99609.369169	229499.474132	67.387097	0.000000	0.006232	0.000579	0.000000	5.209460	-0.461427	0.000000
-0.038249	3.488904	98591.503649	229317.385413	55.414906	0.000000	0.005781	0.000573	0.000000	5.204999	-0.457310	0.000000
-0.043955	3.521825	97601.499098	229156.677591	36.362375	0.000000	0.004884	0.000568	0.000000	5.200615	-0.453230	0.000000
-0.049608	3.553075	96689.326952	229029.394157	13.007139	0.000000	0.003666	0.000563	0.000000	5.196536	-0.449393	0.000000
-0.055214	3.581258	95892.328543	228943.170501	-10.986365	0.000000	0.002283	0.000558	0.000000	5.192941	-0.445962	0.000000
-0.060778	3.605360	95233.568758	228900.634585	-31.747000	0.000000	0.000893	0.000555	0.000000	5.189948	-0.443049	0.000000
-0.066308	3.624818	94721.862965	228899.501653	-45.979789	0.000000	-0.000358	0.000552	0.000000	5.187608	-0.440712	0.000000
-0.071813	3.639517	94353.220970	228933.327604	-51.653266	0.000000	-0.001360	0.000550	0.000000	5.185916	-0.438955	0.000000
-0.077299	3.649738	94113.382911	228992.776301	-48.406381	0.000000	-0.002044	0.000548	0.000000	5.184811	-0.437737	0.000000
-0.082773	3.656064	93981.025971	229067.171072	-37.568347	0.000000	-0.002392	0.000547	0.000000	5.184201	-0.436986	0.000000
-0.088240	3.659262	93931.205936	229146.061023	-21.788272	0.000000	-0.002429	0.000547	0.000000	5.183971	-0.436607	0.000000
-0.093704	3.660163	93938.598559	229220.546804	-4.379966	0.000000	-0.002216	0.000546	0.000000	5.184006	-0.436500	0.000000
