0.002986	3.351987	103003.717201	230178.894788	11.677316	-2859928.963340	-0.000960	0.000597	1.216755	5.224018	-0.474700	0.000000
0.008951	3.360004	102732.711882	230121.854363	33.812653	-2573939.375551	-0.002785	0.000595	1.216755	5.222873	-0.473663	0.000000
0.014894	3.375534	102211.919605	230013.392136	52.313767	-2036141.427380	-0.004340	0.000592	1.216755	5.220665	-0.471660	0.000000
0.020804	3.397638	101481.024811	229863.925808	64.972721	-1310372.699913	-0.005481	0.000589	1.216755	5.217547	-0.468825	0.000000
0.026670	3.424985	100593.544255	229687.576742	70.020271	-482076.124874	-0.006110	0.000584	1.216755	5.213732	-0.465342	0.000000
0.032486	3.455952	99611.054966	229500.624135	66.496782	352445.635401	-0.006191	0.000579	1.216755	5.209468	-0.461432	0.000000
0.038247	3.488754	98596.740755	229319.672745	54.582614	1098817.257984	-0.005748	0.000573	1.216755	5.205022	-0.457329	0.000000
0.043953	3.521584	97609.486782	229159.804235	35.787519	1677033.719623	-0.004862	0.000568	1.216755	5.200650	-0.453260	0.000000
0.049607	3.552775	96699.000810	229032.945143	12.852824	2031953.337038	-0.003659	0.000563	1.216755	5.196580	-0.449430	0.000000
0.055213	3.580932	95902.511108	228946.676532	-10.651661	2139980.019834	-0.002290	0.000559	1.216755	5.192987	-0.446001	0.000000
0.060777	3.605045	95243.129716	228903.648286	-30.979548	2010997.454440	-0.000912	0.000555	1.216755	5.189991	-0.443087	0.000000
0.066308	3.624546	94729.864452	228901.671902	-44.951288	1685212.407079	0.000331	0.000552	1.216755	5.187645	-0.440744	0.000000
0.071813	3.639311	94359.026168	228934.455738	-50.604857	1225494.896411	0.001329	0.000550	1.216755	5.185942	-0.438979	0.000000
0.077300	3.649610	94116.712233	228992.841752	-47.581384	706475.961698	0.002015	0.000548	1.216755	5.184826	-0.437753	0.000000
0.082774	3.656015	93981.954325	229066.321323	-37.145703	202294.936683	0.002370	0.000547	1.216755	5.184205	-0.436992	0.000000
0.088241	3.659282	93930.105089	229144.569447	-21.837522	-224824.533454	0.002416	0.000547	1.216755	5.183966	-0.436605	0.000000
0.093705	3.660235	93936.038810	229218.749594	-4.850478	-533073.290424	0.002214	0.000546	1.216755	5.183994	-0.436492	0.000000
0.099170	3.659663	93976.806245	229282.403586	10.693294	-705134.086421	0.001840	0.000546	1.216755	5.184182	-0.436560	0.000000
0.104636	3.658246	94033.489234	229331.836404	22.384395	-747336.137668	0.001380	0.000547	1.216755	5.184444	-0.436728	0.000000
0.110105	3.656510	94092.149081	229366.011196	28.931131	-684540.280714	0.000910	0.000547	1.216755	5.184715	-0.436934	0.000000
0.115577	3.654820	94143.916017	229386.059503	30.254597	-552351.520057	0.000489	0.000547	1.216755	5.184954	-0.437135	0.000000
0.121051	3.653385	94184.397272	229394.566512	27.292941	-388704.534062	0.000154	0.000547	1.216755	5.185140	-0.437305	0.000000
0.126527	3.652293	94212.657780	229394.803234	21.609146	-226714.337286	-0.000080	0.000548	1.216755	5.185270	-0.437435	0.000000
0.132004	3.651544	94230.042135	229390.051190	14.933420	-90053.752221	-0.000219	0.000548	1.216755	5.185350	-0.437524	0.000000
0.137482	3.651084	94239.065688	229383.114021	8.764263	8725.143973	-0.000277	0.000548	1.216755	5.185392	-0.437578	0.000000
0.142961	3.650837	94242.528209	229376.051405	4.111902	67281.054368	-0.000279	0.000548	1.216755	5.185408	-0.437608	0.000000
0.148440	3.650728	94242.919280	229370.118799	1.412928	90844.391568	-0.000248	0.000548	1.216755	5.185409	-0.437621	0.000000
0.153919	3.650691	94242.111553	229365.861699	0.594717	88875.112658	-0.000202	0.000548	1.216755	5.185406	-0.437625	0.000000
0.159398	3.650682	94241.288051	229363.298469	1.235815	71918.977214	-0.000158	0.000548	1.216755	5.185402	-0.437626	0.000000
0.164877	3.650673	94241.026212	229362.128928	2.758494	49259.985622	-0.000123	0.000548	1.216755	5.185401	-0.437627	0.000000
0.170356	3.650653	94241.460727	229361.921129	4.599058	27610.522451	-0.000100	0.000548	1.216755	5.185403	-0.437630	0.000000
0.175835	3.650620	94242.461918	229362.249024	6.322426	10774.821047	-0.000089	0.000548	1.216755	5.185407	-0.437634	0.000000
0.181314	3.650577	94243.788203	229362.773028	7.671216	25.406208	-0.000087	0.000548	1.216755	5.185413	-0.437639	0.000000
0.186793	3.650530	94245.193110	229363.269926	8.558690	-5140.013172	-0.000091	0.000548	1.216755	5.185420	-0.437644	0.000000
0.192272	3.650486	94246.484598	229363.626508	9.025803	-6163.846647	-0.000098	0.000548	1.216755	5.185426	-0.437650	0.000000
0.197752	3.650448	94247.545372	229363.813247	9.184765	-4727.685438	-0.000106	0.000548	1.216755	5.185431	-0.437654	0.000000
0.203231	3.650418	94248.327392	229363.852023	9.167186	-2287.691301	-0.000113	0.000548	1.216755	5.185434	-0.437658	0.000000
0.208710	3.650397	94248.833552	229363.787377	9.087425	144.711557	-0.000118	0.000548	1.216755	5.185437	-0.437660	0.000000
0.214190	3.650385	94249.096537	229363.666009	9.024104	2028.315759	-0.000123	0.000548	1.216755	5.185438	-0.437662	0.000000
0.219669	3.650380	94249.160914	229363.525347	9.017181	3199.801725	-0.000127	0.000548	1.216755	5.185438	-0.437662	0.000000
0.225149	3.650382	94249.070986	229363.389612	9.075080	3735.916176	-0.000130	0.000548	1.216755	5.185438	-0.437662	0.000000
0.230628	3.650388	94248.864418	229363.270781	9.186096	3822.607701	-0.000132	0.000548	1.216755	5.185437	-0.437661	0.000000
0.236108	3.650398	94248.570293	229363.171911	9.329558	3659.118918	-0.000135	0.000548	1.216755	5.185435	-0.437660	0.000000
0.241587	3.650410	94248.209859	229363.090910	9.484096	3404.107947	-0.000137	0.000548	1.216755	5.185434	-0.437659	0.000000
0.247067	3.650425	94247.798438	229363.023647	9.632341	3157.351409	-0.000140	0.000548	1.216755	5.185432	-0.437657	0.000000
0.252546	3.650442	94247.347452	229362.965969	9.762582	2964.724347	-0.000143	0.000548	1.216755	5.185430	-0.437655	0.000000
0.258025	3.650460	94246.866015	229362.914684	9.868128	2834.036235	-0.000145	0.000548	1.216755	5.185428	-0.437653	0.000000
0.263505	3.650478	94246.361941	229362.867794	9.945858	2752.475263	-0.000148	0.000548	1.216755	5.185425	-0.437650	0.000000
0.268984	3.650498	94245.842227	229362.824294	9.995050	2700.519811	-0.000151	0.000548	1.216755	5.185423	-0.437648	0.000000
0.274463	3.650518	94245.313201	229362.783823	10.015464	2660.431583	-0.000154	0.000548	1.216755	5.185420	-0.437646	0.000000
0.279942	3.650538	94244.780492	229362.746323	10.006563	2619.867040	-0.000156	0.000548	1.216755	5.185418	-0.437643	0.000000
0.285422	3.650558	94244.248957	229362.711806	9.969138	2572.456900	-0.000159	0.000548	1.216755	5.185416	-0.437641	0.000000
0.290901	3.650578	94243.722633	229362.680217	9.902214	2516.320143	-0.000162	0.000548	1.216755	5.185413	-0.437639	0.000000
0.296380	3.650597	94243.204752	229362.651406	9.802645	2451.845767	-0.000164	0.000548	1.216755	5.185411	-0.437636	0.000000
0.301859	3.650616	94242.697804	229362.625128	9.674541	2381.120340	-0.000167	0.000548	1.216755	5.185408	-0.437634	0.000000
0.307338	3.650635	94242.203632	229362.601082	9.515613	2306.333252	-0.000169	0.000548	1.216755	5.185406	-0.437632	0.000000
0.312817	3.650653	94241.723559	229362.578986	9.313443	2227.307257	-0.000171	0.000548	1.216755	5.185404	-0.437630	0.000000
0.318296	3.650671	94241.258496	229362.558562	9.089811	2145.982500	-0.000174	0.000548	1.216755	5.185402	-0.437627	0.000000
0.323775	3.650688	94240.809038	229362.539550	8.839281	2064.358099	-0.000176	0.000548	1.216755	5.185400	-0.437625	0.000000
0.329254	3.650705	94240.375567	229362.521856	8.505039	1975.158178	-0.000178	0.000548	1.216755	5.185398	-0.437623	0.000000
0.334733	3.650721	94239.958321	229362.505366	8.189081	1883.288006	-0.000180	0.000548	1.216755	5.185396	-0.437622	0.000000
0.340212	3.650736	94239.557387	229362.489845	7.878938	1797.923167	-0.000182	0.000548	1.216755	5.185394	-0.437620	0.000000
0.345691	3.650751	94239.172806	229362.475609	7.304753	1686.320130	-0.000184	0.000548	1.216755	5.185392	-0.437618	0.000000
0.351170	3.650765	94238.804626	229362.462678	6.932998	1571.375020	-0.000186	0.000548	1.216755	5.185390	-0.437616	0.000000
0.356649	3.650778	94238.452642	229362.450208	6.755597	1502.849787	-0.000187	0.000548	1.216755	5.185389	-0.437615	0.000000
0.362127	3.650791	94238.116742	229362.439701	5.484022	1332.629843	-0.000189	0.000548	1.216755	5.185387	-0.437613	0.000000
0.367606	3.650803	94237.797100	229362.431304	5.233400	1159.747919	-0.000190	0.000548	1.216755	5.185386	-0.437612	0.000000
0.373085	3.650815	94237.492900	229362.420751	6.184871	1236.626842	-0.000192	0.000548	1.216755	5.185384	-0.437610	0.000000
0.378564	3.650826	94237.203860	229362.414485	2.190070	882.066477	-0.000193	0.000548	1.216755	5.185383	-0.437609	0.000000
0.384043	3.650836	94236.931302	229362.413433	2.791299	506.302923	-0.000192	0.000548	1.216755	5.185382	-0.437608	0.000000
0.389521	3.650846	94236.672138	229362.396709	9.830612	1363.685140	-0.000195	0.000548	1.216755	5.185381	-0.437607	0.000000
0.395000	3.650856	94236.425574	229362.392434	-5.951052	317.318715	-0.000196	0.000548	1.216755	5.185379	-0.437606	0.000000
0.400479	3.650865	94236.198875	229362.406868	-1.666620	-972.496390	-0.000192	0.000548	1.216755	5.185378	-0.437604	0.000000
0.405958	3.650872	94235.979132	229362.338969	35.889577	3685.890686	-0.000200	0.000548	1.216755	5.185377	-0.437604	0.000000
0.411436	3.650880	94235.762548	229362.311015	-32.066351	-104.919338	-0.000207	0.000548	1.216755	5.185376	-0.437603	0.000000
0.416915	3.650888	94235.585029	229362.361099	-13.447855	-5775.861049	-0.000185	0.000548	1.216755	5.185376	-0.437602	0.000000
0.422394	3.650890	94235.389898	229362.001582	174.777854	17091.427117	-0.000225	0.000548	1.216755	5.185375	-0.437601	0.000000
0.427872	3.650895	94235.155005	229361.757753	-123.415207	2644.205097	-0.000264	0.000548	1.216755	5.185374	-0.437601	0.000000
0.433351	3.650901	94235.051833	229361.842368	-50.582717	-23944.333526	-0.000172	0.000548	1.216755	5.185373	-0.437600	0.000000
0.438830	3.650882	94234.826479	229359.897943	880.433366	86112.456660	-0.000365	0.000548	1.216755	5.185372	-0.437603	0.000000
0.444308	3.650869	94234.346095	229358.131827	-420.198850	32765.094328	-0.000600	0.000548	1.216755	5.185370	-0.437604	0.000000
0.449787	3.650863	94234.413917	229357.642821	-137.447352	-91678.460713	-0.000230	0.000548	1.216755	5.185370	-0.437605	0.000000
0.455266	3.650732	94233.879110	229346.975199	4467.749981	438231.097178	-0.001200	0.000548	1.216755	5.185367	-0.437622	0.000000
0.460745	3.650602	94231.961260	229335.077974	-1101.472327	261791.281599	-0.002574	0.000548	1.216755	5.185359	-0.437636	0.000000
0.466224	3.650485	94232.378514	229327.209335	75.979467	-304676.567690	-0.001212	0.000548	1.216755	5.185361	-0.437654	0.000000
0.471703	3.649727	94229.881501	229267.293227	22975.905231	2268505.279117	-0.006236	0.000548	1.216755	5.185346	-0.437752	0.000000
0.477185	3.648820	94219.997616	229189.450287	-125.764777	1849177.178612	-0.014261	0.000548	1.216755	5.185301	-0.437855	0.000000
0.482667	3.647808	94219.745381	229116.733554	5523.307380	-608375.940977	-0.010261	0.000548	1.216755	5.185304	-0.437995	0.000000
0.488151	3.643427	94205.004588	228772.238081	120409.598059	12079683.977383	-0.037118	0.000549	1.216755	5.185216	-0.438561	0.000000
0.493647	3.637450	94150.201093	228270.552241	30079.523268	12604458.977017	-0.084380	0.000550	1.216755	5.184962	-0.439261	0.000000
0.499149	3.629927	94131.787832	227705.347974	60881.248293	2851435.709866	-0.080901	0.000551	1.216755	5.184893	-0.440268	0.000000
0.504662	3.604607	94037.359649	225707.511058	644642.188844	67806161.485820	-0.228314	0.000555	1.216755	5.184355	-0.443557	0.000000
0.510244	3.566844	93709.888640	222544.153367	341844.271682	91521910.004340	-0.512249	0.000561	1.216755	5.182803	-0.448135	0.000000
0.515878	3.519066	93472.933050	218770.989858	456027.434773	65218182.666445	-0.590057	0.000568	1.216755	5.181744	-0.454503	0.000000
0.521590	3.388408	92769.862484	208129.141748	3466094.998821	445878688.570064	-1.375238	0.000590	1.216755	5.177861	-0.472276	0.000000
0.527682	3.193413	90362.912059	190790.712449	3032791.827333	821959805.158062	-3.146007	0.000626	1.216755	5.165813	-0.498004	0.000000
0.534159	3.029072	87622.241800	175341.488670	615873.508392	757224247.694650	-3.757001	0.000660	1.216755	5.152504	-0.521367	0.000000
0.540854	2.693544	82974.216461	144689.881964	13451223.058164	2537322165.175459	-6.009743	0.000743	1.216755	5.125588	-0.577898	0.000000
0.549180	2.060829	66683.897741	85591.525903	35402410.461422	7132981328.259260	-16.997626	0.000970	1.216755	5.019177	-0.699495	0.000000
0.561598	1.474261	37925.064174	33745.012209	32424224.350253	7671936816.352500	-33.688841	0.001357	1.216755	4.759305	-0.843844	0.000000
0.578205	1.159284	16422.655040	11524.934851	16114805.524749	3795624777.104319	-45.149786	0.001725	1.216755	4.391252	-0.942362	0.000000
0.597132	1.042569	8083.668475	5364.042362	5089385.508333	964873107.830815	-49.925852	0.001918	1.216755	4.100872	-0.984128	0.000000
0.616886	1.009483	6370.521102	4250.980764	1107734.677376	135097799.845448	-51.238504	0.001981	1.216755	4.012209	-0.996468	0.000000
0.636841	1.001852	6149.313182	4102.365385	194685.213911	16259611.660021	-51.501957	0.001996	1.216755	3.999599	-0.999313	0.000000
0.656834	1.000385	6121.881498	4082.143137	29081.208919	2189022.966302	-51.546066	0.001999	1.216755	3.997993	-0.999853	0.000000
0.676833	1.000143	6118.082605	4079.206343	3681.732355	317386.392917	-51.552323	0.002000	1.216755	3.997768	-0.999941	0.000000
0.696833	1.000109	6117.531275	4078.784236	403.666040	45410.189225	-51.553082	0.002000	1.216755	3.997736	-0.999953	0.000000
0.716833	1.000105	6117.453645	4078.727239	38.167078	6115.893999	-51.553162	0.002000	1.216755	3.997731	-0.999955	0.000000
0.736833	1.000104	6117.443421	4078.720132	3.068136	762.286656	-51.553170	0.002000	1.216755	3.997731	-0.999955	0.000000
0.756833	1.000104	6117.442176	4078.719316	0.214777	87.709545	-51.553170	0.002000	1.216755	3.997731	-0.999955	0.000000
0.776833	1.000104	6117.442036	4078.719229	0.016621	9.377355	-51.553170	0.002000	1.216755	3.997731	-0.999955	0.000000
0.796833	1.000104	6117.442021	4078.719220	0.002330	0.950880	-51.553170	0.002000	1.216755	3.997731	-0.999955	0.000000
0.816833	1.000104	6117.442019	4078.719220	0.000474	0.095702	-51.553170	0.002000	1.216755	3.997731	-0.999955	0.000000
0.836833	1.000104	6117.442019	4078.719220	0.000091	0.010288	-51.553170	0.002000	1.216755	3.997731	-0.999955	0.000000
0.856833	1.000104	6117.442019	4078.719220	0.000015	0.001256	-51.553170	0.002000	1.216755	3.997731	-0.999955	0.000000
0.876833	1.000104	6117.442019	4078.719219	0.000002	0.000171	-51.553170	0.002000	1.216755	3.997731	-0.999955	0.000000
0.896833	1.000104	6117.442019	4078.719219	0.000000	0.000025	-51.553170	0.002000	1.216755	3.997731	-0.999955	0.000000
0.916833	1.000104	6117.442019	4078.719219	-0.000000	0.000003	-51.553170	0.002000	1.216755	3.997731	-0.999955	0.000000
0.936833	1.000104	6117.442019	4078.719219	-0.000000	-0.000000	-51.553170	0.002000	1.216755	3.997731	-0.999955	0.000000
0.956833	1.000104	6117.442019	4078.719219	0.000000	-0.000001	-51.553170	0.002000	1.216755	3.997731	-0.999955	0.000000
0.976833	1.000104	6117.442019	4078.719219	0.000000	0.000000	-51.553170	0.002000	1.216755	3.997731	-0.999955	0.000000
0.996833	1.000104	6117.442019	4078.719219	-0.000000	0.000001	-51.553170	0.002000	1.216755	3.997731	-0.999955	0.000000
1.016833	1.000104	6117.442019	4078.719219	-0.000000	-0.000000	-51.553170	0.002000	1.216755	3.997731	-0.999955	0.000000
1.036833	1.000104	6117.442019	4078.719219	0.000000	-0.000001	-51.553170	0.002000	1.216755	3.997731	-0.999955	0.000000
1.056833	1.000104	6117.442019	4078.719219	0.000000	0.000001	-51.553170	0.002000	1.216755	3.997731	-0.999955	0.000000
1.076833	1.000104	6117.442019	4078.719219	-0.000000	-0.000000	-51.553170	0.002000	1.216755	3.997731	-0.999955	0.000000
1.096833	1.000104	6117.442019	4078.719219	0.000000	-0.000001	-51.553170	0.002000	1.216755	3.997731	-0.999955	0.000000
1.116833	1.000104	6117.442019	4078.719219	-0.000000	0.000000	-51.553170	0.002000	1.216755	3.997731	-0.999955	0.000000
1.136833	1.000104	6117.442019	4078.719219	0.000000	-0.000001	-51.553170	0.002000	1.216755	3.997731	-0.999955	0.000000
1.156833	1.000104	6117.442019	4078.719219	0.000000	0.000000	-51.553170	0.002000	1.216755	3.997731	-0.999955	0.000000
1.176833	1.000104	6117.442019	4078.719219	0.000000	0.000001	-51.553170	0.002000	1.216755	3.997731	-0.999955	0.000000
1.196833	1.000104	6117.442019	4078.719219	-0.000000	0.000001	-51.553170	0.002000	1.216755	3.997731	-0.999955	0.000000
1.216833	1.000104	6117.442019	4078.719219	-0.000000	-0.000001	-51.553170	0.002000	1.216755	3.997731	-0.999955	0.000000
1.236833	1.000104	6117.442019	4078.719219	0.000000	-0.000000	-51.553170	0.002000	1.216755	3.997731	-0.999955	0.000000
1.256833	1.000104	6117.442019	4078.719219	-0.000000	-0.000001	-51.553170	0.002000	1.216755	3.997731	-0.999955	0.000000
1.276833	1.000104	6117.442019	4078.719219	0.000000	-0.000000	-51.553170	0.002000	1.216755	3.997731	-0.999955	0.000000
1.296833	1.000104	6117.442019	4078.719219	-0.000000	0.000001	-51.553170	0.002000	1.216755	3.997731	-0.999955	0.000000
1.316833	1.000104	6117.442019	4078.719219	-0.000000	-0.000001	-51.553170	0.002000	1.216755	3.997731	-0.999955	0.000000
1.336833	1.000104	6117.442019	4078.719219	0.000000	0.000001	-51.553170	0.002000	1.216755	3.997731	-0.999955	0.000000
1.356833	1.000104	6117.442019	4078.719219	-0.000000	0.000001	-51.553170	0.002000	1.216755	3.997731	-0.999955	0.000000
1.376833	1.000104	6117.442019	4078.719219	-0.000000	-0.000001	-51.553170	0.002000	1.216755	3.997731	-0.999955	0.000000
1.396833	1.000104	6117.442019	4078.719219	0.000000	0.000000	-51.553170	0.002000	1.216755	3.997731	-0.999955	0.000000
1.416833	1.000104	6117.442019	4078.719219	-0.000000	0.000001	-51.553170	0.002000	1.216755	3.997731	-0.999955	0.000000
1.436833	1.000104	6117.442019	4078.719219	-0.000000	-0.000001	-51.553170	0.002000	1.216755	3.997731	-0.999955	0.000000
1.456833	1.000104	6117.442019	4078.719219	0.000000	-0.000001	-51.553170	0.002000	1.216755	3.997731	-0.999955	0.000000
1.476833	1.000104	6117.442019	4078.719219	0.000000	0.000000	-51.553170	0.002000	1.216755	3.997731	-0.999955	0.000000
1.496833	1.000104	6117.442019	4078.719219	0.000000	0.000000	-51.553170	0.002000	1.216755	3.997731	-0.999955	0.000000
1.516833	1.000104	6117.442019	4078.719219	-0.000000	0.000001	-51.553170	0.002000	1.216755	3.997731	-0.999955	0.000000
1.536833	1.000104	6117.442019	4078.719219	-0.000000	-0.000000	-51.553170	0.002000	1.216755	3.997731	-0.999955	0.000000
1.556833	1.000104	6117.442019	4078.719219	0.000000	0.000001	-51.553170	0.002000	1.216755	3.997731	-0.999955	0.000000
1.576833	1.000104	6117.442019	4078.719219	-0.000000	0.000001	-51.553170	0.002000	1.216755	3.997731	-0.999955	0.000000
1.596833	1.000104	6117.442019	4078.719219	0.000000	-0.000001	-51.553170	0.002000	1.216755	3.997731	-0.999955	0.000000
1.616833	1.000104	6117.442019	4078.719219	0.000000	0.000001	-51.553170	0.002000	1.216755	3.997731	-0.999955	0.000000
1.636833	1.000104	6117.442019	4078.719219	-0.000000	0.000001	-51.553170	0.002000	1.216755	3.997731	-0.999955	0.000000
1.656833	1.000104	6117.442019	4078.719219	-0.000000	-0.000001	-51.553170	0.002000	1.216755	3.997731	-0.999955	0.000000
1.676833	1.000104	6117.442019	4078.719219	0.000000	-0.000001	-51.553170	0.002000	1.216755	3.997731	-0.999955	0.000000
1.696833	1.000104	6117.442019	4078.719219	0.000000	0.000000	-51.553170	0.002000	1.216755	3.997731	-0.999955	0.000000
1.716833	1.000104	6117.442019	4078.719219	-0.000000	-0.000000	-51.553170	0.002000	1.216755	3.997731	-0.999955	0.000000
1.736833	1.000104	6117.442019	4078.719219	0.000000	-0.000001	-51.553170	0.002000	1.216755	3.997731	-0.999955	0.000000
1.756833	1.000104	6117.442019	4078.719219	0.000000	-0.000000	-51.553170	0.002000	1.216755	3.997731	-0.999955	0.000000
1.776833	1.000104	6117.442019	4078.719219	-0.000000	0.000001	-51.553170	0.002000	1.216755	3.997731	-0.999955	0.000000
1.796833	1.000104	6117.442019	4078.719219	-0.000000	-0.000000	-51.553170	0.002000	1.216755	3.997731	-0.999955	0.000000
1.816833	1.000104	6117.442019	4078.719219	0.000000	-0.000001	-51.553170	0.002000	1.216755	3.997731	-0.999955	0.000000
1.836833	1.000104	6117.442019	4078.719219	0.000000	0.000001	-51.553170	0.002000	1.216755	3.997731	-0.999955	0.000000
1.856833	1.000104	6117.442019	4078.719219	-0.000000	0.000001	-51.553170	0.002000	1.216755	3.997731	-0.999955	0.000000
1.876833	1.000104	6117.442019	4078.719219	-0.000000	-0.000001	-51.553170	0.002000	1.216755	3.997731	-0.999955	0.000000
1.896833	1.000104	6117.442019	4078.719219	0.000000	-0.000001	-51.553170	0.002000	1.216755	3.997731	-0.999955	0.000000
1.916833	1.000104	6117.442019	4078.719219	0.000000	0.000001	-51.553170	0.002000	1.216755	3.997731	-0.999955	0.000000
1.936833	1.000104	6117.442019	4078.719219	-0.000000	0.000001	-51.553170	0.002000	1.216755	3.997731	-0.999955	0.000000
1.956833	1.000104	6117.442019	4078.719219	-0.000000	-0.000001	-51.553170	0.002000	1.216755	3.997731	-0.999955	0.000000
1.976833	1.000104	6117.442019	4078.719219	0.000000	-0.000000	-51.553170	0.002000	1.216755	3.997731	-0.999955	0.000000
1.996833	1.000104	6117.442019	4078.719219	0.000000	0.000001	-51.553170	0.002000	1.216755	3.997731	-0.999955	0.000000
2.016833	1.000104	6117.442019	4078.719219	-0.000000	0.000000	-51.553170	0.002000	1.216755	3.997731	-0.999955	0.000000
2.036833	1.000104	6117.442019	4078.719219	0.000000	0.000000	-51.553170	0.002000	1.216755	3.997731	-0.999955	0.000000
2.056833	1.000104	6117.442019	4078.719219	-0.000000	0.000001	-51.553170	0.002000	1.216755	3.997731	-0.999955	0.000000
2.076833	1.000104	6117.442019	4078.719219	-0.000000	0.000000	-51.553170	0.002000	1.216755	3.997731	-0.999955	0.000000
2.096833	1.000104	6117.442019	4078.719219	-0.000000	-0.000001	-51.553170	0.002000	1.216755	3.997731	-0.999955	0.000000
2.116833	1.000104	6117.442019	4078.719219	0.000000	-0.000001	-51.553170	0.002000	1.216755	3.997731	-0.999955	0.000000
2.136833	1.000104	6117.442019	4078.719219	0.000000	0.000000	-51.553170	0.002000	1.216755	3.997731	-0.999955	0.000000
2.156833	1.000104	6117.442019	4078.719219	-0.000000	0.000000	-51.553170	0.002000	1.216755	3.997731	-0.999955	0.000000
2.176833	1.000104	6117.442019	4078.719219	-0.000000	-0.000001	-51.553170	0.002000	1.216755	3.997731	-0.999955	0.000000
2.196833	1.000104	6117.442019	4078.719219	0.000000	-0.000000	-51.553170	0.002000	1.216755	3.997731	-0.999955	0.000000
2.216833	1.000104	6117.442019	4078.719219	-0.000000	0.000001	-51.553170	0.002000	1.216755	3.997731	-0.999955	0.000000
2.236833	1.000104	6117.442019	4078.719219	0.000000	-0.000001	-51.553170	0.002000	1.216755	3.997731	-0.999955	0.000000
2.256833	1.000104	6117.442019	4078.719219	0.000000	0.000001	-51.553170	0.002000	1.216755	3.997731	-0.999955	0.000000
2.276833	1.000104	6117.442019	4078.719219	-0.000000	0.000001	-51.553170	0.002000	1.216755	3.997731	-0.999955	0.000000
2.296833	1.000104	6117.442019	4078.719219	-0.000000	-0.000001	-51.553170	0.002000	1.216755	3.997731	-0.999955	0.000000
2.316833	1.000104	6117.442019	4078.719219	0.000000	-0.000001	-51.553170	0.002000	1.216755	3.997731	-0.999955	0.000000
2.336833	1.000104	6117.442019	4078.719219	0.000000	-0.000001	-51.553170	0.002000	1.216755	3.997731	-0.999955	0.000000
2.356833	1.000104	6117.442019	4078.719219	0.000000	-0.000001	-51.553170	0.002000	1.216755	3.997731	-0.999955	0.000000
2.376833	1.000104	6117.442019	4078.719219	0.000000	0.000003	-51.553170	0.002000	1.216755	3.997731	-0.999955	0.000000
2.396833	1.000104	6117.442019	4078.719219	-0.000000	0.000005	-51.553170	0.002000	1.216755	3.997731	-0.999955	0.000000
2.416833	1.000104	6117.442019	4078.719219	-0.000000	-0.000001	-51.553170	0.002000	1.216755	3.997731	-0.999955	0.000000
2.436833	1.000104	6117.442019	4078.719219	-0.000000	-0.000004	-51.553170	0.002000	1.216755	3.997731	-0.999955	0.000000
2.456833	1.000104	6117.442019	4078.719219	-0.000000	-0.000002	-51.553170	0.002000	1.216755	3.997731	-0.999955	0.000000
2.476833	1.000104	6117.442019	4078.719219	0.000000	-0.000001	-51.553170	0.002000	1.216755	3.997731	-0.999955	0.000000
2.496833	1.000104	6117.442019	4078.719219	0.000000	0.000000	-51.553170	0.002000	1.216755	3.997731	-0.999955	0.000000
2.516833	1.000104	6117.442019	4078.719219	0.000000	0.000002	-51.553170	0.002000	1.216755	3.997731	-0.999955	0.000000
2.536833	1.000104	6117.442019	4078.719219	-0.000000	0.000000	-51.553170	0.002000	1.216755	3.997731	-0.999955	0.000000
2.556833	1.000104	6117.442019	4078.719219	-0.000000	0.000000	-51.553170	0.002000	1.216755	3.997731	-0.999955	0.000000
2.576833	1.000104	6117.442019	4078.719219	-0.000000	0.000000	-51.553170	0.002000	1.216755	3.997731	-0.999955	0.000000
2.596833	1.000104	6117.442019	4078.719219	0.000000	0.000000	-51.553170	0.002000	1.216755	3.997731	-0.999955	0.000000
2.616833	1.000104	6117.442019	4078.719219	0.000000	0.000000	-51.553170	0.002000	1.216755	3.997731	-0.999955	0.000000
2.636833	1.000104	6117.442019	4078.719219	0.000000	0.000000	-51.553170	0.002000	1.216755	3.997731	-0.999955	0.000000
2.656833	1.000104	6117.442019	4078.719219	0.000000	0.000000	-51.553170	0.002000	1.216755	3.997731	-0.999955	0.000000
2.676833	1.000104	6117.442019	4078.719219	0.000000	0.000000	-51.553170	0.002000	1.216755	3.997731	-0.999955	0.000000
2.696833	1.000104	6117.442019	4078.719219	0.000000	0.000000	-51.553170	0.002000	1.216755	3.997731	-0.999955	0.000000
2.716833	1.000104	6117.442019	4078.719219	0.000000	0.000000	-51.553170	0.002000	1.216755	3.997731	-0.999955	0.000000
2.736833	1.000104	6117.442019	4078.719219	0.000000	0.000000	-51.553170	0.002000	1.216755	3.997731	-0.999955	0.000000
2.756833	1.000104	6117.442019	4078.719219	0.000000	0.000000	-51.553170	0.002000	1.216755	3.997731	-0.999955	0.000000
2.776833	1.000104	6117.442019	4078.719219	0.000000	0.000000	-51.553170	0.002000	1.216755	3.997731	-0.999955	0.000000
2.796833	1.000104	6117.442019	4078.719219	0.000000	0.000000	-51.553170	0.002000	1.216755	3.997731	-0.999955	0.000000
2.816833	1.000104	6117.442019	4078.719219	0.000000	0.000000	-51.553170	0.002000	1.216755	3.997731	-0.999955	0.000000
2.836833	1.000104	6117.442019	4078.719219	0.000000	0.000000	-51.553170	0.002000	1.216755	3.997731	-0.999955	0.000000
2.856833	1.000104	6117.442019	4078.719219	0.000000	0.000000	-51.553170	0.002000	1.216755	3.997731	-0.999955	0.000000
2.876833	1.000104	6117.442019	4078.719219	0.000000	0.000000	-51.553170	0.002000	1.216755	3.997731	-0.999955	0.000000
2.896833	1.000104	6117.442019	4078.719219	0.000000	0.000000	-51.553170	0.002000	1.216755	3.997731	-0.999955	0.000000
2.916833	1.000104	6117.442019	4078.719219	0.000000	0.000000	-51.553170	0.002000	1.216755	3.997731	-0.999955	0.000000
2.936833	1.000104	6117.442019	4078.719219	0.000000	0.000000	-51.553170	0.002000	1.216755	3.997731	-0.999955	0.000000
2.956833	1.000104	6117.442019	4078.719219	0.000000	0.000000	-51.553170	0.002000	1.216755	3.997731	-0.999955	0.000000
2.976833	1.000104	6117.442019	4078.719219	0.000000	0.000000	-51.553170	0.002000	1.216755	3.997731	-0.999955	0.000000
2.996833	1.000104	6117.442019	4078.719219	0.000000	0.000000	-51.553170	0.002000	1.216755	3.997731	-0.999955	0.000000
3.016833	1.000104	6117.442019	4078.719219	0.000000	0.000000	-51.553170	0.002000	1.216755	3.997731	-0.999955	0.000000
3.036833	1.000104	6117.442019	4078.719219	0.000000	0.000000	-51.553170	0.002000	1.216755	3.997731	-0.999955	0.000000
3.056833	1.000104	6117.442019	4078.719219	0.000000	0.000000	-51.553170	0.002000	1.216755	3.997731	-0.999955	0.000000
3.076833	1.000104	6117.442019	4078.719219	0.000000	0.000000	-51.553170	0.002000	1.216755	3.997731	-0.999955	0.000000
3.096833	1.000104	6117.442019	4078.719219	0.000000	0.000000	-51.553170	0.002000	1.216755	3.997731	-0.999955	0.000000
3.116833	1.000104	6117.442019	4078.719219	0.000000	0.000000	-51.553170	0.002000	1.216755	3.997731	-0.999955	0.000000
3.136833	1.000104	6117.442019	4078.719219	0.000000	0.000000	-51.553170	0.002000	1.216755	3.997731	-0.999955	0.000000
3.156833	1.000104	6117.442019	4078.719219	0.000000	0.000000	-51.553170	0.002000	1.216755	3.997731	-0.999955	0.000000
3.176833	1.000104	6117.442019	4078.719219	0.000000	0.000000	-51.553170	0.002000	1.216755	3.997731	-0.999955	0.000000
3.196833	1.000104	6117.442019	4078.719219	0.000000	0.000000	-51.553170	0.002000	1.216755	3.997731	-0.999955	0.000000
3.216833	1.000104	6117.442019	4078.719219	0.000000	0.000000	-51.553170	0.002000	1.216755	3.997731	-0.999955	0.000000
3.236833	1.000104	6117.442019	4078.719219	0.000000	0.000000	-51.553170	0.002000	1.216755	3.997731	-0.999955	0.000000
3.256833	1.000104	6117.442019	4078.719219	0.000000	0.000000	-51.553170	0.002000	1.216755	3.997731	-0.999955	0.000000
3.276833	1.000104	6117.442019	4078.719219	0.000000	0.000000	-51.553170	0.002000	1.216755	3.997731	-0.999955	0.000000
3.296833	1.000104	6117.442019	4078.719219	0.000000	0.000000	-51.553170	0.002000	1.216755	3.997731	-0.999955	0.000000
3.316833	1.000104	6117.442019	4078.719219	0.000000	0.000000	-51.553170	0.002000	1.216755	3.997731	-0.999955	0.000000
3.336833	1.000104	6117.442019	4078.719219	0.000000	0.000000	-51.553170	0.002000	1.216755	3.997731	-0.999955	0.000000
3.356833	1.000104	6117.442019	4078.719219	0.000000	-0.000000	-51.553170	0.002000	1.216755	3.997731	-0.999955	0.000000
3.376833	1.000104	6117.442019	4078.719219	0.000000	-0.000000	-51.553170	0.002000	1.216755	3.997731	-0.999955	0.000000
3.396833	1.000104	6117.442019	4078.719219	0.000000	-0.000000	-51.553170	0.002000	1.216755	3.997731	-0.999955	0.000000
3.416833	1.000104	6117.442019	4078.719219	0.000000	-0.000000	-51.553170	0.002000	1.216755	3.997731	-0.999955	0.000000
3.436833	1.000104	6117.442019	4078.719219	0.000000	-0.000000	-51.553170	0.002000	1.216755	3.997731	-0.999955	0.000000
3.456833	1.000104	6117.442019	4078.719219	0.000000	-0.000000	-51.553170	0.002000	1.216755	3.997731	-0.999955	0.000000
3.476833	1.000104	6117.442019	4078.719219	-0.000000	-0.000000	-51.553170	0.002000	1.216755	3.997731	-0.999955	0.000000
3.496833	1.000104	6117.442019	4078.719219	-0.000000	-0.000000	-51.553170	0.002000	1.216755	3.997731	-0.999955	0.000000
3.516833	1.000104	6117.442019	4078.719219	-0.000000	-0.000000	-51.553170	0.002000	1.216755	3.997731	-0.999955	0.000000
3.536833	1.000104	6117.442019	4078.719219	-0.000000	-0.000000	-51.553170	0.002000	1.216755	3.997731	-0.999955	0.000000
3.556833	1.000104	6117.442019	4078.719219	0.000000	-0.000001	-51.553170	0.002000	1.216755	3.997731	-0.999955	0.000000
3.576833	1.000104	6117.442019	4078.719219	0.000000	0.000001	-51.553170	0.002000	1.216755	3.997731	-0.999955	0.000000
3.596833	1.000104	6117.442019	4078.719219	-0.000000	0.000001	-51.553170	0.002000	1.216755	3.997731	-0.999955	0.000000
3.616833	1.000104	6117.442019	4078.719219	-0.000000	0.000000	-51.553170	0.002000	1.216755	3.997731	-0.999955	0.000000
3.636833	1.000104	6117.442019	4078.719219	-0.000000	-0.000001	-51.553170	0.002000	1.216755	3.997731	-0.999955	0.000000
3.656833	1.000104	6117.442019	4078.719219	0.000000	-0.000001	-51.553170	0.002000	1.216755	3.997731	-0.999955	0.000000
3.676833	1.000104	6117.442019	4078.719219	0.000000	0.000001	-51.553170	0.002000	1.216755	3.997731	-0.999955	0.000000
3.696833	1.000104	6117.442019	4078.719219	0.000000	0.000001	-51.553170	0.002000	1.216755	3.997731	-0.999955	0.000000
3.716833	1.000104	6117.442019	4078.719219	-0.000000	0.000001	-51.553170	0.002000	1.216755	3.997731	-0.999955	0.000000
3.736833	1.000104	6117.442019	4078.719219	-0.000000	0.000001	-51.553170	0.002000	1.216755	3.997731	-0.999955	0.000000
3.756833	1.000104	6117.442019	4078.719219	-0.000000	-0.000002	-51.553170	0.002000	1.216755	3.997731	-0.999955	0.000000
3.776833	1.000104	6117.442019	4078.719219	0.000000	-0.000001	-51.553170	0.002000	1.216755	3.997731	-0.999955	0.000000
3.796833	1.000104	6117.442019	4078.719219	0.000000	0.000001	-51.553170	0.002000	1.216755	3.997731	-0.999955	0.000000
3.816833	1.000104	6117.442019	4078.719219	0.000000	0.000001	-51.553170	0.002000	1.216755	3.997731	-0.999955	0.000000
3.836833	1.000104	6117.442019	4078.719219	-0.000000	0.000002	-51.553170	0.002000	1.216755	3.997731	-0.999955	0.000000
3.856833	1.000104	6117.442019	4078.719219	-0.000000	-0.000003	-51.553170	0.002000	1.216755	3.997731	-0.999955	0.000000
3.876833	1.000104	6117.442019	4078.719219	0.000000	-0.000000	-51.553170	0.002000	1.216755	3.997731	-0.999955	0.000000
3.896833	1.000104	6117.442019	4078.719219	-0.000000	0.000000	-51.553170	0.002000	1.216755	3.997731	-0.999955	0.000000
3.916833	1.000104	6117.442019	4078.719219	0.000000	-0.000000	-51.553170	0.002000	1.216755	3.997731	-0.999955	0.000000
3.936833	1.000104	6117.442019	4078.719219	-0.000000	0.000002	-51.553170	0.002000	1.216755	3.997731	-0.999955	0.000000
3.956833	1.000104	6117.442019	4078.719219	-0.000000	-0.000001	-51.553170	0.002000	1.216755	3.997731	-0.999955	0.000000
3.976833	1.000104	6117.442019	4078.719219	0.000000	-0.000002	-51.553170	0.002000	1.216755	3.997731	-0.999955	0.000000
3.996833	1.000104	6117.442019	4078.719219	0.000000	0.000001	-51.553170	0.002000	1.216755	3.997731	-0.999955	0.000000
4.016833	1.000104	6117.442019	4078.719219	-0.000000	0.000000	-51.553170	0.002000	1.216755	3.997731	-0.999955	0.000000
4.036833	1.000104	6117.442019	4078.719219	0.000000	-0.000001	-51.553170	0.002000	1.216755	3.997731	-0.999955	0.000000
4.056833	1.000104	6117.442019	4078.719219	0.000000	0.000001	-51.553170	0.002000	1.216755	3.997731	-0.999955	0.000000
4.076833	1.000104	6117.442019	4078.719219	-0.000000	0.000001	-51.553170	0.002000	1.216755	3.997731	-0.999955	0.000000
4.096833	1.000104	6117.442019	4078.719219	0.000000	-0.000001	-51.553170	0.002000	1.216755	3.997731	-0.999955	0.000000
4.116833	1.000104	6117.442019	4078.719219	0.000000	0.000001	-51.553170	0.002000	1.216755	3.997731	-0.999955	0.000000
4.136833	1.000104	6117.442019	4078.719219	-0.000000	0.000001	-51.553170	0.002000	1.216755	3.997731	-0.999955	0.000000
4.156833	1.000104	6117.442019	4078.719219	-0.000000	-0.000001	-51.553170	0.002000	1.216755	3.997731	-0.999955	0.000000
4.176833	1.000104	6117.442019	4078.719219	0.000000	-0.000000	-51.553170	0.002000	1.216755	3.997731	-0.999955	0.000000
4.196833	1.000104	6117.442019	4078.719219	0.000000	0.000002	-51.553170	0.002000	1.216755	3.997731	-0.999955	0.000000
4.216833	1.000104	6117.442019	4078.719219	-0.000000	-0.000001	-51.553170	0.002000	1.216755	3.997731	-0.999955	0.000000
4.236833	1.000104	6117.442019	4078.719219	0.000000	-0.000001	-51.553170	0.002000	1.216755	3.997731	-0.999955	0.000000
4.256833	1.000104	6117.442019	4078.719219	-0.000000	0.000002	-51.553170	0.002000	1.216755	3.997731	-0.999955	0.000000
4.276833	1.000104	6117.442019	4078.719219	-0.000000	-0.000000	-51.553170	0.002000	1.216755	3.997731	-0.999955	0.000000
4.296833	1.000104	6117.442019	4078.719219	-0.000000	-0.000002	-51.553170	0.002000	1.216755	3.997731	-0.999955	0.000000
4.316833	1.000104	6117.442019	4078.719219	0.000000	-0.000001	-51.553170	0.002000	1.216755	3.997731	-0.999955	0.000000
4.336833	1.000104	6117.442019	4078.719219	0.000000	0.000003	-51.553170	0.002000	1.216755	3.997731	-0.999955	0.000000
4.356833	1.000104	6117.442019	4078.719219	-0.000000	-0.000001	-51.553170	0.002000	1.216755	3.997731	-0.999955	0.000000
4.376833	1.000104	6117.442019	4078.719219	0.000000	-0.000002	-51.553170	0.002000	1.216755	3.997731	-0.999955	0.000000
4.396833	1.000104	6117.442019	4078.719219	0.000000	0.000002	-51.553170	0.002000	1.216755	3.997731	-0.999955	0.000000
4.416833	1.000104	6117.442019	4078.719219	-0.000000	0.000003	-51.553170	0.002000	1.216755	3.997731	-0.999955	0.000000
4.436833	1.000104	6117.442019	4078.719219	-0.000000	0.000001	-51.553170	0.002000	1.216755	3.997731	-0.999955	0.000000
4.456833	1.000104	6117.442019	4078.719219	0.000000	-0.000001	-51.553170	0.002000	1.216755	3.997731	-0.999955	0.000000
4.476833	1.000104	6117.442019	4078.719219	0.000000	0.000000	-51.553170	0.002000	1.216755	3.997731	-0.999955	0.000000
4.496833	1.000104	6117.442019	4078.719219	0.000000	-0.000002	-51.553170	0.002000	1.216755	3.997731	-0.999955	0.000000
4.516833	1.000104	6117.442019	4078.719219	0.000000	-0.000000	-51.553170	0.002000	1.216755	3.997731	-0.999955	0.000000
4.536833	1.000104	6117.442019	4078.719219	0.000000	-0.000001	-51.553170	0.002000	1.216755	3.997731	-0.999955	0.000000
4.556833	1.000104	6117.442019	4078.719219	0.000000	-0.000000	-51.553170	0.002000	1.216755	3.997731	-0.999955	0.000000
4.576833	1.000104	6117.442019	4078.719219	-0.000000	0.000001	-51.553170	0.002000	1.216755	3.997731	-0.999955	0.000000
4.596833	1.000104	6117.442019	4078.719219	-0.000000	-0.000002	-51.553170	0.002000	1.216755	3.997731	-0.999955	0.000000
4.616833	1.000104	6117.442019	4078.719219	0.000000	-0.000000	-51.553170	0.002000	1.216755	3.997731	-0.999955	0.000000
4.636833	1.000104	6117.442019	4078.719219	-0.000000	0.000001	-51.553170	0.002000	1.216755	3.997731	-0.999955	0.000000
4.656833	1.000104	6117.442019	4078.719219	-0.000000	-0.000005	-51.553170	0.002000	1.216755	3.997731	-0.999955	0.000000
4.676833	1.000104	6117.442019	4078.719219	0.000000	-0.000000	-51.553170	0.002000	1.216755	3.997731	-0.999955	0.000000
4.696833	1.000104	6117.442019	4078.719219	-0.000000	0.000004	-51.553170	0.002000	1.216755	3.997731	-0.999955	0.000000
4.716833	1.000104	6117.442019	4078.719219	-0.000000	-0.000000	-51.553170	0.002000	1.216755	3.997731	-0.999955	0.000000
4.736833	1.000104	6117.442019	4078.719219	0.000000	0.000001	-51.553170	0.002000	1.216755	3.997731	-0.999955	0.000000
4.756833	1.000104	6117.442019	4078.719219	-0.000000	0.000003	-51.553170	0.002000	1.216755	3.997731	-0.999955	0.000000
4.776833	1.000104	6117.442019	4078.719219	-0.000000	-0.000001	-51.553170	0.002000	1.216755	3.997731	-0.999955	0.000000
4.796833	1.000104	6117.442019	4078.719219	0.000000	-0.000000	-51.553170	0.002000	1.216755	3.997731	-0.999955	0.000000
4.816833	1.000104	6117.442019	4078.719219	0.000000	0.000004	-51.553170	0.002000	1.216755	3.997731	-0.999955	0.000000
4.836833	1.000104	6117.442019	4078.719219	-0.000000	-0.000000	-51.553170	0.002000	1.216755	3.997731	-0.999955	0.000000
4.856833	1.000104	6117.442019	4078.719219	0.000000	-0.000005	-51.553170	0.002000	1.216755	3.997731	-0.999955	0.000000
4.876833	1.000104	6117.442019	4078.719219	0.000000	-0.000000	-51.553170	0.002000	1.216755	3.997731	-0.999955	0.000000
4.896833	1.000104	6117.442019	4078.719219	-0.000000	-0.000001	-51.553170	0.002000	1.216755	3.997731	-0.999955	0.000000
4.916833	1.000104	6117.442019	4078.719219	-0.000000	-0.000003	-51.553170	0.002000	1.216755	3.997731	-0.999955	0.000000
4.936833	1.000104	6117.442019	4078.719219	0.000000	-0.000000	-51.553170	0.002000	1.216755	3.997731	-0.999955	0.000000
4.956833	1.000104	6117.442019	4078.719219	0.000000	0.000003	-51.553170	0.002000	1.216755	3.997731	-0.999955	0.000000
4.976833	1.000104	6117.442019	4078.719219	0.000000	0.000005	-51.553170	0.002000	1.216755	3.997731	-0.999955	0.000000
4.996833	1.000104	6117.442019	4078.719219	-0.000000	0.000001	-51.553170	0.002000	1.216755	3.997731	-0.999955	0.000000
5.016833	1.000104	6117.442019	4078.719219	-0.000000	-0.000003	-51.553170	0.002000	1.216755	3.997731	-0.999955	0.000000
5.036833	1.000104	6117.442019	4078.719219	0.000000	-0.000001	-51.553170	0.002000	1.216755	3.997731	-0.999955	0.000000
5.056833	1.000104	6117.442019	4078.719219	0.000000	-0.000000	-51.553170	0.002000	1.216755	3.997731	-0.999955	0.000000
5.076833	1.000104	6117.442019	4078.719219	0.000000	-0.000000	-51.553170	0.002000	1.216755	3.997731	-0.999955	0.000000
5.096833	1.000104	6117.442019	4078.719219	0.000000	-0.000000	-51.553170	0.002000	1.216755	3.997731	-0.999955	0.000000
5.116833	1.000104	6117.442019	4078.719219	0.000000	-0.000000	-51.553170	0.002000	1.216755	3.997731	-0.999955	0.000000
5.136833	1.000104	6117.442019	4078.719219	0.000000	-0.000000	-51.553170	0.002000	1.216755	3.997731	-0.999955	0.000000
5.156833	1.000104	6117.442019	4078.719219	0.000000	-0.000000	-51.553170	0.002000	1.216755	3.997731	-0.999955	0.000000
5.176833	1.000104	6117.442019	4078.719219	0.000000	-0.000000	-51.553170	0.002000	1.216755	3.997731	-0.999955	0.000000
5.196833	1.000104	6117.442019	4078.719219	0.000000	-0.000000	-51.553170	0.002000	1.216755	3.997731	-0.999955	0.000000
5.216833	1.000104	6117.442019	4078.719219	0.000000	-0.000000	-51.553170	0.002000	1.216755	3.997731	-0.999955	0.000000
5.236833	1.000104	6117.442019	4078.719219	0.000000	-0.000000	-51.553170	0.002000	1.216755	3.997731	-0.999955	0.000000
5.256833	1.000104	6117.442019	4078.719219	0.000000	0.000000	-51.553170	0.002000	1.216755	3.997731	-0.999955	0.000000
5.276833	1.000104	6117.442019	4078.719219	0.000000	0.000000	-51.553170	0.002000	1.216755	3.997731	-0.999955	0.000000
5.296833	1.000104	6117.442019	4078.719219	0.000000	0.000000	-51.553170	0.002000	1.216755	3.997731	-0.999955	0.000000
5.316833	1.000104	6117.442019	4078.719219	0.000000	0.000000	-51.553170	0.002000	1.216755	3.997731	-0.999955	0.000000
5.336833	1.000104	6117.442019	4078.719219	0.000000	0.000000	-51.553170	0.002000	1.216755	3.997731	-0.999955	0.000000
5.356833	1.000104	6117.442019	4078.719219	0.000000	0.000000	-51.553170	0.002000	1.216755	3.997731	-0.999955	0.000000
5.376833	1.000104	6117.442019	4078.719219	0.000000	0.000000	-51.553170	0.002000	1.216755	3.997731	-0.999955	0.000000
5.396833	1.000104	6117.442019	4078.719219	0.000000	0.000000	-51.553170	0.002000	1.216755	3.997731	-0.999955	0.000000
5.416833	1.000104	6117.442019	4078.719219	0.000000	0.000000	-51.553170	0.002000	1.216755	3.997731	-0.999955	0.000000
5.436833	1.000104	6117.442019	4078.719219	0.000000	0.000000	-51.553170	0.002000	1.216755	3.997731	-0.999955	0.000000
5.456833	1.000104	6117.442019	4078.719219	-0.000000	0.000001	-51.553170	0.002000	1.216755	3.997731	-0.999955	0.000000
5.476833	1.000104	6117.442019	4078.719219	-0.000000	0.000003	-51.553170	0.002000	1.216755	3.997731	-0.999955	0.000000
5.496833	1.000104	6117.442019	4078.719219	-0.000000	0.000006	-51.553170	0.002000	1.216755	3.997731	-0.999955	0.000000
5.516833	1.000104	6117.442019	4078.719219	-0.000000	0.000014	-51.553170	0.002000	1.216755	3.997731	-0.999955	0.000000
5.536833	1.000104	6117.442019	4078.719219	-0.000001	0.000041	-51.553170	0.002000	1.216755	3.997731	-0.999955	0.000000
5.556833	1.000104	6117.442019	4078.719220	-0.000001	0.000105	-51.553170	0.002000	1.216755	3.997731	-0.999955	0.000000
5.576833	1.000104	6117.442019	4078.719220	-0.000004	0.000247	-51.553170	0.002000	1.216755	3.997731	-0.999955	0.000000
5.596833	1.000104	6117.442019	4078.719220	-0.000008	0.000533	-51.553170	0.002000	1.216755	3.997731	-0.999955	0.000000
5.616833	1.000104	6117.442019	4078.719220	-0.000017	0.001076	-51.553170	0.002000	1.216755	3.997731	-0.999955	0.000000
5.636833	1.000104	6117.442019	4078.719220	-0.000034	0.001877	-51.553170	0.002000	1.216755	3.997731	-0.999955	0.000000
5.656833	1.000104	6117.442019	4078.719220	-0.000054	0.002227	-51.553170	0.002000	1.216755	3.997731	-0.999955	0.000000
5.676833	1.000104	6117.442019	4078.719220	-0.000045	-0.001321	-51.553170	0.002000	1.216755	3.997731	-0.999955	0.000000
5.696833	1.000104	6117.442019	4078.719220	0.000136	-0.021678	-51.553170	0.002000	1.216755	3.997731	-0.999955	0.000000
5.716833	1.000104	6117.442019	4078.719219	0.000989	-0.100795	-51.553170	0.002000	1.216755	3.997731	-0.999955	0.000000
5.736833	1.000104	6117.442017	4078.719217	0.004087	-0.363751	-51.553170	0.002000	1.216755	3.997731	-0.999955	0.000000
5.756833	1.000104	6117.442008	4078.719209	0.014005	-1.161269	-51.553170	0.002000	1.216755	3.997731	-0.999955	0.000000
5.776833	1.000104	6117.441981	4078.719181	0.043308	-3.430034	-51.553170	0.002000	1.216755	3.997731	-0.999955	0.000000
5.796833	1.000104	6117.441901	4078.719095	0.124968	-9.550820	-51.553170	0.002000	1.216755	3.997731	-0.999955	0.000000
5.816833	1.000104	6117.441677	4078.718848	0.341626	-25.358756	-51.553170	0.002000	1.216755	3.997731	-0.999955	0.000000
5.836833	1.000104	6117.441078	4078.718178	0.892486	-64.592721	-51.553169	0.002000	1.216755	3.997730	-0.999955	0.000000
5.856833	1.000104	6117.439548	4078.716438	2.239387	-158.405859	-51.553166	0.002000	1.216755	3.997730	-0.999955	0.000000
5.876833	1.000103	6117.435784	4078.712091	5.412823	-374.813856	-51.553159	0.002000	1.216755	3.997730	-0.999955	0.000000
5.896833	1.000102	6117.426851	4078.701629	12.624889	-856.698299	-51.553143	0.002000	1.216755	3.997729	-0.999956	0.000000
5.916833	1.000099	6117.406384	4078.677322	28.439306	-1892.486568	-51.553104	0.002000	1.216755	3.997728	-0.999957	0.000000
5.936833	1.000093	6117.361068	4078.622770	61.889563	-4040.584487	-51.553018	0.002000	1.216755	3.997725	-0.999960	0.000000
5.956833	1.000080	6117.264116	4078.504463	130.090667	-8335.111760	-51.552828	0.002000	1.216755	3.997718	-0.999965	0.000000
5.976834	1.000051	6117.063742	4078.256581	263.980783	-16601.586667	-51.552430	0.002000	1.216755	3.997704	-0.999978	0.000000
5.996835	0.999991	6116.663945	4077.755063	516.695365	-31897.816188	-51.551621	0.002000	1.216755	3.997676	-1.000003	0.000000
6.016838	0.999874	6115.894505	4076.776038	974.463361	-59054.507354	-51.550033	0.002000	1.216755	3.997622	-1.000053	0.000000
6.036844	0.999650	6114.467626	4074.933891	1768.541287	-105210.345458	-51.547034	0.002001	1.216755	3.997522	-1.000150	0.000000
6.056856	0.999239	6111.921041	4071.596841	3084.467524	-180119.539815	-51.541583	0.002002	1.216755	3.997343	-1.000326	0.000000
6.076878	0.998513	6107.552390	4065.784577	5162.303170	-295891.497512	-51.532056	0.002003	1.216755	3.997035	-1.000639	0.000000
6.096918	0.997281	6100.357259	4056.063848	8279.967738	-465786.788474	-51.516074	0.002005	1.216755	3.996527	-1.001171	0.000000
6.116988	0.995273	6088.991349	4040.472221	12713.580564	-701857.610750	-51.490356	0.002010	1.216755	3.995723	-1.002039	0.000000
6.137108	0.992136	6071.781372	4016.511683	18675.941213	-1011659.065331	-51.450687	0.002016	1.216755	3.994501	-1.003400	0.000000
6.157304	0.987440	6046.803949	3981.252715	26246.072665	-1394865.846141	-51.392035	0.002025	1.216755	3.992720	-1.005449	0.000000
6.177615	0.980698	6012.033814	3931.568266	35313.649838	-1841085.740136	-51.308853	0.002039	1.216755	3.990227	-1.008410	0.000000
6.198088	0.971408	5965.537763	3864.475855	45564.396875	-2330032.131345	-51.195518	0.002059	1.216755	3.986868	-1.012525	0.000000
6.218788	0.959103	5905.668722	3777.519306	56518.366779	-2834354.998217	-51.046807	0.002085	1.216755	3.982500	-1.018042	0.000000
6.239790	0.943398	5831.209367	3669.101686	67612.454009	-3324362.454474	-50.858276	0.002120	1.216755	3.977003	-1.025192	0.000000
6.261186	0.924018	5741.434268	3538.678837	78298.226844	-3772883.837824	-50.626455	0.002164	1.216755	3.970278	-1.034185	0.000000
6.283081	0.900825	5636.053972	3386.789333	88118.388782	-4159134.879182	-50.348802	0.002220	1.216755	3.962244	-1.045204	0.000000
6.305598	0.873806	5515.070076	3214.911221	96755.359518	-4470667.112611	-50.023480	0.002289	1.216755	3.952831	-1.058410	0.000000
6.328874	0.843070	5378.418994	3025.161914	104025.411818	-4703546.099371	-49.649089	0.002372	1.216755	3.941944	-1.073943	0.000000
6.353071	0.808831	5225.483853	2819.933320	109862.830616	-4862361.985536	-49.224188	0.002473	1.216755	3.929424	-1.091933	0.000000
6.378371	0.771335	5054.371339	2601.270362	114292.648058	-4956090.644198	-48.747287	0.002593	1.216755	3.914972	-1.112535	0.000000
6.404992	0.730803	4861.295791	2370.537233	117362.652710	-4995648.359001	-48.215926	0.002737	1.216755	3.898064	-1.135965	0.000000
6.433193	0.687086	4641.694384	2128.134000	119220.354548	-4980893.790494	-47.626343	0.002911	1.216755	3.877995	-1.162744	0.000000
6.463331	0.639500	4393.268395	1874.802306	119946.434515	-4892932.356575	-46.971223	0.003127	1.216755	3.854112	-1.193905	0.000000
6.495918	0.586484	4124.912162	1614.404059	119769.067438	-4702155.333924	-46.234577	0.003410	1.216755	3.826743	-1.231479	0.000000
6.531825	0.526104	3859.810490	1355.158042	118856.604582	-4381064.180614	-45.390428	0.003802	1.216755	3.797893	-1.278652	0.000000
6.572506	0.457430	3638.219929	1110.641315	117218.535959	-3969832.213142	-44.381881	0.004372	1.216755	3.772210	-1.339384	0.000000
6.620419	0.380229	3501.795635	888.584988	115604.448256	-3498230.218590	-43.130502	0.005260	1.216755	3.755598	-1.419647	0.000000
6.680355	0.299202	3493.723752	697.623098	112699.212729	-3062597.697389	-41.453828	0.006684	1.216755	3.754578	-1.523705	0.000000
6.759842	0.207527	3651.474157	505.722141	113446.947603	-2598519.666918	-39.042434	0.009637	1.216755	3.773733	-1.682570	0.000000
6.901446	0.118510	4691.779072	371.055861	110521.442644	-1901077.754748	-34.201826	0.016876	1.216755	3.882558	-1.925867	0.000000
-0.002986	3.351987	103003.717201	230178.894788	11.677316	0.000000	0.000960	0.000597	0.000000	5.224018	-0.474700	0.000000
-0.008951	3.360004	102732.711882	230121.854363	33.812653	0.000000	0.002785	0.000595	0.000000	5.222873	-0.473663	0.000000
-0.014894	3.375534	102211.919605	230013.392136	52.313767	0.000000	0.004340	0.000592	0.000000	5.220665	-0.471660	0.000000
-0.020804	3.397638	101481.024811	229863.925808	64.972721	0.000000	0.005481	0.000589	0.000000	5.217547	-0.468825	0.000000
-0.026670	3.424985	100593.544255	229687.576742	70.020271	0.000000	0.006110	0.000584	0.000000	5.213732	-0.465342	0.000000
-0.032486	3.455952	99611.054966	229500.624135	66.496782	0.000000	0.006191	0.000579	0.000000	5.209468	-0.461432	0.000000
-0.038247	3.488754	98596.740755	229319.672745	54.582614	0.000000	0.005748	0.000573	0.000000	5.205022	-0.457329	0.000000
-0.043953	3.521584	97609.486782	229159.804235	35.787519	0.000000	0.004862	0.000568	0.000000	5.200650	-0.453260	0.000000
-0.049607	3.552775	96699.000810	229032.945143	12.852824	0.000000	0.003659	0.000563	0.000000	5.196580	-0.449430	0.000000
-0.055213	3.580932	95902.511108	228946.676532	-10.651661	0.000000	0.002290	0.000559	0.000000	5.192987	-0.446001	0.000000
-0.060777	3.605045	95243.129716	228903.648286	-30.979548	0.000000	0.000912	0.000555	0.000000	5.189991	-0.443087	0.000000
-0.066308	3.624546	94729.864452	228901.671902	-44.951288	0.000000	-0.000331	0.000552	0.000000	5.187645	-0.440744	0.000000
-0.071813	3.639311	94359.026168	228934.455738	-50.604857	0.000000	-0.001329	0.000550	0.000000	5.185942	-0.438979	0.000000
-0.077300	3.649610	94116.712233	228992.841752	-47.581384	0.000000	-0.002015	0.000548	0.000000	5.184826	-0.437753	0.000000
-0.082774	3.656015	93981.954325	229066.321323	-37.145703	0.000000	-0.002370	0.000547	0.000000	5.184205	-0.436992	0.000000
-0.088241	3.659282	93930.105089	229144.569447	-21.837522	0.000000	-0.002416	0.000547	0.000000	5.183966	-0.436605	0.000000
-0.093705	3.660235	93936.038810	229218.749594	-4.850478	0.000000	-0.002214	0.000546	0.000000	5.183994	-0.436492	0.000000
