0.002985	3.352757	102976.836226	230171.617043	11.559759	-2818241.445265	-0.000946	0.000597	1.216755	5.223904	-0.474601	0.000000
0.008949	3.360702	102708.518159	230115.404132	33.420476	-2536624.924362	-0.002745	0.000595	1.216755	5.222771	-0.473573	0.000000
0.014891	3.376095	102192.777020	230008.511652	51.561401	-2007477.658282	-0.004278	0.000592	1.216755	5.220584	-0.471588	0.000000
0.020800	3.398010	101468.694596	229861.190682	63.801140	-1294208.581537	-0.005403	0.000589	1.216755	5.217495	-0.468777	0.000000
0.026666	3.425136	100588.983413	229687.320462	68.476721	-481217.756628	-0.006027	0.000584	1.216755	5.213712	-0.465323	0.000000
0.032481	3.455873	99614.317310	229502.880591	64.775501	337006.269201	-0.006112	0.000579	1.216755	5.209482	-0.461442	0.000000
0.038243	3.488459	98606.998319	229324.152954	53.003181	1068521.121132	-0.005683	0.000573	1.216755	5.205067	-0.457365	0.000000
0.043950	3.521113	97625.166842	229165.920549	34.712052	1635923.222930	-0.004820	0.000568	1.216755	5.200720	-0.453318	0.000000
0.049604	3.552184	96718.019100	229039.887888	12.572190	1986208.695954	-0.003643	0.000563	1.216755	5.196665	-0.449502	0.000000
0.055211	3.580291	95922.565323	228953.535288	-10.020596	2096858.537117	-0.002302	0.000559	1.216755	5.193078	-0.446079	0.000000
0.060777	3.604424	95262.009468	228909.557360	-29.546704	1977405.214586	-0.000949	0.000555	1.216755	5.190077	-0.443162	0.000000
0.066309	3.624007	94745.731278	228905.951168	-43.036162	1666266.415842	0.000278	0.000552	1.216755	5.187718	-0.440809	0.000000
0.071814	3.638899	94370.622803	228936.716944	-48.653800	1223449.674024	0.001269	0.000550	1.216755	5.185996	-0.439028	0.000000
0.077301	3.649351	94123.471891	228993.037401	-46.046204	720300.852015	0.001959	0.000548	1.216755	5.184858	-0.437783	0.000000
0.082775	3.655910	93983.997757	229064.726569	-36.362454	228016.471731	0.002325	0.000547	1.216755	5.184214	-0.437004	0.000000
0.088243	3.659313	93928.132803	229141.703445	-21.942982	-193108.085964	0.002390	0.000547	1.216755	5.183957	-0.436601	0.000000
0.093707	3.660370	93931.144755	229215.256820	-5.759844	-501783.123255	0.002207	0.000546	1.216755	5.183971	-0.436476	0.000000
0.099171	3.659862	93970.252928	229278.923898	9.244940	-679788.476344	0.001852	0.000546	1.216755	5.184152	-0.436536	0.000000
0.104637	3.658471	94026.489070	229328.892862	20.754714	-731480.793404	0.001406	0.000547	1.216755	5.184412	-0.436702	0.000000
0.110106	3.656728	94085.691217	229363.937409	27.467819	-679271.300105	0.000944	0.000547	1.216755	5.184685	-0.436908	0.000000
0.115577	3.655006	94138.663711	229384.976213	29.209154	-556480.395583	0.000525	0.000547	1.216755	5.184930	-0.437113	0.000000
0.121051	3.653527	94180.662456	229394.404184	26.773420	-399429.485500	0.000187	0.000547	1.216755	5.185123	-0.437288	0.000000
0.126527	3.652388	94210.442104	229395.357301	21.579128	-240543.459514	-0.000054	0.000548	1.216755	5.185260	-0.437424	0.000000
0.132004	3.651595	94229.121942	229391.051577	15.249383	-103701.613124	-0.000200	0.000548	1.216755	5.185346	-0.437518	0.000000
0.137482	3.651102	94239.094123	229384.291081	9.233615	-2315.733474	-0.000266	0.000548	1.216755	5.185392	-0.437576	0.000000
0.142961	3.650832	94243.130452	229377.185138	4.551510	60109.622710	-0.000274	0.000548	1.216755	5.185410	-0.437608	0.000000
0.148440	3.650710	94243.764476	229371.065131	1.692105	87678.692857	-0.000246	0.000548	1.216755	5.185413	-0.437623	0.000000
0.153919	3.650669	94242.954303	229366.556326	0.654700	89008.477552	-0.000202	0.000548	1.216755	5.185409	-0.437628	0.000000
0.159398	3.650662	94241.980667	229363.743678	1.086278	74198.002527	-0.000157	0.000548	1.216755	5.185405	-0.437628	0.000000
0.164877	3.650659	94241.508668	229362.371171	2.457903	52467.532280	-0.000120	0.000548	1.216755	5.185403	-0.437629	0.000000
0.170356	3.650644	94241.737682	229362.026931	4.228343	30747.670035	-0.000095	0.000548	1.216755	5.185404	-0.437631	0.000000
0.175835	3.650616	94242.575866	229362.284908	5.960717	13204.728821	-0.000081	0.000548	1.216755	5.185408	-0.437634	0.000000
0.181314	3.650577	94243.795553	229362.792440	7.379287	1487.795175	-0.000078	0.000548	1.216755	5.185413	-0.437639	0.000000
0.186793	3.650532	94245.146983	229363.307591	8.371998	-4605.313529	-0.000081	0.000548	1.216755	5.185420	-0.437644	0.000000
0.192272	3.650489	94246.425334	229363.698798	8.955799	-6335.435476	-0.000087	0.000548	1.216755	5.185426	-0.437649	0.000000
0.197752	3.650451	94247.497683	229363.922281	9.225350	-5320.110511	-0.000094	0.000548	1.216755	5.185431	-0.437654	0.000000
0.203231	3.650421	94248.302064	229363.991180	9.302849	-3039.977197	-0.000101	0.000548	1.216755	5.185434	-0.437657	0.000000
0.208710	3.650400	94248.831423	229363.946444	9.300341	-579.746473	-0.000107	0.000548	1.216755	5.185437	-0.437660	0.000000
0.214190	3.650387	94249.112898	229363.834959	9.298777	1433.774590	-0.000112	0.000548	1.216755	5.185438	-0.437661	0.000000
0.219669	3.650382	94249.189151	229363.696452	9.342404	2764.619650	-0.000116	0.000548	1.216755	5.185438	-0.437662	0.000000
0.225149	3.650383	94249.104984	229363.558109	9.443869	3441.816883	-0.000118	0.000548	1.216755	5.185438	-0.437662	0.000000
0.230628	3.650389	94248.899720	229363.434561	9.594560	3629.434898	-0.000121	0.000548	1.216755	5.185437	-0.437661	0.000000
0.236108	3.650399	94248.604323	229363.330735	9.775566	3524.773279	-0.000123	0.000548	1.216755	5.185436	-0.437660	0.000000
0.241587	3.650412	94248.241594	229363.245551	9.966366	3296.115777	-0.000126	0.000548	1.216755	5.185434	-0.437658	0.000000
0.247066	3.650427	94247.827867	229363.175194	10.150129	3056.801557	-0.000128	0.000548	1.216755	5.185432	-0.437657	0.000000
0.252546	3.650443	94247.375059	229363.115389	10.315791	2864.955298	-0.000130	0.000548	1.216755	5.185430	-0.437655	0.000000
0.258025	3.650461	94246.892400	229363.062627	10.457794	2736.792051	-0.000133	0.000548	1.216755	5.185428	-0.437652	0.000000
0.263504	3.650480	94246.387601	229363.014566	10.574698	2663.703210	-0.000136	0.000548	1.216755	5.185425	-0.437650	0.000000
0.268984	3.650499	94245.867477	229362.969929	10.667462	2627.029666	-0.000138	0.000548	1.216755	5.185423	-0.437648	0.000000
0.274463	3.650519	94245.338182	229362.928182	10.737770	2607.918156	-0.000141	0.000548	1.216755	5.185421	-0.437646	0.000000
0.279942	3.650539	94244.805221	229362.889185	10.787286	2592.244734	-0.000144	0.000548	1.216755	5.185418	-0.437643	0.000000
0.285421	3.650559	94244.273378	229362.852925	10.817337	2571.859344	-0.000146	0.000548	1.216755	5.185416	-0.437641	0.000000
0.290901	3.650579	94243.746668	229362.819357	10.827869	2543.556589	-0.000149	0.000548	1.216755	5.185413	-0.437638	0.000000
0.296380	3.650599	94243.228325	229362.788339	10.818600	2507.346668	-0.000151	0.000548	1.216755	5.185411	-0.437636	0.000000
0.301859	3.650618	94242.720854	229362.759636	10.790082	2464.984116	-0.000154	0.000548	1.216755	5.185409	-0.437634	0.000000
0.307338	3.650636	94242.226120	229362.732955	10.739496	2418.336289	-0.000157	0.000548	1.216755	5.185406	-0.437632	0.000000
0.312817	3.650655	94241.745455	229362.707987	10.665375	2368.730430	-0.000159	0.000548	1.216755	5.185404	-0.437629	0.000000
0.318296	3.650672	94241.279777	229362.684436	10.572384	2317.726510	-0.000162	0.000548	1.216755	5.185402	-0.437627	0.000000
0.323775	3.650689	94240.829688	229362.662054	10.450893	2265.307049	-0.000164	0.000548	1.216755	5.185400	-0.437625	0.000000
0.329254	3.650706	94240.395567	229362.640670	10.296985	2210.041297	-0.000167	0.000548	1.216755	5.185398	-0.437623	0.000000
0.334733	3.650722	94239.977631	229362.620131	10.137052	2154.248360	-0.000169	0.000548	1.216755	5.185396	-0.437621	0.000000
0.340212	3.650737	94239.575982	229362.600353	9.932201	2095.956882	-0.000171	0.000548	1.216755	5.185394	-0.437620	0.000000
0.345691	3.650752	94239.190658	229362.581400	9.664616	2028.361789	-0.000173	0.000548	1.216755	5.185392	-0.437618	0.000000
0.351170	3.650766	94238.821631	229362.563170	9.464153	1963.811858	-0.000176	0.000548	1.216755	5.185391	-0.437616	0.000000
0.356648	3.650779	94238.468784	229362.545631	9.162664	1897.006691	-0.000178	0.000548	1.216755	5.185389	-0.437615	0.000000
0.362127	3.650792	94238.132038	229362.529265	8.663660	1798.208084	-0.000180	0.000548	1.216755	5.185387	-0.437613	0.000000
0.367606	3.650804	94237.811241	229362.513621	8.586167	1727.181192	-0.000182	0.000548	1.216755	5.185386	-0.437612	0.000000
0.373085	3.650816	94237.506003	229362.498390	8.192298	1667.797153	-0.000184	0.000548	1.216755	5.185384	-0.437610	0.000000
0.378564	3.650827	94237.216265	229362.485631	6.952932	1478.699459	-0.000185	0.000548	1.216755	5.185383	-0.437609	0.000000
0.384043	3.650837	94236.941836	229362.473124	7.791015	1434.445652	-0.000187	0.000548	1.216755	5.185382	-0.437608	0.000000
0.389521	3.650847	94236.681542	229362.458851	7.469812	1486.515004	-0.000189	0.000548	1.216755	5.185381	-0.437607	0.000000
0.395000	3.650856	94236.435866	229362.452094	3.141703	953.480152	-0.000189	0.000548	1.216755	5.185380	-0.437605	0.000000
0.400479	3.650865	94236.204980	229362.442648	8.552662	1085.456804	-0.000190	0.000548	1.216755	5.185378	-0.437604	0.000000
0.405957	3.650873	94235.984507	229362.419182	9.580700	1778.446520	-0.000194	0.000548	1.216755	5.185377	-0.437603	0.000000
0.411436	3.650881	94235.777755	229362.424189	-8.794278	-236.919567	-0.000193	0.000548	1.216755	5.185377	-0.437602	0.000000
0.416915	3.650889	94235.587565	229362.411781	17.898907	720.273798	-0.000191	0.000548	1.216755	5.185376	-0.437602	0.000000
0.422394	3.650895	94235.395256	229362.321367	28.502230	4738.667516	-0.000205	0.000548	1.216755	5.185375	-0.437601	0.000000
0.427872	3.650902	94235.217192	229362.348039	-54.878488	-3816.055411	-0.000200	0.000548	1.216755	5.185374	-0.437600	0.000000
0.433351	3.650907	94235.071287	229362.286916	69.463848	780.861158	-0.000188	0.000548	1.216755	5.185373	-0.437599	0.000000
0.438830	3.650907	94234.872485	229361.819301	139.111796	21601.577846	-0.000254	0.000548	1.216755	5.185372	-0.437599	0.000000
0.444308	3.650913	94234.693103	229361.834148	-244.216006	-15846.975412	-0.000237	0.000548	1.216755	5.185372	-0.437599	0.000000
0.449787	3.650912	94234.627553	229361.410387	328.637340	4633.081532	-0.000188	0.000548	1.216755	5.185371	-0.437599	0.000000
0.455266	3.650887	94234.276839	229358.876812	744.577532	109917.195517	-0.000513	0.000548	1.216755	5.185369	-0.437602	0.000000
0.460744	3.650885	94233.943880	229358.232644	-1008.392494	-53398.663479	-0.000493	0.000548	1.216755	5.185368	-0.437602	0.000000
0.466223	3.650845	94234.101920	229355.282960	1640.361214	38465.645685	-0.000314	0.000548	1.216755	5.185369	-0.437608	0.000000
0.471702	3.650680	94232.865832	229341.266680	4038.876843	570344.519831	-0.001950	0.000548	1.216755	5.185362	-0.437628	0.000000
0.477181	3.650598	94231.462506	229333.869370	-3869.871696	-126911.196473	-0.002204	0.000548	1.216755	5.185357	-0.437637	0.000000
0.482660	3.650313	94232.214598	229313.619868	8508.460356	303240.062415	-0.001709	0.000548	1.216755	5.185360	-0.437678	0.000000
0.488140	3.649349	94226.183973	229234.451064	22128.975359	3009192.647056	-0.010133	0.000548	1.216755	5.185328	-0.437796	0.000000
0.493622	3.648612	94218.101276	229172.608300	-12804.778317	145318.568152	-0.013364	0.000548	1.216755	5.185295	-0.437880	0.000000
0.499104	3.646733	94219.142739	229035.548466	45941.226396	2291409.566381	-0.013453	0.000548	1.216755	5.185296	-0.438142	0.000000
0.504591	3.641123	94186.648390	228579.506784	123041.121023	16294682.655810	-0.057846	0.000549	1.216755	5.185125	-0.438836	0.000000
0.510091	3.635558	94136.863939	228120.406080	-26396.525084	5509262.924726	-0.085448	0.000550	1.216755	5.184912	-0.439496	0.000000
0.515593	3.623498	94122.373214	227216.450354	255533.618997	17098981.114334	-0.101842	0.000552	1.216755	5.184827	-0.441135	0.000000
0.521125	3.590932	93935.118524	224572.003820	701002.307006	93636343.690542	-0.341301	0.000557	1.216755	5.183842	-0.445235	0.000000
0.526734	3.553301	93601.926016	221437.310527	93550.652348	66636518.768755	-0.551937	0.000563	1.216755	5.182341	-0.449838	0.000000
0.532377	3.484944	93358.214753	216083.155949	1352251.116110	142182264.404973	-0.714708	0.000574	1.216755	5.181089	-0.459217	0.000000
0.538188	3.317734	92087.272407	202026.207320	4145419.442759	652038715.128512	-2.002243	0.000603	1.216755	5.174319	-0.481659	0.000000
0.544456	3.132703	89309.431866	185100.963936	1456642.171824	772949811.319276	-3.554409	0.000638	1.216755	5.160785	-0.506124	0.000000
0.550983	2.946204	86534.623722	167691.002258	3125888.201540	1035887840.269510	-3.979931	0.000679	1.216755	5.146589	-0.534827	0.000000
0.557996	2.484302	78990.343091	125467.112511	21945529.829350	4037736411.848679	-8.748184	0.000805	1.216755	5.101160	-0.615379	0.000000
0.567578	1.823158	56771.850919	63523.194062	37881584.918919	8232249036.804971	-23.088113	0.001097	1.216755	4.943453	-0.753269	0.000000
0.581672	1.328876	28514.250494	22791.170130	26594705.053666	6395032490.553120	-38.722454	0.001505	1.216755	4.631961	-0.886943	0.000000
0.599347	1.101071	12129.236886	8193.869938	11153664.120054	2504110393.997501	-47.506300	0.001816	1.216755	4.263557	-0.962816	0.000000
0.618696	1.025182	7077.805349	4706.988451	3034812.682442	498350804.074300	-50.633068	0.001951	1.216755	4.050591	-0.990596	0.000000
0.638560	1.005299	6235.405791	4161.740558	600002.449177	62187888.221886	-51.387407	0.001989	1.216755	4.004558	-0.998031	0.000000
0.658537	1.001020	6132.891437	4090.425220	99769.130449	7756365.523811	-51.527667	0.001998	1.216755	3.998640	-0.999620	0.000000
0.678533	1.000244	6119.643761	4080.416880	13988.514829	1083238.090779	-51.549830	0.002000	1.216755	3.997861	-0.999905	0.000000
0.698533	1.000123	6117.757542	4078.955966	1679.042426	157590.172057	-51.552792	0.002000	1.216755	3.997749	-0.999948	0.000000
0.718533	1.000106	6117.485018	4078.749952	174.762800	22136.926216	-51.553133	0.002000	1.216755	3.997733	-0.999954	0.000000
0.738533	1.000104	6117.447467	4078.722901	15.599823	2901.580058	-51.553167	0.002000	1.216755	3.997731	-0.999955	0.000000
0.758533	1.000104	6117.442658	4078.719627	1.183303	351.251576	-51.553170	0.002000	1.216755	3.997731	-0.999955	0.000000
0.778533	1.000104	6117.442089	4078.719262	0.081771	39.302529	-51.553170	0.002000	1.216755	3.997731	-0.999955	0.000000
0.798533	1.000104	6117.442026	4078.719224	0.007525	4.108117	-51.553170	0.002000	1.216755	3.997731	-0.999955	0.000000
0.818533	1.000104	6117.442020	4078.719220	0.001295	0.412585	-51.553170	0.002000	1.216755	3.997731	-0.999955	0.000000
0.838533	1.000104	6117.442019	4078.719220	0.000265	0.042134	-51.553170	0.002000	1.216755	3.997731	-0.999955	0.000000
0.858533	1.000104	6117.442019	4078.719220	0.000048	0.004724	-51.553170	0.002000	1.216755	3.997731	-0.999955	0.000000
0.878533	1.000104	6117.442019	4078.719219	0.000007	0.000604	-51.553170	0.002000	1.216755	3.997731	-0.999955	0.000000
0.898533	1.000104	6117.442019	4078.719219	0.000001	0.000083	-51.553170	0.002000	1.216755	3.997731	-0.999955	0.000000
0.918533	1.000104	6117.442019	4078.719219	0.000000	0.000011	-51.553170	0.002000	1.216755	3.997731	-0.999955	0.000000
0.938533	1.000104	6117.442019	4078.719219	0.000000	0.000002	-51.553170	0.002000	1.216755	3.997731	-0.999955	0.000000
0.958533	1.000104	6117.442019	4078.719219	-0.000000	0.000001	-51.553170	0.002000	1.216755	3.997731	-0.999955	0.000000
0.978533	1.000104	6117.442019	4078.719219	-0.000000	-0.000000	-51.553170	0.002000	1.216755	3.997731	-0.999955	0.000000
0.998533	1.000104	6117.442019	4078.719219	0.000000	-0.000001	-51.553170	0.002000	1.216755	3.997731	-0.999955	0.000000
1.018533	1.000104	6117.442019	4078.719219	0.000000	0.000001	-51.553170	0.002000	1.216755	3.997731	-0.999955	0.000000
1.038533	1.000104	6117.442019	4078.719219	-0.000000	-0.000000	-51.553170	0.002000	1.216755	3.997731	-0.999955	0.000000
1.058533	1.000104	6117.442019	4078.719219	0.000000	-0.000001	-51.553170	0.002000	1.216755	3.997731	-0.999955	0.000000
1.078533	1.000104	6117.442019	4078.719219	-0.000000	0.000000	-51.553170	0.002000	1.216755	3.997731	-0.999955	0.000000
1.098533	1.000104	6117.442019	4078.719219	0.000000	-0.000001	-51.553170	0.002000	1.216755	3.997731	-0.999955	0.000000
1.118533	1.000104	6117.442019	4078.719219	0.000000	0.000000	-51.553170	0.002000	1.216755	3.997731	-0.999955	0.000000
1.138533	1.000104	6117.442019	4078.719219	0.000000	0.000001	-51.553170	0.002000	1.216755	3.997731	-0.999955	0.000000
1.158533	1.000104	6117.442019	4078.719219	-0.000000	0.000001	-51.553170	0.002000	1.216755	3.997731	-0.999955	0.000000
1.178533	1.000104	6117.442019	4078.719219	-0.000000	-0.000001	-51.553170	0.002000	1.216755	3.997731	-0.999955	0.000000
1.198533	1.000104	6117.442019	4078.719219	-0.000000	-0.000000	-51.553170	0.002000	1.216755	3.997731	-0.999955	0.000000
1.218533	1.000104	6117.442019	4078.719219	0.000000	-0.000002	-51.553170	0.002000	1.216755	3.997731	-0.999955	0.000000
1.238533	1.000104	6117.442019	4078.719219	0.000000	0.000000	-51.553170	0.002000	1.216755	3.997731	-0.999955	0.000000
1.258533	1.000104	6117.442019	4078.719219	-0.000000	0.000002	-51.553170	0.002000	1.216755	3.997731	-0.999955	0.000000
1.278533	1.000104	6117.442019	4078.719219	-0.000000	-0.000001	-51.553170	0.002000	1.216755	3.997731	-0.999955	0.000000
1.298533	1.000104	6117.442019	4078.719219	0.000000	0.000001	-51.553170	0.002000	1.216755	3.997731	-0.999955	0.000000
1.318533	1.000104	6117.442019	4078.719219	-0.000000	0.000001	-51.553170	0.002000	1.216755	3.997731	-0.999955	0.000000
1.338533	1.000104	6117.442019	4078.719219	-0.000000	-0.000001	-51.553170	0.002000	1.216755	3.997731	-0.999955	0.000000
1.358533	1.000104	6117.442019	4078.719219	0.000000	-0.000000	-51.553170	0.002000	1.216755	3.997731	-0.999955	0.000000
1.378533	1.000104	6117.442019	4078.719219	-0.000000	0.000001	-51.553170	0.002000	1.216755	3.997731	-0.999955	0.000000
1.398533	1.000104	6117.442019	4078.719219	-0.000000	-0.000000	-51.553170	0.002000	1.216755	3.997731	-0.999955	0.000000
1.418533	1.000104	6117.442019	4078.719219	0.000000	-0.000001	-51.553170	0.002000	1.216755	3.997731	-0.999955	0.000000
1.438533	1.000104	6117.442019	4078.719219	0.000000	0.000000	-51.553170	0.002000	1.216755	3.997731	-0.999955	0.000000
1.458533	1.000104	6117.442019	4078.719219	0.000000	0.000000	-51.553170	0.002000	1.216755	3.997731	-0.999955	0.000000
1.478533	1.000104	6117.442019	4078.719219	-0.000000	0.000001	-51.553170	0.002000	1.216755	3.997731	-0.999955	0.000000
1.498533	1.000104	6117.442019	4078.719219	-0.000000	-0.000000	-51.553170	0.002000	1.216755	3.997731	-0.999955	0.000000
1.518533	1.000104	6117.442019	4078.719219	0.000000	0.000002	-51.553170	0.002000	1.216755	3.997731	-0.999955	0.000000
1.538533	1.000104	6117.442019	4078.719219	-0.000000	-0.000000	-51.553170	0.002000	1.216755	3.997731	-0.999955	0.000000
1.558533	1.000104	6117.442019	4078.719219	0.000000	-0.000002	-51.553170	0.002000	1.216755	3.997731	-0.999955	0.000000
1.578533	1.000104	6117.442019	4078.719219	0.000000	0.000001	-51.553170	0.002000	1.216755	3.997731	-0.999955	0.000000
1.598533	1.000104	6117.442019	4078.719219	-0.000000	0.000001	-51.553170	0.002000	1.216755	3.997731	-0.999955	0.000000
1.618533	1.000104	6117.442019	4078.719219	-0.000000	-0.000001	-51.553170	0.002000	1.216755	3.997731	-0.999955	0.000000
1.638533	1.000104	6117.442019	4078.719219	-0.000000	-0.000001	-51.553170	0.002000	1.216755	3.997731	-0.999955	0.000000
1.658533	1.000104	6117.442019	4078.719219	0.000000	-0.000000	-51.553170	0.002000	1.216755	3.997731	-0.999955	0.000000
1.678533	1.000104	6117.442019	4078.719219	-0.000000	-0.000000	-51.553170	0.002000	1.216755	3.997731	-0.999955	0.000000
1.698533	1.000104	6117.442019	4078.719219	0.000000	-0.000001	-51.553170	0.002000	1.216755	3.997731	-0.999955	0.000000
1.718533	1.000104	6117.442019	4078.719219	0.000000	-0.000001	-51.553170	0.002000	1.216755	3.997731	-0.999955	0.000000
1.738533	1.000104	6117.442019	4078.719219	-0.000000	0.000001	-51.553170	0.002000	1.216755	3.997731	-0.999955	0.000000
1.758533	1.000104	6117.442019	4078.719219	-0.000000	0.000000	-51.553170	0.002000	1.216755	3.997731	-0.999955	0.000000
1.778533	1.000104	6117.442019	4078.719219	0.000000	-0.000001	-51.553170	0.002000	1.216755	3.997731	-0.999955	0.000000
1.798533	1.000104	6117.442019	4078.719219	0.000000	0.000000	-51.553170	0.002000	1.216755	3.997731	-0.999955	0.000000
1.818533	1.000104	6117.442019	4078.719219	-0.000000	0.000001	-51.553170	0.002000	1.216755	3.997731	-0.999955	0.000000
1.838533	1.000104	6117.442019	4078.719219	-0.000000	-0.000001	-51.553170	0.002000	1.216755	3.997731	-0.999955	0.000000
1.858533	1.000104	6117.442019	4078.719219	0.000000	-0.000001	-51.553170	0.002000	1.216755	3.997731	-0.999955	0.000000
1.878533	1.000104	6117.442019	4078.719219	0.000000	0.000000	-51.553170	0.002000	1.216755	3.997731	-0.999955	0.000000
1.898533	1.000104	6117.442019	4078.719219	-0.000000	0.000001	-51.553170	0.002000	1.216755	3.997731	-0.999955	0.000000
1.918533	1.000104	6117.442019	4078.719219	-0.000000	-0.000002	-51.553170	0.002000	1.216755	3.997731	-0.999955	0.000000
1.938533	1.000104	6117.442019	4078.719219	0.000000	-0.000000	-51.553170	0.002000	1.216755	3.997731	-0.999955	0.000000
1.958533	1.000104	6117.442019	4078.719219	0.000000	0.000001	-51.553170	0.002000	1.216755	3.997731	-0.999955	0.000000
1.978533	1.000104	6117.442019	4078.719219	-0.000000	-0.000000	-51.553170	0.002000	1.216755	3.997731	-0.999955	0.000000
1.998533	1.000104	6117.442019	4078.719219	0.000000	0.000000	-51.553170	0.002000	1.216755	3.997731	-0.999955	0.000000
2.018533	1.000104	6117.442019	4078.719219	-0.000000	0.000001	-51.553170	0.002000	1.216755	3.997731	-0.999955	0.000000
2.038533	1.000104	6117.442019	4078.719219	-0.000000	0.000000	-51.553170	0.002000	1.216755	3.997731	-0.999955	0.000000
2.058533	1.000104	6117.442019	4078.719219	-0.000000	-0.000001	-51.553170	0.002000	1.216755	3.997731	-0.999955	0.000000
2.078533	1.000104	6117.442019	4078.719219	0.000000	-0.000001	-51.553170	0.002000	1.216755	3.997731	-0.999955	0.000000
2.098533	1.000104	6117.442019	4078.719219	0.000000	-0.000000	-51.553170	0.002000	1.216755	3.997731	-0.999955	0.000000
2.118533	1.000104	6117.442019	4078.719219	-0.000000	0.000001	-51.553170	0.002000	1.216755	3.997731	-0.999955	0.000000
2.138533	1.000104	6117.442019	4078.719219	-0.000000	-0.000001	-51.553170	0.002000	1.216755	3.997731	-0.999955	0.000000
2.158533	1.000104	6117.442019	4078.719219	0.000000	-0.000001	-51.553170	0.002000	1.216755	3.997731	-0.999955	0.000000
2.178533	1.000104	6117.442019	4078.719219	0.000000	0.000001	-51.553170	0.002000	1.216755	3.997731	-0.999955	0.000000
2.198533	1.000104	6117.442019	4078.719219	0.000000	-0.000001	-51.553170	0.002000	1.216755	3.997731	-0.999955	0.000000
2.218533	1.000104	6117.442019	4078.719219	0.000000	0.000001	-51.553170	0.002000	1.216755	3.997731	-0.999955	0.000000
2.238533	1.000104	6117.442019	4078.719219	-0.000000	0.000001	-51.553170	0.002000	1.216755	3.997731	-0.999955	0.000000
2.258533	1.000104	6117.442019	4078.719219	-0.000000	-0.000001	-51.553170	0.002000	1.216755	3.997731	-0.999955	0.000000
2.278533	1.000104	6117.442019	4078.719219	0.000000	-0.000001	-51.553170	0.002000	1.216755	3.997731	-0.999955	0.000000
2.298533	1.000104	6117.442019	4078.719219	0.000000	-0.000001	-51.553170	0.002000	1.216755	3.997731	-0.999955	0.000000
2.318533	1.000104	6117.442019	4078.719219	0.000000	0.000000	-51.553170	0.002000	1.216755	3.997731	-0.999955	0.000000
2.338533	1.000104	6117.442019	4078.719219	-0.000000	0.000002	-51.553170	0.002000	1.216755	3.997731	-0.999955	0.000000
2.358533	1.000104	6117.442019	4078.719219	-0.000000	0.000003	-51.553170	0.002000	1.216755	3.997731	-0.999955	0.000000
2.378533	1.000104	6117.442019	4078.719219	0.000000	-0.000000	-51.553170	0.002000	1.216755	3.997731	-0.999955	0.000000
2.398533	1.000104	6117.442019	4078.719219	-0.000000	-0.000002	-51.553170	0.002000	1.216755	3.997731	-0.999955	0.000000
2.418533	1.000104	6117.442019	4078.719219	-0.000000	-0.000002	-51.553170	0.002000	1.216755	3.997731	-0.999955	0.000000
2.438533	1.000104	6117.442019	4078.719219	0.000000	-0.000002	-51.553170	0.002000	1.216755	3.997731	-0.999955	0.000000
2.458533	1.000104	6117.442019	4078.719219	0.000000	0.000001	-51.553170	0.002000	1.216755	3.997731	-0.999955	0.000000
2.478533	1.000104	6117.442019	4078.719219	0.000000	0.000001	-51.553170	0.002000	1.216755	3.997731	-0.999955	0.000000
2.498533	1.000104	6117.442019	4078.719219	0.000000	-0.000000	-51.553170	0.002000	1.216755	3.997731	-0.999955	0.000000
2.518533	1.000104	6117.442019	4078.719219	0.000000	0.000000	-51.553170	0.002000	1.216755	3.997731	-0.999955	0.000000
2.538533	1.000104	6117.442019	4078.719219	-0.000000	0.000000	-51.553170	0.002000	1.216755	3.997731	-0.999955	0.000000
2.558533	1.000104	6117.442019	4078.719219	-0.000000	0.000000	-51.553170	0.002000	1.216755	3.997731	-0.999955	0.000000
2.578533	1.000104	6117.442019	4078.719219	-0.000000	0.000000	-51.553170	0.002000	1.216755	3.997731	-0.999955	0.000000
2.598533	1.000104	6117.442019	4078.719219	0.000000	0.000000	-51.553170	0.002000	1.216755	3.997731	-0.999955	0.000000
2.618533	1.000104	6117.442019	4078.719219	0.000000	0.000000	-51.553170	0.002000	1.216755	3.997731	-0.999955	0.000000
2.638533	1.000104	6117.442019	4078.719219	0.000000	0.000000	-51.553170	0.002000	1.216755	3.997731	-0.999955	0.000000
2.658533	1.000104	6117.442019	4078.719219	0.000000	0.000000	-51.553170	0.002000	1.216755	3.997731	-0.999955	0.000000
2.678533	1.000104	6117.442019	4078.719219	0.000000	0.000000	-51.553170	0.002000	1.216755	3.997731	-0.999955	0.000000
2.698533	1.000104	6117.442019	4078.719219	0.000000	0.000000	-51.553170	0.002000	1.216755	3.997731	-0.999955	0.000000
2.718533	1.000104	6117.442019	4078.719219	0.000000	0.000000	-51.553170	0.002000	1.216755	3.997731	-0.999955	0.000000
2.738533	1.000104	6117.442019	4078.719219	0.000000	0.000000	-51.553170	0.002000	1.216755	3.997731	-0.999955	0.000000
2.758533	1.000104	6117.442019	4078.719219	0.000000	0.000000	-51.553170	0.002000	1.216755	3.997731	-0.999955	0.000000
2.778533	1.000104	6117.442019	4078.719219	0.000000	0.000000	-51.553170	0.002000	1.216755	3.997731	-0.999955	0.000000
2.798533	1.000104	6117.442019	4078.719219	0.000000	0.000000	-51.553170	0.002000	1.216755	3.997731	-0.999955	0.000000
2.818533	1.000104	6117.442019	4078.719219	0.000000	0.000000	-51.553170	0.002000	1.216755	3.997731	-0.999955	0.000000
2.838533	1.000104	6117.442019	4078.719219	0.000000	0.000000	-51.553170	0.002000	1.216755	3.997731	-0.999955	0.000000
2.858533	1.000104	6117.442019	4078.719219	0.000000	0.000000	-51.553170	0.002000	1.216755	3.997731	-0.999955	0.000000
2.878533	1.000104	6117.442019	4078.719219	0.000000	0.000000	-51.553170	0.002000	1.216755	3.997731	-0.999955	0.000000
2.898533	1.000104	6117.442019	4078.719219	0.000000	0.000000	-51.553170	0.002000	1.216755	3.997731	-0.999955	0.000000
2.918533	1.000104	6117.442019	4078.719219	0.000000	0.000000	-51.553170	0.002000	1.216755	3.997731	-0.999955	0.000000
2.938533	1.000104	6117.442019	4078.719219	0.000000	0.000000	-51.553170	0.002000	1.216755	3.997731	-0.999955	0.000000
2.958533	1.000104	6117.442019	4078.719219	0.000000	0.000000	-51.553170	0.002000	1.216755	3.997731	-0.999955	0.000000
2.978533	1.000104	6117.442019	4078.719219	0.000000	0.000000	-51.553170	0.002000	1.216755	3.997731	-0.999955	0.000000
2.998533	1.000104	6117.442019	4078.719219	0.000000	0.000000	-51.553170	0.002000	1.216755	3.997731	-0.999955	0.000000
3.018533	1.000104	6117.442019	4078.719219	0.000000	0.000000	-51.553170	0.002000	1.216755	3.997731	-0.999955	0.000000
3.038533	1.000104	6117.442019	4078.719219	0.000000	0.000000	-51.553170	0.002000	1.216755	3.997731	-0.999955	0.000000
3.058533	1.000104	6117.442019	4078.719219	0.000000	0.000000	-51.553170	0.002000	1.216755	3.997731	-0.999955	0.000000
3.078533	1.000104	6117.442019	4078.719219	0.000000	0.000000	-51.553170	0.002000	1.216755	3.997731	-0.999955	0.000000
3.098533	1.000104	6117.442019	4078.719219	0.000000	0.000000	-51.553170	0.002000	1.216755	3.997731	-0.999955	0.000000
3.118533	1.000104	6117.442019	4078.719219	0.000000	0.000000	-51.553170	0.002000	1.216755	3.997731	-0.999955	0.000000
3.138533	1.000104	6117.442019	4078.719219	0.000000	0.000000	-51.553170	0.002000	1.216755	3.997731	-0.999955	0.000000
3.158533	1.000104	6117.442019	4078.719219	0.000000	0.000000	-51.553170	0.002000	1.216755	3.997731	-0.999955	0.000000
3.178533	1.000104	6117.442019	4078.719219	0.000000	0.000000	-51.553170	0.002000	1.216755	3.997731	-0.999955	0.000000
3.198533	1.000104	6117.442019	4078.719219	0.000000	0.000000	-51.553170	0.002000	1.216755	3.997731	-0.999955	0.000000
3.218533	1.000104	6117.442019	4078.719219	0.000000	0.000000	-51.553170	0.002000	1.216755	3.997731	-0.999955	0.000000
3.238533	1.000104	6117.442019	4078.719219	0.000000	0.000000	-51.553170	0.002000	1.216755	3.997731	-0.999955	0.000000
3.258533	1.000104	6117.442019	4078.719219	0.000000	0.000000	-51.553170	0.002000	1.216755	3.997731	-0.999955	0.000000
3.278533	1.000104	6117.442019	4078.719219	0.000000	0.000000	-51.553170	0.002000	1.216755	3.997731	-0.999955	0.000000
3.298533	1.000104	6117.442019	4078.719219	0.000000	0.000000	-51.553170	0.002000	1.216755	3.997731	-0.999955	0.000000
3.318533	1.000104	6117.442019	4078.719219	0.000000	-0.000000	-51.553170	0.002000	1.216755	3.997731	-0.999955	0.000000
3.338533	1.000104	6117.442019	4078.719219	0.000000	-0.000000	-51.553170	0.002000	1.216755	3.997731	-0.999955	0.000000
3.358533	1.000104	6117.442019	4078.719219	0.000000	-0.000000	-51.553170	0.002000	1.216755	3.997731	-0.999955	0.000000
3.378533	1.000104	6117.442019	4078.719219	0.000000	-0.000000	-51.553170	0.002000	1.216755	3.997731	-0.999955	0.000000
3.398533	1.000104	6117.442019	4078.719219	0.000000	-0.000000	-51.553170	0.002000	1.216755	3.997731	-0.999955	0.000000
3.418533	1.000104	6117.442019	4078.719219	0.000000	-0.000000	-51.553170	0.002000	1.216755	3.997731	-0.999955	0.000000
3.438533	1.000104	6117.442019	4078.719219	-0.000000	-0.000000	-51.553170	0.002000	1.216755	3.997731	-0.999955	0.000000
3.458533	1.000104	6117.442019	4078.719219	-0.000000	-0.000000	-51.553170	0.002000	1.216755	3.997731	-0.999955	0.000000
3.478533	1.000104	6117.442019	4078.719219	-0.000000	-0.000000	-51.553170	0.002000	1.216755	3.997731	-0.999955	0.000000
3.498533	1.000104	6117.442019	4078.719219	-0.000000	-0.000000	-51.553170	0.002000	1.216755	3.997731	-0.999955	0.000000
3.518533	1.000104	6117.442019	4078.719219	0.000000	-0.000001	-51.553170	0.002000	1.216755	3.997731	-0.999955	0.000000
3.538533	1.000104	6117.442019	4078.719219	0.000000	0.000001	-51.553170	0.002000	1.216755	3.997731	-0.999955	0.000000
3.558533	1.000104	6117.442019	4078.719219	-0.000000	0.000001	-51.553170	0.002000	1.216755	3.997731	-0.999955	0.000000
3.578533	1.000104	6117.442019	4078.719219	-0.000000	0.000000	-51.553170	0.002000	1.216755	3.997731	-0.999955	0.000000
3.598533	1.000104	6117.442019	4078.719219	-0.000000	-0.000001	-51.553170	0.002000	1.216755	3.997731	-0.999955	0.000000
3.618533	1.000104	6117.442019	4078.719219	0.000000	-0.000001	-51.553170	0.002000	1.216755	3.997731	-0.999955	0.000000
3.638533	1.000104	6117.442019	4078.719219	0.000000	0.000001	-51.553170	0.002000	1.216755	3.997731	-0.999955	0.000000
3.658533	1.000104	6117.442019	4078.719219	0.000000	0.000001	-51.553170	0.002000	1.216755	3.997731	-0.999955	0.000000
3.678533	1.000104	6117.442019	4078.719219	-0.000000	0.000000	-51.553170	0.002000	1.216755	3.997731	-0.999955	0.000000
3.698533	1.000104	6117.442019	4078.719219	-0.000000	0.000000	-51.553170	0.002000	1.216755	3.997731	-0.999955	0.000000
3.718533	1.000104	6117.442019	4078.719219	-0.000000	-0.000001	-51.553170	0.002000	1.216755	3.997731	-0.999955	0.000000
3.738533	1.000104	6117.442019	4078.719219	0.000000	-0.000001	-51.553170	0.002000	1.216755	3.997731	-0.999955	0.000000
3.758533	1.000104	6117.442019	4078.719219	0.000000	0.000001	-51.553170	0.002000	1.216755	3.997731	-0.999955	0.000000
3.778533	1.000104	6117.442019	4078.719219	0.000000	0.000001	-51.553170	0.002000	1.216755	3.997731	-0.999955	0.000000
3.798533	1.000104	6117.442019	4078.719219	-0.000000	0.000001	-51.553170	0.002000	1.216755	3.997731	-0.999955	0.000000
3.818533	1.000104	6117.442019	4078.719219	-0.000000	-0.000003	-51.553170	0.002000	1.216755	3.997731	-0.999955	0.000000
3.838533	1.000104	6117.442019	4078.719219	0.000000	-0.000001	-51.553170	0.002000	1.216755	3.997731	-0.999955	0.000000
3.858533	1.000104	6117.442019	4078.719219	-0.000000	0.000000	-51.553170	0.002000	1.216755	3.997731	-0.999955	0.000000
3.878533	1.000104	6117.442019	4078.719219	0.000000	-0.000000	-51.553170	0.002000	1.216755	3.997731	-0.999955	0.000000
3.898533	1.000104	6117.442019	4078.719219	-0.000000	0.000002	-51.553170	0.002000	1.216755	3.997731	-0.999955	0.000000
3.918533	1.000104	6117.442019	4078.719219	-0.000000	-0.000001	-51.553170	0.002000	1.216755	3.997731	-0.999955	0.000000
3.938533	1.000104	6117.442019	4078.719219	0.000000	-0.000002	-51.553170	0.002000	1.216755	3.997731	-0.999955	0.000000
3.958533	1.000104	6117.442019	4078.719219	0.000000	0.000001	-51.553170	0.002000	1.216755	3.997731	-0.999955	0.000000
3.978533	1.000104	6117.442019	4078.719219	-0.000000	0.000000	-51.553170	0.002000	1.216755	3.997731	-0.999955	0.000000
3.998533	1.000104	6117.442019	4078.719219	0.000000	-0.000001	-51.553170	0.002000	1.216755	3.997731	-0.999955	0.000000
4.018533	1.000104	6117.442019	4078.719219	0.000000	0.000001	-51.553170	0.002000	1.216755	3.997731	-0.999955	0.000000
4.038533	1.000104	6117.442019	4078.719219	-0.000000	0.000001	-51.553170	0.002000	1.216755	3.997731	-0.999955	0.000000
4.058533	1.000104	6117.442019	4078.719219	0.000000	-0.000001	-51.553170	0.002000	1.216755	3.997731	-0.999955	0.000000
4.078533	1.000104	6117.442019	4078.719219	0.000000	0.000001	-51.553170	0.002000	1.216755	3.997731	-0.999955	0.000000
4.098533	1.000104	6117.442019	4078.719219	-0.000000	0.000001	-51.553170	0.002000	1.216755	3.997731	-0.999955	0.000000
4.118533	1.000104	6117.442019	4078.719219	-0.000000	-0.000001	-51.553170	0.002000	1.216755	3.997731	-0.999955	0.000000
4.138533	1.000104	6117.442019	4078.719219	0.000000	-0.000002	-51.553170	0.002000	1.216755	3.997731	-0.999955	0.000000
4.158533	1.000104	6117.442019	4078.719219	0.000000	0.000002	-51.553170	0.002000	1.216755	3.997731	-0.999955	0.000000
4.178533	1.000104	6117.442019	4078.719219	-0.000000	0.000001	-51.553170	0.002000	1.216755	3.997731	-0.999955	0.000000
4.198533	1.000104	6117.442019	4078.719219	0.000000	-0.000001	-51.553170	0.002000	1.216755	3.997731	-0.999955	0.000000
4.218533	1.000104	6117.442019	4078.719219	-0.000000	0.000001	-51.553170	0.002000	1.216755	3.997731	-0.999955	0.000000
4.238533	1.000104	6117.442019	4078.719219	-0.000000	-0.000000	-51.553170	0.002000	1.216755	3.997731	-0.999955	0.000000
4.258533	1.000104	6117.442019	4078.719219	-0.000000	-0.000001	-51.553170	0.002000	1.216755	3.997731	-0.999955	0.000000
4.278533	1.000104	6117.442019	4078.719219	0.000000	-0.000001	-51.553170	0.002000	1.216755	3.997731	-0.999955	0.000000
4.298533	1.000104	6117.442019	4078.719219	0.000000	0.000002	-51.553170	0.002000	1.216755	3.997731	-0.999955	0.000000
4.318533	1.000104	6117.442019	4078.719219	-0.000000	-0.000001	-51.553170	0.002000	1.216755	3.997731	-0.999955	0.000000
4.338533	1.000104	6117.442019	4078.719219	0.000000	-0.000001	-51.553170	0.002000	1.216755	3.997731	-0.999955	0.000000
4.358533	1.000104	6117.442019	4078.719219	0.000000	0.000002	-51.553170	0.002000	1.216755	3.997731	-0.999955	0.000000
4.378533	1.000104	6117.442019	4078.719219	-0.000000	0.000002	-51.553170	0.002000	1.216755	3.997731	-0.999955	0.000000
4.398533	1.000104	6117.442019	4078.719219	-0.000000	0.000001	-51.553170	0.002000	1.216755	3.997731	-0.999955	0.000000
4.418533	1.000104	6117.442019	4078.719219	0.000000	-0.000001	-51.553170	0.002000	1.216755	3.997731	-0.999955	0.000000
4.438533	1.000104	6117.442019	4078.719219	0.000000	0.000000	-51.553170	0.002000	1.216755	3.997731	-0.999955	0.000000
4.458533	1.000104	6117.442019	4078.719219	0.000000	-0.000002	-51.553170	0.002000	1.216755	3.997731	-0.999955	0.000000
4.478533	1.000104	6117.442019	4078.719219	0.000000	-0.000001	-51.553170	0.002000	1.216755	3.997731	-0.999955	0.000000
4.498533	1.000104	6117.442019	4078.719219	0.000000	0.000001	-51.553170	0.002000	1.216755	3.997731	-0.999955	0.000000
4.518533	1.000104	6117.442019	4078.719219	-0.000000	0.000002	-51.553170	0.002000	1.216755	3.997731	-0.999955	0.000000
4.538533	1.000104	6117.442019	4078.719219	-0.000000	0.000001	-51.553170	0.002000	1.216755	3.997731	-0.999955	0.000000
4.558533	1.000104	6117.442019	4078.719219	-0.000000	-0.000002	-51.553170	0.002000	1.216755	3.997731	-0.999955	0.000000
4.578533	1.000104	6117.442019	4078.719219	0.000000	-0.000001	-51.553170	0.002000	1.216755	3.997731	-0.999955	0.000000
4.598533	1.000104	6117.442019	4078.719219	-0.000000	-0.000000	-51.553170	0.002000	1.216755	3.997731	-0.999955	0.000000
4.618533	1.000104	6117.442019	4078.719219	-0.000000	-0.000004	-51.553170	0.002000	1.216755	3.997731	-0.999955	0.000000
4.638533	1.000104	6117.442019	4078.719219	0.000000	-0.000000	-51.553170	0.002000	1.216755	3.997731	-0.999955	0.000000
4.658533	1.000104	6117.442019	4078.719219	0.000000	0.000003	-51.553170	0.002000	1.216755	3.997731	-0.999955	0.000000
4.678533	1.000104	6117.442019	4078.719219	-0.000000	-0.000000	-51.553170	0.002000	1.216755	3.997731	-0.999955	0.000000
4.698533	1.000104	6117.442019	4078.719219	0.000000	0.000001	-51.553170	0.002000	1.216755	3.997731	-0.999955	0.000000
4.718533	1.000104	6117.442019	4078.719219	-0.000000	0.000003	-51.553170	0.002000	1.216755	3.997731	-0.999955	0.000000
4.738533	1.000104	6117.442019	4078.719219	-0.000000	-0.000002	-51.553170	0.002000	1.216755	3.997731	-0.999955	0.000000
4.758533	1.000104	6117.442019	4078.719219	0.000000	-0.000001	-51.553170	0.002000	1.216755	3.997731	-0.999955	0.000000
4.778533	1.000104	6117.442019	4078.719219	0.000000	0.000005	-51.553170	0.002000	1.216755	3.997731	-0.999955	0.000000
4.798533	1.000104	6117.442019	4078.719219	-0.000000	-0.000000	-51.553170	0.002000	1.216755	3.997731	-0.999955	0.000000
4.818533	1.000104	6117.442019	4078.719219	0.000000	-0.000006	-51.553170	0.002000	1.216755	3.997731	-0.999955	0.000000
4.838533	1.000104	6117.442019	4078.719219	0.000000	-0.000000	-51.553170	0.002000	1.216755	3.997731	-0.999955	0.000000
4.858533	1.000104	6117.442019	4078.719219	-0.000000	0.000001	-51.553170	0.002000	1.216755	3.997731	-0.999955	0.000000
4.878533	1.000104	6117.442019	4078.719219	-0.000000	-0.000002	-51.553170	0.002000	1.216755	3.997731	-0.999955	0.000000
4.898533	1.000104	6117.442019	4078.719219	0.000000	-0.000002	-51.553170	0.002000	1.216755	3.997731	-0.999955	0.000000
4.918533	1.000104	6117.442019	4078.719219	0.000000	0.000001	-51.553170	0.002000	1.216755	3.997731	-0.999955	0.000000
4.938533	1.000104	6117.442019	4078.719219	0.000000	0.000005	-51.553170	0.002000	1.216755	3.997731	-0.999955	0.000000
4.958533	1.000104	6117.442019	4078.719219	-0.000000	0.000004	-51.553170	0.002000	1.216755	3.997731	-0.999955	0.000000
4.978533	1.000104	6117.442019	4078.719219	-0.000000	-0.000003	-51.553170	0.002000	1.216755	3.997731	-0.999955	0.000000
4.998533	1.000104	6117.442019	4078.719219	0.000000	-0.000003	-51.553170	0.002000	1.216755	3.997731	-0.999955	0.000000
5.018533	1.000104	6117.442019	4078.719219	0.000000	0.000001	-51.553170	0.002000	1.216755	3.997731	-0.999955	0.000000
5.038533	1.000104	6117.442019	4078.719219	-0.000000	-0.000000	-51.553170	0.002000	1.216755	3.997731	-0.999955	0.000000
5.058533	1.000104	6117.442019	4078.719219	-0.000000	-0.000000	-51.553170	0.002000	1.216755	3.997731	-0.999955	0.000000
5.078533	1.000104	6117.442019	4078.719219	0.000000	-0.000000	-51.553170	0.002000	1.216755	3.997731	-0.999955	0.000000
5.098533	1.000104	6117.442019	4078.719219	0.000000	-0.000000	-51.553170	0.002000	1.216755	3.997731	-0.999955	0.000000
5.118533	1.000104	6117.442019	4078.719219	0.000000	-0.000000	-51.553170	0.002000	1.216755	3.997731	-0.999955	0.000000
5.138533	1.000104	6117.442019	4078.719219	0.000000	-0.000000	-51.553170	0.002000	1.216755	3.997731	-0.999955	0.000000
5.158533	1.000104	6117.442019	4078.719219	0.000000	-0.000000	-51.553170	0.002000	1.216755	3.997731	-0.999955	0.000000
5.178533	1.000104	6117.442019	4078.719219	0.000000	-0.000000	-51.553170	0.002000	1.216755	3.997731	-0.999955	0.000000
5.198533	1.000104	6117.442019	4078.719219	0.000000	-0.000000	-51.553170	0.002000	1.216755	3.997731	-0.999955	0.000000
5.218533	1.000104	6117.442019	4078.719219	0.000000	-0.000000	-51.553170	0.002000	1.216755	3.997731	-0.999955	0.000000
5.238533	1.000104	6117.442019	4078.719219	0.000000	0.000000	-51.553170	0.002000	1.216755	3.997731	-0.999955	0.000000
5.258533	1.000104	6117.442019	4078.719219	0.000000	0.000000	-51.553170	0.002000	1.216755	3.997731	-0.999955	0.000000
5.278533	1.000104	6117.442019	4078.719219	0.000000	0.000000	-51.553170	0.002000	1.216755	3.997731	-0.999955	0.000000
5.298533	1.000104	6117.442019	4078.719219	0.000000	0.000000	-51.553170	0.002000	1.216755	3.997731	-0.999955	0.000000
5.318533	1.000104	6117.442019	4078.719219	0.000000	0.000000	-51.553170	0.002000	1.216755	3.997731	-0.999955	0.000000
5.338533	1.000104	6117.442019	4078.719219	0.000000	0.000000	-51.553170	0.002000	1.216755	3.997731	-0.999955	0.000000
5.358533	1.000104	6117.442019	4078.719219	-0.000000	0.000000	-51.553170	0.002000	1.216755	3.997731	-0.999955	0.000000
5.378533	1.000104	6117.442019	4078.719219	-0.000000	0.000000	-51.553170	0.002000	1.216755	3.997731	-0.999955	0.000000
5.398533	1.000104	6117.442019	4078.719219	-0.000000	0.000001	-51.553170	0.002000	1.216755	3.997731	-0.999955	0.000000
5.418533	1.000104	6117.442019	4078.719219	-0.000000	0.000002	-51.553170	0.002000	1.216755	3.997731	-0.999955	0.000000
5.438533	1.000104	6117.442019	4078.719219	-0.000000	0.000006	-51.553170	0.002000	1.216755	3.997731	-0.999955	0.000000
5.458533	1.000104	6117.442019	4078.719219	-0.000000	0.000012	-51.553170	0.002000	1.216755	3.997731	-0.999955	0.000000
5.478533	1.000104	6117.442019	4078.719219	-0.000000	0.000025	-51.553170	0.002000	1.216755	3.997731	-0.999955	0.000000
5.498533	1.000104	6117.442019	4078.719219	-0.000001	0.000070	-51.553170	0.002000	1.216755	3.997731	-0.999955	0.000000
5.518533	1.000104	6117.442019	4078.719220	-0.000002	0.000180	-51.553170	0.002000	1.216755	3.997731	-0.999955	0.000000
5.538533	1.000104	6117.442019	4078.719220	-0.000006	0.000375	-51.553170	0.002000	1.216755	3.997731	-0.999955	0.000000
5.558533	1.000104	6117.442019	4078.719220	-0.000012	0.000732	-51.553170	0.002000	1.216755	3.997731	-0.999955	0.000000
5.578533	1.000104	6117.442019	4078.719220	-0.000023	0.001245	-51.553170	0.002000	1.216755	3.997731	-0.999955	0.000000
5.598533	1.000104	6117.442019	4078.719220	-0.000035	0.001352	-51.553170	0.002000	1.216755	3.997731	-0.999955	0.000000
5.618533	1.000104	6117.442019	4078.719220	-0.000023	-0.001554	-51.553170	0.002000	1.216755	3.997731	-0.999955	0.000000
5.638533	1.000104	6117.442019	4078.719220	0.000118	-0.016970	-51.553170	0.002000	1.216755	3.997731	-0.999955	0.000000
5.658533	1.000104	6117.442019	4078.719219	0.000757	-0.075319	-51.553170	0.002000	1.216755	3.997731	-0.999955	0.000000
5.678533	1.000104	6117.442017	4078.719218	0.003029	-0.266836	-51.553170	0.002000	1.216755	3.997731	-0.999955	0.000000
5.698533	1.000104	6117.442011	4078.719212	0.010228	-0.843469	-51.553170	0.002000	1.216755	3.997731	-0.999955	0.000000
5.718533	1.000104	6117.441992	4078.719191	0.031380	-2.474909	-51.553170	0.002000	1.216755	3.997731	-0.999955	0.000000
5.738533	1.000104	6117.441934	4078.719129	0.090053	-6.870037	-51.553170	0.002000	1.216755	3.997731	-0.999955	0.000000
5.758533	1.000104	6117.441772	4078.718951	0.245424	-18.202483	-51.553170	0.002000	1.216755	3.997731	-0.999955	0.000000
5.778533	1.000104	6117.441343	4078.718470	0.640140	-46.325940	-51.553169	0.002000	1.216755	3.997731	-0.999955	0.000000
5.798533	1.000104	6117.440245	4078.717222	1.605603	-113.640195	-51.553167	0.002000	1.216755	3.997730	-0.999955	0.000000
5.818533	1.000104	6117.437545	4078.714105	3.883681	-269.243725	-51.553162	0.002000	1.216755	3.997730	-0.999955	0.000000
5.838533	1.000103	6117.431130	4078.706596	9.074267	-616.830562	-51.553150	0.002000	1.216755	3.997730	-0.999956	0.000000
5.858533	1.000101	6117.416399	4078.689119	20.498326	-1367.169579	-51.553123	0.002000	1.216755	3.997729	-0.999956	0.000000
5.878533	1.000096	6117.383674	4078.649781	44.781128	-2931.866456	-51.553060	0.002000	1.216755	3.997726	-0.999958	0.000000
5.898533	1.000086	6117.313355	4078.564132	94.598884	-6081.406457	-51.552924	0.002000	1.216755	3.997722	-0.999963	0.000000
5.918534	1.000065	6117.167227	4078.383771	193.146715	-12194.014441	-51.552634	0.002000	1.216755	3.997711	-0.999971	0.000000
5.938535	1.000022	6116.873722	4078.016594	380.865560	-23616.131469	-51.552042	0.002000	1.216755	3.997691	-0.999990	0.000000
5.958537	0.999936	6116.304379	4077.294483	724.617023	-44130.051336	-51.550872	0.002000	1.216755	3.997651	-1.000027	0.000000
5.978541	0.999770	6115.238815	4075.923846	1328.566307	-79467.933105	-51.548644	0.002000	1.216755	3.997576	-1.000098	0.000000
5.998550	0.999462	6113.316888	4073.415747	2344.341734	-137719.114755	-51.544551	0.002001	1.216755	3.997441	-1.000230	0.000000
6.018566	0.998913	6109.980162	4068.996659	3975.745828	-229365.954150	-51.537318	0.002002	1.216755	3.997206	-1.000467	0.000000
6.038596	0.997968	6104.410783	4061.509383	6471.269961	-366607.489687	-51.525025	0.002004	1.216755	3.996813	-1.000874	0.000000
6.058650	0.996408	6095.483267	4049.325822	10097.688212	-561684.600995	-51.504962	0.002007	1.216755	3.996182	-1.001548	0.000000
6.078741	0.993935	6081.750741	4030.305660	15092.113694	-824198.260968	-51.473539	0.002012	1.216755	3.995209	-1.002619	0.000000
6.098894	0.990172	6061.486754	4001.840487	21598.902883	-1157911.088815	-51.426325	0.002020	1.216755	3.993768	-1.004256	0.000000
6.119137	0.984680	6032.793091	3961.012569	29608.820619	-1558037.622843	-51.358249	0.002031	1.216755	3.991717	-1.006659	0.000000
6.139513	0.976983	5993.763064	3904.868168	38924.120596	-2010210.748603	-51.263953	0.002047	1.216755	3.988910	-1.010051	0.000000
6.160076	0.966615	5942.667718	3830.763826	49168.926682	-2491863.236135	-51.138234	0.002069	1.216755	3.985204	-1.014667	0.000000
6.180891	0.953165	5878.119278	3736.707624	59846.005574	-2975769.193869	-50.976461	0.002098	1.216755	3.980473	-1.020733	0.000000
6.202039	0.936313	5799.170251	3621.616643	70422.445983	-3434664.132187	-50.774853	0.002136	1.216755	3.974614	-1.028459	0.000000
6.223612	0.915855	5705.333375	3485.424347	80415.637818	-3845295.462310	-50.530562	0.002184	1.216755	3.967541	-1.038033	0.000000
6.245718	0.891712	5596.494671	3329.038744	89448.917167	-4191171.052722	-50.241547	0.002243	1.216755	3.959187	-1.049616	0.000000
6.268479	0.863917	5472.754534	3154.163730	97280.423717	-4463627.172102	-49.906306	0.002315	1.216755	3.949486	-1.063350	0.000000
6.292037	0.832607	5334.072968	2962.991356	103786.675028	-4661410.229746	-49.523622	0.002402	1.216755	3.938348	-1.079366	0.000000
6.316552	0.798009	5179.781930	2757.861736	108939.648434	-4790593.216056	-49.092109	0.002506	1.216755	3.925608	-1.097784	0.000000
6.342209	0.760365	5007.900743	2540.683168	112785.731668	-4860580.379702	-48.610231	0.002630	1.216755	3.910959	-1.118757	0.000000
6.369226	0.719883	4814.543231	2312.634058	115379.272206	-4881680.366184	-48.075468	0.002778	1.216755	3.893865	-1.142506	0.000000
6.397865	0.676390	4595.150190	2073.969350	116861.204802	-4853281.396280	-47.483881	0.002957	1.216755	3.873616	-1.169561	0.000000
6.428490	0.629166	4347.604185	1825.303954	117310.518652	-4756026.644208	-46.828063	0.003179	1.216755	3.849571	-1.200984	0.000000
6.461625	0.576645	4081.073275	1570.420700	116928.194585	-4561653.414922	-46.091761	0.003468	1.216755	3.822099	-1.238831	0.000000
6.498158	0.516888	3818.995248	1317.313573	115884.199201	-4244181.343642	-45.248798	0.003869	1.216755	3.793273	-1.286332	0.000000
6.539588	0.449014	3601.249959	1079.106357	114156.924399	-3842999.960959	-44.242287	0.004454	1.216755	3.767771	-1.347455	0.000000
6.588430	0.372834	3469.212892	863.178179	112474.922829	-3387432.815965	-42.992900	0.005364	1.216755	3.751535	-1.428183	0.000000
6.649610	0.292979	3465.187220	677.518044	109575.113080	-2967883.778728	-41.319732	0.006826	1.216755	3.751013	-1.532841	0.000000
6.730889	0.202883	3627.241058	491.111391	110129.598870	-2522324.019941	-38.907557	0.009858	1.216755	3.770839	-1.692407	0.000000
6.876088	0.115698	4674.018016	360.870406	107225.543127	-1851813.978190	-34.070468	0.017286	1.216755	3.880909	-1.936306	0.000000
-0.002985	3.352757	102976.836226	230171.617043	11.559759	0.000000	0.000946	0.000597	0.000000	5.223904	-0.474601	0.000000
-0.008949	3.360702	102708.518159	230115.404132	33.420476	0.000000	0.002745	0.000595	0.000000	5.222771	-0.473573	0.000000
-0.014891	3.376095	102192.777020	230008.511652	51.561401	0.000000	0.004278	0.000592	0.000000	5.220584	-0.471588	0.000000
-0.020800	3.398010	101468.694596	229861.190682	63.801140	0.000000	0.005403	0.000589	0.000000	5.217495	-0.468777	0.000000
-0.026666	3.425136	100588.983413	229687.320462	68.476721	0.000000	0.006027	0.000584	0.000000	5.213712	-0.465323	0.000000
-0.032481	3.455873	99614.317310	229502.880591	64.775501	0.000000	0.006112	0.000579	0.000000	5.209482	-0.461442	0.000000
-0.038243	3.488459	98606.998319	229324.152954	53.003181	0.000000	0.005683	0.000573	0.000000	5.205067	-0.457365	0.000000
-0.043950	3.521113	97625.166842	229165.920549	34.712052	0.000000	0.004820	0.000568	0.000000	5.200720	-0.453318	0.000000
-0.049604	3.552184	96718.019100	229039.887888	12.572190	0.000000	0.003643	0.000563	0.000000	5.196665	-0.449502	0.000000
-0.055211	3.580291	95922.565323	228953.535288	-10.020596	0.000000	0.002302	0.000559	0.000000	5.193078	-0.446079	0.000000
-0.060777	3.604424	95262.009468	228909.557360	-29.546704	0.000000	0.000949	0.000555	0.000000	5.190077	-0.443162	0.000000
-0.066309	3.624007	94745.731278	228905.951168	-43.036162	0.000000	-0.000278	0.000552	0.000000	5.187718	-0.440809	0.000000
-0.071814	3.638899	94370.622803	228936.716944	-48.653800	0.000000	-0.001269	0.000550	0.000000	5.185996	-0.439028	0.000000
-0.077301	3.649351	94123.471891	228993.037401	-46.046204	0.000000	-0.001959	0.000548	0.000000	5.184858	-0.437783	0.000000
-0.082775	3.655910	93983.997757	229064.726569	-36.362454	0.000000	-0.002325	0.000547	0.000000	5.184214	-0.437004	0.000000
-0.088243	3.659313	93928.132803	229141.703445	-21.942982	0.000000	-0.002390	0.000547	0.000000	5.183957	-0.436601	0.000000
-0.093707	3.660370	93931.144755	229215.256820	-5.759844	0.000000	-0.002207	0.000546	0.000000	5.183971	-0.436476	0.000000
