0.002985	3.352893	102972.077584	230170.328475	11.535770	-2810828.601741	-0.000943	0.000597	1.216755	5.223884	-0.474583	0.000000
0.008948	3.360825	102704.234970	230114.262657	33.342963	-2530013.749475	-0.002737	0.000595	1.216755	5.222753	-0.473557	0.000000
0.014891	3.376194	102189.387123	230007.648742	51.418819	-2002438.278984	-0.004267	0.000592	1.216755	5.220569	-0.471575	0.000000
0.020800	3.398076	101466.508691	229860.707551	63.587183	-1291413.435405	-0.005389	0.000589	1.216755	5.217485	-0.468769	0.000000
0.026665	3.425163	100588.169671	229687.274869	68.202541	-481136.062490	-0.006012	0.000584	1.216755	5.213708	-0.465320	0.000000
0.032481	3.455859	99614.884436	229503.277183	64.475690	334233.008323	-0.006098	0.000579	1.216755	5.209484	-0.461444	0.000000
0.038242	3.488407	98608.799956	229324.939804	52.731833	1063173.565060	-0.005672	0.000573	1.216755	5.205075	-0.457372	0.000000
0.043949	3.521030	97627.926177	229166.993938	34.529161	1628722.474683	-0.004812	0.000568	1.216755	5.200732	-0.453328	0.000000
0.049604	3.552080	96721.370042	229041.105987	12.525191	1978230.920741	-0.003641	0.000563	1.216755	5.196680	-0.449515	0.000000
0.055211	3.580177	95926.103873	228954.739284	-9.913421	2089353.043318	-0.002304	0.000559	1.216755	5.193094	-0.446093	0.000000
0.060777	3.604314	95265.347682	228910.596522	-29.304681	1971553.997761	-0.000955	0.000555	1.216755	5.190093	-0.443175	0.000000
0.066309	3.623911	94748.545868	228906.706976	-42.713318	1662943.723371	0.000268	0.000552	1.216755	5.187731	-0.440820	0.000000
0.071814	3.638826	94372.691470	228937.121274	-48.325247	1223042.737782	0.001259	0.000550	1.216755	5.186005	-0.439037	0.000000
0.077301	3.649304	94124.692430	228993.080940	-45.788122	722638.862449	0.001949	0.000548	1.216755	5.184863	-0.437789	0.000000
0.082776	3.655890	93984.387858	229064.455835	-36.231983	232427.008320	0.002317	0.000547	1.216755	5.184216	-0.437007	0.000000
0.088243	3.659317	93927.811788	229141.207476	-21.964167	-187629.847720	0.002385	0.000547	1.216755	5.183955	-0.436600	0.000000
0.093707	3.660393	93930.301678	229214.646963	-5.919586	-496337.789561	0.002206	0.000546	1.216755	5.183967	-0.436473	0.000000
0.099171	3.659897	93969.107806	229278.311526	8.990366	-675331.327936	0.001854	0.000546	1.216755	5.184147	-0.436532	0.000000
0.104637	3.658511	94025.254885	229328.369945	20.465367	-728637.615209	0.001410	0.000547	1.216755	5.184406	-0.436697	0.000000
0.110106	3.656767	94084.543475	229363.563697	27.202990	-678252.421344	0.000950	0.000547	1.216755	5.184680	-0.436904	0.000000
0.115577	3.655040	94137.721964	229384.774767	29.012724	-557102.963392	0.000531	0.000547	1.216755	5.184925	-0.437109	0.000000
0.121051	3.653553	94179.985119	229394.364832	26.665523	-401226.920658	0.000193	0.000547	1.216755	5.185120	-0.437285	0.000000
0.126527	3.652405	94210.032886	229395.445834	21.555478	-242920.399418	-0.000050	0.000548	1.216755	5.185258	-0.437422	0.000000
0.132004	3.651605	94228.944141	229391.221604	15.287145	-106087.555661	-0.000197	0.000548	1.216755	5.185345	-0.437517	0.000000
0.137482	3.651105	94239.088213	229384.495479	9.300965	-4279.924314	-0.000264	0.000548	1.216755	5.185392	-0.437576	0.000000
0.142961	3.650831	94243.230782	229377.384787	4.617523	58801.519141	-0.000273	0.000548	1.216755	5.185411	-0.437608	0.000000
0.148439	3.650707	94243.912137	229371.233779	1.734228	87066.189412	-0.000245	0.000548	1.216755	5.185414	-0.437623	0.000000
0.153919	3.650666	94243.104807	229366.681572	0.662341	88981.307730	-0.000202	0.000548	1.216755	5.185410	-0.437628	0.000000
0.159398	3.650659	94242.106522	229363.824940	1.060489	74562.545849	-0.000157	0.000548	1.216755	5.185406	-0.437629	0.000000
0.164877	3.650656	94241.597955	229362.415927	2.408198	53013.001987	-0.000119	0.000548	1.216755	5.185403	-0.437629	0.000000
0.170356	3.650642	94241.790239	229362.046555	4.168243	31296.437047	-0.000094	0.000548	1.216755	5.185404	-0.437631	0.000000
0.175835	3.650615	94242.598638	229362.291103	5.903497	13639.566962	-0.000080	0.000548	1.216755	5.185408	-0.437634	0.000000
0.181314	3.650576	94243.798342	229362.794841	7.334986	1756.710597	-0.000076	0.000548	1.216755	5.185413	-0.437639	0.000000
0.186793	3.650533	94245.139301	229363.312644	8.346067	-4500.636404	-0.000079	0.000548	1.216755	5.185420	-0.437644	0.000000
0.192272	3.650490	94246.414595	229363.709719	8.949242	-6359.391517	-0.000085	0.000548	1.216755	5.185426	-0.437649	0.000000
0.197752	3.650452	94247.488580	229363.939703	9.235846	-5423.614330	-0.000092	0.000548	1.216755	5.185430	-0.437654	0.000000
0.203231	3.650422	94248.296784	229364.014093	9.326275	-3176.460737	-0.000099	0.000548	1.216755	5.185434	-0.437657	0.000000
0.208710	3.650400	94248.830306	229363.973110	9.332179	-714.501697	-0.000105	0.000548	1.216755	5.185437	-0.437660	0.000000
0.214190	3.650388	94249.115208	229363.863598	9.335106	1320.653802	-0.000110	0.000548	1.216755	5.185438	-0.437661	0.000000
0.219669	3.650382	94249.193741	229363.725655	9.380415	2679.935156	-0.000114	0.000548	1.216755	5.185438	-0.437662	0.000000
0.225149	3.650383	94249.110746	229363.586980	9.481958	3383.353083	-0.000116	0.000548	1.216755	5.185438	-0.437662	0.000000
0.230628	3.650389	94248.905819	229363.462684	9.632150	3590.464757	-0.000119	0.000548	1.216755	5.185437	-0.437661	0.000000
0.236108	3.650399	94248.610257	229363.358042	9.812829	3497.702711	-0.000121	0.000548	1.216755	5.185436	-0.437660	0.000000
0.241587	3.650412	94248.247147	229363.272174	10.003953	3274.731898	-0.000123	0.000548	1.216755	5.185434	-0.437658	0.000000
0.247066	3.650427	94247.833017	229363.201336	10.188958	3037.169134	-0.000126	0.000548	1.216755	5.185432	-0.437657	0.000000
0.252546	3.650443	94247.379885	229363.141238	10.356942	2845.336942	-0.000128	0.000548	1.216755	5.185430	-0.437655	0.000000
0.258025	3.650461	94246.897009	229363.088316	10.502471	2717.056050	-0.000131	0.000548	1.216755	5.185428	-0.437652	0.000000
0.263504	3.650480	94246.392086	229363.040166	10.624175	2644.599285	-0.000133	0.000548	1.216755	5.185425	-0.437650	0.000000
0.268984	3.650499	94245.871902	229362.995458	10.723106	2609.585276	-0.000136	0.000548	1.216755	5.185423	-0.437648	0.000000
0.274463	3.650519	94245.342578	229362.953623	10.801122	2593.070688	-0.000139	0.000548	1.216755	5.185421	-0.437646	0.000000
0.279942	3.650539	94244.809593	229362.914504	10.859837	2580.662840	-0.000141	0.000548	1.216755	5.185418	-0.437643	0.000000
0.285421	3.650559	94244.277720	229362.878080	10.900571	2563.916850	-0.000144	0.000548	1.216755	5.185416	-0.437641	0.000000
0.290901	3.650579	94243.750966	229362.844308	10.923691	2539.463259	-0.000147	0.000548	1.216755	5.185413	-0.437638	0.000000
0.296380	3.650599	94243.232566	229362.813048	10.928390	2507.188595	-0.000149	0.000548	1.216755	5.185411	-0.437636	0.000000
0.301859	3.650618	94242.725027	229362.784069	10.914898	2468.727942	-0.000152	0.000548	1.216755	5.185409	-0.437634	0.000000
0.307338	3.650637	94242.230218	229362.757077	10.882260	2426.155021	-0.000154	0.000548	1.216755	5.185406	-0.437632	0.000000
0.312817	3.650655	94241.749474	229362.731761	10.826720	2380.794272	-0.000157	0.000548	1.216755	5.185404	-0.437629	0.000000
0.318296	3.650673	94241.283714	229362.707828	10.751286	2333.822914	-0.000159	0.000548	1.216755	5.185402	-0.437627	0.000000
0.323775	3.650690	94240.833541	229362.685020	10.655244	2286.105889	-0.000162	0.000548	1.216755	5.185400	-0.437625	0.000000
0.329254	3.650706	94240.399331	229362.663159	10.524743	2236.094779	-0.000164	0.000548	1.216755	5.185398	-0.437623	0.000000
0.334733	3.650722	94239.981305	229362.642114	10.377358	2184.035757	-0.000167	0.000548	1.216755	5.185396	-0.437621	0.000000
0.340212	3.650737	94239.579564	229362.621769	10.216177	2131.784965	-0.000169	0.000548	1.216755	5.185394	-0.437620	0.000000
0.345691	3.650752	94239.194133	229362.602153	9.979972	2072.210693	-0.000171	0.000548	1.216755	5.185392	-0.437618	0.000000
0.351170	3.650766	94238.824997	229362.583294	9.751943	2007.586828	-0.000174	0.000548	1.216755	5.185391	-0.437616	0.000000
0.356648	3.650779	94238.472048	229362.565031	9.560528	1949.889105	-0.000176	0.000548	1.216755	5.185389	-0.437615	0.000000
0.362127	3.650792	94238.135152	229362.547675	9.120572	1869.482869	-0.000178	0.000548	1.216755	5.185387	-0.437613	0.000000
0.367606	3.650804	94237.814212	229362.531408	8.808417	1777.785231	-0.000180	0.000548	1.216755	5.185386	-0.437612	0.000000
0.373085	3.650816	94237.508898	229362.515364	8.804215	1736.605672	-0.000182	0.000548	1.216755	5.185384	-0.437610	0.000000
0.378564	3.650827	94237.218902	229362.500752	7.765491	1612.779132	-0.000183	0.000548	1.216755	5.185383	-0.437609	0.000000
0.384043	3.650837	94236.944267	229362.488319	7.369946	1449.780646	-0.000185	0.000548	1.216755	5.185382	-0.437608	0.000000
0.389521	3.650847	94236.684141	229362.473691	8.657058	1549.580352	-0.000187	0.000548	1.216755	5.185381	-0.437607	0.000000
0.395000	3.650856	94236.437834	229362.461869	5.304711	1304.828659	-0.000188	0.000548	1.216755	5.185380	-0.437605	0.000000
0.400479	3.650865	94236.206541	229362.456483	4.739772	864.914724	-0.000189	0.000548	1.216755	5.185378	-0.437604	0.000000
0.405957	3.650873	94235.987521	229362.436339	12.706700	1695.929917	-0.000191	0.000548	1.216755	5.185377	-0.437603	0.000000
0.411436	3.650881	94235.778647	229362.422539	-0.499577	1039.202358	-0.000194	0.000548	1.216755	5.185377	-0.437602	0.000000
0.416915	3.650889	94235.587139	229362.433585	-2.182351	-652.569785	-0.000190	0.000548	1.216755	5.185376	-0.437602	0.000000
0.422394	3.650895	94235.402628	229362.368359	38.548221	3711.534888	-0.000197	0.000548	1.216755	5.185375	-0.437601	0.000000
0.427872	3.650901	94235.216294	229362.315972	-17.480106	1636.853785	-0.000207	0.000548	1.216755	5.185374	-0.437600	0.000000
0.433351	3.650908	94235.064604	229362.370789	-27.096968	-5916.065340	-0.000187	0.000548	1.216755	5.185373	-0.437599	0.000000
0.438830	3.650910	94234.904311	229362.051674	172.591255	15204.215411	-0.000217	0.000548	1.216755	5.185372	-0.437599	0.000000
0.444308	3.650912	94234.691385	229361.727082	-68.410411	8613.697480	-0.000269	0.000548	1.216755	5.185371	-0.437599	0.000000
0.449787	3.650918	94234.598014	229361.865668	-126.690512	-26484.692102	-0.000181	0.000548	1.216755	5.185371	-0.437598	0.000000
0.455265	3.650902	94234.434172	229360.169024	844.197225	73975.494682	-0.000326	0.000548	1.216755	5.185370	-0.437600	0.000000
0.460744	3.650883	94233.967349	229358.102622	-181.281325	56826.278669	-0.000614	0.000548	1.216755	5.185368	-0.437602	0.000000
0.466223	3.650882	94233.993045	229357.926203	-504.461070	-105530.311466	-0.000259	0.000548	1.216755	5.185368	-0.437603	0.000000
0.471702	3.650766	94233.665396	229348.599437	4223.309455	373452.536389	-0.000996	0.000548	1.216755	5.185366	-0.437618	0.000000
0.477181	3.650621	94231.757656	229335.587755	-28.626140	363599.408327	-0.002586	0.000548	1.216755	5.185357	-0.437634	0.000000
0.482660	3.650530	94231.909619	229329.424937	-1649.629450	-371177.883349	-0.001297	0.000548	1.216755	5.185359	-0.437648	0.000000
0.488139	3.649852	94230.333632	229276.666371	21509.663377	1934771.248361	-0.005173	0.000548	1.216755	5.185348	-0.437737	0.000000
0.493620	3.648899	94220.578328	229195.202401	4664.352057	2276469.189000	-0.014057	0.000548	1.216755	5.185303	-0.437846	0.000000
0.499102	3.648032	94219.107912	229132.070442	-2617.590837	-930172.318441	-0.010380	0.000548	1.216755	5.185301	-0.437963	0.000000
0.504585	3.644096	94208.809236	228826.160744	111872.050483	10348254.232659	-0.031550	0.000549	1.216755	5.185236	-0.438479	0.000000
0.510080	3.638022	94155.470284	228317.170659	51003.015991	14300560.195513	-0.081933	0.000550	1.216755	5.184984	-0.439194	0.000000
0.515582	3.631301	94132.051778	227806.473144	22263.764266	1229163.534516	-0.079699	0.000551	1.216755	5.184896	-0.440078	0.000000
0.521091	3.608420	94060.090418	226017.988705	594127.007831	58371610.039242	-0.198672	0.000554	1.216755	5.184475	-0.443080	0.000000
0.526664	3.570817	93747.201933	222876.037975	429749.075817	96737572.707424	-0.491226	0.000560	1.216755	5.182967	-0.447652	0.000000
0.532295	3.526727	93494.605624	219364.793059	286851.975257	55721073.327279	-0.575343	0.000567	1.216755	5.181860	-0.453441	0.000000
0.537988	3.407880	92920.469361	209770.523393	3138048.169996	383332401.433154	-1.218415	0.000587	1.216755	5.178666	-0.469669	0.000000
0.544026	3.213221	90681.728559	192620.462449	3426760.603001	819021523.238630	-2.977180	0.000622	1.216755	5.167352	-0.495398	0.000000
0.550480	3.048713	87906.266250	177175.100079	358608.736103	728555075.924954	-3.738609	0.000656	1.216755	5.153961	-0.518307	0.000000
0.557122	2.747719	83830.197095	149619.313402	11216262.374371	2176328618.212293	-5.446013	0.000728	1.216755	5.130731	-0.568491	0.000000
0.565145	2.134212	69285.143134	92529.151181	33746498.818563	6649150366.616609	-15.317024	0.000937	1.216755	5.037470	-0.683939	0.000000
0.577053	1.525438	41016.829330	37833.430453	33941019.508576	7959285679.991082	-32.009123	0.001311	1.216755	4.794640	-0.829512	0.000000
0.593287	1.181445	18056.258079	12881.280657	17782337.517834	4224515597.835739	-44.272741	0.001693	1.216755	4.431984	-0.934774	0.000000
0.612051	1.049581	8529.113000	5660.745096	5884417.305762	1157335796.330020	-49.636483	0.001906	1.216755	4.121660	-0.981535	0.000000
0.631758	1.011247	6435.771673	4293.410156	1324398.735236	170051781.999205	-51.173514	0.001978	1.216755	4.015863	-0.995808	0.000000
0.651704	1.002217	6157.125145	4107.935183	236755.433523	20353232.910236	-51.490351	0.001996	1.216755	4.000053	-0.999177	0.000000
0.671695	1.000449	6122.921141	4082.939543	36047.217960	2706591.114805	-51.544301	0.001999	1.216755	3.998054	-0.999830	0.000000
0.691694	1.000153	6118.232862	4079.322613	4639.434824	391082.661582	-51.552096	0.002000	1.216755	3.997777	-0.999937	0.000000
0.711694	1.000110	6117.552862	4078.800402	516.537175	56201.326228	-51.553057	0.002000	1.216755	3.997737	-0.999953	0.000000
0.731694	1.000105	6117.456574	4078.729322	49.667439	7628.349681	-51.553160	0.002000	1.216755	3.997731	-0.999955	0.000000
0.751694	1.000104	6117.443789	4078.720379	4.064671	959.105506	-51.553169	0.002000	1.216755	3.997731	-0.999955	0.000000
0.771694	1.000104	6117.442219	4078.719343	0.287407	111.301013	-51.553170	0.002000	1.216755	3.997731	-0.999955	0.000000
0.791694	1.000104	6117.442040	4078.719232	0.021462	11.986843	-51.553170	0.002000	1.216755	3.997731	-0.999955	0.000000
0.811694	1.000104	6117.442021	4078.719221	0.002800	1.220478	-51.553170	0.002000	1.216755	3.997731	-0.999955	0.000000
0.831694	1.000104	6117.442019	4078.719220	0.000563	0.122548	-51.553170	0.002000	1.216755	3.997731	-0.999955	0.000000
0.851694	1.000104	6117.442019	4078.719220	0.000109	0.013031	-51.553170	0.002000	1.216755	3.997731	-0.999955	0.000000
0.871694	1.000104	6117.442019	4078.719220	0.000018	0.001567	-51.553170	0.002000	1.216755	3.997731	-0.999955	0.000000
0.891694	1.000104	6117.442019	4078.719219	0.000003	0.000211	-51.553170	0.002000	1.216755	3.997731	-0.999955	0.000000
0.911694	1.000104	6117.442019	4078.719219	0.000000	0.000029	-51.553170	0.002000	1.216755	3.997731	-0.999955	0.000000
0.931694	1.000104	6117.442019	4078.719219	0.000000	0.000005	-51.553170	0.002000	1.216755	3.997731	-0.999955	0.000000
0.951694	1.000104	6117.442019	4078.719219	-0.000000	0.000002	-51.553170	0.002000	1.216755	3.997731	-0.999955	0.000000
0.971694	1.000104	6117.442019	4078.719219	-0.000000	-0.000000	-51.553170	0.002000	1.216755	3.997731	-0.999955	0.000000
0.991694	1.000104	6117.442019	4078.719219	0.000000	-0.000001	-51.553170	0.002000	1.216755	3.997731	-0.999955	0.000000
1.011694	1.000104	6117.442019	4078.719219	0.000000	0.000001	-51.553170	0.002000	1.216755	3.997731	-0.999955	0.000000
1.031694	1.000104	6117.442019	4078.719219	-0.000000	-0.000000	-51.553170	0.002000	1.216755	3.997731	-0.999955	0.000000
1.051694	1.000104	6117.442019	4078.719219	0.000000	-0.000001	-51.553170	0.002000	1.216755	3.997731	-0.999955	0.000000
1.071694	1.000104	6117.442019	4078.719219	-0.000000	0.000000	-51.553170	0.002000	1.216755	3.997731	-0.999955	0.000000
1.091694	1.000104	6117.442019	4078.719219	0.000000	-0.000001	-51.553170	0.002000	1.216755	3.997731	-0.999955	0.000000
1.111694	1.000104	6117.442019	4078.719219	0.000000	0.000000	-51.553170	0.002000	1.216755	3.997731	-0.999955	0.000000
1.131694	1.000104	6117.442019	4078.719219	0.000000	0.000001	-51.553170	0.002000	1.216755	3.997731	-0.999955	0.000000
1.151694	1.000104	6117.442019	4078.719219	-0.000000	0.000001	-51.553170	0.002000	1.216755	3.997731	-0.999955	0.000000
1.171694	1.000104	6117.442019	4078.719219	-0.000000	-0.000001	-51.553170	0.002000	1.216755	3.997731	-0.999955	0.000000
1.191694	1.000104	6117.442019	4078.719219	-0.000000	-0.000001	-51.553170	0.002000	1.216755	3.997731	-0.999955	0.000000
1.211694	1.000104	6117.442019	4078.719219	0.000000	-0.000002	-51.553170	0.002000	1.216755	3.997731	-0.999955	0.000000
1.231694	1.000104	6117.442019	4078.719219	0.000000	0.000000	-51.553170	0.002000	1.216755	3.997731	-0.999955	0.000000
1.251694	1.000104	6117.442019	4078.719219	-0.000000	0.000002	-51.553170	0.002000	1.216755	3.997731	-0.999955	0.000000
1.271694	1.000104	6117.442019	4078.719219	-0.000000	-0.000001	-51.553170	0.002000	1.216755	3.997731	-0.999955	0.000000
1.291694	1.000104	6117.442019	4078.719219	0.000000	0.000001	-51.553170	0.002000	1.216755	3.997731	-0.999955	0.000000
1.311694	1.000104	6117.442019	4078.719219	-0.000000	0.000001	-51.553170	0.002000	1.216755	3.997731	-0.999955	0.000000
1.331694	1.000104	6117.442019	4078.719219	-0.000000	-0.000001	-51.553170	0.002000	1.216755	3.997731	-0.999955	0.000000
1.351694	1.000104	6117.442019	4078.719219	0.000000	-0.000000	-51.553170	0.002000	1.216755	3.997731	-0.999955	0.000000
1.371694	1.000104	6117.442019	4078.719219	-0.000000	0.000001	-51.553170	0.002000	1.216755	3.997731	-0.999955	0.000000
1.391694	1.000104	6117.442019	4078.719219	-0.000000	-0.000000	-51.553170	0.002000	1.216755	3.997731	-0.999955	0.000000
1.411694	1.000104	6117.442019	4078.719219	0.000000	-0.000001	-51.553170	0.002000	1.216755	3.997731	-0.999955	0.000000
1.431694	1.000104	6117.442019	4078.719219	0.000000	0.000000	-51.553170	0.002000	1.216755	3.997731	-0.999955	0.000000
1.451694	1.000104	6117.442019	4078.719219	0.000000	0.000000	-51.553170	0.002000	1.216755	3.997731	-0.999955	0.000000
1.471694	1.000104	6117.442019	4078.719219	-0.000000	0.000001	-51.553170	0.002000	1.216755	3.997731	-0.999955	0.000000
1.491694	1.000104	6117.442019	4078.719219	-0.000000	-0.000000	-51.553170	0.002000	1.216755	3.997731	-0.999955	0.000000
1.511694	1.000104	6117.442019	4078.719219	0.000000	0.000001	-51.553170	0.002000	1.216755	3.997731	-0.999955	0.000000
1.531694	1.000104	6117.442019	4078.719219	-0.000000	0.000000	-51.553170	0.002000	1.216755	3.997731	-0.999955	0.000000
1.551694	1.000104	6117.442019	4078.719219	0.000000	-0.000002	-51.553170	0.002000	1.216755	3.997731	-0.999955	0.000000
1.571694	1.000104	6117.442019	4078.719219	0.000000	0.000001	-51.553170	0.002000	1.216755	3.997731	-0.999955	0.000000
1.591694	1.000104	6117.442019	4078.719219	-0.000000	0.000001	-51.553170	0.002000	1.216755	3.997731	-0.999955	0.000000
1.611694	1.000104	6117.442019	4078.719219	-0.000000	-0.000001	-51.553170	0.002000	1.216755	3.997731	-0.999955	0.000000
1.631694	1.000104	6117.442019	4078.719219	-0.000000	-0.000001	-51.553170	0.002000	1.216755	3.997731	-0.999955	0.000000
1.651694	1.000104	6117.442019	4078.719219	0.000000	-0.000000	-51.553170	0.002000	1.216755	3.997731	-0.999955	0.000000
1.671694	1.000104	6117.442019	4078.719219	-0.000000	-0.000000	-51.553170	0.002000	1.216755	3.997731	-0.999955	0.000000
1.691694	1.000104	6117.442019	4078.719219	0.000000	-0.000001	-51.553170	0.002000	1.216755	3.997731	-0.999955	0.000000
1.711694	1.000104	6117.442019	4078.719219	0.000000	-0.000001	-51.553170	0.002000	1.216755	3.997731	-0.999955	0.000000
1.731694	1.000104	6117.442019	4078.719219	-0.000000	0.000001	-51.553170	0.002000	1.216755	3.997731	-0.999955	0.000000
1.751694	1.000104	6117.442019	4078.719219	-0.000000	0.000000	-51.553170	0.002000	1.216755	3.997731	-0.999955	0.000000
1.771694	1.000104	6117.442019	4078.719219	0.000000	-0.000001	-51.553170	0.002000	1.216755	3.997731	-0.999955	0.000000
1.791694	1.000104	6117.442019	4078.719219	0.000000	0.000000	-51.553170	0.002000	1.216755	3.997731	-0.999955	0.000000
1.811694	1.000104	6117.442019	4078.719219	-0.000000	0.000001	-51.553170	0.002000	1.216755	3.997731	-0.999955	0.000000
1.831694	1.000104	6117.442019	4078.719219	-0.000000	-0.000001	-51.553170	0.002000	1.216755	3.997731	-0.999955	0.000000
1.851694	1.000104	6117.442019	4078.719219	0.000000	-0.000001	-51.553170	0.002000	1.216755	3.997731	-0.999955	0.000000
1.871694	1.000104	6117.442019	4078.719219	0.000000	0.000000	-51.553170	0.002000	1.216755	3.997731	-0.999955	0.000000
1.891694	1.000104	6117.442019	4078.719219	-0.000000	0.000001	-51.553170	0.002000	1.216755	3.997731	-0.999955	0.000000
1.911694	1.000104	6117.442019	4078.719219	-0.000000	-0.000001	-51.553170	0.002000	1.216755	3.997731	-0.999955	0.000000
1.931694	1.000104	6117.442019	4078.719219	0.000000	-0.000000	-51.553170	0.002000	1.216755	3.997731	-0.999955	0.000000
1.951694	1.000104	6117.442019	4078.719219	0.000000	0.000002	-51.553170	0.002000	1.216755	3.997731	-0.999955	0.000000
1.971694	1.000104	6117.442019	4078.719219	-0.000000	-0.000000	-51.553170	0.002000	1.216755	3.997731	-0.999955	0.000000
1.991694	1.000104	6117.442019	4078.719219	0.000000	0.000000	-51.553170	0.002000	1.216755	3.997731	-0.999955	0.000000
2.011694	1.000104	6117.442019	4078.719219	-0.000000	0.000001	-51.553170	0.002000	1.216755	3.997731	-0.999955	0.000000
2.031694	1.000104	6117.442019	4078.719219	-0.000000	0.000000	-51.553170	0.002000	1.216755	3.997731	-0.999955	0.000000
2.051694	1.000104	6117.442019	4078.719219	-0.000000	-0.000001	-51.553170	0.002000	1.216755	3.997731	-0.999955	0.000000
2.071694	1.000104	6117.442019	4078.719219	0.000000	-0.000001	-51.553170	0.002000	1.216755	3.997731	-0.999955	0.000000
2.091694	1.000104	6117.442019	4078.719219	0.000000	-0.000000	-51.553170	0.002000	1.216755	3.997731	-0.999955	0.000000
2.111694	1.000104	6117.442019	4078.719219	-0.000000	0.000001	-51.553170	0.002000	1.216755	3.997731	-0.999955	0.000000
2.131694	1.000104	6117.442019	4078.719219	-0.000000	-0.000001	-51.553170	0.002000	1.216755	3.997731	-0.999955	0.000000
2.151694	1.000104	6117.442019	4078.719219	0.000000	-0.000001	-51.553170	0.002000	1.216755	3.997731	-0.999955	0.000000
2.171694	1.000104	6117.442019	4078.719219	0.000000	0.000001	-51.553170	0.002000	1.216755	3.997731	-0.999955	0.000000
2.191694	1.000104	6117.442019	4078.719219	0.000000	-0.000001	-51.553170	0.002000	1.216755	3.997731	-0.999955	0.000000
2.211694	1.000104	6117.442019	4078.719219	0.000000	0.000001	-51.553170	0.002000	1.216755	3.997731	-0.999955	0.000000
2.231694	1.000104	6117.442019	4078.719219	-0.000000	0.000001	-51.553170	0.002000	1.216755	3.997731	-0.999955	0.000000
2.251694	1.000104	6117.442019	4078.719219	-0.000000	-0.000001	-51.553170	0.002000	1.216755	3.997731	-0.999955	0.000000
2.271694	1.000104	6117.442019	4078.719219	0.000000	-0.000001	-51.553170	0.002000	1.216755	3.997731	-0.999955	0.000000
2.291694	1.000104	6117.442019	4078.719219	0.000000	-0.000001	-51.553170	0.002000	1.216755	3.997731	-0.999955	0.000000
2.311694	1.000104	6117.442019	4078.719219	0.000000	0.000000	-51.553170	0.002000	1.216755	3.997731	-0.999955	0.000000
2.331694	1.000104	6117.442019	4078.719219	-0.000000	0.000002	-51.553170	0.002000	1.216755	3.997731	-0.999955	0.000000
2.351694	1.000104	6117.442019	4078.719219	-0.000000	0.000002	-51.553170	0.002000	1.216755	3.997731	-0.999955	0.000000
2.371694	1.000104	6117.442019	4078.719219	0.000000	0.000000	-51.553170	0.002000	1.216755	3.997731	-0.999955	0.000000
2.391694	1.000104	6117.442019	4078.719219	-0.000000	-0.000001	-51.553170	0.002000	1.216755	3.997731	-0.999955	0.000000
2.411694	1.000104	6117.442019	4078.719219	-0.000000	-0.000002	-51.553170	0.002000	1.216755	3.997731	-0.999955	0.000000
2.431694	1.000104	6117.442019	4078.719219	0.000000	-0.000003	-51.553170	0.002000	1.216755	3.997731	-0.999955	0.000000
2.451694	1.000104	6117.442019	4078.719219	0.000000	0.000001	-51.553170	0.002000	1.216755	3.997731	-0.999955	0.000000
2.471694	1.000104	6117.442019	4078.719219	0.000000	0.000001	-51.553170	0.002000	1.216755	3.997731	-0.999955	0.000000
2.491694	1.000104	6117.442019	4078.719219	0.000000	0.000000	-51.553170	0.002000	1.216755	3.997731	-0.999955	0.000000
2.511694	1.000104	6117.442019	4078.719219	-0.000000	0.000001	-51.553170	0.002000	1.216755	3.997731	-0.999955	0.000000
2.531694	1.000104	6117.442019	4078.719219	-0.000000	-0.000000	-51.553170	0.002000	1.216755	3.997731	-0.999955	0.000000
2.551694	1.000104	6117.442019	4078.719219	0.000000	-0.000000	-51.553170	0.002000	1.216755	3.997731	-0.999955	0.000000
2.571694	1.000104	6117.442019	4078.719219	0.000000	-0.000000	-51.553170	0.002000	1.216755	3.997731	-0.999955	0.000000
2.591694	1.000104	6117.442019	4078.719219	0.000000	-0.000000	-51.553170	0.002000	1.216755	3.997731	-0.999955	0.000000
2.611694	1.000104	6117.442019	4078.719219	0.000000	-0.000000	-51.553170	0.002000	1.216755	3.997731	-0.999955	0.000000
2.631694	1.000104	6117.442019	4078.719219	0.000000	-0.000000	-51.553170	0.002000	1.216755	3.997731	-0.999955	0.000000
2.651694	1.000104	6117.442019	4078.719219	0.000000	-0.000000	-51.553170	0.002000	1.216755	3.997731	-0.999955	0.000000
2.671694	1.000104	6117.442019	4078.719219	0.000000	-0.000000	-51.553170	0.002000	1.216755	3.997731	-0.999955	0.000000
2.691694	1.000104	6117.442019	4078.719219	0.000000	-0.000000	-51.553170	0.002000	1.216755	3.997731	-0.999955	0.000000
2.711694	1.000104	6117.442019	4078.719219	0.000000	-0.000000	-51.553170	0.002000	1.216755	3.997731	-0.999955	0.000000
2.731694	1.000104	6117.442019	4078.719219	0.000000	-0.000000	-51.553170	0.002000	1.216755	3.997731	-0.999955	0.000000
2.751694	1.000104	6117.442019	4078.719219	0.000000	0.000000	-51.553170	0.002000	1.216755	3.997731	-0.999955	0.000000
2.771694	1.000104	6117.442019	4078.719219	0.000000	0.000000	-51.553170	0.002000	1.216755	3.997731	-0.999955	0.000000
2.791694	1.000104	6117.442019	4078.719219	0.000000	0.000000	-51.553170	0.002000	1.216755	3.997731	-0.999955	0.000000
2.811694	1.000104	6117.442019	4078.719219	0.000000	0.000000	-51.553170	0.002000	1.216755	3.997731	-0.999955	0.000000
2.831694	1.000104	6117.442019	4078.719219	0.000000	0.000000	-51.553170	0.002000	1.216755	3.997731	-0.999955	0.000000
2.851694	1.000104	6117.442019	4078.719219	0.000000	0.000000	-51.553170	0.002000	1.216755	3.997731	-0.999955	0.000000
2.871694	1.000104	6117.442019	4078.719219	0.000000	0.000000	-51.553170	0.002000	1.216755	3.997731	-0.999955	0.000000
2.891694	1.000104	6117.442019	4078.719219	0.000000	0.000000	-51.553170	0.002000	1.216755	3.997731	-0.999955	0.000000
2.911694	1.000104	6117.442019	4078.719219	0.000000	0.000000	-51.553170	0.002000	1.216755	3.997731	-0.999955	0.000000
2.931694	1.000104	6117.442019	4078.719219	0.000000	0.000000	-51.553170	0.002000	1.216755	3.997731	-0.999955	0.000000
2.951694	1.000104	6117.442019	4078.719219	0.000000	0.000000	-51.553170	0.002000	1.216755	3.997731	-0.999955	0.000000
2.971694	1.000104	6117.442019	4078.719219	0.000000	0.000000	-51.553170	0.002000	1.216755	3.997731	-0.999955	0.000000
2.991694	1.000104	6117.442019	4078.719219	0.000000	0.000000	-51.553170	0.002000	1.216755	3.997731	-0.999955	0.000000
3.011694	1.000104	6117.442019	4078.719219	0.000000	0.000000	-51.553170	0.002000	1.216755	3.997731	-0.999955	0.000000
3.031694	1.000104	6117.442019	4078.719219	0.000000	0.000000	-51.553170	0.002000	1.216755	3.997731	-0.999955	0.000000
3.051694	1.000104	6117.442019	4078.719219	0.000000	0.000000	-51.553170	0.002000	1.216755	3.997731	-0.999955	0.000000
3.071694	1.000104	6117.442019	4078.719219	0.000000	0.000000	-51.553170	0.002000	1.216755	3.997731	-0.999955	0.000000
3.091694	1.000104	6117.442019	4078.719219	0.000000	0.000000	-51.553170	0.002000	1.216755	3.997731	-0.999955	0.000000
3.111694	1.000104	6117.442019	4078.719219	0.000000	0.000000	-51.553170	0.002000	1.216755	3.997731	-0.999955	0.000000
3.131694	1.000104	6117.442019	4078.719219	0.000000	0.000000	-51.553170	0.002000	1.216755	3.997731	-0.999955	0.000000
3.151694	1.000104	6117.442019	4078.719219	0.000000	0.000000	-51.553170	0.002000	1.216755	3.997731	-0.999955	0.000000
3.171694	1.000104	6117.442019	4078.719219	0.000000	0.000000	-51.553170	0.002000	1.216755	3.997731	-0.999955	0.000000
3.191694	1.000104	6117.442019	4078.719219	0.000000	0.000000	-51.553170	0.002000	1.216755	3.997731	-0.999955	0.000000
3.211694	1.000104	6117.442019	4078.719219	0.000000	0.000000	-51.553170	0.002000	1.216755	3.997731	-0.999955	0.000000
3.231694	1.000104	6117.442019	4078.719219	0.000000	0.000000	-51.553170	0.002000	1.216755	3.997731	-0.999955	0.000000
3.251694	1.000104	6117.442019	4078.719219	0.000000	0.000000	-51.553170	0.002000	1.216755	3.997731	-0.999955	0.000000
3.271694	1.000104	6117.442019	4078.719219	0.000000	0.000000	-51.553170	0.002000	1.216755	3.997731	-0.999955	0.000000
3.291694	1.000104	6117.442019	4078.719219	0.000000	0.000000	-51.553170	0.002000	1.216755	3.997731	-0.999955	0.000000
3.311694	1.000104	6117.442019	4078.719219	0.000000	-0.000000	-51.553170	0.002000	1.216755	3.997731	-0.999955	0.000000
3.331694	1.000104	6117.442019	4078.719219	0.000000	-0.000000	-51.553170	0.002000	1.216755	3.997731	-0.999955	0.000000
3.351694	1.000104	6117.442019	4078.719219	0.000000	-0.000000	-51.553170	0.002000	1.216755	3.997731	-0.999955	0.000000
3.371694	1.000104	6117.442019	4078.719219	0.000000	-0.000000	-51.553170	0.002000	1.216755	3.997731	-0.999955	0.000000
3.391694	1.000104	6117.442019	4078.719219	0.000000	-0.000000	-51.553170	0.002000	1.216755	3.997731	-0.999955	0.000000
3.411694	1.000104	6117.442019	4078.719219	0.000000	-0.000000	-51.553170	0.002000	1.216755	3.997731	-0.999955	0.000000
3.431694	1.000104	6117.442019	4078.719219	-0.000000	-0.000000	-51.553170	0.002000	1.216755	3.997731	-0.999955	0.000000
3.451694	1.000104	6117.442019	4078.719219	-0.000000	-0.000000	-51.553170	0.002000	1.216755	3.997731	-0.999955	0.000000
3.471694	1.000104	6117.442019	4078.719219	-0.000000	-0.000000	-51.553170	0.002000	1.216755	3.997731	-0.999955	0.000000
3.491694	1.000104	6117.442019	4078.719219	-0.000000	-0.000000	-51.553170	0.002000	1.216755	3.997731	-0.999955	0.000000
3.511694	1.000104	6117.442019	4078.719219	0.000000	-0.000001	-51.553170	0.002000	1.216755	3.997731	-0.999955	0.000000
3.531694	1.000104	6117.442019	4078.719219	0.000000	0.000001	-51.553170	0.002000	1.216755	3.997731	-0.999955	0.000000
3.551694	1.000104	6117.442019	4078.719219	-0.000000	0.000001	-51.553170	0.002000	1.216755	3.997731	-0.999955	0.000000
3.571694	1.000104	6117.442019	4078.719219	-0.000000	0.000000	-51.553170	0.002000	1.216755	3.997731	-0.999955	0.000000
3.591694	1.000104	6117.442019	4078.719219	-0.000000	-0.000001	-51.553170	0.002000	1.216755	3.997731	-0.999955	0.000000
3.611694	1.000104	6117.442019	4078.719219	0.000000	-0.000001	-51.553170	0.002000	1.216755	3.997731	-0.999955	0.000000
3.631694	1.000104	6117.442019	4078.719219	0.000000	0.000001	-51.553170	0.002000	1.216755	3.997731	-0.999955	0.000000
3.651694	1.000104	6117.442019	4078.719219	0.000000	0.000001	-51.553170	0.002000	1.216755	3.997731	-0.999955	0.000000
3.671694	1.000104	6117.442019	4078.719219	-0.000000	0.000000	-51.553170	0.002000	1.216755	3.997731	-0.999955	0.000000
3.691694	1.000104	6117.442019	4078.719219	-0.000000	0.000000	-51.553170	0.002000	1.216755	3.997731	-0.999955	0.000000
3.711694	1.000104	6117.442019	4078.719219	-0.000000	-0.000001	-51.553170	0.002000	1.216755	3.997731	-0.999955	0.000000
3.731694	1.000104	6117.442019	4078.719219	0.000000	-0.000001	-51.553170	0.002000	1.216755	3.997731	-0.999955	0.000000
3.751694	1.000104	6117.442019	4078.719219	0.000000	0.000001	-51.553170	0.002000	1.216755	3.997731	-0.999955	0.000000
3.771694	1.000104	6117.442019	4078.719219	0.000000	0.000001	-51.553170	0.002000	1.216755	3.997731	-0.999955	0.000000
3.791694	1.000104	6117.442019	4078.719219	-0.000000	0.000001	-51.553170	0.002000	1.216755	3.997731	-0.999955	0.000000
3.811694	1.000104	6117.442019	4078.719219	-0.000000	-0.000002	-51.553170	0.002000	1.216755	3.997731	-0.999955	0.000000
3.831694	1.000104	6117.442019	4078.719219	0.000000	-0.000001	-51.553170	0.002000	1.216755	3.997731	-0.999955	0.000000
3.851694	1.000104	6117.442019	4078.719219	-0.000000	0.000000	-51.553170	0.002000	1.216755	3.997731	-0.999955	0.000000
3.871694	1.000104	6117.442019	4078.719219	0.000000	-0.000000	-51.553170	0.002000	1.216755	3.997731	-0.999955	0.000000
3.891694	1.000104	6117.442019	4078.719219	-0.000000	0.000002	-51.553170	0.002000	1.216755	3.997731	-0.999955	0.000000
3.911694	1.000104	6117.442019	4078.719219	-0.000000	-0.000001	-51.553170	0.002000	1.216755	3.997731	-0.999955	0.000000
3.931694	1.000104	6117.442019	4078.719219	0.000000	-0.000002	-51.553170	0.002000	1.216755	3.997731	-0.999955	0.000000
3.951694	1.000104	6117.442019	4078.719219	0.000000	0.000001	-51.553170	0.002000	1.216755	3.997731	-0.999955	0.000000
3.971694	1.000104	6117.442019	4078.719219	-0.000000	0.000000	-51.553170	0.002000	1.216755	3.997731	-0.999955	0.000000
3.991694	1.000104	6117.442019	4078.719219	0.000000	-0.000001	-51.553170	0.002000	1.216755	3.997731	-0.999955	0.000000
4.011694	1.000104	6117.442019	4078.719219	0.000000	0.000001	-51.553170	0.002000	1.216755	3.997731	-0.999955	0.000000
4.031694	1.000104	6117.442019	4078.719219	-0.000000	0.000001	-51.553170	0.002000	1.216755	3.997731	-0.999955	0.000000
4.051694	1.000104	6117.442019	4078.719219	0.000000	-0.000001	-51.553170	0.002000	1.216755	3.997731	-0.999955	0.000000
4.071694	1.000104	6117.442019	4078.719219	0.000000	0.000001	-51.553170	0.002000	1.216755	3.997731	-0.999955	0.000000
4.091694	1.000104	6117.442019	4078.719219	-0.000000	0.000001	-51.553170	0.002000	1.216755	3.997731	-0.999955	0.000000
4.111694	1.000104	6117.442019	4078.719219	-0.000000	-0.000001	-51.553170	0.002000	1.216755	3.997731	-0.999955	0.000000
4.131694	1.000104	6117.442019	4078.719219	0.000000	-0.000002	-51.553170	0.002000	1.216755	3.997731	-0.999955	0.000000
4.151694	1.000104	6117.442019	4078.719219	0.000000	0.000003	-51.553170	0.002000	1.216755	3.997731	-0.999955	0.000000
4.171694	1.000104	6117.442019	4078.719219	-0.000000	0.000001	-51.553170	0.002000	1.216755	3.997731	-0.999955	0.000000
4.191694	1.000104	6117.442019	4078.719219	0.000000	-0.000001	-51.553170	0.002000	1.216755	3.997731	-0.999955	0.000000
4.211694	1.000104	6117.442019	4078.719219	-0.000000	0.000002	-51.553170	0.002000	1.216755	3.997731	-0.999955	0.000000
4.231694	1.000104	6117.442019	4078.719219	-0.000000	-0.000000	-51.553170	0.002000	1.216755	3.997731	-0.999955	0.000000
4.251694	1.000104	6117.442019	4078.719219	-0.000000	-0.000001	-51.553170	0.002000	1.216755	3.997731	-0.999955	0.000000
4.271694	1.000104	6117.442019	4078.719219	0.000000	-0.000001	-51.553170	0.002000	1.216755	3.997731	-0.999955	0.000000
4.291694	1.000104	6117.442019	4078.719219	0.000000	0.000002	-51.553170	0.002000	1.216755	3.997731	-0.999955	0.000000
4.311694	1.000104	6117.442019	4078.719219	-0.000000	-0.000001	-51.553170	0.002000	1.216755	3.997731	-0.999955	0.000000
4.331694	1.000104	6117.442019	4078.719219	0.000000	-0.000000	-51.553170	0.002000	1.216755	3.997731	-0.999955	0.000000
4.351694	1.000104	6117.442019	4078.719219	0.000000	0.000002	-51.553170	0.002000	1.216755	3.997731	-0.999955	0.000000
4.371694	1.000104	6117.442019	4078.719219	-0.000000	0.000002	-51.553170	0.002000	1.216755	3.997731	-0.999955	0.000000
4.391694	1.000104	6117.442019	4078.719219	-0.000000	0.000001	-51.553170	0.002000	1.216755	3.997731	-0.999955	0.000000
4.411694	1.000104	6117.442019	4078.719219	0.000000	-0.000001	-51.553170	0.002000	1.216755	3.997731	-0.999955	0.000000
4.431694	1.000104	6117.442019	4078.719219	0.000000	0.000000	-51.553170	0.002000	1.216755	3.997731	-0.999955	0.000000
4.451694	1.000104	6117.442019	4078.719219	0.000000	-0.000002	-51.553170	0.002000	1.216755	3.997731	-0.999955	0.000000
4.471694	1.000104	6117.442019	4078.719219	0.000000	-0.000001	-51.553170	0.002000	1.216755	3.997731	-0.999955	0.000000
4.491694	1.000104	6117.442019	4078.719219	0.000000	0.000001	-51.553170	0.002000	1.216755	3.997731	-0.999955	0.000000
4.511694	1.000104	6117.442019	4078.719219	-0.000000	0.000001	-51.553170	0.002000	1.216755	3.997731	-0.999955	0.000000
4.531694	1.000104	6117.442019	4078.719219	-0.000000	0.000001	-51.553170	0.002000	1.216755	3.997731	-0.999955	0.000000
4.551694	1.000104	6117.442019	4078.719219	-0.000000	-0.000002	-51.553170	0.002000	1.216755	3.997731	-0.999955	0.000000
4.571694	1.000104	6117.442019	4078.719219	0.000000	-0.000001	-51.553170	0.002000	1.216755	3.997731	-0.999955	0.000000
4.591694	1.000104	6117.442019	4078.719219	-0.000000	-0.000000	-51.553170	0.002000	1.216755	3.997731	-0.999955	0.000000
4.611694	1.000104	6117.442019	4078.719219	-0.000000	-0.000004	-51.553170	0.002000	1.216755	3.997731	-0.999955	0.000000
4.631694	1.000104	6117.442019	4078.719219	0.000000	-0.000000	-51.553170	0.002000	1.216755	3.997731	-0.999955	0.000000
4.651694	1.000104	6117.442019	4078.719219	0.000000	0.000003	-51.553170	0.002000	1.216755	3.997731	-0.999955	0.000000
4.671694	1.000104	6117.442019	4078.719219	-0.000000	-0.000000	-51.553170	0.002000	1.216755	3.997731	-0.999955	0.000000
4.691694	1.000104	6117.442019	4078.719219	0.000000	0.000001	-51.553170	0.002000	1.216755	3.997731	-0.999955	0.000000
4.711694	1.000104	6117.442019	4078.719219	-0.000000	0.000003	-51.553170	0.002000	1.216755	3.997731	-0.999955	0.000000
4.731694	1.000104	6117.442019	4078.719219	-0.000000	-0.000002	-51.553170	0.002000	1.216755	3.997731	-0.999955	0.000000
4.751694	1.000104	6117.442019	4078.719219	0.000000	-0.000001	-51.553170	0.002000	1.216755	3.997731	-0.999955	0.000000
4.771694	1.000104	6117.442019	4078.719219	0.000000	0.000005	-51.553170	0.002000	1.216755	3.997731	-0.999955	0.000000
4.791694	1.000104	6117.442019	4078.719219	-0.000000	-0.000000	-51.553170	0.002000	1.216755	3.997731	-0.999955	0.000000
4.811694	1.000104	6117.442019	4078.719219	0.000000	-0.000006	-51.553170	0.002000	1.216755	3.997731	-0.999955	0.000000
4.831694	1.000104	6117.442019	4078.719219	0.000000	-0.000000	-51.553170	0.002000	1.216755	3.997731	-0.999955	0.000000
4.851694	1.000104	6117.442019	4078.719219	-0.000000	0.000001	-51.553170	0.002000	1.216755	3.997731	-0.999955	0.000000
4.871694	1.000104	6117.442019	4078.719219	-0.000000	-0.000003	-51.553170	0.002000	1.216755	3.997731	-0.999955	0.000000
4.891694	1.000104	6117.442019	4078.719219	0.000000	-0.000002	-51.553170	0.002000	1.216755	3.997731	-0.999955	0.000000
4.911694	1.000104	6117.442019	4078.719219	0.000000	0.000001	-51.553170	0.002000	1.216755	3.997731	-0.999955	0.000000
4.931694	1.000104	6117.442019	4078.719219	0.000000	0.000005	-51.553170	0.002000	1.216755	3.997731	-0.999955	0.000000
4.951694	1.000104	6117.442019	4078.719219	-0.000000	0.000004	-51.553170	0.002000	1.216755	3.997731	-0.999955	0.000000
4.971694	1.000104	6117.442019	4078.719219	-0.000000	-0.000003	-51.553170	0.002000	1.216755	3.997731	-0.999955	0.000000
4.991694	1.000104	6117.442019	4078.719219	0.000000	-0.000003	-51.553170	0.002000	1.216755	3.997731	-0.999955	0.000000
5.011694	1.000104	6117.442019	4078.719219	0.000000	-0.000000	-51.553170	0.002000	1.216755	3.997731	-0.999955	0.000000
5.031694	1.000104	6117.442019	4078.719219	-0.000000	0.000000	-51.553170	0.002000	1.216755	3.997731	-0.999955	0.000000
5.051694	1.000104	6117.442019	4078.719219	-0.000000	0.000000	-51.553170	0.002000	1.216755	3.997731	-0.999955	0.000000
5.071694	1.000104	6117.442019	4078.719219	-0.000000	0.000000	-51.553170	0.002000	1.216755	3.997731	-0.999955	0.000000
5.091694	1.000104	6117.442019	4078.719219	0.000000	0.000000	-51.553170	0.002000	1.216755	3.997731	-0.999955	0.000000
5.111694	1.000104	6117.442019	4078.719219	0.000000	0.000000	-51.553170	0.002000	1.216755	3.997731	-0.999955	0.000000
5.131694	1.000104	6117.442019	4078.719219	0.000000	0.000000	-51.553170	0.002000	1.216755	3.997731	-0.999955	0.000000
5.151694	1.000104	6117.442019	4078.719219	0.000000	0.000000	-51.553170	0.002000	1.216755	3.997731	-0.999955	0.000000
5.171694	1.000104	6117.442019	4078.719219	0.000000	0.000000	-51.553170	0.002000	1.216755	3.997731	-0.999955	0.000000
5.191694	1.000104	6117.442019	4078.719219	0.000000	0.000000	-51.553170	0.002000	1.216755	3.997731	-0.999955	0.000000
5.211694	1.000104	6117.442019	4078.719219	0.000000	0.000000	-51.553170	0.002000	1.216755	3.997731	-0.999955	0.000000
5.231694	1.000104	6117.442019	4078.719219	0.000000	0.000000	-51.553170	0.002000	1.216755	3.997731	-0.999955	0.000000
5.251694	1.000104	6117.442019	4078.719219	0.000000	0.000000	-51.553170	0.002000	1.216755	3.997731	-0.999955	0.000000
5.271694	1.000104	6117.442019	4078.719219	0.000000	0.000000	-51.553170	0.002000	1.216755	3.997731	-0.999955	0.000000
5.291694	1.000104	6117.442019	4078.719219	0.000000	0.000000	-51.553170	0.002000	1.216755	3.997731	-0.999955	0.000000
5.311694	1.000104	6117.442019	4078.719219	0.000000	0.000000	-51.553170	0.002000	1.216755	3.997731	-0.999955	0.000000
5.331694	1.000104	6117.442019	4078.719219	0.000000	0.000000	-51.553170	0.002000	1.216755	3.997731	-0.999955	0.000000
5.351694	1.000104	6117.442019	4078.719219	-0.000000	0.000000	-51.553170	0.002000	1.216755	3.997731	-0.999955	0.000000
5.371694	1.000104	6117.442019	4078.719219	-0.000000	0.000000	-51.553170	0.002000	1.216755	3.997731	-0.999955	0.000000
5.391694	1.000104	6117.442019	4078.719219	-0.000000	0.000001	-51.553170	0.002000	1.216755	3.997731	-0.999955	0.000000
5.411694	1.000104	6117.442019	4078.719219	-0.000000	0.000002	-51.553170	0.002000	1.216755	3.997731	-0.999955	0.000000
5.431694	1.000104	6117.442019	4078.719219	-0.000000	0.000006	-51.553170	0.002000	1.216755	3.997731	-0.999955	0.000000
5.451694	1.000104	6117.442019	4078.719219	-0.000000	0.000013	-51.553170	0.002000	1.216755	3.997731	-0.999955	0.000000
5.471694	1.000104	6117.442019	4078.719219	-0.000001	0.000028	-51.553170	0.002000	1.216755	3.997731	-0.999955	0.000000
5.491694	1.000104	6117.442019	4078.719220	-0.000001	0.000079	-51.553170	0.002000	1.216755	3.997731	-0.999955	0.000000
5.511694	1.000104	6117.442019	4078.719220	-0.000003	0.000193	-51.553170	0.002000	1.216755	3.997731	-0.999955	0.000000
5.531694	1.000104	6117.442019	4078.719220	-0.000006	0.000399	-51.553170	0.002000	1.216755	3.997731	-0.999955	0.000000
5.551694	1.000104	6117.442019	4078.719220	-0.000013	0.000762	-51.553170	0.002000	1.216755	3.997731	-0.999955	0.000000
5.571694	1.000104	6117.442019	4078.719220	-0.000023	0.001231	-51.553170	0.002000	1.216755	3.997731	-0.999955	0.000000
5.591694	1.000104	6117.442019	4078.719220	-0.000033	0.001076	-51.553170	0.002000	1.216755	3.997731	-0.999955	0.000000
5.611694	1.000104	6117.442019	4078.719220	-0.000011	-0.002864	-51.553170	0.002000	1.216755	3.997731	-0.999955	0.000000
5.631694	1.000104	6117.442019	4078.719220	0.000171	-0.021727	-51.553170	0.002000	1.216755	3.997731	-0.999955	0.000000
5.651694	1.000104	6117.442019	4078.719219	0.000940	-0.090576	-51.553170	0.002000	1.216755	3.997731	-0.999955	0.000000
5.671694	1.000104	6117.442017	4078.719217	0.003599	-0.312054	-51.553170	0.002000	1.216755	3.997731	-0.999955	0.000000
5.691694	1.000104	6117.442010	4078.719210	0.011879	-0.969899	-51.553170	0.002000	1.216755	3.997731	-0.999955	0.000000
5.711694	1.000104	6117.441987	4078.719186	0.035896	-2.813862	-51.553170	0.002000	1.216755	3.997731	-0.999955	0.000000
5.731694	1.000104	6117.441921	4078.719115	0.101940	-7.732900	-51.553170	0.002000	1.216755	3.997731	-0.999955	0.000000
5.751694	1.000104	6117.441739	4078.718914	0.275387	-20.328464	-51.553170	0.002000	1.216755	3.997731	-0.999955	0.000000
5.771694	1.000104	6117.441259	4078.718375	0.712919	-51.381405	-51.553169	0.002000	1.216755	3.997731	-0.999955	0.000000
5.791694	1.000104	6117.440041	4078.716986	1.776239	-125.256168	-51.553167	0.002000	1.216755	3.997730	-0.999955	0.000000
5.811694	1.000103	6117.437064	4078.713540	4.270180	-295.045570	-51.553161	0.002000	1.216755	3.997730	-0.999955	0.000000
5.831694	1.000103	6117.430032	4078.705289	9.920202	-672.233114	-51.553148	0.002000	1.216755	3.997730	-0.999956	0.000000
5.851694	1.000100	6117.413971	4078.686195	22.286969	-1482.115754	-51.553118	0.002000	1.216755	3.997729	-0.999957	0.000000
5.871694	1.000096	6117.378484	4078.643447	48.432174	-3162.110658	-51.553050	0.002000	1.216755	3.997726	-0.999959	0.000000
5.891694	1.000085	6117.302622	4078.550860	101.786210	-6526.149149	-51.552902	0.002000	1.216755	3.997721	-0.999963	0.000000
5.911695	1.000062	6117.145772	4078.356880	206.772760	-13021.208140	-51.552591	0.002000	1.216755	3.997710	-0.999973	0.000000
5.931696	1.000016	6116.832292	4077.963951	405.700881	-25094.863482	-51.551957	0.002000	1.216755	3.997688	-0.999993	0.000000
5.951698	0.999924	6116.227190	4077.195008	768.044085	-46665.233516	-51.550711	0.002000	1.216755	3.997645	-1.000032	0.000000
5.971703	0.999748	6115.100224	4075.742629	1401.241055	-83625.730799	-51.548348	0.002001	1.216755	3.997566	-1.000108	0.000000
5.991712	0.999423	6113.077409	4073.097903	2460.416089	-144223.303305	-51.544031	0.002001	1.216755	3.997424	-1.000247	0.000000
6.011729	0.998845	6109.582483	4068.460707	4152.142096	-239039.690866	-51.536438	0.002002	1.216755	3.997178	-1.000496	0.000000
6.031761	0.997857	6103.776991	4060.641835	6725.495750	-380238.952994	-51.523597	0.002004	1.216755	3.996769	-1.000922	0.000000
6.051817	0.996233	6094.514996	4047.979629	10443.993401	-579816.070195	-51.502740	0.002008	1.216755	3.996114	-1.001624	0.000000
6.071913	0.993670	6080.333889	4028.305544	15536.493683	-846877.290688	-51.470228	0.002013	1.216755	3.995109	-1.002734	0.000000
6.092072	0.989789	6059.501564	3998.997391	22134.353765	-1184485.328058	-51.421599	0.002021	1.216755	3.993626	-1.004423	0.000000
6.112324	0.984149	6030.128673	3957.147035	30212.836704	-1587092.304756	-51.351787	0.002032	1.216755	3.991526	-1.006892	0.000000
6.132713	0.976279	5990.333459	3899.838955	39560.069860	-2039713.272253	-51.255479	0.002049	1.216755	3.988662	-1.010363	0.000000
6.153293	0.965719	5938.425424	3824.495084	49791.523818	-2519497.300415	-51.127553	0.002071	1.216755	3.984894	-1.015068	0.000000
6.174130	0.952067	5873.062706	3729.207180	60409.290657	-2999352.837759	-50.963486	0.002101	1.216755	3.980100	-1.021232	0.000000
6.195304	0.935017	5793.343416	3612.980456	70887.508888	-3452512.496737	-50.759610	0.002139	1.216755	3.974177	-1.029060	0.000000
6.216910	0.914375	5698.818907	3475.826687	80755.798108	-3856425.983009	-50.513181	0.002187	1.216755	3.967045	-1.038735	0.000000
6.239054	0.890072	5589.402357	3318.711490	89651.320074	-4195321.037861	-50.222237	0.002247	1.216755	3.958636	-1.050415	0.000000
6.261860	0.862149	5465.208195	3143.371286	97344.536563	-4461140.405605	-49.885325	0.002320	1.216755	3.948887	-1.064240	0.000000
6.285469	0.830746	5326.198125	2952.005580	103721.406800	-4653041.366482	-49.501255	0.002407	1.216755	3.937706	-1.080337	0.000000
6.310042	0.796092	5171.693618	2746.941661	108759.557532	-4777307.657384	-49.068645	0.002512	1.216755	3.924929	-1.098828	0.000000
6.335762	0.758429	4999.698047	2530.062177	112508.378456	-4843388.372816	-48.585951	0.002637	1.216755	3.910247	-1.119864	0.000000
6.362850	0.717962	4806.307925	2302.512759	115022.986152	-4861470.598192	-48.050639	0.002786	1.216755	3.893121	-1.143667	0.000000
6.391568	0.674512	4586.965168	2064.523585	116442.926079	-4830855.928677	-47.458741	0.002965	1.216755	3.872841	-1.170769	0.000000
6.422280	0.627355	4339.585154	1816.688625	116846.820089	-4732114.585658	-46.802831	0.003188	1.216755	3.848769	-1.202237	0.000000
6.455512	0.574924	4073.383505	1562.777254	116431.048530	-4537213.133227	-46.066617	0.003479	1.216755	3.821280	-1.240131	0.000000
6.492158	0.515278	3811.841674	1310.745385	115365.719826	-4220440.884396	-45.223882	0.003881	1.216755	3.792458	-1.287688	0.000000
6.533720	0.447546	3594.773050	1073.638186	113624.307918	-3821039.195477	-44.217744	0.004469	1.216755	3.766988	-1.348879	0.000000
6.582729	0.371546	3463.503596	858.775457	111931.319635	-3368262.326802	-42.968721	0.005383	1.216755	3.750819	-1.429688	0.000000
6.644131	0.291896	3460.184631	674.035680	109033.276475	-2951497.172619	-41.296178	0.006852	1.216755	3.750385	-1.534451	0.000000
6.725729	0.202076	3622.988752	488.581984	109555.013729	-2509125.432957	-38.883888	0.009897	1.216755	3.770329	-1.694140	0.000000
6.871570	0.115210	4670.894935	359.106792	106655.651799	-1843272.029175	-34.047425	0.017360	1.216755	3.880619	-1.938143	0.000000
-0.002985	3.352893	102972.077584	230170.328475	11.535770	0.000000	0.000943	0.000597	0.000000	5.223884	-0.474583	0.000000
-0.008948	3.360825	102704.234970	230114.262657	33.342963	0.000000	0.002737	0.000595	0.000000	5.222753	-0.473557	0.000000
-0.014891	3.376194	102189.387123	230007.648742	51.418819	0.000000	0.004267	0.000592	0.000000	5.220569	-0.471575	0.000000
-0.020800	3.398076	101466.508691	229860.707551	63.587183	0.000000	0.005389	0.000589	0.000000	5.217485	-0.468769	0.000000
-0.026665	3.425163	100588.169671	229687.274869	68.202541	0.000000	0.006012	0.000584	0.000000	5.213708	-0.465320	0.000000
-0.032481	3.455859	99614.884436	229503.277183	64.475690	0.000000	0.006098	0.000579	0.000000	5.209484	-0.461444	0.000000
-0.038242	3.488407	98608.799956	229324.939804	52.731833	0.000000	0.005672	0.000573	0.000000	5.205075	-0.457372	0.000000
-0.043949	3.521030	97627.926177	229166.993938	34.529161	0.000000	0.004812	0.000568	0.000000	5.200732	-0.453328	0.000000
-0.049604	3.552080	96721.370042	229041.105987	12.525191	0.000000	0.003641	0.000563	0.000000	5.196680	-0.449515	0.000000
-0.055211	3.580177	95926.103873	228954.739284	-9.913421	0.000000	0.002304	0.000559	0.000000	5.193094	-0.446093	0.000000
-0.060777	3.604314	95265.347682	228910.596522	-29.304681	0.000000	0.000955	0.000555	0.000000	5.190093	-0.443175	0.000000
-0.066309	3.623911	94748.545868	228906.706976	-42.713318	0.000000	-0.000268	0.000552	0.000000	5.187731	-0.440820	0.000000
-0.071814	3.638826	94372.691470	228937.121274	-48.325247	0.000000	-0.001259	0.000550	0.000000	5.186005	-0.439037	0.000000
-0.077301	3.649304	94124.692430	228993.080940	-45.788122	0.000000	-0.001949	0.000548	0.000000	5.184863	-0.437789	0.000000
-0.082776	3.655890	93984.387858	229064.455835	-36.231983	0.000000	-0.002317	0.000547	0.000000	5.184216	-0.437007	0.000000
-0.088243	3.659317	93927.811788	229141.207476	-21.964167	0.000000	-0.002385	0.000547	0.000000	5.183955	-0.436600	0.000000
-0.093707	3.660393	93930.301678	229214.646963	-5.919586	0.000000	-0.002206	0.000546	0.000000	5.183967	-0.436473	0.000000
