0.002985	3.353056	102966.383767	230168.786666	11.505906	-2801948.075841	-0.000940	0.000596	1.216755	5.223860	-0.474562	0.000000
0.008948	3.360973	102699.109897	230112.897043	33.247259	-2522102.287446	-0.002729	0.000595	1.216755	5.222731	-0.473538	0.000000
0.014890	3.376313	102185.330476	230006.616641	51.244774	-1996421.892221	-0.004253	0.000592	1.216755	5.220552	-0.471560	0.000000
0.020799	3.398155	101463.891815	229860.129803	63.328762	-1288093.337749	-0.005373	0.000589	1.216755	5.217474	-0.468759	0.000000
0.026664	3.425196	100587.193337	229687.220111	67.874102	-481063.577714	-0.005994	0.000584	1.216755	5.213704	-0.465315	0.000000
0.032480	3.455843	99615.558789	229503.750489	64.118689	330901.018232	-0.006082	0.000579	1.216755	5.209487	-0.461446	0.000000
0.038241	3.488345	98610.950004	229325.878777	52.410080	1056782.189928	-0.005658	0.000573	1.216755	5.205084	-0.457379	0.000000
0.043948	3.520930	97631.221353	229168.274614	34.312921	1620136.400436	-0.004803	0.000568	1.216755	5.200747	-0.453341	0.000000
0.049603	3.551955	96725.373431	229042.559245	12.469715	1968731.050808	-0.003637	0.000563	1.216755	5.196698	-0.449530	0.000000
0.055210	3.580042	95930.333446	228956.175997	-9.787158	2080420.974123	-0.002307	0.000559	1.216755	5.193113	-0.446109	0.000000
0.060776	3.604182	95269.340524	228911.837287	-29.019775	1964588.873198	-0.000963	0.000555	1.216755	5.190111	-0.443191	0.000000
0.066309	3.623796	94751.915971	228907.610686	-42.333491	1658979.773112	0.000257	0.000552	1.216755	5.187746	-0.440834	0.000000
0.071815	3.638738	94375.172935	228937.606645	-47.938924	1222538.798111	0.001246	0.000550	1.216755	5.186017	-0.439048	0.000000
0.077302	3.649248	94126.162235	228993.136482	-45.485033	725394.856641	0.001937	0.000548	1.216755	5.184870	-0.437796	0.000000
0.082776	3.655867	93984.865744	229064.136370	-36.079594	237649.968470	0.002308	0.000547	1.216755	5.184218	-0.437009	0.000000
0.088243	3.659322	93927.438720	229140.618449	-21.991138	-181127.159568	0.002379	0.000547	1.216755	5.183953	-0.436600	0.000000
0.093708	3.660420	93929.302084	229213.920549	-6.110898	-489858.532723	0.002204	0.000546	1.216755	5.183963	-0.436470	0.000000
0.099172	3.659939	93967.743584	229277.580248	8.685911	-670010.148241	0.001856	0.000546	1.216755	5.184141	-0.436527	0.000000
0.104638	3.658558	94023.780221	229327.743597	20.118484	-725222.317466	0.001416	0.000547	1.216755	5.184400	-0.436691	0.000000
0.110106	3.656813	94083.168497	229363.114021	26.883854	-677000.648514	0.000957	0.000547	1.216755	5.184674	-0.436898	0.000000
0.115577	3.655080	94136.590531	229384.529993	28.773689	-557806.309103	0.000539	0.000547	1.216755	5.184920	-0.437104	0.000000
0.121051	3.653584	94179.168356	229394.313608	26.531155	-403338.374099	0.000199	0.000547	1.216755	5.185116	-0.437282	0.000000
0.126527	3.652426	94209.536559	229395.548007	21.521569	-245736.492595	-0.000044	0.000548	1.216755	5.185256	-0.437419	0.000000
0.132004	3.651617	94228.725476	229391.422227	15.327436	-108930.192523	-0.000193	0.000548	1.216755	5.185344	-0.437515	0.000000
0.137482	3.651109	94239.076741	229384.738420	9.378291	-6633.458313	-0.000262	0.000548	1.216755	5.185392	-0.437575	0.000000
0.142961	3.650831	94243.348246	229377.623184	4.695443	57221.447099	-0.000272	0.000548	1.216755	5.185411	-0.437609	0.000000
0.148439	3.650703	94244.087942	229371.435942	1.785885	86312.713063	-0.000245	0.000548	1.216755	5.185415	-0.437624	0.000000
0.153918	3.650661	94243.285327	229366.832273	0.674803	88928.283105	-0.000201	0.000548	1.216755	5.185411	-0.437629	0.000000
0.159398	3.650654	94242.258340	229363.923095	1.034480	74982.565310	-0.000156	0.000548	1.216755	5.185406	-0.437629	0.000000
0.164877	3.650652	94241.706303	229362.470187	2.354435	53655.904591	-0.000119	0.000548	1.216755	5.185404	-0.437630	0.000000
0.170356	3.650640	94241.854527	229362.070362	4.102207	31949.612690	-0.000093	0.000548	1.216755	5.185404	-0.437631	0.000000
0.175835	3.650614	94242.626936	229362.298424	5.840427	14161.188687	-0.000079	0.000548	1.216755	5.185408	-0.437634	0.000000
0.181314	3.650576	94243.802292	229362.797265	7.286325	2082.362756	-0.000074	0.000548	1.216755	5.185413	-0.437639	0.000000
0.186793	3.650533	94245.130320	229363.318001	8.317845	-4371.017414	-0.000077	0.000548	1.216755	5.185420	-0.437644	0.000000
0.192272	3.650490	94246.401658	229363.721982	8.942246	-6384.663697	-0.000083	0.000548	1.216755	5.185425	-0.437649	0.000000
0.197752	3.650453	94247.477429	229363.959736	9.246976	-5545.716701	-0.000090	0.000548	1.216755	5.185430	-0.437653	0.000000
0.203231	3.650422	94248.290144	229364.040759	9.350364	-3339.653378	-0.000097	0.000548	1.216755	5.185434	-0.437657	0.000000
0.208710	3.650401	94248.828664	229364.004358	9.363697	-876.796666	-0.000103	0.000548	1.216755	5.185437	-0.437660	0.000000
0.214190	3.650388	94249.117726	229363.897307	9.369378	1183.688724	-0.000108	0.000548	1.216755	5.185438	-0.437661	0.000000
0.219669	3.650383	94249.199058	229363.760120	9.414229	2576.981889	-0.000111	0.000548	1.216755	5.185438	-0.437662	0.000000
0.225149	3.650384	94249.117528	229363.621109	9.513661	3312.105471	-0.000114	0.000548	1.216755	5.185438	-0.437662	0.000000
0.230628	3.650390	94248.913049	229363.495959	9.661405	3542.991483	-0.000116	0.000548	1.216755	5.185437	-0.437661	0.000000
0.236108	3.650399	94248.617316	229363.390371	9.840234	3464.849970	-0.000119	0.000548	1.216755	5.185436	-0.437660	0.000000
0.241587	3.650412	94248.253762	229363.303710	10.030674	3248.888489	-0.000121	0.000548	1.216755	5.185434	-0.437658	0.000000
0.247066	3.650427	94247.839152	229363.232321	10.216445	3013.416189	-0.000123	0.000548	1.216755	5.185432	-0.437657	0.000000
0.252546	3.650444	94247.385631	229363.171902	10.386747	2821.407775	-0.000126	0.000548	1.216755	5.185430	-0.437655	0.000000
0.258025	3.650461	94246.902494	229363.118823	10.536201	2692.655074	-0.000128	0.000548	1.216755	5.185428	-0.437652	0.000000
0.263504	3.650480	94246.397425	229363.070604	10.663470	2620.547429	-0.000131	0.000548	1.216755	5.185425	-0.437650	0.000000
0.268984	3.650500	94245.877171	229363.025854	10.769587	2587.085096	-0.000133	0.000548	1.216755	5.185423	-0.437648	0.000000
0.274463	3.650520	94245.347817	229362.983958	10.856510	2573.240772	-0.000136	0.000548	1.216755	5.185421	-0.437646	0.000000
0.279942	3.650540	94244.814812	229362.944738	10.925916	2564.331491	-0.000138	0.000548	1.216755	5.185418	-0.437643	0.000000
0.285421	3.650560	94244.282909	229362.908166	10.978928	2551.565274	-0.000141	0.000548	1.216755	5.185416	-0.437641	0.000000
0.290901	3.650579	94243.756110	229362.874197	11.016185	2531.333084	-0.000144	0.000548	1.216755	5.185413	-0.437638	0.000000
0.296380	3.650599	94243.237650	229362.842697	11.037027	2503.432477	-0.000146	0.000548	1.216755	5.185411	-0.437636	0.000000
0.301859	3.650618	94242.730039	229362.813437	11.040628	2469.356610	-0.000149	0.000548	1.216755	5.185409	-0.437634	0.000000
0.307338	3.650637	94242.235148	229362.786125	11.027226	2431.226682	-0.000151	0.000548	1.216755	5.185406	-0.437632	0.000000
0.312817	3.650655	94241.754318	229362.760447	10.993929	2390.655178	-0.000154	0.000548	1.216755	5.185404	-0.437629	0.000000
0.318296	3.650673	94241.288468	229362.736111	10.938879	2348.422281	-0.000157	0.000548	1.216755	5.185402	-0.437627	0.000000
0.323775	3.650690	94240.838204	229362.712859	10.866730	2305.521434	-0.000159	0.000548	1.216755	5.185400	-0.437625	0.000000
0.329254	3.650706	94240.403900	229362.690492	10.768459	2261.580799	-0.000162	0.000548	1.216755	5.185398	-0.437623	0.000000
0.334733	3.650722	94239.985775	229362.668892	10.638886	2214.808039	-0.000164	0.000548	1.216755	5.185396	-0.437621	0.000000
0.340212	3.650737	94239.583933	229362.647957	10.504570	2167.246641	-0.000166	0.000548	1.216755	5.185394	-0.437620	0.000000
0.345691	3.650752	94239.198393	229362.627637	10.329772	2117.251771	-0.000169	0.000548	1.216755	5.185392	-0.437618	0.000000
0.351170	3.650766	94238.829131	229362.608028	10.091099	2057.758360	-0.000171	0.000548	1.216755	5.185391	-0.437616	0.000000
0.356648	3.650779	94238.476067	229362.589055	9.918730	2000.629828	-0.000173	0.000548	1.216755	5.185389	-0.437615	0.000000
0.362127	3.650792	94238.139036	229362.570685	9.659727	1942.468094	-0.000175	0.000548	1.216755	5.185387	-0.437613	0.000000
0.367606	3.650804	94237.817906	229362.553400	9.192329	1852.479935	-0.000177	0.000548	1.216755	5.185386	-0.437612	0.000000
0.373085	3.650816	94237.512485	229362.536803	9.134449	1787.657454	-0.000179	0.000548	1.216755	5.185385	-0.437610	0.000000
0.378564	3.650827	94237.222336	229362.520511	8.820748	1740.058249	-0.000181	0.000548	1.216755	5.185383	-0.437609	0.000000
0.384042	3.650837	94236.947330	229362.506572	7.607818	1563.177928	-0.000183	0.000548	1.216755	5.185382	-0.437608	0.000000
0.389521	3.650847	94236.687250	229362.493009	8.401499	1516.828682	-0.000185	0.000548	1.216755	5.185381	-0.437607	0.000000
0.395000	3.650856	94236.440862	229362.477450	8.310832	1589.679427	-0.000187	0.000548	1.216755	5.185380	-0.437605	0.000000
0.400479	3.650865	94236.208480	229362.469074	3.974554	1079.554082	-0.000188	0.000548	1.216755	5.185378	-0.437604	0.000000
0.405957	3.650874	94235.990335	229362.458784	9.005102	1165.092983	-0.000188	0.000548	1.216755	5.185377	-0.437603	0.000000
0.411436	3.650881	94235.781991	229362.433641	10.924358	1915.522038	-0.000192	0.000548	1.216755	5.185377	-0.437602	0.000000
0.416915	3.650889	94235.586241	229362.435528	-7.587348	-18.877612	-0.000192	0.000548	1.216755	5.185376	-0.437602	0.000000
0.422394	3.650896	94235.406549	229362.423968	17.069480	692.239193	-0.000190	0.000548	1.216755	5.185375	-0.437601	0.000000
0.427872	3.650901	94235.224447	229362.331448	31.527214	4930.157019	-0.000204	0.000548	1.216755	5.185374	-0.437600	0.000000
0.433351	3.650908	94235.054278	229362.349791	-52.361445	-3251.326041	-0.000200	0.000548	1.216755	5.185373	-0.437599	0.000000
0.438829	3.650913	94234.917003	229362.300085	61.900283	153.941867	-0.000187	0.000548	1.216755	5.185373	-0.437599	0.000000
0.444308	3.650913	94234.728931	229361.833296	148.707508	21841.471520	-0.000251	0.000548	1.216755	5.185372	-0.437599	0.000000
0.449787	3.650919	94234.552580	229361.819899	-235.733942	-13817.825763	-0.000241	0.000548	1.216755	5.185371	-0.437598	0.000000
0.455265	3.650918	94234.495525	229361.461767	288.163009	1020.956453	-0.000184	0.000548	1.216755	5.185371	-0.437598	0.000000
0.460744	3.650892	94234.166082	229358.955307	780.738148	109765.979512	-0.000500	0.000548	1.216755	5.185369	-0.437601	0.000000
0.466223	3.650889	94233.820554	229358.199765	-971.089707	-44802.170662	-0.000509	0.000548	1.216755	5.185368	-0.437602	0.000000
0.471701	3.650853	94233.990546	229355.583510	1441.150291	20629.230330	-0.000293	0.000548	1.216755	5.185368	-0.437607	0.000000
0.477180	3.650689	94232.832210	229341.776452	4180.101451	566027.642614	-0.001880	0.000548	1.216755	5.185362	-0.437627	0.000000
0.482659	3.650603	94231.354000	229333.941772	-3695.084276	-88696.403562	-0.002264	0.000548	1.216755	5.185356	-0.437636	0.000000
0.488138	3.650340	94232.138196	229315.377454	7542.099224	217595.633479	-0.001599	0.000548	1.216755	5.185359	-0.437674	0.000000
0.493618	3.649390	94226.473945	229237.614124	22660.504138	2973245.929132	-0.009755	0.000548	1.216755	5.185329	-0.437791	0.000000
0.499100	3.648638	94218.072816	229174.233042	-11996.295903	313925.039766	-0.013554	0.000548	1.216755	5.185294	-0.437877	0.000000
0.504582	3.646871	94219.261938	229045.842463	41238.480822	1878558.124687	-0.012836	0.000548	1.216755	5.185297	-0.438123	0.000000
0.510069	3.641356	94188.619959	228598.850761	124812.131909	16037938.941550	-0.055766	0.000549	1.216755	5.185134	-0.438808	0.000000
0.515568	3.635763	94137.670199	228135.760072	-22776.499836	6220672.108408	-0.085776	0.000550	1.216755	5.184914	-0.439469	0.000000
0.521070	3.624283	94124.049115	227276.770032	232573.416809	15057550.204960	-0.098302	0.000552	1.216755	5.184838	-0.441031	0.000000
0.526600	3.592332	93946.733961	224689.106153	704483.166526	91713399.593520	-0.329627	0.000557	1.216755	5.183899	-0.445065	0.000000
0.532207	3.554722	93611.110706	221550.818982	110321.246307	69215436.168828	-0.549875	0.000563	1.216755	5.182379	-0.449654	0.000000
0.537849	3.489004	93374.057768	216406.448778	1242955.580591	131133810.968260	-0.695583	0.000573	1.216755	5.181181	-0.458659	0.000000
0.543648	3.325014	92167.333779	202664.652173	4115155.803688	633131454.499453	-1.934675	0.000602	1.216755	5.174727	-0.480698	0.000000
0.549899	3.138425	89411.332592	185641.141321	1613514.608030	780202925.889017	-3.525618	0.000637	1.216755	5.161270	-0.505344	0.000000
0.556422	2.956024	86659.095608	168591.627700	2759517.172794	992725913.277860	-3.938970	0.000677	1.216755	5.147289	-0.533201	0.000000
0.563392	2.506756	79475.148902	127547.994171	21055010.531368	3870387900.397230	-8.411802	0.000798	1.216755	5.104179	-0.611253	0.000000
0.572833	1.845966	57824.005975	65598.158460	37851590.653977	8167860346.837669	-22.462912	0.001083	1.216755	4.952008	-0.747864	0.000000
0.586765	1.341628	29376.928367	23709.502969	27204981.841392	6536974657.418699	-38.264461	0.001491	1.216755	4.645185	-0.883010	0.000000
0.604346	1.105893	12481.568951	8454.579945	11600769.743810	2620766377.116255	-47.308418	0.001808	1.216755	4.275436	-0.961093	0.000000
0.623660	1.026562	7150.938304	4754.224409	3201864.653438	534037285.867575	-50.577835	0.001948	1.216755	4.054413	-0.990081	0.000000
0.643516	1.005619	6244.667143	4167.957516	638414.238801	67185234.375785	-51.376320	0.001989	1.216755	4.005087	-0.997912	0.000000
0.663491	1.001082	6134.037971	4091.271983	106753.300566	8344154.273001	-51.525805	0.001998	1.216755	3.998707	-0.999597	0.000000
0.683487	1.000254	6119.802955	4080.540200	15060.684736	1161529.301372	-51.549566	0.001999	1.216755	3.997870	-0.999901	0.000000
0.703487	1.000124	6117.780708	4078.973722	1817.193506	169008.354685	-51.552760	0.002000	1.216755	3.997751	-0.999948	0.000000
0.723487	1.000106	6117.488284	4078.752351	190.138442	23789.707473	-51.553130	0.002000	1.216755	3.997733	-0.999954	0.000000
0.743487	1.000104	6117.447898	4078.723199	17.071512	3126.869798	-51.553167	0.002000	1.216755	3.997731	-0.999955	0.000000
0.763487	1.000104	6117.442710	4078.719661	1.302197	379.627122	-51.553170	0.002000	1.216755	3.997731	-0.999955	0.000000
0.783487	1.000104	6117.442095	4078.719265	0.089941	42.593891	-51.553170	0.002000	1.216755	3.997731	-0.999955	0.000000
0.803487	1.000104	6117.442027	4078.719224	0.008108	4.461561	-51.553170	0.002000	1.216755	3.997731	-0.999955	0.000000
0.823487	1.000104	6117.442020	4078.719220	0.001371	0.448375	-51.553170	0.002000	1.216755	3.997731	-0.999955	0.000000
0.843487	1.000104	6117.442019	4078.719220	0.000281	0.045702	-51.553170	0.002000	1.216755	3.997731	-0.999955	0.000000
0.863487	1.000104	6117.442019	4078.719220	0.000051	0.005100	-51.553170	0.002000	1.216755	3.997731	-0.999955	0.000000
0.883487	1.000104	6117.442019	4078.719219	0.000008	0.000648	-51.553170	0.002000	1.216755	3.997731	-0.999955	0.000000
0.903487	1.000104	6117.442019	4078.719219	0.000001	0.000089	-51.553170	0.002000	1.216755	3.997731	-0.999955	0.000000
0.923487	1.000104	6117.442019	4078.719219	0.000000	0.000014	-51.553170	0.002000	1.216755	3.997731	-0.999955	0.000000
0.943487	1.000104	6117.442019	4078.719219	-0.000000	0.000003	-51.553170	0.002000	1.216755	3.997731	-0.999955	0.000000
0.963487	1.000104	6117.442019	4078.719219	-0.000000	-0.000000	-51.553170	0.002000	1.216755	3.997731	-0.999955	0.000000
0.983487	1.000104	6117.442019	4078.719219	0.000000	-0.000001	-51.553170	0.002000	1.216755	3.997731	-0.999955	0.000000
1.003487	1.000104	6117.442019	4078.719219	0.000000	0.000001	-51.553170	0.002000	1.216755	3.997731	-0.999955	0.000000
1.023487	1.000104	6117.442019	4078.719219	-0.000000	-0.000000	-51.553170	0.002000	1.216755	3.997731	-0.999955	0.000000
1.043487	1.000104	6117.442019	4078.719219	0.000000	-0.000001	-51.553170	0.002000	1.216755	3.997731	-0.999955	0.000000
1.063487	1.000104	6117.442019	4078.719219	-0.000000	0.000000	-51.553170	0.002000	1.216755	3.997731	-0.999955	0.000000
1.083487	1.000104	6117.442019	4078.719219	0.000000	-0.000001	-51.553170	0.002000	1.216755	3.997731	-0.999955	0.000000
1.103487	1.000104	6117.442019	4078.719219	0.000000	0.000000	-51.553170	0.002000	1.216755	3.997731	-0.999955	0.000000
1.123487	1.000104	6117.442019	4078.719219	0.000000	0.000001	-51.553170	0.002000	1.216755	3.997731	-0.999955	0.000000
1.143487	1.000104	6117.442019	4078.719219	-0.000000	0.000001	-51.553170	0.002000	1.216755	3.997731	-0.999955	0.000000
1.163487	1.000104	6117.442019	4078.719219	-0.000000	-0.000001	-51.553170	0.002000	1.216755	3.997731	-0.999955	0.000000
1.183487	1.000104	6117.442019	4078.719219	-0.000000	-0.000001	-51.553170	0.002000	1.216755	3.997731	-0.999955	0.000000
1.203487	1.000104	6117.442019	4078.719219	0.000000	-0.000002	-51.553170	0.002000	1.216755	3.997731	-0.999955	0.000000
1.223487	1.000104	6117.442019	4078.719219	0.000000	0.000000	-51.553170	0.002000	1.216755	3.997731	-0.999955	0.000000
1.243487	1.000104	6117.442019	4078.719219	-0.000000	0.000003	-51.553170	0.002000	1.216755	3.997731	-0.999955	0.000000
1.263487	1.000104	6117.442019	4078.719219	-0.000000	-0.000001	-51.553170	0.002000	1.216755	3.997731	-0.999955	0.000000
1.283487	1.000104	6117.442019	4078.719219	0.000000	0.000001	-51.553170	0.002000	1.216755	3.997731	-0.999955	0.000000
1.303487	1.000104	6117.442019	4078.719219	-0.000000	0.000000	-51.553170	0.002000	1.216755	3.997731	-0.999955	0.000000
1.323487	1.000104	6117.442019	4078.719219	-0.000000	-0.000001	-51.553170	0.002000	1.216755	3.997731	-0.999955	0.000000
1.343487	1.000104	6117.442019	4078.719219	0.000000	-0.000000	-51.553170	0.002000	1.216755	3.997731	-0.999955	0.000000
1.363487	1.000104	6117.442019	4078.719219	-0.000000	0.000001	-51.553170	0.002000	1.216755	3.997731	-0.999955	0.000000
1.383487	1.000104	6117.442019	4078.719219	-0.000000	-0.000000	-51.553170	0.002000	1.216755	3.997731	-0.999955	0.000000
1.403487	1.000104	6117.442019	4078.719219	0.000000	-0.000001	-51.553170	0.002000	1.216755	3.997731	-0.999955	0.000000
1.423487	1.000104	6117.442019	4078.719219	0.000000	0.000000	-51.553170	0.002000	1.216755	3.997731	-0.999955	0.000000
1.443487	1.000104	6117.442019	4078.719219	0.000000	0.000000	-51.553170	0.002000	1.216755	3.997731	-0.999955	0.000000
1.463487	1.000104	6117.442019	4078.719219	-0.000000	0.000001	-51.553170	0.002000	1.216755	3.997731	-0.999955	0.000000
1.483487	1.000104	6117.442019	4078.719219	-0.000000	-0.000000	-51.553170	0.002000	1.216755	3.997731	-0.999955	0.000000
1.503487	1.000104	6117.442019	4078.719219	0.000000	0.000001	-51.553170	0.002000	1.216755	3.997731	-0.999955	0.000000
1.523487	1.000104	6117.442019	4078.719219	-0.000000	-0.000000	-51.553170	0.002000	1.216755	3.997731	-0.999955	0.000000
1.543487	1.000104	6117.442019	4078.719219	0.000000	-0.000002	-51.553170	0.002000	1.216755	3.997731	-0.999955	0.000000
1.563487	1.000104	6117.442019	4078.719219	0.000000	0.000001	-51.553170	0.002000	1.216755	3.997731	-0.999955	0.000000
1.583487	1.000104	6117.442019	4078.719219	-0.000000	0.000001	-51.553170	0.002000	1.216755	3.997731	-0.999955	0.000000
1.603487	1.000104	6117.442019	4078.719219	-0.000000	-0.000001	-51.553170	0.002000	1.216755	3.997731	-0.999955	0.000000
1.623487	1.000104	6117.442019	4078.719219	-0.000000	-0.000001	-51.553170	0.002000	1.216755	3.997731	-0.999955	0.000000
1.643487	1.000104	6117.442019	4078.719219	0.000000	-0.000000	-51.553170	0.002000	1.216755	3.997731	-0.999955	0.000000
1.663487	1.000104	6117.442019	4078.719219	-0.000000	-0.000000	-51.553170	0.002000	1.216755	3.997731	-0.999955	0.000000
1.683487	1.000104	6117.442019	4078.719219	0.000000	-0.000001	-51.553170	0.002000	1.216755	3.997731	-0.999955	0.000000
1.703487	1.000104	6117.442019	4078.719219	0.000000	-0.000001	-51.553170	0.002000	1.216755	3.997731	-0.999955	0.000000
1.723487	1.000104	6117.442019	4078.719219	-0.000000	0.000001	-51.553170	0.002000	1.216755	3.997731	-0.999955	0.000000
1.743487	1.000104	6117.442019	4078.719219	-0.000000	0.000000	-51.553170	0.002000	1.216755	3.997731	-0.999955	0.000000
1.763487	1.000104	6117.442019	4078.719219	0.000000	-0.000001	-51.553170	0.002000	1.216755	3.997731	-0.999955	0.000000
1.783487	1.000104	6117.442019	4078.719219	0.000000	0.000000	-51.553170	0.002000	1.216755	3.997731	-0.999955	0.000000
1.803487	1.000104	6117.442019	4078.719219	-0.000000	0.000001	-51.553170	0.002000	1.216755	3.997731	-0.999955	0.000000
1.823487	1.000104	6117.442019	4078.719219	-0.000000	-0.000001	-51.553170	0.002000	1.216755	3.997731	-0.999955	0.000000
1.843487	1.000104	6117.442019	4078.719219	0.000000	-0.000001	-51.553170	0.002000	1.216755	3.997731	-0.999955	0.000000
1.863487	1.000104	6117.442019	4078.719219	0.000000	0.000000	-51.553170	0.002000	1.216755	3.997731	-0.999955	0.000000
1.883487	1.000104	6117.442019	4078.719219	-0.000000	0.000001	-51.553170	0.002000	1.216755	3.997731	-0.999955	0.000000
1.903487	1.000104	6117.442019	4078.719219	-0.000000	-0.000001	-51.553170	0.002000	1.216755	3.997731	-0.999955	0.000000
1.923487	1.000104	6117.442019	4078.719219	0.000000	-0.000000	-51.553170	0.002000	1.216755	3.997731	-0.999955	0.000000
1.943487	1.000104	6117.442019	4078.719219	0.000000	0.000001	-51.553170	0.002000	1.216755	3.997731	-0.999955	0.000000
1.963487	1.000104	6117.442019	4078.719219	-0.000000	-0.000000	-51.553170	0.002000	1.216755	3.997731	-0.999955	0.000000
1.983487	1.000104	6117.442019	4078.719219	0.000000	0.000000	-51.553170	0.002000	1.216755	3.997731	-0.999955	0.000000
2.003487	1.000104	6117.442019	4078.719219	-0.000000	0.000001	-51.553170	0.002000	1.216755	3.997731	-0.999955	0.000000
2.023487	1.000104	6117.442019	4078.719219	-0.000000	0.000000	-51.553170	0.002000	1.216755	3.997731	-0.999955	0.000000
2.043487	1.000104	6117.442019	4078.719219	-0.000000	-0.000001	-51.553170	0.002000	1.216755	3.997731	-0.999955	0.000000
2.063487	1.000104	6117.442019	4078.719219	0.000000	-0.000001	-51.553170	0.002000	1.216755	3.997731	-0.999955	0.000000
2.083487	1.000104	6117.442019	4078.719219	0.000000	-0.000000	-51.553170	0.002000	1.216755	3.997731	-0.999955	0.000000
2.103487	1.000104	6117.442019	4078.719219	-0.000000	0.000001	-51.553170	0.002000	1.216755	3.997731	-0.999955	0.000000
2.123487	1.000104	6117.442019	4078.719219	-0.000000	-0.000001	-51.553170	0.002000	1.216755	3.997731	-0.999955	0.000000
2.143487	1.000104	6117.442019	4078.719219	0.000000	-0.000001	-51.553170	0.002000	1.216755	3.997731	-0.999955	0.000000
2.163487	1.000104	6117.442019	4078.719219	0.000000	0.000001	-51.553170	0.002000	1.216755	3.997731	-0.999955	0.000000
2.183487	1.000104	6117.442019	4078.719219	0.000000	-0.000001	-51.553170	0.002000	1.216755	3.997731	-0.999955	0.000000
2.203487	1.000104	6117.442019	4078.719219	0.000000	0.000001	-51.553170	0.002000	1.216755	3.997731	-0.999955	0.000000
2.223487	1.000104	6117.442019	4078.719219	-0.000000	0.000001	-51.553170	0.002000	1.216755	3.997731	-0.999955	0.000000
2.243487	1.000104	6117.442019	4078.719219	-0.000000	-0.000001	-51.553170	0.002000	1.216755	3.997731	-0.999955	0.000000
2.263487	1.000104	6117.442019	4078.719219	0.000000	-0.000001	-51.553170	0.002000	1.216755	3.997731	-0.999955	0.000000
2.283487	1.000104	6117.442019	4078.719219	0.000000	-0.000001	-51.553170	0.002000	1.216755	3.997731	-0.999955	0.000000
2.303487	1.000104	6117.442019	4078.719219	0.000000	0.000000	-51.553170	0.002000	1.216755	3.997731	-0.999955	0.000000
2.323487	1.000104	6117.442019	4078.719219	-0.000000	0.000003	-51.553170	0.002000	1.216755	3.997731	-0.999955	0.000000
2.343487	1.000104	6117.442019	4078.719219	-0.000000	0.000002	-51.553170	0.002000	1.216755	3.997731	-0.999955	0.000000
2.363487	1.000104	6117.442019	4078.719219	0.000000	0.000000	-51.553170	0.002000	1.216755	3.997731	-0.999955	0.000000
2.383487	1.000104	6117.442019	4078.719219	-0.000000	-0.000001	-51.553170	0.002000	1.216755	3.997731	-0.999955	0.000000
2.403487	1.000104	6117.442019	4078.719219	-0.000000	-0.000002	-51.553170	0.002000	1.216755	3.997731	-0.999955	0.000000
2.423487	1.000104	6117.442019	4078.719219	0.000000	-0.000003	-51.553170	0.002000	1.216755	3.997731	-0.999955	0.000000
2.443487	1.000104	6117.442019	4078.719219	0.000000	0.000000	-51.553170	0.002000	1.216755	3.997731	-0.999955	0.000000
2.463487	1.000104	6117.442019	4078.719219	0.000000	0.000001	-51.553170	0.002000	1.216755	3.997731	-0.999955	0.000000
2.483487	1.000104	6117.442019	4078.719219	0.000000	0.000000	-51.553170	0.002000	1.216755	3.997731	-0.999955	0.000000
2.503487	1.000104	6117.442019	4078.719219	-0.000000	0.000001	-51.553170	0.002000	1.216755	3.997731	-0.999955	0.000000
2.523487	1.000104	6117.442019	4078.719219	-0.000000	-0.000000	-51.553170	0.002000	1.216755	3.997731	-0.999955	0.000000
2.543487	1.000104	6117.442019	4078.719219	0.000000	-0.000000	-51.553170	0.002000	1.216755	3.997731	-0.999955	0.000000
2.563487	1.000104	6117.442019	4078.719219	0.000000	-0.000000	-51.553170	0.002000	1.216755	3.997731	-0.999955	0.000000
2.583487	1.000104	6117.442019	4078.719219	0.000000	-0.000000	-51.553170	0.002000	1.216755	3.997731	-0.999955	0.000000
2.603487	1.000104	6117.442019	4078.719219	0.000000	-0.000000	-51.553170	0.002000	1.216755	3.997731	-0.999955	0.000000
2.623487	1.000104	6117.442019	4078.719219	0.000000	-0.000000	-51.553170	0.002000	1.216755	3.997731	-0.999955	0.000000
2.643487	1.000104	6117.442019	4078.719219	0.000000	-0.000000	-51.553170	0.002000	1.216755	3.997731	-0.999955	0.000000
2.663487	1.000104	6117.442019	4078.719219	0.000000	-0.000000	-51.553170	0.002000	1.216755	3.997731	-0.999955	0.000000
2.683487	1.000104	6117.442019	4078.719219	0.000000	-0.000000	-51.553170	0.002000	1.216755	3.997731	-0.999955	0.000000
2.703487	1.000104	6117.442019	4078.719219	0.000000	-0.000000	-51.553170	0.002000	1.216755	3.997731	-0.999955	0.000000
2.723487	1.000104	6117.442019	4078.719219	0.000000	-0.000000	-51.553170	0.002000	1.216755	3.997731	-0.999955	0.000000
2.743487	1.000104	6117.442019	4078.719219	0.000000	0.000000	-51.553170	0.002000	1.216755	3.997731	-0.999955	0.000000
2.763487	1.000104	6117.442019	4078.719219	0.000000	0.000000	-51.553170	0.002000	1.216755	3.997731	-0.999955	0.000000
2.783487	1.000104	6117.442019	4078.719219	0.000000	0.000000	-51.553170	0.002000	1.216755	3.997731	-0.999955	0.000000
2.803487	1.000104	6117.442019	4078.719219	0.000000	0.000000	-51.553170	0.002000	1.216755	3.997731	-0.999955	0.000000
2.823487	1.000104	6117.442019	4078.719219	0.000000	0.000000	-51.553170	0.002000	1.216755	3.997731	-0.999955	0.000000
2.843487	1.000104	6117.442019	4078.719219	0.000000	0.000000	-51.553170	0.002000	1.216755	3.997731	-0.999955	0.000000
2.863487	1.000104	6117.442019	4078.719219	0.000000	0.000000	-51.553170	0.002000	1.216755	3.997731	-0.999955	0.000000
2.883487	1.000104	6117.442019	4078.719219	0.000000	0.000000	-51.553170	0.002000	1.216755	3.997731	-0.999955	0.000000
2.903487	1.000104	6117.442019	4078.719219	0.000000	0.000000	-51.553170	0.002000	1.216755	3.997731	-0.999955	0.000000
2.923487	1.000104	6117.442019	4078.719219	0.000000	0.000000	-51.553170	0.002000	1.216755	3.997731	-0.999955	0.000000
2.943487	1.000104	6117.442019	4078.719219	0.000000	0.000000	-51.553170	0.002000	1.216755	3.997731	-0.999955	0.000000
2.963487	1.000104	6117.442019	4078.719219	0.000000	0.000000	-51.553170	0.002000	1.216755	3.997731	-0.999955	0.000000
2.983487	1.000104	6117.442019	4078.719219	0.000000	0.000000	-51.553170	0.002000	1.216755	3.997731	-0.999955	0.000000
3.003487	1.000104	6117.442019	4078.719219	0.000000	0.000000	-51.553170	0.002000	1.216755	3.997731	-0.999955	0.000000
3.023487	1.000104	6117.442019	4078.719219	0.000000	0.000000	-51.553170	0.002000	1.216755	3.997731	-0.999955	0.000000
3.043487	1.000104	6117.442019	4078.719219	0.000000	0.000000	-51.553170	0.002000	1.216755	3.997731	-0.999955	0.000000
3.063487	1.000104	6117.442019	4078.719219	0.000000	0.000000	-51.553170	0.002000	1.216755	3.997731	-0.999955	0.000000
3.083487	1.000104	6117.442019	4078.719219	0.000000	0.000000	-51.553170	0.002000	1.216755	3.997731	-0.999955	0.000000
3.103487	1.000104	6117.442019	4078.719219	0.000000	0.000000	-51.553170	0.002000	1.216755	3.997731	-0.999955	0.000000
3.123487	1.000104	6117.442019	4078.719219	0.000000	0.000000	-51.553170	0.002000	1.216755	3.997731	-0.999955	0.000000
3.143487	1.000104	6117.442019	4078.719219	0.000000	0.000000	-51.553170	0.002000	1.216755	3.997731	-0.999955	0.000000
3.163487	1.000104	6117.442019	4078.719219	0.000000	0.000000	-51.553170	0.002000	1.216755	3.997731	-0.999955	0.000000
3.183487	1.000104	6117.442019	4078.719219	0.000000	0.000000	-51.553170	0.002000	1.216755	3.997731	-0.999955	0.000000
3.203487	1.000104	6117.442019	4078.719219	0.000000	0.000000	-51.553170	0.002000	1.216755	3.997731	-0.999955	0.000000
3.223487	1.000104	6117.442019	4078.719219	0.000000	0.000000	-51.553170	0.002000	1.216755	3.997731	-0.999955	0.000000
3.243487	1.000104	6117.442019	4078.719219	0.000000	0.000000	-51.553170	0.002000	1.216755	3.997731	-0.999955	0.000000
3.263487	1.000104	6117.442019	4078.719219	0.000000	0.000000	-51.553170	0.002000	1.216755	3.997731	-0.999955	0.000000
3.283487	1.000104	6117.442019	4078.719219	0.000000	0.000000	-51.553170	0.002000	1.216755	3.997731	-0.999955	0.000000
3.303487	1.000104	6117.442019	4078.719219	0.000000	-0.000000	-51.553170	0.002000	1.216755	3.997731	-0.999955	0.000000
3.323487	1.000104	6117.442019	4078.719219	0.000000	-0.000000	-51.553170	0.002000	1.216755	3.997731	-0.999955	0.000000
3.343487	1.000104	6117.442019	4078.719219	0.000000	-0.000000	-51.553170	0.002000	1.216755	3.997731	-0.999955	0.000000
3.363487	1.000104	6117.442019	4078.719219	0.000000	-0.000000	-51.553170	0.002000	1.216755	3.997731	-0.999955	0.000000
3.383487	1.000104	6117.442019	4078.719219	0.000000	-0.000000	-51.553170	0.002000	1.216755	3.997731	-0.999955	0.000000
3.403487	1.000104	6117.442019	4078.719219	0.000000	-0.000000	-51.553170	0.002000	1.216755	3.997731	-0.999955	0.000000
3.423487	1.000104	6117.442019	4078.719219	-0.000000	-0.000000	-51.553170	0.002000	1.216755	3.997731	-0.999955	0.000000
3.443487	1.000104	6117.442019	4078.719219	-0.000000	-0.000000	-51.553170	0.002000	1.216755	3.997731	-0.999955	0.000000
3.463487	1.000104	6117.442019	4078.719219	-0.000000	-0.000000	-51.553170	0.002000	1.216755	3.997731	-0.999955	0.000000
3.483487	1.000104	6117.442019	4078.719219	-0.000000	-0.000000	-51.553170	0.002000	1.216755	3.997731	-0.999955	0.000000
3.503487	1.000104	6117.442019	4078.719219	0.000000	-0.000001	-51.553170	0.002000	1.216755	3.997731	-0.999955	0.000000
3.523487	1.000104	6117.442019	4078.719219	0.000000	0.000001	-51.553170	0.002000	1.216755	3.997731	-0.999955	0.000000
3.543487	1.000104	6117.442019	4078.719219	-0.000000	0.000001	-51.553170	0.002000	1.216755	3.997731	-0.999955	0.000000
3.563487	1.000104	6117.442019	4078.719219	-0.000000	0.000000	-51.553170	0.002000	1.216755	3.997731	-0.999955	0.000000
3.583487	1.000104	6117.442019	4078.719219	-0.000000	-0.000001	-51.553170	0.002000	1.216755	3.997731	-0.999955	0.000000
3.603487	1.000104	6117.442019	4078.719219	0.000000	-0.000001	-51.553170	0.002000	1.216755	3.997731	-0.999955	0.000000
3.623487	1.000104	6117.442019	4078.719219	0.000000	0.000001	-51.553170	0.002000	1.216755	3.997731	-0.999955	0.000000
3.643487	1.000104	6117.442019	4078.719219	0.000000	0.000001	-51.553170	0.002000	1.216755	3.997731	-0.999955	0.000000
3.663487	1.000104	6117.442019	4078.719219	-0.000000	0.000000	-51.553170	0.002000	1.216755	3.997731	-0.999955	0.000000
3.683487	1.000104	6117.442019	4078.719219	-0.000000	0.000000	-51.553170	0.002000	1.216755	3.997731	-0.999955	0.000000
3.703487	1.000104	6117.442019	4078.719219	-0.000000	-0.000001	-51.553170	0.002000	1.216755	3.997731	-0.999955	0.000000
3.723487	1.000104	6117.442019	4078.719219	0.000000	-0.000001	-51.553170	0.002000	1.216755	3.997731	-0.999955	0.000000
3.743487	1.000104	6117.442019	4078.719219	0.000000	0.000001	-51.553170	0.002000	1.216755	3.997731	-0.999955	0.000000
3.763487	1.000104	6117.442019	4078.719219	0.000000	0.000001	-51.553170	0.002000	1.216755	3.997731	-0.999955	0.000000
3.783487	1.000104	6117.442019	4078.719219	-0.000000	0.000001	-51.553170	0.002000	1.216755	3.997731	-0.999955	0.000000
3.803487	1.000104	6117.442019	4078.719219	-0.000000	-0.000002	-51.553170	0.002000	1.216755	3.997731	-0.999955	0.000000
3.823487	1.000104	6117.442019	4078.719219	0.000000	-0.000001	-51.553170	0.002000	1.216755	3.997731	-0.999955	0.000000
3.843487	1.000104	6117.442019	4078.719219	-0.000000	0.000000	-51.553170	0.002000	1.216755	3.997731	-0.999955	0.000000
3.863487	1.000104	6117.442019	4078.719219	0.000000	-0.000000	-51.553170	0.002000	1.216755	3.997731	-0.999955	0.000000
3.883487	1.000104	6117.442019	4078.719219	-0.000000	0.000002	-51.553170	0.002000	1.216755	3.997731	-0.999955	0.000000
3.903487	1.000104	6117.442019	4078.719219	-0.000000	-0.000000	-51.553170	0.002000	1.216755	3.997731	-0.999955	0.000000
3.923487	1.000104	6117.442019	4078.719219	0.000000	-0.000002	-51.553170	0.002000	1.216755	3.997731	-0.999955	0.000000
3.943487	1.000104	6117.442019	4078.719219	0.000000	0.000001	-51.553170	0.002000	1.216755	3.997731	-0.999955	0.000000
3.963487	1.000104	6117.442019	4078.719219	-0.000000	0.000000	-51.553170	0.002000	1.216755	3.997731	-0.999955	0.000000
3.983487	1.000104	6117.442019	4078.719219	0.000000	-0.000001	-51.553170	0.002000	1.216755	3.997731	-0.999955	0.000000
4.003487	1.000104	6117.442019	4078.719219	0.000000	0.000001	-51.553170	0.002000	1.216755	3.997731	-0.999955	0.000000
4.023487	1.000104	6117.442019	4078.719219	-0.000000	0.000001	-51.553170	0.002000	1.216755	3.997731	-0.999955	0.000000
4.043487	1.000104	6117.442019	4078.719219	0.000000	-0.000001	-51.553170	0.002000	1.216755	3.997731	-0.999955	0.000000
4.063487	1.000104	6117.442019	4078.719219	0.000000	0.000001	-51.553170	0.002000	1.216755	3.997731	-0.999955	0.000000
4.083487	1.000104	6117.442019	4078.719219	-0.000000	0.000001	-51.553170	0.002000	1.216755	3.997731	-0.999955	0.000000
4.103487	1.000104	6117.442019	4078.719219	-0.000000	-0.000002	-51.553170	0.002000	1.216755	3.997731	-0.999955	0.000000
4.123487	1.000104	6117.442019	4078.719219	0.000000	-0.000002	-51.553170	0.002000	1.216755	3.997731	-0.999955	0.000000
4.143487	1.000104	6117.442019	4078.719219	0.000000	0.000002	-51.553170	0.002000	1.216755	3.997731	-0.999955	0.000000
4.163487	1.000104	6117.442019	4078.719219	-0.000000	0.000001	-51.553170	0.002000	1.216755	3.997731	-0.999955	0.000000
4.183487	1.000104	6117.442019	4078.719219	0.000000	-0.000001	-51.553170	0.002000	1.216755	3.997731	-0.999955	0.000000
4.203487	1.000104	6117.442019	4078.719219	-0.000000	0.000001	-51.553170	0.002000	1.216755	3.997731	-0.999955	0.000000
4.223487	1.000104	6117.442019	4078.719219	-0.000000	-0.000000	-51.553170	0.002000	1.216755	3.997731	-0.999955	0.000000
4.243487	1.000104	6117.442019	4078.719219	-0.000000	-0.000001	-51.553170	0.002000	1.216755	3.997731	-0.999955	0.000000
4.263487	1.000104	6117.442019	4078.719219	0.000000	-0.000001	-51.553170	0.002000	1.216755	3.997731	-0.999955	0.000000
4.283487	1.000104	6117.442019	4078.719219	0.000000	0.000002	-51.553170	0.002000	1.216755	3.997731	-0.999955	0.000000
4.303487	1.000104	6117.442019	4078.719219	-0.000000	-0.000001	-51.553170	0.002000	1.216755	3.997731	-0.999955	0.000000
4.323487	1.000104	6117.442019	4078.719219	0.000000	-0.000000	-51.553170	0.002000	1.216755	3.997731	-0.999955	0.000000
4.343487	1.000104	6117.442019	4078.719219	0.000000	0.000002	-51.553170	0.002000	1.216755	3.997731	-0.999955	0.000000
4.363487	1.000104	6117.442019	4078.719219	-0.000000	0.000002	-51.553170	0.002000	1.216755	3.997731	-0.999955	0.000000
4.383487	1.000104	6117.442019	4078.719219	-0.000000	0.000001	-51.553170	0.002000	1.216755	3.997731	-0.999955	0.000000
4.403487	1.000104	6117.442019	4078.719219	0.000000	-0.000001	-51.553170	0.002000	1.216755	3.997731	-0.999955	0.000000
4.423487	1.000104	6117.442019	4078.719219	0.000000	0.000000	-51.553170	0.002000	1.216755	3.997731	-0.999955	0.000000
4.443487	1.000104	6117.442019	4078.719219	0.000000	-0.000002	-51.553170	0.002000	1.216755	3.997731	-0.999955	0.000000
4.463487	1.000104	6117.442019	4078.719219	0.000000	-0.000001	-51.553170	0.002000	1.216755	3.997731	-0.999955	0.000000
4.483487	1.000104	6117.442019	4078.719219	0.000000	0.000001	-51.553170	0.002000	1.216755	3.997731	-0.999955	0.000000
4.503487	1.000104	6117.442019	4078.719219	-0.000000	0.000001	-51.553170	0.002000	1.216755	3.997731	-0.999955	0.000000
4.523487	1.000104	6117.442019	4078.719219	-0.000000	0.000001	-51.553170	0.002000	1.216755	3.997731	-0.999955	0.000000
4.543487	1.000104	6117.442019	4078.719219	-0.000000	-0.000002	-51.553170	0.002000	1.216755	3.997731	-0.999955	0.000000
4.563487	1.000104	6117.442019	4078.719219	0.000000	-0.000001	-51.553170	0.002000	1.216755	3.997731	-0.999955	0.000000
4.583487	1.000104	6117.442019	4078.719219	-0.000000	-0.000000	-51.553170	0.002000	1.216755	3.997731	-0.999955	0.000000
4.603487	1.000104	6117.442019	4078.719219	-0.000000	-0.000004	-51.553170	0.002000	1.216755	3.997731	-0.999955	0.000000
4.623487	1.000104	6117.442019	4078.719219	0.000000	-0.000000	-51.553170	0.002000	1.216755	3.997731	-0.999955	0.000000
4.643487	1.000104	6117.442019	4078.719219	0.000000	0.000003	-51.553170	0.002000	1.216755	3.997731	-0.999955	0.000000
4.663487	1.000104	6117.442019	4078.719219	-0.000000	0.000000	-51.553170	0.002000	1.216755	3.997731	-0.999955	0.000000
4.683487	1.000104	6117.442019	4078.719219	0.000000	0.000001	-51.553170	0.002000	1.216755	3.997731	-0.999955	0.000000
4.703487	1.000104	6117.442019	4078.719219	-0.000000	0.000003	-51.553170	0.002000	1.216755	3.997731	-0.999955	0.000000
4.723487	1.000104	6117.442019	4078.719219	-0.000000	-0.000002	-51.553170	0.002000	1.216755	3.997731	-0.999955	0.000000
4.743487	1.000104	6117.442019	4078.719219	0.000000	-0.000000	-51.553170	0.002000	1.216755	3.997731	-0.999955	0.000000
4.763487	1.000104	6117.442019	4078.719219	0.000000	0.000005	-51.553170	0.002000	1.216755	3.997731	-0.999955	0.000000
4.783487	1.000104	6117.442019	4078.719219	-0.000000	-0.000000	-51.553170	0.002000	1.216755	3.997731	-0.999955	0.000000
4.803487	1.000104	6117.442019	4078.719219	0.000000	-0.000006	-51.553170	0.002000	1.216755	3.997731	-0.999955	0.000000
4.823487	1.000104	6117.442019	4078.719219	0.000000	-0.000000	-51.553170	0.002000	1.216755	3.997731	-0.999955	0.000000
4.843487	1.000104	6117.442019	4078.719219	-0.000000	0.000002	-51.553170	0.002000	1.216755	3.997731	-0.999955	0.000000
4.863487	1.000104	6117.442019	4078.719219	-0.000000	-0.000002	-51.553170	0.002000	1.216755	3.997731	-0.999955	0.000000
4.883487	1.000104	6117.442019	4078.719219	0.000000	-0.000003	-51.553170	0.002000	1.216755	3.997731	-0.999955	0.000000
4.903487	1.000104	6117.442019	4078.719219	0.000000	0.000001	-51.553170	0.002000	1.216755	3.997731	-0.999955	0.000000
4.923487	1.000104	6117.442019	4078.719219	0.000000	0.000006	-51.553170	0.002000	1.216755	3.997731	-0.999955	0.000000
4.943487	1.000104	6117.442019	4078.719219	-0.000000	0.000004	-51.553170	0.002000	1.216755	3.997731	-0.999955	0.000000
4.963487	1.000104	6117.442019	4078.719219	-0.000000	-0.000003	-51.553170	0.002000	1.216755	3.997731	-0.999955	0.000000
4.983487	1.000104	6117.442019	4078.719219	0.000000	-0.000003	-51.553170	0.002000	1.216755	3.997731	-0.999955	0.000000
5.003487	1.000104	6117.442019	4078.719219	0.000000	-0.000000	-51.553170	0.002000	1.216755	3.997731	-0.999955	0.000000
5.023487	1.000104	6117.442019	4078.719219	-0.000000	0.000000	-51.553170	0.002000	1.216755	3.997731	-0.999955	0.000000
5.043487	1.000104	6117.442019	4078.719219	-0.000000	0.000000	-51.553170	0.002000	1.216755	3.997731	-0.999955	0.000000
5.063487	1.000104	6117.442019	4078.719219	-0.000000	0.000000	-51.553170	0.002000	1.216755	3.997731	-0.999955	0.000000
5.083487	1.000104	6117.442019	4078.719219	0.000000	0.000000	-51.553170	0.002000	1.216755	3.997731	-0.999955	0.000000
5.103487	1.000104	6117.442019	4078.719219	0.000000	0.000000	-51.553170	0.002000	1.216755	3.997731	-0.999955	0.000000
5.123487	1.000104	6117.442019	4078.719219	0.000000	0.000000	-51.553170	0.002000	1.216755	3.997731	-0.999955	0.000000
5.143487	1.000104	6117.442019	4078.719219	0.000000	0.000000	-51.553170	0.002000	1.216755	3.997731	-0.999955	0.000000
5.163487	1.000104	6117.442019	4078.719219	0.000000	0.000000	-51.553170	0.002000	1.216755	3.997731	-0.999955	0.000000
5.183487	1.000104	6117.442019	4078.719219	0.000000	0.000000	-51.553170	0.002000	1.216755	3.997731	-0.999955	0.000000
5.203487	1.000104	6117.442019	4078.719219	0.000000	0.000000	-51.553170	0.002000	1.216755	3.997731	-0.999955	0.000000
5.223487	1.000104	6117.442019	4078.719219	0.000000	0.000000	-51.553170	0.002000	1.216755	3.997731	-0.999955	0.000000
5.243487	1.000104	6117.442019	4078.719219	0.000000	0.000000	-51.553170	0.002000	1.216755	3.997731	-0.999955	0.000000
5.263487	1.000104	6117.442019	4078.719219	0.000000	0.000000	-51.553170	0.002000	1.216755	3.997731	-0.999955	0.000000
5.283487	1.000104	6117.442019	4078.719219	0.000000	0.000000	-51.553170	0.002000	1.216755	3.997731	-0.999955	0.000000
5.303487	1.000104	6117.442019	4078.719219	0.000000	0.000000	-51.553170	0.002000	1.216755	3.997731	-0.999955	0.000000
5.323487	1.000104	6117.442019	4078.719219	0.000000	0.000000	-51.553170	0.002000	1.216755	3.997731	-0.999955	0.000000
5.343487	1.000104	6117.442019	4078.719219	0.000000	0.000000	-51.553170	0.002000	1.216755	3.997731	-0.999955	0.000000
5.363487	1.000104	6117.442019	4078.719219	0.000000	0.000000	-51.553170	0.002000	1.216755	3.997731	-0.999955	0.000000
5.383487	1.000104	6117.442019	4078.719219	0.000000	0.000001	-51.553170	0.002000	1.216755	3.997731	-0.999955	0.000000
5.403487	1.000104	6117.442019	4078.719219	-0.000000	0.000003	-51.553170	0.002000	1.216755	3.997731	-0.999955	0.000000
5.423487	1.000104	6117.442019	4078.719219	-0.000000	0.000006	-51.553170	0.002000	1.216755	3.997731	-0.999955	0.000000
5.443487	1.000104	6117.442019	4078.719219	-0.000000	0.000014	-51.553170	0.002000	1.216755	3.997731	-0.999955	0.000000
5.463487	1.000104	6117.442019	4078.719219	-0.000001	0.000033	-51.553170	0.002000	1.216755	3.997731	-0.999955	0.000000
5.483487	1.000104	6117.442019	4078.719220	-0.000001	0.000087	-51.553170	0.002000	1.216755	3.997731	-0.999955	0.000000
5.503487	1.000104	6117.442019	4078.719220	-0.000003	0.000213	-51.553170	0.002000	1.216755	3.997731	-0.999955	0.000000
5.523487	1.000104	6117.442019	4078.719220	-0.000007	0.000431	-51.553170	0.002000	1.216755	3.997731	-0.999955	0.000000
5.543487	1.000104	6117.442019	4078.719220	-0.000014	0.000791	-51.553170	0.002000	1.216755	3.997731	-0.999955	0.000000
5.563487	1.000104	6117.442019	4078.719220	-0.000024	0.001182	-51.553170	0.002000	1.216755	3.997731	-0.999955	0.000000
5.583487	1.000104	6117.442019	4078.719220	-0.000030	0.000629	-51.553170	0.002000	1.216755	3.997731	-0.999955	0.000000
5.603487	1.000104	6117.442019	4078.719220	0.000009	-0.004802	-51.553170	0.002000	1.216755	3.997731	-0.999955	0.000000
5.623487	1.000104	6117.442019	4078.719220	0.000249	-0.028535	-51.553170	0.002000	1.216755	3.997731	-0.999955	0.000000
5.643487	1.000104	6117.442019	4078.719219	0.001200	-0.111980	-51.553170	0.002000	1.216755	3.997731	-0.999955	0.000000
5.663487	1.000104	6117.442016	4078.719217	0.004394	-0.374616	-51.553170	0.002000	1.216755	3.997731	-0.999955	0.000000
5.683487	1.000104	6117.442007	4078.719208	0.014153	-1.142966	-51.553170	0.002000	1.216755	3.997731	-0.999955	0.000000
5.703487	1.000104	6117.441981	4078.719179	0.042075	-3.271415	-51.553170	0.002000	1.216755	3.997731	-0.999955	0.000000
5.723487	1.000104	6117.441904	4078.719096	0.118015	-8.894423	-51.553170	0.002000	1.216755	3.997731	-0.999955	0.000000
5.743487	1.000104	6117.441695	4078.718864	0.315604	-23.170118	-51.553170	0.002000	1.216755	3.997731	-0.999955	0.000000
5.763487	1.000104	6117.441147	4078.718247	0.809930	-58.094444	-51.553169	0.002000	1.216755	3.997730	-0.999955	0.000000
5.783487	1.000104	6117.439769	4078.716670	2.002217	-140.585025	-51.553166	0.002000	1.216755	3.997730	-0.999955	0.000000
5.803487	1.000103	6117.436426	4078.712789	4.778867	-328.891235	-51.553160	0.002000	1.216755	3.997730	-0.999955	0.000000
5.823487	1.000102	6117.428583	4078.703563	11.026910	-744.484897	-51.553146	0.002000	1.216755	3.997730	-0.999956	0.000000
5.843487	1.000100	6117.410789	4078.682353	24.613295	-1631.162357	-51.553112	0.002000	1.216755	3.997728	-0.999957	0.000000
5.863487	1.000095	6117.371719	4078.635173	53.153308	-3458.967027	-51.553037	0.002000	1.216755	3.997726	-0.999959	0.000000
5.883487	1.000083	6117.288710	4078.533618	111.026582	-7096.313876	-51.552875	0.002000	1.216755	3.997720	-0.999964	0.000000
5.903488	1.000058	6117.118109	4078.322135	224.189989	-14075.645531	-51.552535	0.002000	1.216755	3.997708	-0.999975	0.000000
5.923489	1.000008	6116.779164	4077.896300	437.261484	-26968.991534	-51.551847	0.002000	1.216755	3.997684	-0.999996	0.000000
5.943491	0.999908	6116.128733	4077.067859	822.905648	-49859.540232	-51.550504	0.002000	1.216755	3.997639	-1.000039	0.000000
5.963497	0.999719	6114.924387	4075.512235	1492.500686	-88833.346227	-51.547972	0.002001	1.216755	3.997554	-1.000120	0.000000
5.983506	0.999373	6112.775188	4072.695961	2605.282126	-152320.205452	-51.543373	0.002001	1.216755	3.997403	-1.000269	0.000000
6.003525	0.998760	6109.083270	4067.786553	4370.918002	-251007.318858	-51.535331	0.002002	1.216755	3.997143	-1.000533	0.000000
6.023559	0.997718	6102.985564	4059.556368	7038.793551	-396995.462748	-51.521810	0.002005	1.216755	3.996713	-1.000982	0.000000
6.043618	0.996015	6093.312164	4046.304144	10868.009864	-601959.694200	-51.499974	0.002008	1.216755	3.996029	-1.001718	0.000000
6.063720	0.993342	6078.582704	4025.829061	16077.049442	-874392.720089	-51.466127	0.002013	1.216755	3.994984	-1.002877	0.000000
6.083886	0.989317	6057.059861	3995.494874	22781.447714	-1216513.069358	-51.415775	0.002022	1.216755	3.993452	-1.004630	0.000000
6.104150	0.983498	6026.866612	3952.407924	30938.072801	-1621876.407521	-51.343862	0.002034	1.216755	3.991292	-1.007178	0.000000
6.124555	0.975418	5986.152447	3893.701224	40318.764953	-2074795.641208	-51.245130	0.002050	1.216755	3.988359	-1.010745	0.000000
6.145155	0.964627	5933.273599	3816.876750	50529.547518	-2552127.396788	-51.114559	0.002073	1.216755	3.984518	-1.015558	0.000000
6.166018	0.950735	5866.942951	3720.126602	61072.590684	-3026981.430595	-50.947757	0.002104	1.216755	3.979648	-1.021839	0.000000
6.187225	0.933449	5786.312214	3602.560024	71431.041388	-3473206.521971	-50.741189	0.002143	1.216755	3.973651	-1.029788	0.000000
6.208870	0.912590	5690.977508	3464.279902	81149.285838	-3869091.757945	-50.492229	0.002192	1.216755	3.966447	-1.039583	0.000000
6.231061	0.888099	5580.883018	3306.317753	89880.794524	-4199708.527014	-50.199008	0.002252	1.216755	3.957974	-1.051378	0.000000
6.253921	0.860027	5456.158689	3130.446127	97410.337096	-4457700.161792	-49.860131	0.002326	1.216755	3.948168	-1.065310	0.000000
6.277592	0.828517	5316.767379	2938.871377	103634.706483	-4642691.906389	-49.474434	0.002414	1.216755	3.936937	-1.081504	0.000000
6.302233	0.793800	5162.017526	2733.904181	108537.917311	-4761201.051418	-49.040541	0.002520	1.216755	3.924116	-1.100081	0.000000
6.328030	0.756116	4989.893272	2517.396046	112172.673227	-4822719.726679	-48.556895	0.002645	1.216755	3.909394	-1.121191	0.000000
6.355203	0.715668	4796.470636	2290.453511	114594.880926	-4837284.653545	-48.020946	0.002795	1.216755	3.892231	-1.145057	0.000000
6.384016	0.672272	4577.193074	2053.277510	115942.346574	-4804093.389181	-47.428692	0.002975	1.216755	3.871914	-1.172215	0.000000
6.414832	0.625196	4330.015494	1806.437547	116293.235798	-4703631.980145	-46.772685	0.003199	1.216755	3.847810	-1.203735	0.000000
6.448182	0.572872	4064.210089	1553.687109	115838.499075	-4508139.024005	-46.036584	0.003491	1.216755	3.820300	-1.241684	0.000000
6.484961	0.513359	3803.310106	1302.937202	114748.372769	-4192225.577057	-45.194129	0.003896	1.216755	3.791484	-1.289309	0.000000
6.526684	0.445797	3587.049511	1067.139563	112990.661463	-3794952.780673	-44.188444	0.004486	1.216755	3.766053	-1.350580	0.000000
6.575891	0.370011	3456.694994	853.544121	111284.917272	-3345495.403071	-42.939861	0.005405	1.216755	3.749964	-1.431486	0.000000
6.637559	0.290607	3454.217897	669.898536	108389.282043	-2932036.721526	-41.268067	0.006882	1.216755	3.749635	-1.536374	0.000000
6.719542	0.201116	3617.915291	485.577468	108872.397754	-2493444.848576	-38.855648	0.009945	1.216755	3.769720	-1.696210	0.000000
6.866152	0.114630	4667.166210	357.011773	105978.975135	-1833120.300459	-34.019934	0.017447	1.216755	3.880272	-1.940337	0.000000
-0.002985	3.353056	102966.383767	230168.786666	11.505906	0.000000	0.000940	0.000596	0.000000	5.223860	-0.474562	0.000000
-0.008948	3.360973	102699.109897	230112.897043	33.247259	0.000000	0.002729	0.000595	0.000000	5.222731	-0.473538	0.000000
-0.014890	3.376313	102185.330476	230006.616641	51.244774	0.000000	0.004253	0.000592	0.000000	5.220552	-0.471560	0.000000
-0.020799	3.398155	101463.891815	229860.129803	63.328762	0.000000	0.005373	0.000589	0.000000	5.217474	-0.468759	0.000000
-0.026664	3.425196	100587.193337	229687.220111	67.874102	0.000000	0.005994	0.000584	0.000000	5.213704	-0.465315	0.000000
-0.032480	3.455843	99615.558789	229503.750489	64.118689	0.000000	0.006082	0.000579	0.000000	5.209487	-0.461446	0.000000
-0.038241	3.488345	98610.950004	229325.878777	52.410080	0.000000	0.005658	0.000573	0.000000	5.205084	-0.457379	0.000000
-0.043948	3.520930	97631.221353	229168.274614	34.312921	0.000000	0.004803	0.000568	0.000000	5.200747	-0.453341	0.000000
-0.049603	3.551955	96725.373431	229042.559245	12.469715	0.000000	0.003637	0.000563	0.000000	5.196698	-0.449530	0.000000
-0.055210	3.580042	95930.333446	228956.175997	-9.787158	0.000000	0.002307	0.000559	0.000000	5.193113	-0.446109	0.000000
-0.060776	3.604182	95269.340524	228911.837287	-29.019775	0.000000	0.000963	0.000555	0.000000	5.190111	-0.443191	0.000000
-0.066309	3.623796	94751.915971	228907.610686	-42.333491	0.000000	-0.000257	0.000552	0.000000	5.187746	-0.440834	0.000000
-0.071815	3.638738	94375.172935	228937.606645	-47.938924	0.000000	-0.001246	0.000550	0.000000	5.186017	-0.439048	0.000000
-0.077302	3.649248	94126.162235	228993.136482	-45.485033	0.000000	-0.001937	0.000548	0.000000	5.184870	-0.437796	0.000000
-0.082776	3.655867	93984.865744	229064.136370	-36.079594	0.000000	-0.002308	0.000547	0.000000	5.184218	-0.437009	0.000000
-0.088243	3.659322	93927.438720	229140.618449	-21.991138	0.000000	-0.002379	0.000547	0.000000	5.183953	-0.436600	0.000000
-0.093708	3.660420	93929.302084	229213.920549	-6.110898	0.000000	-0.002204	0.000546	0.000000	5.183963	-0.436470	0.000000
