0.002982	3.356136	102858.903071	230139.726212	10.756082	-2633215.663892	-0.000884	0.000596	1.216755	5.223406	-0.474163	0.000000
0.008940	3.363768	102602.312511	230087.179751	30.966636	-2373132.267606	-0.002567	0.000595	1.216755	5.222321	-0.473177	0.000000
0.014877	3.378566	102108.582526	229987.201287	47.409787	-1885328.142060	-0.004004	0.000592	1.216755	5.220226	-0.471270	0.000000
0.020782	3.399662	101414.124857	229849.246894	58.070403	-1229389.864206	-0.005067	0.000588	1.216755	5.217261	-0.468566	0.000000
0.026646	3.425828	100568.127574	229686.086703	61.629507	-483499.480701	-0.005668	0.000584	1.216755	5.213622	-0.465235	0.000000
0.032461	3.455564	99627.359133	229512.387346	57.684573	266361.767326	-0.005775	0.000579	1.216755	5.209539	-0.461481	0.000000
0.038224	3.487213	98650.362666	229343.075054	46.845578	938098.224503	-0.005409	0.000574	1.216755	5.205258	-0.457521	0.000000
0.043933	3.519094	97692.147283	229191.727556	30.700775	1463837.910562	-0.004640	0.000568	1.216755	5.201018	-0.453567	0.000000
0.049592	3.549637	96799.784162	229069.188510	11.610952	1797772.100245	-0.003577	0.000563	1.216755	5.197032	-0.449814	0.000000
0.055203	3.577506	96009.384873	228982.574902	-7.639248	1920467.195290	-0.002351	0.000559	1.216755	5.193471	-0.446417	0.000000
0.060773	3.601701	95344.523830	228934.788898	-24.288311	1839433.751642	-0.001097	0.000555	1.216755	5.190454	-0.443490	0.000000
0.066309	3.621612	94816.085279	228924.575312	-36.057049	1586094.042992	0.000060	0.000552	1.216755	5.188040	-0.441096	0.000000
0.071818	3.637033	94423.314129	228947.087109	-41.530858	1209788.933650	0.001021	0.000550	1.216755	5.186238	-0.439251	0.000000
0.077307	3.648127	94155.807591	228994.850146	-40.381975	769736.705243	0.001721	0.000548	1.216755	5.185007	-0.437929	0.000000
0.082783	3.655347	93996.114572	229058.963796	-33.382914	326142.930986	0.002133	0.000547	1.216755	5.184270	-0.437071	0.000000
0.088250	3.659347	93922.606783	229130.347497	-22.206278	-68214.093488	0.002267	0.000547	1.216755	5.183931	-0.436597	0.000000
0.093714	3.660875	93912.283891	229200.849014	-9.056539	-374618.827379	0.002165	0.000546	1.216755	5.183884	-0.436416	0.000000
0.099178	3.660679	93943.218109	229264.067852	3.781550	-572258.610753	0.001886	0.000546	1.216755	5.184027	-0.436439	0.000000
0.104642	3.659433	93996.410907	229315.808470	14.374562	-658771.576308	0.001502	0.000547	1.216755	5.184273	-0.436587	0.000000
0.110109	3.657690	94056.936253	229354.149707	21.458161	-647676.777653	0.001078	0.000547	1.216755	5.184553	-0.436794	0.000000
0.115579	3.655858	94114.357038	229379.183356	24.580915	-563493.328702	0.000673	0.000547	1.216755	5.184817	-0.437012	0.000000
0.121052	3.654201	94162.508263	229392.522960	24.062012	-435772.156097	0.000327	0.000547	1.216755	5.185039	-0.437208	0.000000
0.126527	3.652860	94198.817499	229396.705662	20.797255	-293348.050691	0.000063	0.000548	1.216755	5.185207	-0.437368	0.000000
0.132003	3.651875	94223.369362	229394.604787	15.979768	-159878.211550	-0.000114	0.000548	1.216755	5.185320	-0.437485	0.000000
0.137481	3.651221	94237.913400	229388.944237	10.811914	-51272.885866	-0.000211	0.000548	1.216755	5.185386	-0.437562	0.000000
0.142960	3.650837	94244.974106	229381.967528	6.273640	24895.888852	-0.000244	0.000548	1.216755	5.185419	-0.437608	0.000000
0.148439	3.650645	94247.162670	229375.274524	2.986635	68354.870959	-0.000232	0.000548	1.216755	5.185429	-0.437631	0.000000
0.153918	3.650575	94246.728922	229369.806194	1.183207	84064.360464	-0.000196	0.000548	1.216755	5.185427	-0.437639	0.000000
0.159397	3.650567	94245.341096	229365.936887	0.762484	79792.983767	-0.000151	0.000548	1.216755	5.185420	-0.437640	0.000000
0.164876	3.650580	94244.047472	229363.625969	1.400477	63897.887041	-0.000109	0.000548	1.216755	5.185415	-0.437638	0.000000
0.170355	3.650590	94243.358901	229362.584242	2.676371	43679.112904	-0.000075	0.000548	1.216755	5.185411	-0.437637	0.000000
0.175834	3.650586	94243.391921	229362.421604	4.183289	24454.648541	-0.000053	0.000548	1.216755	5.185412	-0.437638	0.000000
0.181314	3.650567	94244.023426	229362.756570	5.603800	9311.761877	-0.000041	0.000548	1.216755	5.185414	-0.437640	0.000000
0.186793	3.650537	94245.024183	229363.281772	6.743958	-635.285159	-0.000038	0.000548	1.216755	5.185419	-0.437643	0.000000
0.192272	3.650501	94246.154968	229363.789828	7.530934	-5701.947860	-0.000040	0.000548	1.216755	5.185424	-0.437648	0.000000
0.197751	3.650466	94247.222589	229364.169922	7.986101	-7012.387760	-0.000045	0.000548	1.216755	5.185429	-0.437652	0.000000
0.203231	3.650435	94248.101866	229364.387295	8.187399	-5954.393479	-0.000052	0.000548	1.216755	5.185433	-0.437656	0.000000
0.208710	3.650412	94248.733903	229364.456532	8.232831	-3793.977071	-0.000057	0.000548	1.216755	5.185436	-0.437658	0.000000
0.214190	3.650397	94249.111356	229364.416524	8.212775	-1469.017134	-0.000062	0.000548	1.216755	5.185438	-0.437660	0.000000
0.219669	3.650389	94249.259518	229364.311471	8.194138	464.506630	-0.000066	0.000548	1.216755	5.185439	-0.437661	0.000000
0.225148	3.650389	94249.219050	229364.179246	8.215570	1783.263171	-0.000068	0.000548	1.216755	5.185438	-0.437661	0.000000
0.230628	3.650394	94249.033277	229364.046348	8.290689	2497.104860	-0.000070	0.000548	1.216755	5.185438	-0.437660	0.000000
0.236107	3.650403	94248.740653	229363.927591	8.415520	2742.147721	-0.000072	0.000548	1.216755	5.185436	-0.437659	0.000000
0.241587	3.650416	94248.371633	229363.828455	8.576787	2693.271267	-0.000073	0.000548	1.216755	5.185435	-0.437658	0.000000
0.247066	3.650431	94247.948539	229363.748371	8.758847	2507.240611	-0.000074	0.000548	1.216755	5.185433	-0.437656	0.000000
0.252545	3.650448	94247.487015	229363.683774	8.948206	2295.841339	-0.000076	0.000548	1.216755	5.185430	-0.437654	0.000000
0.258025	3.650466	94246.997983	229363.630344	9.135584	2121.727364	-0.000077	0.000548	1.216755	5.185428	-0.437652	0.000000
0.263504	3.650485	94246.489410	229363.584315	9.316103	2007.597456	-0.000079	0.000548	1.216755	5.185426	-0.437650	0.000000
0.268983	3.650504	94245.967590	229363.543003	9.488355	1950.383803	-0.000081	0.000548	1.216755	5.185423	-0.437647	0.000000
0.274463	3.650524	94245.437892	229363.504801	9.653079	1934.739102	-0.000083	0.000548	1.216755	5.185421	-0.437645	0.000000
0.279942	3.650544	94244.905106	229363.468920	9.811936	1942.921188	-0.000085	0.000548	1.216755	5.185419	-0.437643	0.000000
0.285421	3.650564	94244.373518	229363.435064	9.966630	1960.410956	-0.000087	0.000548	1.216755	5.185416	-0.437640	0.000000
0.290900	3.650584	94243.846876	229363.403145	10.118427	1977.957932	-0.000089	0.000548	1.216755	5.185414	-0.437638	0.000000
0.296379	3.650604	94243.328333	229363.373102	10.268014	1991.296724	-0.000091	0.000548	1.216755	5.185411	-0.437635	0.000000
0.301858	3.650623	94242.820425	229363.344811	10.415559	1999.752577	-0.000093	0.000548	1.216755	5.185409	-0.437633	0.000000
0.307337	3.650642	94242.325095	229363.318066	10.560859	2004.630831	-0.000095	0.000548	1.216755	5.185407	-0.437631	0.000000
0.312817	3.650660	94241.843759	229363.292600	10.703504	2007.899713	-0.000097	0.000548	1.216755	5.185404	-0.437629	0.000000
0.318296	3.650678	94241.377394	229363.268123	10.843015	2011.348145	-0.000099	0.000548	1.216755	5.185402	-0.437627	0.000000
0.323775	3.650695	94240.926639	229363.244357	10.978888	2016.186793	-0.000102	0.000548	1.216755	5.185400	-0.437625	0.000000
0.329254	3.650711	94240.491877	229363.221062	11.110656	2022.972915	-0.000104	0.000548	1.216755	5.185398	-0.437623	0.000000
0.334732	3.650727	94240.073315	229363.198046	11.237934	2031.727984	-0.000106	0.000548	1.216755	5.185396	-0.437621	0.000000
0.340211	3.650742	94239.671035	229363.175171	11.360218	2042.100577	-0.000108	0.000548	1.216755	5.185394	-0.437619	0.000000
0.345690	3.650757	94239.285038	229363.152348	11.477064	2053.548082	-0.000111	0.000548	1.216755	5.185393	-0.437617	0.000000
0.351169	3.650771	94238.915261	229363.129524	11.588295	2065.529218	-0.000113	0.000548	1.216755	5.185391	-0.437616	0.000000
0.356648	3.650784	94238.561597	229363.106679	11.693062	2077.518942	-0.000115	0.000548	1.216755	5.185389	-0.437614	0.000000
0.362127	3.650797	94238.223898	229363.083814	11.790729	2089.051541	-0.000117	0.000548	1.216755	5.185388	-0.437613	0.000000
0.367606	3.650809	94237.901972	229363.060944	11.881988	2099.938873	-0.000120	0.000548	1.216755	5.185386	-0.437611	0.000000
0.373084	3.650821	94237.595589	229363.038096	11.964568	2109.857502	-0.000122	0.000548	1.216755	5.185385	-0.437610	0.000000
0.378563	3.650832	94237.304469	229363.015309	12.037011	2118.234775	-0.000124	0.000548	1.216755	5.185384	-0.437608	0.000000
0.384042	3.650842	94237.028280	229362.992617	12.104519	2125.261783	-0.000127	0.000548	1.216755	5.185382	-0.437607	0.000000
0.389521	3.650852	94236.766624	229362.970055	12.158959	2130.232497	-0.000129	0.000548	1.216755	5.185381	-0.437606	0.000000
0.394999	3.650861	94236.519040	229362.947671	12.195007	2131.231270	-0.000131	0.000548	1.216755	5.185380	-0.437605	0.000000
0.400478	3.650870	94236.284989	229362.925453	12.239798	2130.404448	-0.000134	0.000548	1.216755	5.185379	-0.437604	0.000000
0.405957	3.650878	94236.063851	229362.903370	12.259986	2126.795779	-0.000136	0.000548	1.216755	5.185378	-0.437603	0.000000
0.411436	3.650886	94235.854955	229362.881474	12.229800	2114.036314	-0.000139	0.000548	1.216755	5.185377	-0.437602	0.000000
0.416914	3.650893	94235.657584	229362.859599	12.279868	2104.808829	-0.000141	0.000548	1.216755	5.185376	-0.437601	0.000000
0.422393	3.650900	94235.470965	229362.837579	12.266467	2098.010179	-0.000143	0.000548	1.216755	5.185375	-0.437600	0.000000
0.427872	3.650906	94235.294423	229362.815769	12.054884	2063.471303	-0.000146	0.000548	1.216755	5.185374	-0.437600	0.000000
0.433350	3.650912	94235.127331	229362.793691	12.261339	2057.260315	-0.000148	0.000548	1.216755	5.185374	-0.437599	0.000000
0.438829	3.650918	94234.968944	229362.770846	12.262075	2076.113428	-0.000150	0.000548	1.216755	5.185373	-0.437598	0.000000
0.444308	3.650924	94234.818952	229362.749233	11.353719	1970.885096	-0.000152	0.000548	1.216755	5.185372	-0.437597	0.000000
0.449786	3.650929	94234.677126	229362.726997	12.426168	1992.402669	-0.000155	0.000548	1.216755	5.185371	-0.437597	0.000000
0.455265	3.650934	94234.542330	229362.701591	12.784424	2149.491593	-0.000157	0.000548	1.216755	5.185371	-0.437596	0.000000
0.460743	3.650938	94234.415032	229362.682138	8.797518	1730.748066	-0.000159	0.000548	1.216755	5.185370	-0.437596	0.000000
0.466222	3.650943	94234.295838	229362.660214	13.971870	1873.458257	-0.000161	0.000548	1.216755	5.185370	-0.437595	0.000000
0.471701	3.650946	94234.180713	229362.622100	16.754576	2740.938246	-0.000165	0.000548	1.216755	5.185369	-0.437595	0.000000
0.477179	3.650950	94234.072637	229362.609330	-1.377733	947.734928	-0.000166	0.000548	1.216755	5.185369	-0.437594	0.000000
0.482658	3.650954	94233.975870	229362.584561	22.541497	1619.061387	-0.000165	0.000548	1.216755	5.185368	-0.437594	0.000000
0.488136	3.650956	94233.872531	229362.476749	39.511234	6062.966792	-0.000180	0.000548	1.216755	5.185368	-0.437594	0.000000
0.493615	3.650960	94233.776156	229362.475446	-43.953073	-1796.239262	-0.000178	0.000548	1.216755	5.185367	-0.437593	0.000000
0.499094	3.650962	94233.709505	229362.416172	65.069819	1054.823227	-0.000166	0.000548	1.216755	5.185367	-0.437593	0.000000
0.504572	3.650959	94233.589915	229361.934079	161.535035	23264.325095	-0.000230	0.000548	1.216755	5.185366	-0.437593	0.000000
0.510051	3.650962	94233.474425	229361.887042	-221.898503	-11216.615106	-0.000225	0.000548	1.216755	5.185366	-0.437593	0.000000
0.515529	3.650958	94233.477426	229361.545167	274.826188	655.330501	-0.000167	0.000548	1.216755	5.185366	-0.437594	0.000000
0.521008	3.650931	94233.212158	229359.036862	808.588901	111156.592680	-0.000479	0.000548	1.216755	5.185365	-0.437597	0.000000
0.526487	3.650924	94232.908951	229358.195987	-937.020348	-38080.067505	-0.000507	0.000548	1.216755	5.185363	-0.437597	0.000000
0.531965	3.650889	94233.129675	229355.734402	1342.317309	13092.155639	-0.000274	0.000548	1.216755	5.185364	-0.437603	0.000000
0.537444	3.650724	94232.057457	229342.033195	4261.245510	564780.408945	-0.001834	0.000548	1.216755	5.185358	-0.437623	0.000000
0.542923	3.650633	94230.579391	229333.921097	-3571.822427	-64671.615797	-0.002292	0.000548	1.216755	5.185353	-0.437633	0.000000
0.548402	3.650379	94231.411297	229316.227319	7024.028015	174503.023540	-0.001543	0.000548	1.216755	5.185356	-0.437670	0.000000
0.553882	3.649436	94225.986420	229239.278129	22927.220458	2951525.698785	-0.009542	0.000548	1.216755	5.185327	-0.437786	0.000000
0.559364	3.648674	94217.451403	229174.975302	-11470.590325	412539.900607	-0.013656	0.000548	1.216755	5.185291	-0.437872	0.000000
0.564846	3.646965	94218.720855	229051.177429	38675.372761	1662439.034203	-0.012532	0.000548	1.216755	5.185295	-0.438111	0.000000
0.570332	3.641505	94189.140800	228609.450290	125613.406168	15878868.269523	-0.054610	0.000549	1.216755	5.185137	-0.438791	0.000000
0.575831	3.635891	94137.625055	228143.952055	-20471.258413	6627821.679059	-0.085940	0.000550	1.216755	5.184914	-0.439453	0.000000
0.581333	3.624722	94124.367848	227308.946931	220037.319529	13979940.465286	-0.096503	0.000552	1.216755	5.184841	-0.440973	0.000000
0.586862	3.593125	93952.596096	224753.913501	705511.721012	90565185.754975	-0.323138	0.000557	1.216755	5.183928	-0.444969	0.000000
0.592467	3.555515	93615.911671	221613.154264	120799.848569	70681244.388013	-0.548599	0.000563	1.216755	5.182399	-0.449552	0.000000
0.598108	3.491213	93381.893231	216580.708340	1183628.063474	125304528.539897	-0.685683	0.000573	1.216755	5.181226	-0.458355	0.000000
0.603901	3.329072	92210.450522	203018.476623	4094178.770891	622322724.778113	-1.897340	0.000601	1.216755	5.174948	-0.480161	0.000000
0.610143	3.141649	89468.166752	185944.244828	1702485.893992	784160806.259642	-3.508421	0.000637	1.216755	5.161540	-0.504905	0.000000
0.616663	2.961332	86726.089341	169078.286557	2566161.076176	970301463.750516	-3.918480	0.000675	1.216755	5.147664	-0.532324	0.000000
0.623610	2.519157	79736.211944	128694.920780	20559860.992912	3778459303.840386	-8.230504	0.000794	1.216755	5.105800	-0.608986	0.000000
0.632974	1.858798	58406.241417	66770.809745	37814340.891301	8127081661.713055	-22.114859	0.001076	1.216755	4.956685	-0.744847	0.000000
0.646815	1.348905	29866.053068	24237.653728	27544000.149809	6615166451.033704	-38.004541	0.001483	1.216755	4.652522	-0.880779	0.000000
0.664343	1.108670	12685.036104	8606.217065	11855070.957288	2687142684.920052	-47.194637	0.001804	1.216755	4.282166	-0.960102	0.000000
0.683637	1.027362	7193.970170	4782.060433	3298448.755630	554890540.612296	-50.545713	0.001947	1.216755	4.056649	-0.989783	0.000000
0.703488	1.005806	6250.156870	4171.634032	660860.848209	70149386.151905	-51.369827	0.001988	1.216755	4.005400	-0.997842	0.000000
0.723462	1.001118	6134.715530	4091.771434	110851.713799	8692046.830189	-51.524709	0.001998	1.216755	3.998747	-0.999584	0.000000
0.743458	1.000260	6119.896797	4080.612884	15693.368697	1207707.697921	-51.549410	0.001999	1.216755	3.997876	-0.999899	0.000000
0.763457	1.000125	6117.794366	4078.984203	1899.088321	175737.064914	-51.552741	0.002000	1.216755	3.997751	-0.999948	0.000000
0.783457	1.000107	6117.490213	4078.753770	199.292383	24764.899756	-51.553128	0.002000	1.216755	3.997733	-0.999954	0.000000
0.803457	1.000104	6117.448152	4078.723377	17.952060	3260.092268	-51.553167	0.002000	1.216755	3.997731	-0.999955	0.000000
0.823457	1.000104	6117.442741	4078.719682	1.373758	396.448877	-51.553170	0.002000	1.216755	3.997731	-0.999955	0.000000
0.843457	1.000104	6117.442098	4078.719268	0.094886	44.550087	-51.553170	0.002000	1.216755	3.997731	-0.999955	0.000000
0.863457	1.000104	6117.442027	4078.719224	0.008459	4.672127	-51.553170	0.002000	1.216755	3.997731	-0.999955	0.000000
0.883457	1.000104	6117.442020	4078.719220	0.001416	0.469733	-51.553170	0.002000	1.216755	3.997731	-0.999955	0.000000
0.903457	1.000104	6117.442019	4078.719220	0.000290	0.047828	-51.553170	0.002000	1.216755	3.997731	-0.999955	0.000000
0.923457	1.000104	6117.442019	4078.719220	0.000053	0.005323	-51.553170	0.002000	1.216755	3.997731	-0.999955	0.000000
0.943457	1.000104	6117.442019	4078.719219	0.000008	0.000677	-51.553170	0.002000	1.216755	3.997731	-0.999955	0.000000
0.963457	1.000104	6117.442019	4078.719219	0.000001	0.000096	-51.553170	0.002000	1.216755	3.997731	-0.999955	0.000000
0.983457	1.000104	6117.442019	4078.719219	0.000000	0.000014	-51.553170	0.002000	1.216755	3.997731	-0.999955	0.000000
1.003457	1.000104	6117.442019	4078.719219	0.000000	0.000001	-51.553170	0.002000	1.216755	3.997731	-0.999955	0.000000
1.023457	1.000104	6117.442019	4078.719219	-0.000000	-0.000001	-51.553170	0.002000	1.216755	3.997731	-0.999955	0.000000
1.043457	1.000104	6117.442019	4078.719219	0.000000	-0.000001	-51.553170	0.002000	1.216755	3.997731	-0.999955	0.000000
1.063457	1.000104	6117.442019	4078.719219	0.000000	0.000000	-51.553170	0.002000	1.216755	3.997731	-0.999955	0.000000
1.083457	1.000104	6117.442019	4078.719219	-0.000000	0.000002	-51.553170	0.002000	1.216755	3.997731	-0.999955	0.000000
1.103457	1.000104	6117.442019	4078.719219	-0.000000	-0.000001	-51.553170	0.002000	1.216755	3.997731	-0.999955	0.000000
1.123457	1.000104	6117.442019	4078.719219	0.000000	0.000000	-51.553170	0.002000	1.216755	3.997731	-0.999955	0.000000
1.143457	1.000104	6117.442019	4078.719219	-0.000000	0.000000	-51.553170	0.002000	1.216755	3.997731	-0.999955	0.000000
1.163457	1.000104	6117.442019	4078.719219	-0.000000	-0.000001	-51.553170	0.002000	1.216755	3.997731	-0.999955	0.000000
1.183457	1.000104	6117.442019	4078.719219	0.000000	-0.000001	-51.553170	0.002000	1.216755	3.997731	-0.999955	0.000000
1.203457	1.000104	6117.442019	4078.719219	0.000000	0.000001	-51.553170	0.002000	1.216755	3.997731	-0.999955	0.000000
1.223457	1.000104	6117.442019	4078.719219	-0.000000	-0.000000	-51.553170	0.002000	1.216755	3.997731	-0.999955	0.000000
1.243457	1.000104	6117.442019	4078.719219	0.000000	-0.000001	-51.553170	0.002000	1.216755	3.997731	-0.999955	0.000000
1.263457	1.000104	6117.442019	4078.719219	0.000000	0.000000	-51.553170	0.002000	1.216755	3.997731	-0.999955	0.000000
1.283457	1.000104	6117.442019	4078.719219	0.000000	-0.000000	-51.553170	0.002000	1.216755	3.997731	-0.999955	0.000000
1.303457	1.000104	6117.442019	4078.719219	-0.000000	0.000001	-51.553170	0.002000	1.216755	3.997731	-0.999955	0.000000
1.323457	1.000104	6117.442019	4078.719219	-0.000000	-0.000000	-51.553170	0.002000	1.216755	3.997731	-0.999955	0.000000
1.343457	1.000104	6117.442019	4078.719219	0.000000	0.000001	-51.553170	0.002000	1.216755	3.997731	-0.999955	0.000000
1.363457	1.000104	6117.442019	4078.719219	-0.000000	-0.000000	-51.553170	0.002000	1.216755	3.997731	-0.999955	0.000000
1.383457	1.000104	6117.442019	4078.719219	0.000000	-0.000001	-51.553170	0.002000	1.216755	3.997731	-0.999955	0.000000
1.403457	1.000104	6117.442019	4078.719219	0.000000	0.000001	-51.553170	0.002000	1.216755	3.997731	-0.999955	0.000000
1.423457	1.000104	6117.442019	4078.719219	-0.000000	0.000001	-51.553170	0.002000	1.216755	3.997731	-0.999955	0.000000
1.443457	1.000104	6117.442019	4078.719219	-0.000000	-0.000001	-51.553170	0.002000	1.216755	3.997731	-0.999955	0.000000
1.463457	1.000104	6117.442019	4078.719219	-0.000000	-0.000001	-51.553170	0.002000	1.216755	3.997731	-0.999955	0.000000
1.483457	1.000104	6117.442019	4078.719219	0.000000	-0.000000	-51.553170	0.002000	1.216755	3.997731	-0.999955	0.000000
1.503457	1.000104	6117.442019	4078.719219	-0.000000	-0.000000	-51.553170	0.002000	1.216755	3.997731	-0.999955	0.000000
1.523457	1.000104	6117.442019	4078.719219	0.000000	-0.000001	-51.553170	0.002000	1.216755	3.997731	-0.999955	0.000000
1.543457	1.000104	6117.442019	4078.719219	0.000000	-0.000001	-51.553170	0.002000	1.216755	3.997731	-0.999955	0.000000
1.563457	1.000104	6117.442019	4078.719219	-0.000000	0.000001	-51.553170	0.002000	1.216755	3.997731	-0.999955	0.000000
1.583457	1.000104	6117.442019	4078.719219	-0.000000	0.000000	-51.553170	0.002000	1.216755	3.997731	-0.999955	0.000000
1.603457	1.000104	6117.442019	4078.719219	0.000000	-0.000001	-51.553170	0.002000	1.216755	3.997731	-0.999955	0.000000
1.623457	1.000104	6117.442019	4078.719219	0.000000	0.000000	-51.553170	0.002000	1.216755	3.997731	-0.999955	0.000000
1.643457	1.000104	6117.442019	4078.719219	-0.000000	0.000001	-51.553170	0.002000	1.216755	3.997731	-0.999955	0.000000
1.663457	1.000104	6117.442019	4078.719219	-0.000000	-0.000001	-51.553170	0.002000	1.216755	3.997731	-0.999955	0.000000
1.683457	1.000104	6117.442019	4078.719219	0.000000	-0.000001	-51.553170	0.002000	1.216755	3.997731	-0.999955	0.000000
1.703457	1.000104	6117.442019	4078.719219	0.000000	0.000000	-51.553170	0.002000	1.216755	3.997731	-0.999955	0.000000
1.723457	1.000104	6117.442019	4078.719219	-0.000000	0.000001	-51.553170	0.002000	1.216755	3.997731	-0.999955	0.000000
1.743457	1.000104	6117.442019	4078.719219	-0.000000	-0.000001	-51.553170	0.002000	1.216755	3.997731	-0.999955	0.000000
1.763457	1.000104	6117.442019	4078.719219	0.000000	-0.000000	-51.553170	0.002000	1.216755	3.997731	-0.999955	0.000000
1.783457	1.000104	6117.442019	4078.719219	0.000000	0.000001	-51.553170	0.002000	1.216755	3.997731	-0.999955	0.000000
1.803457	1.000104	6117.442019	4078.719219	-0.000000	-0.000000	-51.553170	0.002000	1.216755	3.997731	-0.999955	0.000000
1.823457	1.000104	6117.442019	4078.719219	0.000000	0.000000	-51.553170	0.002000	1.216755	3.997731	-0.999955	0.000000
1.843457	1.000104	6117.442019	4078.719219	-0.000000	0.000001	-51.553170	0.002000	1.216755	3.997731	-0.999955	0.000000
1.863457	1.000104	6117.442019	4078.719219	-0.000000	0.000000	-51.553170	0.002000	1.216755	3.997731	-0.999955	0.000000
1.883457	1.000104	6117.442019	4078.719219	-0.000000	-0.000001	-51.553170	0.002000	1.216755	3.997731	-0.999955	0.000000
1.903457	1.000104	6117.442019	4078.719219	0.000000	-0.000001	-51.553170	0.002000	1.216755	3.997731	-0.999955	0.000000
1.923457	1.000104	6117.442019	4078.719219	0.000000	0.000000	-51.553170	0.002000	1.216755	3.997731	-0.999955	0.000000
1.943457	1.000104	6117.442019	4078.719219	-0.000000	0.000001	-51.553170	0.002000	1.216755	3.997731	-0.999955	0.000000
1.963457	1.000104	6117.442019	4078.719219	-0.000000	-0.000001	-51.553170	0.002000	1.216755	3.997731	-0.999955	0.000000
1.983457	1.000104	6117.442019	4078.719219	0.000000	-0.000001	-51.553170	0.002000	1.216755	3.997731	-0.999955	0.000000
2.003457	1.000104	6117.442019	4078.719219	0.000000	0.000001	-51.553170	0.002000	1.216755	3.997731	-0.999955	0.000000
2.023457	1.000104	6117.442019	4078.719219	0.000000	-0.000001	-51.553170	0.002000	1.216755	3.997731	-0.999955	0.000000
2.043457	1.000104	6117.442019	4078.719219	0.000000	0.000001	-51.553170	0.002000	1.216755	3.997731	-0.999955	0.000000
2.063457	1.000104	6117.442019	4078.719219	-0.000000	0.000001	-51.553170	0.002000	1.216755	3.997731	-0.999955	0.000000
2.083457	1.000104	6117.442019	4078.719219	-0.000000	-0.000001	-51.553170	0.002000	1.216755	3.997731	-0.999955	0.000000
2.103457	1.000104	6117.442019	4078.719219	0.000000	-0.000001	-51.553170	0.002000	1.216755	3.997731	-0.999955	0.000000
2.123457	1.000104	6117.442019	4078.719219	0.000000	-0.000000	-51.553170	0.002000	1.216755	3.997731	-0.999955	0.000000
2.143457	1.000104	6117.442019	4078.719219	-0.000000	0.000001	-51.553170	0.002000	1.216755	3.997731	-0.999955	0.000000
2.163457	1.000104	6117.442019	4078.719219	-0.000000	0.000001	-51.553170	0.002000	1.216755	3.997731	-0.999955	0.000000
2.183457	1.000104	6117.442019	4078.719219	0.000000	-0.000002	-51.553170	0.002000	1.216755	3.997731	-0.999955	0.000000
2.203457	1.000104	6117.442019	4078.719219	0.000000	0.000001	-51.553170	0.002000	1.216755	3.997731	-0.999955	0.000000
2.223457	1.000104	6117.442019	4078.719219	-0.000000	0.000002	-51.553170	0.002000	1.216755	3.997731	-0.999955	0.000000
2.243457	1.000104	6117.442019	4078.719219	-0.000000	-0.000001	-51.553170	0.002000	1.216755	3.997731	-0.999955	0.000000
2.263457	1.000104	6117.442019	4078.719219	0.000000	-0.000002	-51.553170	0.002000	1.216755	3.997731	-0.999955	0.000000
2.283457	1.000104	6117.442019	4078.719219	0.000000	-0.000000	-51.553170	0.002000	1.216755	3.997731	-0.999955	0.000000
2.303457	1.000104	6117.442019	4078.719219	-0.000000	0.000001	-51.553170	0.002000	1.216755	3.997731	-0.999955	0.000000
2.323457	1.000104	6117.442019	4078.719219	0.000000	-0.000001	-51.553170	0.002000	1.216755	3.997731	-0.999955	0.000000
2.343457	1.000104	6117.442019	4078.719219	0.000000	0.000001	-51.553170	0.002000	1.216755	3.997731	-0.999955	0.000000
2.363457	1.000104	6117.442019	4078.719219	-0.000000	0.000001	-51.553170	0.002000	1.216755	3.997731	-0.999955	0.000000
2.383457	1.000104	6117.442019	4078.719219	-0.000000	0.000000	-51.553170	0.002000	1.216755	3.997731	-0.999955	0.000000
2.403457	1.000104	6117.442019	4078.719219	-0.000000	0.000000	-51.553170	0.002000	1.216755	3.997731	-0.999955	0.000000
2.423457	1.000104	6117.442019	4078.719219	0.000000	-0.000001	-51.553170	0.002000	1.216755	3.997731	-0.999955	0.000000
2.443457	1.000104	6117.442019	4078.719219	-0.000000	0.000001	-51.553170	0.002000	1.216755	3.997731	-0.999955	0.000000
2.463457	1.000104	6117.442019	4078.719219	-0.000000	-0.000001	-51.553170	0.002000	1.216755	3.997731	-0.999955	0.000000
2.483457	1.000104	6117.442019	4078.719219	0.000000	-0.000001	-51.553170	0.002000	1.216755	3.997731	-0.999955	0.000000
2.503457	1.000104	6117.442019	4078.719219	0.000000	0.000001	-51.553170	0.002000	1.216755	3.997731	-0.999955	0.000000
2.523457	1.000104	6117.442019	4078.719219	0.000000	0.000001	-51.553170	0.002000	1.216755	3.997731	-0.999955	0.000000
2.543457	1.000104	6117.442019	4078.719219	-0.000000	0.000000	-51.553170	0.002000	1.216755	3.997731	-0.999955	0.000000
2.563457	1.000104	6117.442019	4078.719219	-0.000000	0.000000	-51.553170	0.002000	1.216755	3.997731	-0.999955	0.000000
2.583457	1.000104	6117.442019	4078.719219	-0.000000	0.000000	-51.553170	0.002000	1.216755	3.997731	-0.999955	0.000000
2.603457	1.000104	6117.442019	4078.719219	0.000000	0.000000	-51.553170	0.002000	1.216755	3.997731	-0.999955	0.000000
2.623457	1.000104	6117.442019	4078.719219	0.000000	0.000000	-51.553170	0.002000	1.216755	3.997731	-0.999955	0.000000
2.643457	1.000104	6117.442019	4078.719219	0.000000	0.000000	-51.553170	0.002000	1.216755	3.997731	-0.999955	0.000000
2.663457	1.000104	6117.442019	4078.719219	0.000000	0.000000	-51.553170	0.002000	1.216755	3.997731	-0.999955	0.000000
2.683457	1.000104	6117.442019	4078.719219	0.000000	0.000000	-51.553170	0.002000	1.216755	3.997731	-0.999955	0.000000
2.703457	1.000104	6117.442019	4078.719219	0.000000	0.000000	-51.553170	0.002000	1.216755	3.997731	-0.999955	0.000000
2.723457	1.000104	6117.442019	4078.719219	0.000000	0.000000	-51.553170	0.002000	1.216755	3.997731	-0.999955	0.000000
2.743457	1.000104	6117.442019	4078.719219	0.000000	0.000000	-51.553170	0.002000	1.216755	3.997731	-0.999955	0.000000
2.763457	1.000104	6117.442019	4078.719219	0.000000	0.000000	-51.553170	0.002000	1.216755	3.997731	-0.999955	0.000000
2.783457	1.000104	6117.442019	4078.719219	0.000000	0.000000	-51.553170	0.002000	1.216755	3.997731	-0.999955	0.000000
2.803457	1.000104	6117.442019	4078.719219	0.000000	0.000000	-51.553170	0.002000	1.216755	3.997731	-0.999955	0.000000
2.823457	1.000104	6117.442019	4078.719219	0.000000	0.000000	-51.553170	0.002000	1.216755	3.997731	-0.999955	0.000000
2.843457	1.000104	6117.442019	4078.719219	0.000000	0.000000	-51.553170	0.002000	1.216755	3.997731	-0.999955	0.000000
2.863457	1.000104	6117.442019	4078.719219	0.000000	0.000000	-51.553170	0.002000	1.216755	3.997731	-0.999955	0.000000
2.883457	1.000104	6117.442019	4078.719219	0.000000	0.000000	-51.553170	0.002000	1.216755	3.997731	-0.999955	0.000000
2.903457	1.000104	6117.442019	4078.719219	0.000000	0.000000	-51.553170	0.002000	1.216755	3.997731	-0.999955	0.000000
2.923457	1.000104	6117.442019	4078.719219	0.000000	0.000000	-51.553170	0.002000	1.216755	3.997731	-0.999955	0.000000
2.943457	1.000104	6117.442019	4078.719219	0.000000	0.000000	-51.553170	0.002000	1.216755	3.997731	-0.999955	0.000000
2.963457	1.000104	6117.442019	4078.719219	0.000000	0.000000	-51.553170	0.002000	1.216755	3.997731	-0.999955	0.000000
2.983457	1.000104	6117.442019	4078.719219	0.000000	0.000000	-51.553170	0.002000	1.216755	3.997731	-0.999955	0.000000
3.003457	1.000104	6117.442019	4078.719219	0.000000	0.000000	-51.553170	0.002000	1.216755	3.997731	-0.999955	0.000000
3.023457	1.000104	6117.442019	4078.719219	0.000000	0.000000	-51.553170	0.002000	1.216755	3.997731	-0.999955	0.000000
3.043457	1.000104	6117.442019	4078.719219	0.000000	0.000000	-51.553170	0.002000	1.216755	3.997731	-0.999955	0.000000
3.063457	1.000104	6117.442019	4078.719219	0.000000	0.000000	-51.553170	0.002000	1.216755	3.997731	-0.999955	0.000000
3.083457	1.000104	6117.442019	4078.719219	0.000000	0.000000	-51.553170	0.002000	1.216755	3.997731	-0.999955	0.000000
3.103457	1.000104	6117.442019	4078.719219	0.000000	0.000000	-51.553170	0.002000	1.216755	3.997731	-0.999955	0.000000
3.123457	1.000104	6117.442019	4078.719219	0.000000	0.000000	-51.553170	0.002000	1.216755	3.997731	-0.999955	0.000000
3.143457	1.000104	6117.442019	4078.719219	0.000000	-0.000000	-51.553170	0.002000	1.216755	3.997731	-0.999955	0.000000
3.163457	1.000104	6117.442019	4078.719219	0.000000	-0.000000	-51.553170	0.002000	1.216755	3.997731	-0.999955	0.000000
3.183457	1.000104	6117.442019	4078.719219	0.000000	-0.000000	-51.553170	0.002000	1.216755	3.997731	-0.999955	0.000000
3.203457	1.000104	6117.442019	4078.719219	0.000000	-0.000000	-51.553170	0.002000	1.216755	3.997731	-0.999955	0.000000
3.223457	1.000104	6117.442019	4078.719219	0.000000	-0.000000	-51.553170	0.002000	1.216755	3.997731	-0.999955	0.000000
3.243457	1.000104	6117.442019	4078.719219	0.000000	-0.000000	-51.553170	0.002000	1.216755	3.997731	-0.999955	0.000000
3.263457	1.000104	6117.442019	4078.719219	-0.000000	-0.000000	-51.553170	0.002000	1.216755	3.997731	-0.999955	0.000000
3.283457	1.000104	6117.442019	4078.719219	-0.000000	-0.000000	-51.553170	0.002000	1.216755	3.997731	-0.999955	0.000000
3.303457	1.000104	6117.442019	4078.719219	-0.000000	-0.000000	-51.553170	0.002000	1.216755	3.997731	-0.999955	0.000000
3.323457	1.000104	6117.442019	4078.719219	-0.000000	-0.000000	-51.553170	0.002000	1.216755	3.997731	-0.999955	0.000000
3.343457	1.000104	6117.442019	4078.719219	0.000000	-0.000001	-51.553170	0.002000	1.216755	3.997731	-0.999955	0.000000
3.363457	1.000104	6117.442019	4078.719219	0.000000	0.000001	-51.553170	0.002000	1.216755	3.997731	-0.999955	0.000000
3.383457	1.000104	6117.442019	4078.719219	-0.000000	0.000001	-51.553170	0.002000	1.216755	3.997731	-0.999955	0.000000
3.403457	1.000104	6117.442019	4078.719219	-0.000000	0.000000	-51.553170	0.002000	1.216755	3.997731	-0.999955	0.000000
3.423457	1.000104	6117.442019	4078.719219	-0.000000	-0.000001	-51.553170	0.002000	1.216755	3.997731	-0.999955	0.000000
3.443457	1.000104	6117.442019	4078.719219	0.000000	-0.000001	-51.553170	0.002000	1.216755	3.997731	-0.999955	0.000000
3.463457	1.000104	6117.442019	4078.719219	0.000000	0.000001	-51.553170	0.002000	1.216755	3.997731	-0.999955	0.000000
3.483457	1.000104	6117.442019	4078.719219	0.000000	0.000001	-51.553170	0.002000	1.216755	3.997731	-0.999955	0.000000
3.503457	1.000104	6117.442019	4078.719219	-0.000000	0.000000	-51.553170	0.002000	1.216755	3.997731	-0.999955	0.000000
3.523457	1.000104	6117.442019	4078.719219	-0.000000	0.000000	-51.553170	0.002000	1.216755	3.997731	-0.999955	0.000000
3.543457	1.000104	6117.442019	4078.719219	-0.000000	-0.000001	-51.553170	0.002000	1.216755	3.997731	-0.999955	0.000000
3.563457	1.000104	6117.442019	4078.719219	0.000000	-0.000001	-51.553170	0.002000	1.216755	3.997731	-0.999955	0.000000
3.583457	1.000104	6117.442019	4078.719219	0.000000	0.000001	-51.553170	0.002000	1.216755	3.997731	-0.999955	0.000000
3.603457	1.000104	6117.442019	4078.719219	0.000000	0.000001	-51.553170	0.002000	1.216755	3.997731	-0.999955	0.000000
3.623457	1.000104	6117.442019	4078.719219	-0.000000	0.000001	-51.553170	0.002000	1.216755	3.997731	-0.999955	0.000000
3.643457	1.000104	6117.442019	4078.719219	-0.000000	-0.000001	-51.553170	0.002000	1.216755	3.997731	-0.999955	0.000000
3.663457	1.000104	6117.442019	4078.719219	0.000000	-0.000001	-51.553170	0.002000	1.216755	3.997731	-0.999955	0.000000
3.683457	1.000104	6117.442019	4078.719219	-0.000000	0.000000	-51.553170	0.002000	1.216755	3.997731	-0.999955	0.000000
3.703457	1.000104	6117.442019	4078.719219	0.000000	-0.000000	-51.553170	0.002000	1.216755	3.997731	-0.999955	0.000000
3.723457	1.000104	6117.442019	4078.719219	-0.000000	0.000001	-51.553170	0.002000	1.216755	3.997731	-0.999955	0.000000
3.743457	1.000104	6117.442019	4078.719219	-0.000000	-0.000001	-51.553170	0.002000	1.216755	3.997731	-0.999955	0.000000
3.763457	1.000104	6117.442019	4078.719219	0.000000	-0.000001	-51.553170	0.002000	1.216755	3.997731	-0.999955	0.000000
3.783457	1.000104	6117.442019	4078.719219	0.000000	0.000001	-51.553170	0.002000	1.216755	3.997731	-0.999955	0.000000
3.803457	1.000104	6117.442019	4078.719219	-0.000000	0.000000	-51.553170	0.002000	1.216755	3.997731	-0.999955	0.000000
3.823457	1.000104	6117.442019	4078.719219	0.000000	-0.000001	-51.553170	0.002000	1.216755	3.997731	-0.999955	0.000000
3.843457	1.000104	6117.442019	4078.719219	0.000000	0.000001	-51.553170	0.002000	1.216755	3.997731	-0.999955	0.000000
3.863457	1.000104	6117.442019	4078.719219	-0.000000	0.000001	-51.553170	0.002000	1.216755	3.997731	-0.999955	0.000000
3.883457	1.000104	6117.442019	4078.719219	0.000000	-0.000001	-51.553170	0.002000	1.216755	3.997731	-0.999955	0.000000
3.903457	1.000104	6117.442019	4078.719219	0.000000	0.000001	-51.553170	0.002000	1.216755	3.997731	-0.999955	0.000000
3.923457	1.000104	6117.442019	4078.719219	-0.000000	0.000001	-51.553170	0.002000	1.216755	3.997731	-0.999955	0.000000
3.943457	1.000104	6117.442019	4078.719219	-0.000000	-0.000001	-51.553170	0.002000	1.216755	3.997731	-0.999955	0.000000
3.963457	1.000104	6117.442019	4078.719219	0.000000	-0.000001	-51.553170	0.002000	1.216755	3.997731	-0.999955	0.000000
3.983457	1.000104	6117.442019	4078.719219	0.000000	0.000001	-51.553170	0.002000	1.216755	3.997731	-0.999955	0.000000
4.003457	1.000104	6117.442019	4078.719219	-0.000000	0.000001	-51.553170	0.002000	1.216755	3.997731	-0.999955	0.000000
4.023457	1.000104	6117.442019	4078.719219	-0.000000	0.000000	-51.553170	0.002000	1.216755	3.997731	-0.999955	0.000000
4.043457	1.000104	6117.442019	4078.719219	-0.000000	0.000000	-51.553170	0.002000	1.216755	3.997731	-0.999955	0.000000
4.063457	1.000104	6117.442019	4078.719219	-0.000000	-0.000000	-51.553170	0.002000	1.216755	3.997731	-0.999955	0.000000
4.083457	1.000104	6117.442019	4078.719219	-0.000000	-0.000000	-51.553170	0.002000	1.216755	3.997731	-0.999955	0.000000
4.103457	1.000104	6117.442019	4078.719219	-0.000000	-0.000001	-51.553170	0.002000	1.216755	3.997731	-0.999955	0.000000
4.123457	1.000104	6117.442019	4078.719219	0.000000	0.000000	-51.553170	0.002000	1.216755	3.997731	-0.999955	0.000000
4.143457	1.000104	6117.442019	4078.719219	0.000000	-0.000000	-51.553170	0.002000	1.216755	3.997731	-0.999955	0.000000
4.163457	1.000104	6117.442019	4078.719219	0.000000	0.000001	-51.553170	0.002000	1.216755	3.997731	-0.999955	0.000000
4.183457	1.000104	6117.442019	4078.719219	-0.000000	0.000002	-51.553170	0.002000	1.216755	3.997731	-0.999955	0.000000
4.203457	1.000104	6117.442019	4078.719219	-0.000000	0.000000	-51.553170	0.002000	1.216755	3.997731	-0.999955	0.000000
4.223457	1.000104	6117.442019	4078.719219	-0.000000	-0.000001	-51.553170	0.002000	1.216755	3.997731	-0.999955	0.000000
4.243457	1.000104	6117.442019	4078.719219	0.000000	-0.000001	-51.553170	0.002000	1.216755	3.997731	-0.999955	0.000000
4.263457	1.000104	6117.442019	4078.719219	0.000000	0.000001	-51.553170	0.002000	1.216755	3.997731	-0.999955	0.000000
4.283457	1.000104	6117.442019	4078.719219	0.000000	-0.000001	-51.553170	0.002000	1.216755	3.997731	-0.999955	0.000000
4.303457	1.000104	6117.442019	4078.719219	0.000000	-0.000001	-51.553170	0.002000	1.216755	3.997731	-0.999955	0.000000
4.323457	1.000104	6117.442019	4078.719219	0.000000	0.000002	-51.553170	0.002000	1.216755	3.997731	-0.999955	0.000000
4.343457	1.000104	6117.442019	4078.719219	-0.000000	0.000001	-51.553170	0.002000	1.216755	3.997731	-0.999955	0.000000
4.363457	1.000104	6117.442019	4078.719219	-0.000000	-0.000001	-51.553170	0.002000	1.216755	3.997731	-0.999955	0.000000
4.383457	1.000104	6117.442019	4078.719219	-0.000000	-0.000001	-51.553170	0.002000	1.216755	3.997731	-0.999955	0.000000
4.403457	1.000104	6117.442019	4078.719219	-0.000000	-0.000001	-51.553170	0.002000	1.216755	3.997731	-0.999955	0.000000
4.423457	1.000104	6117.442019	4078.719219	-0.000000	-0.000002	-51.553170	0.002000	1.216755	3.997731	-0.999955	0.000000
4.443457	1.000104	6117.442019	4078.719219	-0.000000	-0.000002	-51.553170	0.002000	1.216755	3.997731	-0.999955	0.000000
4.463457	1.000104	6117.442019	4078.719219	-0.000000	-0.000001	-51.553170	0.002000	1.216755	3.997731	-0.999955	0.000000
4.483457	1.000104	6117.442019	4078.719219	0.000000	0.000001	-51.553170	0.002000	1.216755	3.997731	-0.999955	0.000000
4.503457	1.000104	6117.442019	4078.719219	-0.000000	0.000001	-51.553170	0.002000	1.216755	3.997731	-0.999955	0.000000
4.523457	1.000104	6117.442019	4078.719219	0.000000	0.000001	-51.553170	0.002000	1.216755	3.997731	-0.999955	0.000000
4.543457	1.000104	6117.442019	4078.719219	-0.000000	0.000001	-51.553170	0.002000	1.216755	3.997731	-0.999955	0.000000
4.563457	1.000104	6117.442019	4078.719219	-0.000000	-0.000000	-51.553170	0.002000	1.216755	3.997731	-0.999955	0.000000
4.583457	1.000104	6117.442019	4078.719219	-0.000000	0.000001	-51.553170	0.002000	1.216755	3.997731	-0.999955	0.000000
4.603457	1.000104	6117.442019	4078.719219	0.000000	0.000001	-51.553170	0.002000	1.216755	3.997731	-0.999955	0.000000
4.623457	1.000104	6117.442019	4078.719219	0.000000	-0.000001	-51.553170	0.002000	1.216755	3.997731	-0.999955	0.000000
4.643457	1.000104	6117.442019	4078.719219	0.000000	-0.000002	-51.553170	0.002000	1.216755	3.997731	-0.999955	0.000000
4.663457	1.000104	6117.442019	4078.719219	-0.000000	-0.000001	-51.553170	0.002000	1.216755	3.997731	-0.999955	0.000000
4.683457	1.000104	6117.442019	4078.719219	-0.000000	0.000000	-51.553170	0.002000	1.216755	3.997731	-0.999955	0.000000
4.703457	1.000104	6117.442019	4078.719219	-0.000000	-0.000001	-51.553170	0.002000	1.216755	3.997731	-0.999955	0.000000
4.723457	1.000104	6117.442019	4078.719219	0.000000	-0.000001	-51.553170	0.002000	1.216755	3.997731	-0.999955	0.000000
4.743457	1.000104	6117.442019	4078.719219	0.000000	0.000002	-51.553170	0.002000	1.216755	3.997731	-0.999955	0.000000
4.763457	1.000104	6117.442019	4078.719219	0.000000	0.000004	-51.553170	0.002000	1.216755	3.997731	-0.999955	0.000000
4.783457	1.000104	6117.442019	4078.719219	0.000000	0.000002	-51.553170	0.002000	1.216755	3.997731	-0.999955	0.000000
4.803457	1.000104	6117.442019	4078.719219	0.000000	-0.000000	-51.553170	0.002000	1.216755	3.997731	-0.999955	0.000000
4.823457	1.000104	6117.442019	4078.719219	-0.000000	-0.000001	-51.553170	0.002000	1.216755	3.997731	-0.999955	0.000000
4.843457	1.000104	6117.442019	4078.719219	-0.000000	-0.000000	-51.553170	0.002000	1.216755	3.997731	-0.999955	0.000000
4.863457	1.000104	6117.442019	4078.719219	-0.000000	-0.000001	-51.553170	0.002000	1.216755	3.997731	-0.999955	0.000000
4.883457	1.000104	6117.442019	4078.719219	-0.000000	-0.000002	-51.553170	0.002000	1.216755	3.997731	-0.999955	0.000000
4.903457	1.000104	6117.442019	4078.719219	0.000000	-0.000002	-51.553170	0.002000	1.216755	3.997731	-0.999955	0.000000
4.923457	1.000104	6117.442019	4078.719219	0.000000	0.000002	-51.553170	0.002000	1.216755	3.997731	-0.999955	0.000000
4.943457	1.000104	6117.442019	4078.719219	0.000000	0.000002	-51.553170	0.002000	1.216755	3.997731	-0.999955	0.000000
4.963457	1.000104	6117.442019	4078.719219	0.000000	0.000003	-51.553170	0.002000	1.216755	3.997731	-0.999955	0.000000
4.983457	1.000104	6117.442019	4078.719219	-0.000000	0.000002	-51.553170	0.002000	1.216755	3.997731	-0.999955	0.000000
5.003457	1.000104	6117.442019	4078.719219	-0.000000	-0.000003	-51.553170	0.002000	1.216755	3.997731	-0.999955	0.000000
5.023457	1.000104	6117.442019	4078.719219	0.000000	-0.000001	-51.553170	0.002000	1.216755	3.997731	-0.999955	0.000000
5.043457	1.000104	6117.442019	4078.719219	0.000000	-0.000000	-51.553170	0.002000	1.216755	3.997731	-0.999955	0.000000
5.063457	1.000104	6117.442019	4078.719219	-0.000000	-0.000000	-51.553170	0.002000	1.216755	3.997731	-0.999955	0.000000
5.083457	1.000104	6117.442019	4078.719219	-0.000000	-0.000000	-51.553170	0.002000	1.216755	3.997731	-0.999955	0.000000
5.103457	1.000104	6117.442019	4078.719219	0.000000	0.000000	-51.553170	0.002000	1.216755	3.997731	-0.999955	0.000000
5.123457	1.000104	6117.442019	4078.719219	-0.000000	0.000000	-51.553170	0.002000	1.216755	3.997731	-0.999955	0.000000
5.143457	1.000104	6117.442019	4078.719219	-0.000000	0.000000	-51.553170	0.002000	1.216755	3.997731	-0.999955	0.000000
5.163457	1.000104	6117.442019	4078.719219	-0.000000	0.000000	-51.553170	0.002000	1.216755	3.997731	-0.999955	0.000000
5.183457	1.000104	6117.442019	4078.719219	-0.000000	0.000002	-51.553170	0.002000	1.216755	3.997731	-0.999955	0.000000
5.203457	1.000104	6117.442019	4078.719219	-0.000000	0.000006	-51.553170	0.002000	1.216755	3.997731	-0.999955	0.000000
5.223457	1.000104	6117.442019	4078.719219	-0.000000	0.000012	-51.553170	0.002000	1.216755	3.997731	-0.999955	0.000000
5.243457	1.000104	6117.442019	4078.719219	-0.000000	0.000026	-51.553170	0.002000	1.216755	3.997731	-0.999955	0.000000
5.263457	1.000104	6117.442019	4078.719219	-0.000001	0.000047	-51.553170	0.002000	1.216755	3.997731	-0.999955	0.000000
5.283457	1.000104	6117.442019	4078.719220	-0.000002	0.000093	-51.553170	0.002000	1.216755	3.997731	-0.999955	0.000000
5.303457	1.000104	6117.442019	4078.719220	-0.000003	0.000167	-51.553170	0.002000	1.216755	3.997731	-0.999955	0.000000
5.323457	1.000104	6117.442019	4078.719220	-0.000005	0.000153	-51.553170	0.002000	1.216755	3.997731	-0.999955	0.000000
5.343457	1.000104	6117.442019	4078.719220	-0.000002	-0.000308	-51.553170	0.002000	1.216755	3.997731	-0.999955	0.000000
5.363457	1.000104	6117.442019	4078.719220	0.000020	-0.002625	-51.553170	0.002000	1.216755	3.997731	-0.999955	0.000000
5.383457	1.000104	6117.442019	4078.719219	0.000115	-0.011207	-51.553170	0.002000	1.216755	3.997731	-0.999955	0.000000
5.403457	1.000104	6117.442019	4078.719219	0.000447	-0.039027	-51.553170	0.002000	1.216755	3.997731	-0.999955	0.000000
5.423457	1.000104	6117.442018	4078.719218	0.001490	-0.122650	-51.553170	0.002000	1.216755	3.997731	-0.999955	0.000000
5.443457	1.000104	6117.442015	4078.719215	0.004556	-0.359804	-51.553170	0.002000	1.216755	3.997731	-0.999955	0.000000
5.463457	1.000104	6117.442007	4078.719206	0.013094	-1.002160	-51.553170	0.002000	1.216755	3.997731	-0.999955	0.000000
5.483457	1.000104	6117.441983	4078.719180	0.035872	-2.675543	-51.553170	0.002000	1.216755	3.997731	-0.999955	0.000000
5.503457	1.000104	6117.441920	4078.719110	0.094373	-6.887762	-51.553170	0.002000	1.216755	3.997731	-0.999955	0.000000
5.523457	1.000104	6117.441757	4078.718926	0.239662	-17.137856	-51.553170	0.002000	1.216755	3.997731	-0.999955	0.000000
5.543457	1.000104	6117.441351	4078.718459	0.588950	-41.328768	-51.553169	0.002000	1.216755	3.997731	-0.999955	0.000000
5.563457	1.000104	6117.440368	4078.717318	1.403071	-96.721888	-51.553167	0.002000	1.216755	3.997730	-0.999955	0.000000
5.583457	1.000104	6117.438063	4078.714608	3.243876	-219.833210	-51.553163	0.002000	1.216755	3.997730	-0.999955	0.000000
5.603457	1.000103	6117.432814	4078.708363	7.282345	-485.398783	-51.553153	0.002000	1.216755	3.997730	-0.999955	0.000000
5.623457	1.000101	6117.421200	4078.694387	15.877222	-1041.221982	-51.553131	0.002000	1.216755	3.997729	-0.999956	0.000000
5.643458	1.000098	6117.396243	4078.664006	33.613845	-2169.296256	-51.553082	0.002000	1.216755	3.997727	-0.999958	0.000000
5.663458	1.000090	6117.344163	4078.599864	69.078017	-4387.566887	-51.552980	0.002000	1.216755	3.997724	-0.999961	0.000000
5.683458	1.000075	6117.238671	4078.468396	137.716482	-8609.446080	-51.552768	0.002000	1.216755	3.997716	-0.999967	0.000000
5.703459	1.000044	6117.031385	4078.206937	266.147592	-16376.388100	-51.552346	0.002000	1.216755	3.997702	-0.999981	0.000000
5.723460	0.999983	6116.636588	4077.702780	498.132739	-30167.052606	-51.551528	0.002000	1.216755	3.997674	-1.000007	0.000000
5.743463	0.999869	6115.908423	4076.761065	901.962462	-53758.165245	-51.549996	0.002000	1.216755	3.997623	-1.000056	0.000000
5.763469	0.999659	6114.609192	4075.058814	1578.123604	-92562.466519	-51.547219	0.002001	1.216755	3.997532	-1.000146	0.000000
5.783481	0.999289	6112.369101	4072.084448	2664.800727	-153802.222503	-51.542354	0.002001	1.216755	3.997374	-1.000305	0.000000
5.803501	0.998655	6108.641013	4067.066491	4337.350169	-246314.520224	-51.534126	0.002003	1.216755	3.997111	-1.000578	0.000000
5.823537	0.997612	6102.658311	4058.902145	6797.164676	-379772.290723	-51.520708	0.002005	1.216755	3.996689	-1.001029	0.000000
5.843599	0.995954	6093.408631	4046.104762	10246.504015	-563200.436262	-51.499626	0.002008	1.216755	3.996035	-1.001746	0.000000
5.863701	0.993416	6079.638608	4026.795724	14849.823061	-802903.690171	-51.467731	0.002013	1.216755	3.995058	-1.002846	0.000000
5.883864	0.989676	6059.901869	3998.765960	20688.534532	-1100254.823603	-51.421269	0.002021	1.216755	3.993653	-1.004475	0.000000
5.904118	0.984368	6032.652855	3959.620736	27722.366303	-1450059.836476	-51.356074	0.002032	1.216755	3.991704	-1.006799	0.000000
5.924498	0.977110	5996.374297	3906.998698	35772.353361	-1840216.023381	-51.267855	0.002047	1.216755	3.989095	-1.009999	0.000000
5.945052	0.967533	5949.712815	3838.829182	44535.285302	-2252998.033186	-51.152529	0.002067	1.216755	3.985712	-1.014262	0.000000
5.965838	0.955317	5891.591448	3753.572763	53627.556103	-2667681.036910	-51.006516	0.002094	1.216755	3.981460	-1.019763	0.000000
5.986921	0.940219	5821.274608	3650.392220	62645.342139	-3063710.013881	-50.826931	0.002127	1.216755	3.976256	-1.026665	0.000000
6.008381	0.922081	5738.378090	3529.218193	71222.381714	-3423421.261247	-50.611637	0.002169	1.216755	3.970037	-1.035107	0.000000
6.030304	0.900841	5642.825405	3390.713107	79069.403099	-3733769.976179	-50.359146	0.002220	1.216755	3.962754	-1.045212	0.000000
6.052791	0.876513	5534.776393	3236.153096	85992.624410	-3986842.921371	-50.068430	0.002282	1.216755	3.954367	-1.057086	0.000000
6.075953	0.849181	5414.501570	3067.262821	91887.304091	-4179527.596171	-49.738688	0.002355	1.216755	3.944833	-1.070830	0.000000
6.099917	0.818981	5282.221341	2886.039898	96723.802683	-4313100.759881	-49.369072	0.002442	1.216755	3.934097	-1.086543	0.000000
6.124827	0.786094	5137.791848	2694.512396	100524.872397	-4392172.700872	-48.958558	0.002544	1.216755	3.922063	-1.104331	0.000000
6.150847	0.750748	4980.216337	2494.514913	103337.780372	-4424888.316801	-48.505649	0.002664	1.216755	3.908539	-1.124302	0.000000
6.178169	0.713146	4807.109440	2287.279442	105237.487725	-4420079.133063	-48.008437	0.002804	1.216755	3.893180	-1.146609	0.000000
6.207021	0.673413	4614.214091	2073.232572	106277.005458	-4384538.868786	-47.464090	0.002970	1.216755	3.875398	-1.171498	0.000000
6.237679	0.631286	4397.045441	1852.110414	106554.099595	-4315515.683429	-46.868008	0.003168	1.216755	3.854466	-1.199547	0.000000
6.270532	0.585907	4154.351863	1624.134461	106135.706096	-4192672.623730	-46.212378	0.003414	1.216755	3.829812	-1.231938	0.000000
6.306162	0.535703	3896.409795	1392.797755	105128.528416	-3992752.927578	-45.480124	0.003733	1.216755	3.801976	-1.270836	0.000000
6.345546	0.478753	3647.634788	1165.277278	103695.736059	-3696403.991945	-44.644140	0.004178	1.216755	3.773321	-1.319640	0.000000
6.390377	0.414359	3446.290619	952.885243	101735.452367	-3338829.362463	-43.647919	0.004827	1.216755	3.748655	-1.382363	0.000000
6.443445	0.342551	3332.512973	761.744964	99857.838383	-2948144.824992	-42.408434	0.005839	1.216755	3.734062	-1.465001	0.000000
6.510281	0.267628	3345.205257	597.406189	97054.831244	-2592401.232284	-40.751042	0.007473	1.216755	3.735697	-1.572176	0.000000
6.599754	0.184093	3524.912303	433.013228	96914.815008	-2218655.118638	-38.337868	0.010864	1.216755	3.758401	-1.734649	0.000000
6.761353	0.104400	4598.305030	320.325046	94185.256548	-1654514.870035	-33.516366	0.019157	1.216755	3.873811	-1.980969	0.000000
-0.002982	3.356136	102858.903071	230139.726212	10.756082	0.000000	0.000884	0.000596	0.000000	5.223406	-0.474163	0.000000
-0.008940	3.363768	102602.312511	230087.179751	30.966636	0.000000	0.002567	0.000595	0.000000	5.222321	-0.473177	0.000000
-0.014877	3.378566	102108.582526	229987.201287	47.409787	0.000000	0.004004	0.000592	0.000000	5.220226	-0.471270	0.000000
-0.020782	3.399662	101414.124857	229849.246894	58.070403	0.000000	0.005067	0.000588	0.000000	5.217261	-0.468566	0.000000
-0.026646	3.425828	100568.127574	229686.086703	61.629507	0.000000	0.005668	0.000584	0.000000	5.213622	-0.465235	0.000000
-0.032461	3.455564	99627.359133	229512.387346	57.684573	0.000000	0.005775	0.000579	0.000000	5.209539	-0.461481	0.000000
-0.038224	3.487213	98650.362666	229343.075054	46.845578	0.000000	0.005409	0.000574	0.000000	5.205258	-0.457521	0.000000
-0.043933	3.519094	97692.147283	229191.727556	30.700775	0.000000	0.004640	0.000568	0.000000	5.201018	-0.453567	0.000000
-0.049592	3.549637	96799.784162	229069.188510	11.610952	0.000000	0.003577	0.000563	0.000000	5.197032	-0.449814	0.000000
-0.055203	3.577506	96009.384873	228982.574902	-7.639248	0.000000	0.002351	0.000559	0.000000	5.193471	-0.446417	0.000000
-0.060773	3.601701	95344.523830	228934.788898	-24.288311	0.000000	0.001097	0.000555	0.000000	5.190454	-0.443490	0.000000
-0.066309	3.621612	94816.085279	228924.575312	-36.057049	0.000000	-0.000060	0.000552	0.000000	5.188040	-0.441096	0.000000
-0.071818	3.637033	94423.314129	228947.087109	-41.530858	0.000000	-0.001021	0.000550	0.000000	5.186238	-0.439251	0.000000
-0.077307	3.648127	94155.807591	228994.850146	-40.381975	0.000000	-0.001721	0.000548	0.000000	5.185007	-0.437929	0.000000
-0.082783	3.655347	93996.114572	229058.963796	-33.382914	0.000000	-0.002133	0.000547	0.000000	5.184270	-0.437071	0.000000
-0.088250	3.659347	93922.606783	229130.347497	-22.206278	0.000000	-0.002267	0.000547	0.000000	5.183931	-0.436597	0.000000
-0.093714	3.660875	93912.283891	229200.849014	-9.056539	0.000000	-0.002165	0.000546	0.000000	5.183884	-0.436416	0.000000
