0.002981	3.357023	102828.028791	230131.412065	10.521412	-2584809.764049	-0.000868	0.000596	1.216755	5.223276	-0.474048	0.000000
0.008937	3.364573	102574.480325	230079.823802	30.271533	-2330730.896747	-0.002520	0.000594	1.216755	5.222203	-0.473073	0.000000
0.014873	3.379216	102086.455554	229981.645068	46.300297	-1854251.461596	-0.003934	0.000592	1.216755	5.220131	-0.471187	0.000000
0.020778	3.400100	101399.668967	229846.114381	56.640960	-1213617.915849	-0.004980	0.000588	1.216755	5.217199	-0.468510	0.000000
0.026641	3.426018	100562.394754	229685.706038	60.042063	-485103.185701	-0.005576	0.000584	1.216755	5.213597	-0.465211	0.000000
0.032456	3.455494	99630.397646	229514.746802	56.162616	247615.795538	-0.005689	0.000579	1.216755	5.209552	-0.461490	0.000000
0.038219	3.486900	98661.263707	229347.822774	45.645629	904843.662443	-0.005339	0.000574	1.216755	5.205306	-0.457560	0.000000
0.043929	3.518579	97709.211713	229198.218519	30.059330	1420831.307763	-0.004594	0.000568	1.216755	5.201094	-0.453631	0.000000
0.049588	3.548982	96820.779627	229076.575101	11.683736	1751227.660093	-0.003559	0.000564	1.216755	5.197127	-0.449894	0.000000
0.055201	3.576784	96031.852067	228989.929174	-6.827334	1877089.067401	-0.002362	0.000559	1.216755	5.193573	-0.446505	0.000000
0.060772	3.600988	95366.088605	228941.237646	-22.864183	1805307.899389	-0.001132	0.000555	1.216755	5.190552	-0.443576	0.000000
0.066309	3.620976	94834.735284	228929.425191	-34.281988	1565653.595372	0.000007	0.000552	1.216755	5.188126	-0.441172	0.000000
0.071819	3.636528	94437.606287	228949.917784	-39.746704	1205066.778665	0.000960	0.000550	1.216755	5.186304	-0.439312	0.000000
0.077309	3.647782	94164.983194	228995.559065	-38.934430	780071.675274	0.001661	0.000548	1.216755	5.185049	-0.437970	0.000000
0.082785	3.655172	94000.112409	229057.755609	-32.542658	348412.709552	0.002083	0.000547	1.216755	5.184289	-0.437092	0.000000
0.088253	3.659329	93921.979649	229127.672410	-22.109491	-38878.303971	0.002234	0.000547	1.216755	5.183928	-0.436599	0.000000
0.093716	3.660984	93908.038532	229197.304617	-9.680666	-343796.933773	0.002151	0.000546	1.216755	5.183864	-0.436403	0.000000
0.099179	3.660876	93936.610194	229260.285757	2.601515	-545125.814941	0.001891	0.000546	1.216755	5.183996	-0.436416	0.000000
0.104644	3.659677	93988.732418	229312.348739	12.895859	-639158.462062	0.001522	0.000546	1.216755	5.184237	-0.436558	0.000000
0.110110	3.657942	94049.330937	229351.422325	19.961969	-637506.453034	0.001109	0.000547	1.216755	5.184517	-0.436764	0.000000
0.115580	3.656088	94107.690740	229377.408222	23.305700	-562687.680159	0.000709	0.000547	1.216755	5.184787	-0.436984	0.000000
0.121052	3.654390	94157.307217	229391.730328	23.155734	-442592.239012	0.000363	0.000547	1.216755	5.185015	-0.437186	0.000000
0.126527	3.652998	94195.272857	229396.770219	20.298360	-305029.277399	0.000094	0.000547	1.216755	5.185190	-0.437351	0.000000
0.132003	3.651962	94221.393923	229395.300665	15.827583	-173368.170517	-0.000090	0.000548	1.216755	5.185310	-0.437474	0.000000
0.137481	3.651265	94237.229285	229390.006211	10.878977	-63886.460542	-0.000194	0.000548	1.216755	5.185383	-0.437557	0.000000
0.142960	3.650846	94245.208769	229383.145270	6.407864	15035.136445	-0.000234	0.000548	1.216755	5.185420	-0.437607	0.000000
0.148439	3.650633	94247.934262	229376.370987	3.050850	62140.601018	-0.000228	0.000548	1.216755	5.185432	-0.437632	0.000000
0.153918	3.650551	94247.708720	229370.696484	1.082732	81479.392037	-0.000195	0.000548	1.216755	5.185431	-0.437642	0.000000
0.159397	3.650540	94246.288277	229366.568872	0.456499	80153.115273	-0.000150	0.000548	1.216755	5.185425	-0.437643	0.000000
0.164876	3.650556	94244.818052	229364.007341	0.898076	66171.090730	-0.000107	0.000548	1.216755	5.185418	-0.437641	0.000000
0.170355	3.650572	94243.895097	229362.762310	2.021919	46790.187580	-0.000071	0.000548	1.216755	5.185414	-0.437639	0.000000
0.175834	3.650575	94243.700069	229362.461895	3.437344	27512.157582	-0.000047	0.000548	1.216755	5.185413	-0.437639	0.000000
0.181314	3.650562	94244.148301	229362.724832	4.825404	11729.144443	-0.000033	0.000548	1.216755	5.185415	-0.437640	0.000000
0.186793	3.650536	94245.025744	229363.231891	5.978250	879.850951	-0.000028	0.000548	1.216755	5.185419	-0.437644	0.000000
0.192272	3.650503	94246.091081	229363.758166	6.803579	-5082.155776	-0.000029	0.000548	1.216755	5.185424	-0.437647	0.000000
0.197751	3.650469	94247.138861	229364.175066	7.303905	-7106.469280	-0.000034	0.000548	1.216755	5.185429	-0.437652	0.000000
0.203231	3.650439	94248.027918	229364.433384	7.543098	-6506.012702	-0.000040	0.000548	1.216755	5.185433	-0.437655	0.000000
0.208710	3.650415	94248.684314	229364.538209	7.611579	-4552.791180	-0.000046	0.000548	1.216755	5.185436	-0.437658	0.000000
0.214189	3.650399	94249.089249	229364.523883	7.598233	-2241.036191	-0.000050	0.000548	1.216755	5.185438	-0.437660	0.000000
0.219669	3.650391	94249.260965	229364.433965	7.572806	-202.438678	-0.000054	0.000548	1.216755	5.185439	-0.437661	0.000000
0.225148	3.650390	94249.237048	229364.308141	7.578926	1268.639445	-0.000056	0.000548	1.216755	5.185439	-0.437661	0.000000
0.230628	3.650395	94249.060621	229364.175771	7.635386	2129.634987	-0.000058	0.000548	1.216755	5.185438	-0.437660	0.000000
0.236107	3.650404	94248.771576	229364.054521	7.742292	2487.156667	-0.000059	0.000548	1.216755	5.185436	-0.437659	0.000000
0.241587	3.650417	94248.402386	229363.952101	7.888815	2506.793050	-0.000060	0.000548	1.216755	5.185435	-0.437658	0.000000
0.247066	3.650432	94247.977259	229363.869334	8.060185	2349.925718	-0.000062	0.000548	1.216755	5.185433	-0.437656	0.000000
0.252545	3.650449	94247.513234	229363.803273	8.242632	2139.893067	-0.000063	0.000548	1.216755	5.185431	-0.437654	0.000000
0.258025	3.650467	94247.022056	229363.749653	8.425993	1952.156554	-0.000064	0.000548	1.216755	5.185428	-0.437652	0.000000
0.263504	3.650486	94246.512022	229363.704451	8.604378	1819.926142	-0.000066	0.000548	1.216755	5.185426	-0.437650	0.000000
0.268983	3.650505	94245.989430	229363.664611	8.775552	1746.895074	-0.000067	0.000548	1.216755	5.185424	-0.437647	0.000000
0.274463	3.650525	94245.459486	229363.628187	8.939754	1720.820813	-0.000069	0.000548	1.216755	5.185421	-0.437645	0.000000
0.279942	3.650546	94244.926771	229363.594144	9.098468	1724.350993	-0.000071	0.000548	1.216755	5.185419	-0.437642	0.000000
0.285421	3.650566	94244.395392	229363.562046	9.253468	1741.817908	-0.000072	0.000548	1.216755	5.185416	-0.437640	0.000000
0.290900	3.650586	94243.868978	229363.531755	9.406236	1762.296060	-0.000074	0.000548	1.216755	5.185414	-0.437638	0.000000
0.296379	3.650605	94243.350621	229363.503214	9.557725	1779.987901	-0.000076	0.000548	1.216755	5.185411	-0.437635	0.000000
0.301858	3.650624	94242.842844	229363.476332	9.708357	1793.143526	-0.000078	0.000548	1.216755	5.185409	-0.437633	0.000000
0.307337	3.650643	94242.347600	229363.450938	9.858151	1802.499523	-0.000080	0.000548	1.216755	5.185407	-0.437631	0.000000
0.312816	3.650661	94241.866329	229363.426794	10.006877	1809.860103	-0.000082	0.000548	1.216755	5.185405	-0.437629	0.000000
0.318295	3.650679	94241.400031	229363.403629	10.154200	1817.100935	-0.000084	0.000548	1.216755	5.185402	-0.437627	0.000000
0.323774	3.650696	94240.949357	229363.381169	10.299766	1825.631983	-0.000086	0.000548	1.216755	5.185400	-0.437624	0.000000
0.329253	3.650713	94240.514702	229363.359172	10.443239	1836.224874	-0.000088	0.000548	1.216755	5.185398	-0.437623	0.000000
0.334732	3.650729	94240.096271	229363.337439	10.584346	1849.074210	-0.000090	0.000548	1.216755	5.185396	-0.437621	0.000000
0.340211	3.650744	94239.694145	229363.315821	10.722831	1863.963054	-0.000092	0.000548	1.216755	5.185395	-0.437619	0.000000
0.345690	3.650758	94239.308317	229363.294220	10.858427	1880.445708	-0.000094	0.000548	1.216755	5.185393	-0.437617	0.000000
0.351169	3.650772	94238.938719	229363.272574	10.990944	1898.014593	-0.000096	0.000548	1.216755	5.185391	-0.437615	0.000000
0.356648	3.650786	94238.585239	229363.250855	11.120093	1916.199069	-0.000098	0.000548	1.216755	5.185389	-0.437614	0.000000
0.362127	3.650798	94238.247722	229363.229056	11.245482	1934.597041	-0.000100	0.000548	1.216755	5.185388	-0.437612	0.000000
0.367606	3.650811	94237.925975	229363.207188	11.367022	1952.916585	-0.000102	0.000548	1.216755	5.185386	-0.437611	0.000000
0.373084	3.650822	94237.619763	229363.185272	11.484222	1970.899619	-0.000104	0.000548	1.216755	5.185385	-0.437610	0.000000
0.378563	3.650833	94237.328803	229363.163337	11.596172	1988.180485	-0.000107	0.000548	1.216755	5.185384	-0.437608	0.000000
0.384042	3.650843	94237.052757	229363.141413	11.703513	2004.458743	-0.000109	0.000548	1.216755	5.185382	-0.437607	0.000000
0.389521	3.650853	94236.791224	229363.119526	11.805300	2019.350212	-0.000111	0.000548	1.216755	5.185381	-0.437606	0.000000
0.394999	3.650862	94236.543735	229363.097695	11.898662	2032.057319	-0.000113	0.000548	1.216755	5.185380	-0.437605	0.000000
0.400478	3.650871	94236.309745	229363.075916	11.988093	2042.498662	-0.000116	0.000548	1.216755	5.185379	-0.437604	0.000000
0.405957	3.650879	94236.088635	229363.054157	12.071463	2050.868622	-0.000118	0.000548	1.216755	5.185378	-0.437603	0.000000
0.411435	3.650887	94235.879730	229363.032380	12.136793	2055.834879	-0.000120	0.000548	1.216755	5.185377	-0.437602	0.000000
0.416914	3.650894	94235.682313	229363.010513	12.206462	2059.229784	-0.000122	0.000548	1.216755	5.185376	-0.437601	0.000000
0.422393	3.650901	94235.495650	229362.988440	12.274477	2063.648103	-0.000125	0.000548	1.216755	5.185375	-0.437600	0.000000
0.427872	3.650908	94235.319035	229362.966163	12.284860	2062.880372	-0.000127	0.000548	1.216755	5.185374	-0.437599	0.000000
0.433350	3.650914	94235.151830	229362.943630	12.341489	2063.195778	-0.000129	0.000548	1.216755	5.185374	-0.437599	0.000000
0.438829	3.650920	94234.993427	229362.920647	12.428455	2074.345247	-0.000132	0.000548	1.216755	5.185373	-0.437598	0.000000
0.444307	3.650925	94234.843340	229362.897572	12.278614	2063.829202	-0.000134	0.000548	1.216755	5.185372	-0.437597	0.000000
0.449786	3.650930	94234.701226	229362.874447	12.366608	2055.678265	-0.000136	0.000548	1.216755	5.185372	-0.437597	0.000000
0.455265	3.650935	94234.566600	229362.850457	12.667254	2098.279765	-0.000139	0.000548	1.216755	5.185371	-0.437596	0.000000
0.460743	3.650940	94234.439165	229362.827143	11.901549	2042.372274	-0.000141	0.000548	1.216755	5.185370	-0.437596	0.000000
0.466222	3.650944	94234.318965	229362.804582	12.222286	1992.089825	-0.000143	0.000548	1.216755	5.185370	-0.437595	0.000000
0.471701	3.650948	94234.205096	229362.778494	13.729019	2194.644886	-0.000146	0.000548	1.216755	5.185369	-0.437595	0.000000
0.477179	3.650952	94234.097257	229362.755379	10.307549	1963.837617	-0.000148	0.000548	1.216755	5.185369	-0.437594	0.000000
0.482658	3.650955	94233.996758	229362.735813	11.680292	1734.354786	-0.000149	0.000548	1.216755	5.185368	-0.437594	0.000000
0.488136	3.650958	94233.900508	229362.698877	19.310833	2737.636855	-0.000153	0.000548	1.216755	5.185368	-0.437593	0.000000
0.493615	3.650962	94233.807921	229362.673163	4.062505	1809.756757	-0.000156	0.000548	1.216755	5.185367	-0.437593	0.000000
0.499093	3.650965	94233.726398	229362.663600	9.693624	724.475032	-0.000154	0.000548	1.216755	5.185367	-0.437593	0.000000
0.504572	3.650967	94233.643072	229362.569298	47.673289	5572.390137	-0.000164	0.000548	1.216755	5.185367	-0.437592	0.000000
0.510051	3.650969	94233.554998	229362.515324	-20.371211	1812.455870	-0.000173	0.000548	1.216755	5.185366	-0.437592	0.000000
0.515529	3.650972	94233.498405	229362.534198	1.861103	-3462.315235	-0.000154	0.000548	1.216755	5.185366	-0.437592	0.000000
0.521008	3.650969	94233.416016	229362.138925	189.480613	19725.140693	-0.000197	0.000548	1.216755	5.185366	-0.437592	0.000000
0.526486	3.650969	94233.288421	229361.868461	-112.346489	4783.333998	-0.000238	0.000548	1.216755	5.185365	-0.437592	0.000000
0.531965	3.650970	94233.287072	229361.910044	-25.840179	-20674.163131	-0.000150	0.000548	1.216755	5.185365	-0.437592	0.000000
0.537443	3.650947	94233.152944	229359.906213	900.172444	90270.840758	-0.000350	0.000548	1.216755	5.185364	-0.437595	0.000000
0.542922	3.650930	94232.763367	229358.128959	-421.937783	33857.931524	-0.000583	0.000548	1.216755	5.185363	-0.437597	0.000000
0.548401	3.650920	94232.920183	229357.559904	-79.336556	-86245.628586	-0.000217	0.000548	1.216755	5.185363	-0.437599	0.000000
0.553879	3.650784	94232.446022	229346.730386	4504.252849	447592.777929	-0.001213	0.000548	1.216755	5.185360	-0.437616	0.000000
0.559358	3.650651	94230.605419	229334.895745	-1173.331750	256125.320124	-0.002568	0.000548	1.216755	5.185352	-0.437630	0.000000
0.564837	3.650528	94231.113481	229326.778322	277.872240	-291653.874462	-0.001211	0.000548	1.216755	5.185355	-0.437649	0.000000
0.570317	3.649760	94228.592463	229266.177773	23100.788890	2301812.794218	-0.006345	0.000548	1.216755	5.185340	-0.437748	0.000000
0.575798	3.648854	94218.771083	229188.652954	-525.578536	1812378.378018	-0.014282	0.000548	1.216755	5.185295	-0.437850	0.000000
0.581280	3.647824	94218.671182	229114.802033	6391.313036	-561989.338269	-0.010290	0.000548	1.216755	5.185299	-0.437994	0.000000
0.586764	3.643400	94203.551408	228766.806444	121061.271644	12235509.773865	-0.037670	0.000549	1.216755	5.185209	-0.438564	0.000000
0.592260	3.637431	94148.727007	228265.939252	28230.915863	12441103.143018	-0.084583	0.000550	1.216755	5.184956	-0.439263	0.000000
0.597762	3.629821	94130.752518	227694.753040	64901.917639	3060473.945649	-0.081139	0.000551	1.216755	5.184887	-0.440283	0.000000
0.603276	3.604280	94034.179333	225677.989028	648603.704647	68646078.750707	-0.231171	0.000555	1.216755	5.184339	-0.443598	0.000000
0.608858	3.566510	93705.704260	222513.727125	333881.199096	90978351.681797	-0.513988	0.000561	1.216755	5.182784	-0.448176	0.000000
0.614492	3.518343	93469.950476	218712.509922	473716.569136	66358096.782788	-0.591832	0.000568	1.216755	5.181728	-0.454603	0.000000
0.620206	3.386617	92754.244152	207975.205770	3493635.724212	451611883.697907	-1.390294	0.000591	1.216755	5.177779	-0.472515	0.000000
0.626303	3.191677	90333.239264	190627.705489	2994226.970816	821715312.878696	-3.160391	0.000627	1.216755	5.165670	-0.498232	0.000000
0.632782	3.027222	87595.414067	175167.656775	649833.107205	760822892.076596	-3.759233	0.000661	1.216755	5.152364	-0.521659	0.000000
0.639483	2.688444	82889.574086	144224.404547	13661335.253175	2571985873.725300	-6.066078	0.000744	1.216755	5.125079	-0.578788	0.000000
0.647838	2.054230	66439.158201	84969.297288	35532120.255983	7173892914.242043	-17.153642	0.000974	1.216755	5.017428	-0.700915	0.000000
0.660302	1.469818	37651.168002	33395.787308	32280036.341167	7643173015.934974	-33.836790	0.001361	1.216755	4.756050	-0.845106	0.000000
0.676941	1.157401	16283.542981	11411.850844	15968080.962575	3757689288.548953	-45.224777	0.001728	1.216755	4.387619	-0.943011	0.000000
0.695882	1.041983	8047.299478	5340.007678	5022102.136519	948820750.646042	-49.949950	0.001919	1.216755	4.099138	-0.984344	0.000000
0.715640	1.009338	6365.342273	4247.604649	1089916.029736	132313743.211161	-51.243812	0.001981	1.216755	4.011919	-0.996523	0.000000
0.735595	1.001822	6148.691802	4101.920259	191267.061133	15935180.085553	-51.502895	0.001996	1.216755	3.999563	-0.999324	0.000000
0.755589	1.000380	6121.798262	4082.079289	28521.671169	2147693.068961	-51.546207	0.001999	1.216755	3.997988	-0.999855	0.000000
0.775588	1.000142	6118.070556	4079.197039	3605.644143	311474.715138	-51.552341	0.002000	1.216755	3.997768	-0.999941	0.000000
0.795587	1.000109	6117.529549	4078.782949	394.785521	44545.929347	-51.553084	0.002000	1.216755	3.997736	-0.999953	0.000000
0.815587	1.000105	6117.453412	4078.727074	37.272069	5995.310152	-51.553162	0.002000	1.216755	3.997731	-0.999955	0.000000
0.835587	1.000104	6117.443392	4078.720113	2.991620	746.682497	-51.553170	0.002000	1.216755	3.997731	-0.999955	0.000000
0.855587	1.000104	6117.442172	4078.719314	0.209289	85.850260	-51.553170	0.002000	1.216755	3.997731	-0.999955	0.000000
0.875587	1.000104	6117.442035	4078.719229	0.016258	9.172909	-51.553170	0.002000	1.216755	3.997731	-0.999955	0.000000
0.895587	1.000104	6117.442021	4078.719220	0.002293	0.929868	-51.553170	0.002000	1.216755	3.997731	-0.999955	0.000000
0.915587	1.000104	6117.442019	4078.719220	0.000467	0.093617	-51.553170	0.002000	1.216755	3.997731	-0.999955	0.000000
0.935587	1.000104	6117.442019	4078.719220	0.000089	0.010073	-51.553170	0.002000	1.216755	3.997731	-0.999955	0.000000
0.955587	1.000104	6117.442019	4078.719220	0.000015	0.001230	-51.553170	0.002000	1.216755	3.997731	-0.999955	0.000000
0.975587	1.000104	6117.442019	4078.719219	0.000002	0.000168	-51.553170	0.002000	1.216755	3.997731	-0.999955	0.000000
0.995587	1.000104	6117.442019	4078.719219	0.000000	0.000023	-51.553170	0.002000	1.216755	3.997731	-0.999955	0.000000
1.015587	1.000104	6117.442019	4078.719219	0.000000	0.000004	-51.553170	0.002000	1.216755	3.997731	-0.999955	0.000000
1.035587	1.000104	6117.442019	4078.719219	-0.000000	0.000002	-51.553170	0.002000	1.216755	3.997731	-0.999955	0.000000
1.055587	1.000104	6117.442019	4078.719219	-0.000000	-0.000001	-51.553170	0.002000	1.216755	3.997731	-0.999955	0.000000
1.075587	1.000104	6117.442019	4078.719219	0.000000	0.000000	-51.553170	0.002000	1.216755	3.997731	-0.999955	0.000000
1.095587	1.000104	6117.442019	4078.719219	-0.000000	0.000001	-51.553170	0.002000	1.216755	3.997731	-0.999955	0.000000
1.115587	1.000104	6117.442019	4078.719219	-0.000000	-0.000001	-51.553170	0.002000	1.216755	3.997731	-0.999955	0.000000
1.135587	1.000104	6117.442019	4078.719219	0.000000	-0.000001	-51.553170	0.002000	1.216755	3.997731	-0.999955	0.000000
1.155587	1.000104	6117.442019	4078.719219	0.000000	0.000001	-51.553170	0.002000	1.216755	3.997731	-0.999955	0.000000
1.175587	1.000104	6117.442019	4078.719219	-0.000000	-0.000000	-51.553170	0.002000	1.216755	3.997731	-0.999955	0.000000
1.195587	1.000104	6117.442019	4078.719219	0.000000	-0.000001	-51.553170	0.002000	1.216755	3.997731	-0.999955	0.000000
1.215587	1.000104	6117.442019	4078.719219	0.000000	0.000001	-51.553170	0.002000	1.216755	3.997731	-0.999955	0.000000
1.235587	1.000104	6117.442019	4078.719219	-0.000000	-0.000000	-51.553170	0.002000	1.216755	3.997731	-0.999955	0.000000
1.255587	1.000104	6117.442019	4078.719219	0.000000	-0.000000	-51.553170	0.002000	1.216755	3.997731	-0.999955	0.000000
1.275587	1.000104	6117.442019	4078.719219	0.000000	0.000000	-51.553170	0.002000	1.216755	3.997731	-0.999955	0.000000
1.295587	1.000104	6117.442019	4078.719219	-0.000000	0.000002	-51.553170	0.002000	1.216755	3.997731	-0.999955	0.000000
1.315587	1.000104	6117.442019	4078.719219	-0.000000	-0.000001	-51.553170	0.002000	1.216755	3.997731	-0.999955	0.000000
1.335587	1.000104	6117.442019	4078.719219	0.000000	-0.000001	-51.553170	0.002000	1.216755	3.997731	-0.999955	0.000000
1.355587	1.000104	6117.442019	4078.719219	0.000000	0.000001	-51.553170	0.002000	1.216755	3.997731	-0.999955	0.000000
1.375587	1.000104	6117.442019	4078.719219	-0.000000	0.000001	-51.553170	0.002000	1.216755	3.997731	-0.999955	0.000000
1.395587	1.000104	6117.442019	4078.719219	-0.000000	-0.000001	-51.553170	0.002000	1.216755	3.997731	-0.999955	0.000000
1.415587	1.000104	6117.442019	4078.719219	-0.000000	-0.000001	-51.553170	0.002000	1.216755	3.997731	-0.999955	0.000000
1.435587	1.000104	6117.442019	4078.719219	0.000000	-0.000000	-51.553170	0.002000	1.216755	3.997731	-0.999955	0.000000
1.455587	1.000104	6117.442019	4078.719219	-0.000000	-0.000000	-51.553170	0.002000	1.216755	3.997731	-0.999955	0.000000
1.475587	1.000104	6117.442019	4078.719219	0.000000	-0.000001	-51.553170	0.002000	1.216755	3.997731	-0.999955	0.000000
1.495587	1.000104	6117.442019	4078.719219	0.000000	-0.000001	-51.553170	0.002000	1.216755	3.997731	-0.999955	0.000000
1.515587	1.000104	6117.442019	4078.719219	-0.000000	0.000001	-51.553170	0.002000	1.216755	3.997731	-0.999955	0.000000
1.535587	1.000104	6117.442019	4078.719219	-0.000000	0.000000	-51.553170	0.002000	1.216755	3.997731	-0.999955	0.000000
1.555587	1.000104	6117.442019	4078.719219	0.000000	-0.000001	-51.553170	0.002000	1.216755	3.997731	-0.999955	0.000000
1.575587	1.000104	6117.442019	4078.719219	0.000000	0.000000	-51.553170	0.002000	1.216755	3.997731	-0.999955	0.000000
1.595587	1.000104	6117.442019	4078.719219	-0.000000	0.000001	-51.553170	0.002000	1.216755	3.997731	-0.999955	0.000000
1.615587	1.000104	6117.442019	4078.719219	-0.000000	-0.000001	-51.553170	0.002000	1.216755	3.997731	-0.999955	0.000000
1.635587	1.000104	6117.442019	4078.719219	0.000000	-0.000001	-51.553170	0.002000	1.216755	3.997731	-0.999955	0.000000
1.655587	1.000104	6117.442019	4078.719219	0.000000	0.000000	-51.553170	0.002000	1.216755	3.997731	-0.999955	0.000000
1.675587	1.000104	6117.442019	4078.719219	-0.000000	0.000001	-51.553170	0.002000	1.216755	3.997731	-0.999955	0.000000
1.695587	1.000104	6117.442019	4078.719219	-0.000000	-0.000001	-51.553170	0.002000	1.216755	3.997731	-0.999955	0.000000
1.715587	1.000104	6117.442019	4078.719219	0.000000	-0.000000	-51.553170	0.002000	1.216755	3.997731	-0.999955	0.000000
1.735587	1.000104	6117.442019	4078.719219	0.000000	0.000001	-51.553170	0.002000	1.216755	3.997731	-0.999955	0.000000
1.755587	1.000104	6117.442019	4078.719219	-0.000000	-0.000000	-51.553170	0.002000	1.216755	3.997731	-0.999955	0.000000
1.775587	1.000104	6117.442019	4078.719219	0.000000	0.000000	-51.553170	0.002000	1.216755	3.997731	-0.999955	0.000000
1.795587	1.000104	6117.442019	4078.719219	-0.000000	0.000001	-51.553170	0.002000	1.216755	3.997731	-0.999955	0.000000
1.815587	1.000104	6117.442019	4078.719219	-0.000000	0.000000	-51.553170	0.002000	1.216755	3.997731	-0.999955	0.000000
1.835587	1.000104	6117.442019	4078.719219	-0.000000	-0.000001	-51.553170	0.002000	1.216755	3.997731	-0.999955	0.000000
1.855587	1.000104	6117.442019	4078.719219	0.000000	-0.000001	-51.553170	0.002000	1.216755	3.997731	-0.999955	0.000000
1.875587	1.000104	6117.442019	4078.719219	0.000000	0.000000	-51.553170	0.002000	1.216755	3.997731	-0.999955	0.000000
1.895587	1.000104	6117.442019	4078.719219	-0.000000	0.000001	-51.553170	0.002000	1.216755	3.997731	-0.999955	0.000000
1.915587	1.000104	6117.442019	4078.719219	-0.000000	-0.000001	-51.553170	0.002000	1.216755	3.997731	-0.999955	0.000000
1.935587	1.000104	6117.442019	4078.719219	0.000000	-0.000001	-51.553170	0.002000	1.216755	3.997731	-0.999955	0.000000
1.955587	1.000104	6117.442019	4078.719219	0.000000	0.000001	-51.553170	0.002000	1.216755	3.997731	-0.999955	0.000000
1.975587	1.000104	6117.442019	4078.719219	0.000000	-0.000001	-51.553170	0.002000	1.216755	3.997731	-0.999955	0.000000
1.995587	1.000104	6117.442019	4078.719219	0.000000	0.000001	-51.553170	0.002000	1.216755	3.997731	-0.999955	0.000000
2.015587	1.000104	6117.442019	4078.719219	-0.000000	0.000001	-51.553170	0.002000	1.216755	3.997731	-0.999955	0.000000
2.035587	1.000104	6117.442019	4078.719219	-0.000000	-0.000001	-51.553170	0.002000	1.216755	3.997731	-0.999955	0.000000
2.055587	1.000104	6117.442019	4078.719219	0.000000	-0.000001	-51.553170	0.002000	1.216755	3.997731	-0.999955	0.000000
2.075587	1.000104	6117.442019	4078.719219	0.000000	0.000000	-51.553170	0.002000	1.216755	3.997731	-0.999955	0.000000
2.095587	1.000104	6117.442019	4078.719219	-0.000000	0.000001	-51.553170	0.002000	1.216755	3.997731	-0.999955	0.000000
2.115587	1.000104	6117.442019	4078.719219	-0.000000	0.000000	-51.553170	0.002000	1.216755	3.997731	-0.999955	0.000000
2.135587	1.000104	6117.442019	4078.719219	0.000000	-0.000001	-51.553170	0.002000	1.216755	3.997731	-0.999955	0.000000
2.155587	1.000104	6117.442019	4078.719219	0.000000	0.000001	-51.553170	0.002000	1.216755	3.997731	-0.999955	0.000000
2.175587	1.000104	6117.442019	4078.719219	-0.000000	0.000001	-51.553170	0.002000	1.216755	3.997731	-0.999955	0.000000
2.195587	1.000104	6117.442019	4078.719219	-0.000000	-0.000001	-51.553170	0.002000	1.216755	3.997731	-0.999955	0.000000
2.215587	1.000104	6117.442019	4078.719219	0.000000	-0.000002	-51.553170	0.002000	1.216755	3.997731	-0.999955	0.000000
2.235587	1.000104	6117.442019	4078.719219	0.000000	-0.000000	-51.553170	0.002000	1.216755	3.997731	-0.999955	0.000000
2.255587	1.000104	6117.442019	4078.719219	-0.000000	0.000001	-51.553170	0.002000	1.216755	3.997731	-0.999955	0.000000
2.275587	1.000104	6117.442019	4078.719219	0.000000	-0.000001	-51.553170	0.002000	1.216755	3.997731	-0.999955	0.000000
2.295587	1.000104	6117.442019	4078.719219	0.000000	0.000001	-51.553170	0.002000	1.216755	3.997731	-0.999955	0.000000
2.315587	1.000104	6117.442019	4078.719219	-0.000000	0.000001	-51.553170	0.002000	1.216755	3.997731	-0.999955	0.000000
2.335587	1.000104	6117.442019	4078.719219	-0.000000	0.000000	-51.553170	0.002000	1.216755	3.997731	-0.999955	0.000000
2.355587	1.000104	6117.442019	4078.719219	-0.000000	0.000000	-51.553170	0.002000	1.216755	3.997731	-0.999955	0.000000
2.375587	1.000104	6117.442019	4078.719219	0.000000	-0.000001	-51.553170	0.002000	1.216755	3.997731	-0.999955	0.000000
2.395587	1.000104	6117.442019	4078.719219	-0.000000	0.000001	-51.553170	0.002000	1.216755	3.997731	-0.999955	0.000000
2.415587	1.000104	6117.442019	4078.719219	-0.000000	-0.000001	-51.553170	0.002000	1.216755	3.997731	-0.999955	0.000000
2.435587	1.000104	6117.442019	4078.719219	0.000000	-0.000001	-51.553170	0.002000	1.216755	3.997731	-0.999955	0.000000
2.455587	1.000104	6117.442019	4078.719219	0.000000	-0.000000	-51.553170	0.002000	1.216755	3.997731	-0.999955	0.000000
2.475587	1.000104	6117.442019	4078.719219	0.000000	0.000000	-51.553170	0.002000	1.216755	3.997731	-0.999955	0.000000
2.495587	1.000104	6117.442019	4078.719219	0.000000	0.000001	-51.553170	0.002000	1.216755	3.997731	-0.999955	0.000000
2.515587	1.000104	6117.442019	4078.719219	-0.000000	0.000000	-51.553170	0.002000	1.216755	3.997731	-0.999955	0.000000
2.535587	1.000104	6117.442019	4078.719219	-0.000000	-0.000000	-51.553170	0.002000	1.216755	3.997731	-0.999955	0.000000
2.555587	1.000104	6117.442019	4078.719219	0.000000	-0.000000	-51.553170	0.002000	1.216755	3.997731	-0.999955	0.000000
2.575587	1.000104	6117.442019	4078.719219	0.000000	0.000000	-51.553170	0.002000	1.216755	3.997731	-0.999955	0.000000
2.595587	1.000104	6117.442019	4078.719219	0.000000	0.000000	-51.553170	0.002000	1.216755	3.997731	-0.999955	0.000000
2.615587	1.000104	6117.442019	4078.719219	0.000000	0.000000	-51.553170	0.002000	1.216755	3.997731	-0.999955	0.000000
2.635587	1.000104	6117.442019	4078.719219	0.000000	0.000000	-51.553170	0.002000	1.216755	3.997731	-0.999955	0.000000
2.655587	1.000104	6117.442019	4078.719219	0.000000	0.000000	-51.553170	0.002000	1.216755	3.997731	-0.999955	0.000000
2.675587	1.000104	6117.442019	4078.719219	0.000000	0.000000	-51.553170	0.002000	1.216755	3.997731	-0.999955	0.000000
2.695587	1.000104	6117.442019	4078.719219	0.000000	0.000000	-51.553170	0.002000	1.216755	3.997731	-0.999955	0.000000
2.715587	1.000104	6117.442019	4078.719219	0.000000	0.000000	-51.553170	0.002000	1.216755	3.997731	-0.999955	0.000000
2.735587	1.000104	6117.442019	4078.719219	0.000000	0.000000	-51.553170	0.002000	1.216755	3.997731	-0.999955	0.000000
2.755587	1.000104	6117.442019	4078.719219	0.000000	0.000000	-51.553170	0.002000	1.216755	3.997731	-0.999955	0.000000
2.775587	1.000104	6117.442019	4078.719219	0.000000	0.000000	-51.553170	0.002000	1.216755	3.997731	-0.999955	0.000000
2.795587	1.000104	6117.442019	4078.719219	0.000000	0.000000	-51.553170	0.002000	1.216755	3.997731	-0.999955	0.000000
2.815587	1.000104	6117.442019	4078.719219	0.000000	0.000000	-51.553170	0.002000	1.216755	3.997731	-0.999955	0.000000
2.835587	1.000104	6117.442019	4078.719219	0.000000	0.000000	-51.553170	0.002000	1.216755	3.997731	-0.999955	0.000000
2.855587	1.000104	6117.442019	4078.719219	0.000000	0.000000	-51.553170	0.002000	1.216755	3.997731	-0.999955	0.000000
2.875587	1.000104	6117.442019	4078.719219	0.000000	0.000000	-51.553170	0.002000	1.216755	3.997731	-0.999955	0.000000
2.895587	1.000104	6117.442019	4078.719219	0.000000	0.000000	-51.553170	0.002000	1.216755	3.997731	-0.999955	0.000000
2.915587	1.000104	6117.442019	4078.719219	0.000000	0.000000	-51.553170	0.002000	1.216755	3.997731	-0.999955	0.000000
2.935587	1.000104	6117.442019	4078.719219	0.000000	0.000000	-51.553170	0.002000	1.216755	3.997731	-0.999955	0.000000
2.955587	1.000104	6117.442019	4078.719219	0.000000	0.000000	-51.553170	0.002000	1.216755	3.997731	-0.999955	0.000000
2.975587	1.000104	6117.442019	4078.719219	0.000000	0.000000	-51.553170	0.002000	1.216755	3.997731	-0.999955	0.000000
2.995587	1.000104	6117.442019	4078.719219	0.000000	0.000000	-51.553170	0.002000	1.216755	3.997731	-0.999955	0.000000
3.015587	1.000104	6117.442019	4078.719219	0.000000	0.000000	-51.553170	0.002000	1.216755	3.997731	-0.999955	0.000000
3.035587	1.000104	6117.442019	4078.719219	0.000000	0.000000	-51.553170	0.002000	1.216755	3.997731	-0.999955	0.000000
3.055587	1.000104	6117.442019	4078.719219	0.000000	0.000000	-51.553170	0.002000	1.216755	3.997731	-0.999955	0.000000
3.075587	1.000104	6117.442019	4078.719219	0.000000	0.000000	-51.553170	0.002000	1.216755	3.997731	-0.999955	0.000000
3.095587	1.000104	6117.442019	4078.719219	0.000000	-0.000000	-51.553170	0.002000	1.216755	3.997731	-0.999955	0.000000
3.115587	1.000104	6117.442019	4078.719219	0.000000	-0.000000	-51.553170	0.002000	1.216755	3.997731	-0.999955	0.000000
3.135587	1.000104	6117.442019	4078.719219	0.000000	-0.000000	-51.553170	0.002000	1.216755	3.997731	-0.999955	0.000000
3.155587	1.000104	6117.442019	4078.719219	0.000000	-0.000000	-51.553170	0.002000	1.216755	3.997731	-0.999955	0.000000
3.175587	1.000104	6117.442019	4078.719219	0.000000	-0.000000	-51.553170	0.002000	1.216755	3.997731	-0.999955	0.000000
3.195587	1.000104	6117.442019	4078.719219	0.000000	-0.000000	-51.553170	0.002000	1.216755	3.997731	-0.999955	0.000000
3.215587	1.000104	6117.442019	4078.719219	-0.000000	-0.000000	-51.553170	0.002000	1.216755	3.997731	-0.999955	0.000000
3.235587	1.000104	6117.442019	4078.719219	-0.000000	-0.000000	-51.553170	0.002000	1.216755	3.997731	-0.999955	0.000000
3.255587	1.000104	6117.442019	4078.719219	-0.000000	-0.000000	-51.553170	0.002000	1.216755	3.997731	-0.999955	0.000000
3.275587	1.000104	6117.442019	4078.719219	-0.000000	-0.000000	-51.553170	0.002000	1.216755	3.997731	-0.999955	0.000000
3.295587	1.000104	6117.442019	4078.719219	0.000000	-0.000001	-51.553170	0.002000	1.216755	3.997731	-0.999955	0.000000
3.315587	1.000104	6117.442019	4078.719219	0.000000	0.000001	-51.553170	0.002000	1.216755	3.997731	-0.999955	0.000000
3.335587	1.000104	6117.442019	4078.719219	-0.000000	0.000001	-51.553170	0.002000	1.216755	3.997731	-0.999955	0.000000
3.355587	1.000104	6117.442019	4078.719219	-0.000000	0.000000	-51.553170	0.002000	1.216755	3.997731	-0.999955	0.000000
3.375587	1.000104	6117.442019	4078.719219	-0.000000	-0.000001	-51.553170	0.002000	1.216755	3.997731	-0.999955	0.000000
3.395587	1.000104	6117.442019	4078.719219	0.000000	-0.000001	-51.553170	0.002000	1.216755	3.997731	-0.999955	0.000000
3.415587	1.000104	6117.442019	4078.719219	0.000000	0.000001	-51.553170	0.002000	1.216755	3.997731	-0.999955	0.000000
3.435587	1.000104	6117.442019	4078.719219	0.000000	0.000001	-51.553170	0.002000	1.216755	3.997731	-0.999955	0.000000
3.455587	1.000104	6117.442019	4078.719219	-0.000000	0.000000	-51.553170	0.002000	1.216755	3.997731	-0.999955	0.000000
3.475587	1.000104	6117.442019	4078.719219	-0.000000	0.000000	-51.553170	0.002000	1.216755	3.997731	-0.999955	0.000000
3.495587	1.000104	6117.442019	4078.719219	-0.000000	-0.000001	-51.553170	0.002000	1.216755	3.997731	-0.999955	0.000000
3.515587	1.000104	6117.442019	4078.719219	0.000000	-0.000001	-51.553170	0.002000	1.216755	3.997731	-0.999955	0.000000
3.535587	1.000104	6117.442019	4078.719219	0.000000	0.000001	-51.553170	0.002000	1.216755	3.997731	-0.999955	0.000000
3.555587	1.000104	6117.442019	4078.719219	0.000000	0.000001	-51.553170	0.002000	1.216755	3.997731	-0.999955	0.000000
3.575587	1.000104	6117.442019	4078.719219	-0.000000	0.000001	-51.553170	0.002000	1.216755	3.997731	-0.999955	0.000000
3.595587	1.000104	6117.442019	4078.719219	-0.000000	-0.000001	-51.553170	0.002000	1.216755	3.997731	-0.999955	0.000000
3.615587	1.000104	6117.442019	4078.719219	0.000000	-0.000001	-51.553170	0.002000	1.216755	3.997731	-0.999955	0.000000
3.635587	1.000104	6117.442019	4078.719219	-0.000000	0.000000	-51.553170	0.002000	1.216755	3.997731	-0.999955	0.000000
3.655587	1.000104	6117.442019	4078.719219	0.000000	-0.000000	-51.553170	0.002000	1.216755	3.997731	-0.999955	0.000000
3.675587	1.000104	6117.442019	4078.719219	-0.000000	0.000001	-51.553170	0.002000	1.216755	3.997731	-0.999955	0.000000
3.695587	1.000104	6117.442019	4078.719219	-0.000000	-0.000001	-51.553170	0.002000	1.216755	3.997731	-0.999955	0.000000
3.715587	1.000104	6117.442019	4078.719219	0.000000	-0.000001	-51.553170	0.002000	1.216755	3.997731	-0.999955	0.000000
3.735587	1.000104	6117.442019	4078.719219	0.000000	0.000001	-51.553170	0.002000	1.216755	3.997731	-0.999955	0.000000
3.755587	1.000104	6117.442019	4078.719219	-0.000000	0.000000	-51.553170	0.002000	1.216755	3.997731	-0.999955	0.000000
3.775587	1.000104	6117.442019	4078.719219	0.000000	-0.000001	-51.553170	0.002000	1.216755	3.997731	-0.999955	0.000000
3.795587	1.000104	6117.442019	4078.719219	0.000000	0.000001	-51.553170	0.002000	1.216755	3.997731	-0.999955	0.000000
3.815587	1.000104	6117.442019	4078.719219	-0.000000	0.000001	-51.553170	0.002000	1.216755	3.997731	-0.999955	0.000000
3.835587	1.000104	6117.442019	4078.719219	0.000000	-0.000001	-51.553170	0.002000	1.216755	3.997731	-0.999955	0.000000
3.855587	1.000104	6117.442019	4078.719219	0.000000	0.000001	-51.553170	0.002000	1.216755	3.997731	-0.999955	0.000000
3.875587	1.000104	6117.442019	4078.719219	-0.000000	0.000001	-51.553170	0.002000	1.216755	3.997731	-0.999955	0.000000
3.895587	1.000104	6117.442019	4078.719219	-0.000000	-0.000001	-51.553170	0.002000	1.216755	3.997731	-0.999955	0.000000
3.915587	1.000104	6117.442019	4078.719219	0.000000	-0.000001	-51.553170	0.002000	1.216755	3.997731	-0.999955	0.000000
3.935587	1.000104	6117.442019	4078.719219	0.000000	0.000001	-51.553170	0.002000	1.216755	3.997731	-0.999955	0.000000
3.955587	1.000104	6117.442019	4078.719219	-0.000000	0.000001	-51.553170	0.002000	1.216755	3.997731	-0.999955	0.000000
3.975587	1.000104	6117.442019	4078.719219	-0.000000	0.000000	-51.553170	0.002000	1.216755	3.997731	-0.999955	0.000000
3.995587	1.000104	6117.442019	4078.719219	-0.000000	0.000000	-51.553170	0.002000	1.216755	3.997731	-0.999955	0.000000
4.015587	1.000104	6117.442019	4078.719219	-0.000000	-0.000000	-51.553170	0.002000	1.216755	3.997731	-0.999955	0.000000
4.035587	1.000104	6117.442019	4078.719219	-0.000000	-0.000000	-51.553170	0.002000	1.216755	3.997731	-0.999955	0.000000
4.055587	1.000104	6117.442019	4078.719219	-0.000000	-0.000001	-51.553170	0.002000	1.216755	3.997731	-0.999955	0.000000
4.075587	1.000104	6117.442019	4078.719219	0.000000	0.000000	-51.553170	0.002000	1.216755	3.997731	-0.999955	0.000000
4.095587	1.000104	6117.442019	4078.719219	0.000000	-0.000000	-51.553170	0.002000	1.216755	3.997731	-0.999955	0.000000
4.115587	1.000104	6117.442019	4078.719219	0.000000	0.000001	-51.553170	0.002000	1.216755	3.997731	-0.999955	0.000000
4.135587	1.000104	6117.442019	4078.719219	-0.000000	0.000002	-51.553170	0.002000	1.216755	3.997731	-0.999955	0.000000
4.155587	1.000104	6117.442019	4078.719219	-0.000000	0.000001	-51.553170	0.002000	1.216755	3.997731	-0.999955	0.000000
4.175587	1.000104	6117.442019	4078.719219	-0.000000	-0.000001	-51.553170	0.002000	1.216755	3.997731	-0.999955	0.000000
4.195587	1.000104	6117.442019	4078.719219	0.000000	-0.000001	-51.553170	0.002000	1.216755	3.997731	-0.999955	0.000000
4.215587	1.000104	6117.442019	4078.719219	0.000000	0.000001	-51.553170	0.002000	1.216755	3.997731	-0.999955	0.000000
4.235587	1.000104	6117.442019	4078.719219	0.000000	-0.000001	-51.553170	0.002000	1.216755	3.997731	-0.999955	0.000000
4.255587	1.000104	6117.442019	4078.719219	0.000000	-0.000001	-51.553170	0.002000	1.216755	3.997731	-0.999955	0.000000
4.275587	1.000104	6117.442019	4078.719219	0.000000	0.000001	-51.553170	0.002000	1.216755	3.997731	-0.999955	0.000000
4.295587	1.000104	6117.442019	4078.719219	-0.000000	0.000001	-51.553170	0.002000	1.216755	3.997731	-0.999955	0.000000
4.315587	1.000104	6117.442019	4078.719219	-0.000000	-0.000001	-51.553170	0.002000	1.216755	3.997731	-0.999955	0.000000
4.335587	1.000104	6117.442019	4078.719219	-0.000000	-0.000001	-51.553170	0.002000	1.216755	3.997731	-0.999955	0.000000
4.355587	1.000104	6117.442019	4078.719219	-0.000000	-0.000001	-51.553170	0.002000	1.216755	3.997731	-0.999955	0.000000
4.375587	1.000104	6117.442019	4078.719219	-0.000000	-0.000001	-51.553170	0.002000	1.216755	3.997731	-0.999955	0.000000
4.395587	1.000104	6117.442019	4078.719219	-0.000000	-0.000002	-51.553170	0.002000	1.216755	3.997731	-0.999955	0.000000
4.415587	1.000104	6117.442019	4078.719219	-0.000000	-0.000001	-51.553170	0.002000	1.216755	3.997731	-0.999955	0.000000
4.435587	1.000104	6117.442019	4078.719219	0.000000	0.000001	-51.553170	0.002000	1.216755	3.997731	-0.999955	0.000000
4.455587	1.000104	6117.442019	4078.719219	-0.000000	0.000001	-51.553170	0.002000	1.216755	3.997731	-0.999955	0.000000
4.475587	1.000104	6117.442019	4078.719219	0.000000	0.000001	-51.553170	0.002000	1.216755	3.997731	-0.999955	0.000000
4.495587	1.000104	6117.442019	4078.719219	-0.000000	0.000001	-51.553170	0.002000	1.216755	3.997731	-0.999955	0.000000
4.515587	1.000104	6117.442019	4078.719219	-0.000000	-0.000000	-51.553170	0.002000	1.216755	3.997731	-0.999955	0.000000
4.535587	1.000104	6117.442019	4078.719219	-0.000000	0.000001	-51.553170	0.002000	1.216755	3.997731	-0.999955	0.000000
4.555587	1.000104	6117.442019	4078.719219	0.000000	-0.000000	-51.553170	0.002000	1.216755	3.997731	-0.999955	0.000000
4.575587	1.000104	6117.442019	4078.719219	0.000000	-0.000001	-51.553170	0.002000	1.216755	3.997731	-0.999955	0.000000
4.595587	1.000104	6117.442019	4078.719219	0.000000	-0.000001	-51.553170	0.002000	1.216755	3.997731	-0.999955	0.000000
4.615587	1.000104	6117.442019	4078.719219	-0.000000	-0.000001	-51.553170	0.002000	1.216755	3.997731	-0.999955	0.000000
4.635587	1.000104	6117.442019	4078.719219	-0.000000	0.000000	-51.553170	0.002000	1.216755	3.997731	-0.999955	0.000000
4.655587	1.000104	6117.442019	4078.719219	-0.000000	-0.000001	-51.553170	0.002000	1.216755	3.997731	-0.999955	0.000000
4.675587	1.000104	6117.442019	4078.719219	0.000000	-0.000001	-51.553170	0.002000	1.216755	3.997731	-0.999955	0.000000
4.695587	1.000104	6117.442019	4078.719219	-0.000000	0.000001	-51.553170	0.002000	1.216755	3.997731	-0.999955	0.000000
4.715587	1.000104	6117.442019	4078.719219	0.000000	0.000003	-51.553170	0.002000	1.216755	3.997731	-0.999955	0.000000
4.735587	1.000104	6117.442019	4078.719219	0.000000	0.000001	-51.553170	0.002000	1.216755	3.997731	-0.999955	0.000000
4.755587	1.000104	6117.442019	4078.719219	0.000000	0.000000	-51.553170	0.002000	1.216755	3.997731	-0.999955	0.000000
4.775587	1.000104	6117.442019	4078.719219	-0.000000	-0.000001	-51.553170	0.002000	1.216755	3.997731	-0.999955	0.000000
4.795587	1.000104	6117.442019	4078.719219	-0.000000	-0.000001	-51.553170	0.002000	1.216755	3.997731	-0.999955	0.000000
4.815587	1.000104	6117.442019	4078.719219	-0.000000	-0.000001	-51.553170	0.002000	1.216755	3.997731	-0.999955	0.000000
4.835587	1.000104	6117.442019	4078.719219	-0.000000	-0.000002	-51.553170	0.002000	1.216755	3.997731	-0.999955	0.000000
4.855587	1.000104	6117.442019	4078.719219	0.000000	-0.000002	-51.553170	0.002000	1.216755	3.997731	-0.999955	0.000000
4.875587	1.000104	6117.442019	4078.719219	0.000000	0.000002	-51.553170	0.002000	1.216755	3.997731	-0.999955	0.000000
4.895587	1.000104	6117.442019	4078.719219	0.000000	0.000002	-51.553170	0.002000	1.216755	3.997731	-0.999955	0.000000
4.915587	1.000104	6117.442019	4078.719219	0.000000	0.000005	-51.553170	0.002000	1.216755	3.997731	-0.999955	0.000000
4.935587	1.000104	6117.442019	4078.719219	-0.000000	0.000001	-51.553170	0.002000	1.216755	3.997731	-0.999955	0.000000
4.955587	1.000104	6117.442019	4078.719219	-0.000000	-0.000005	-51.553170	0.002000	1.216755	3.997731	-0.999955	0.000000
4.975587	1.000104	6117.442019	4078.719219	0.000000	-0.000001	-51.553170	0.002000	1.216755	3.997731	-0.999955	0.000000
4.995587	1.000104	6117.442019	4078.719219	-0.000000	-0.000001	-51.553170	0.002000	1.216755	3.997731	-0.999955	0.000000
5.015587	1.000104	6117.442019	4078.719219	0.000000	-0.000001	-51.553170	0.002000	1.216755	3.997731	-0.999955	0.000000
5.035587	1.000104	6117.442019	4078.719219	0.000000	0.000001	-51.553170	0.002000	1.216755	3.997731	-0.999955	0.000000
5.055587	1.000104	6117.442019	4078.719219	-0.000000	0.000000	-51.553170	0.002000	1.216755	3.997731	-0.999955	0.000000
5.075587	1.000104	6117.442019	4078.719219	-0.000000	0.000000	-51.553170	0.002000	1.216755	3.997731	-0.999955	0.000000
5.095587	1.000104	6117.442019	4078.719219	-0.000000	0.000000	-51.553170	0.002000	1.216755	3.997731	-0.999955	0.000000
5.115587	1.000104	6117.442019	4078.719219	-0.000000	0.000001	-51.553170	0.002000	1.216755	3.997731	-0.999955	0.000000
5.135587	1.000104	6117.442019	4078.719219	-0.000000	0.000004	-51.553170	0.002000	1.216755	3.997731	-0.999955	0.000000
5.155587	1.000104	6117.442019	4078.719219	-0.000000	0.000009	-51.553170	0.002000	1.216755	3.997731	-0.999955	0.000000
5.175587	1.000104	6117.442019	4078.719219	-0.000000	0.000019	-51.553170	0.002000	1.216755	3.997731	-0.999955	0.000000
5.195587	1.000104	6117.442019	4078.719219	-0.000001	0.000040	-51.553170	0.002000	1.216755	3.997731	-0.999955	0.000000
5.215587	1.000104	6117.442019	4078.719220	-0.000001	0.000069	-51.553170	0.002000	1.216755	3.997731	-0.999955	0.000000
5.235587	1.000104	6117.442019	4078.719220	-0.000002	0.000098	-51.553170	0.002000	1.216755	3.997731	-0.999955	0.000000
5.255587	1.000104	6117.442019	4078.719220	-0.000003	0.000038	-51.553170	0.002000	1.216755	3.997731	-0.999955	0.000000
5.275587	1.000104	6117.442019	4078.719220	0.000001	-0.000501	-51.553170	0.002000	1.216755	3.997731	-0.999955	0.000000
5.295587	1.000104	6117.442019	4078.719220	0.000025	-0.002775	-51.553170	0.002000	1.216755	3.997731	-0.999955	0.000000
5.315587	1.000104	6117.442019	4078.719219	0.000116	-0.010678	-51.553170	0.002000	1.216755	3.997731	-0.999955	0.000000
5.335587	1.000104	6117.442019	4078.719219	0.000417	-0.035556	-51.553170	0.002000	1.216755	3.997731	-0.999955	0.000000
5.355587	1.000104	6117.442018	4078.719218	0.001341	-0.108498	-51.553170	0.002000	1.216755	3.997731	-0.999955	0.000000
5.375587	1.000104	6117.442016	4078.719216	0.003996	-0.311855	-51.553170	0.002000	1.216755	3.997731	-0.999955	0.000000
5.395587	1.000104	6117.442008	4078.719208	0.011278	-0.855494	-51.553170	0.002000	1.216755	3.997731	-0.999955	0.000000
5.415587	1.000104	6117.441988	4078.719186	0.030466	-2.256504	-51.553170	0.002000	1.216755	3.997731	-0.999955	0.000000
5.435587	1.000104	6117.441935	4078.719126	0.079252	-5.752363	-51.553170	0.002000	1.216755	3.997731	-0.999955	0.000000
5.455587	1.000104	6117.441799	4078.718971	0.199424	-14.196467	-51.553170	0.002000	1.216755	3.997731	-0.999955	0.000000
5.475587	1.000104	6117.441462	4078.718584	0.486345	-34.004369	-51.553169	0.002000	1.216755	3.997731	-0.999955	0.000000
5.495587	1.000104	6117.440653	4078.717642	1.151319	-79.136374	-51.553168	0.002000	1.216755	3.997730	-0.999955	0.000000
5.515587	1.000104	6117.438767	4078.715419	2.648027	-179.048415	-51.553164	0.002000	1.216755	3.997730	-0.999955	0.000000
5.535587	1.000103	6117.434491	4078.710323	5.919997	-393.937471	-51.553156	0.002000	1.216755	3.997730	-0.999955	0.000000
5.555588	1.000102	6117.425064	4078.698965	12.865982	-842.817735	-51.553138	0.002000	1.216755	3.997729	-0.999956	0.000000
5.575588	1.000099	6117.404863	4078.674349	27.178244	-1752.980232	-51.553099	0.002000	1.216755	3.997728	-0.999957	0.000000
5.595588	1.000093	6117.362780	4078.622491	55.782157	-3542.911414	-51.553016	0.002000	1.216755	3.997725	-0.999960	0.000000
5.615588	1.000080	6117.277606	4078.516322	111.178322	-6953.638285	-51.552845	0.002000	1.216755	3.997719	-0.999965	0.000000
5.635589	1.000055	6117.110214	4078.305221	215.019281	-13243.238264	-51.552504	0.002000	1.216755	3.997707	-0.999976	0.000000
5.655590	1.000006	6116.791020	4077.897842	403.164937	-24451.643137	-51.551844	0.002000	1.216755	3.997685	-0.999997	0.000000
5.675592	0.999914	6116.200980	4077.135498	732.140020	-43722.218534	-51.550604	0.002000	1.216755	3.997643	-1.000037	0.000000
5.695597	0.999744	6115.144687	4075.753441	1286.243704	-75627.978080	-51.548351	0.002001	1.216755	3.997569	-1.000110	0.000000
5.715606	0.999442	6113.315312	4073.328720	2183.494357	-126394.375733	-51.544387	0.002001	1.216755	3.997441	-1.000239	0.000000
5.735623	0.998925	6110.253593	4069.216558	3577.316101	-203851.118292	-51.537649	0.002002	1.216755	3.997225	-1.000462	0.000000
5.755652	0.998066	6105.306837	4062.482746	5649.949087	-316915.505803	-51.526591	0.002004	1.216755	3.996876	-1.000833	0.000000
5.775703	0.996693	6097.598214	4051.846841	8593.944261	-474458.242129	-51.509088	0.002007	1.216755	3.996331	-1.001426	0.000000
5.795787	0.994573	6086.019724	4035.657764	12580.748440	-683570.552319	-51.482383	0.002011	1.216755	3.995511	-1.002344	0.000000
5.815922	0.991421	6069.261486	4011.925604	17720.447217	-947525.952018	-51.443119	0.002017	1.216755	3.994319	-1.003715	0.000000
5.836133	0.986903	6045.883453	3978.426973	24022.659068	-1264008.416009	-51.387475	0.002027	1.216755	3.992651	-1.005688	0.000000
5.856452	0.980661	6014.423762	3932.884037	31372.076585	-1624281.540683	-51.311405	0.002039	1.216755	3.990394	-1.008431	0.000000
5.876920	0.972336	5973.524536	3873.193649	39529.832352	-2013765.527054	-51.210939	0.002057	1.216755	3.987441	-1.012120	0.000000
5.897587	0.961604	5922.047841	3797.662200	48163.607486	-2413996.668750	-51.082474	0.002080	1.216755	3.983692	-1.016924	0.000000
5.918515	0.948202	5859.155915	3705.194216	56898.053075	-2805398.905472	-50.923007	0.002109	1.216755	3.979066	-1.023003	0.000000
5.939772	0.931947	5784.340824	3595.396643	65370.157601	-3170051.942621	-50.730231	0.002146	1.216755	3.973495	-1.030496	0.000000
5.961437	0.912740	5697.406742	3468.582483	73274.254454	-3493674.439717	-50.502516	0.002191	1.216755	3.966928	-1.039524	0.000000
5.983601	0.890565	5598.410646	3325.692240	80386.254339	-3766585.352110	-50.238758	0.002246	1.216755	3.959324	-1.050190	0.000000
6.006362	0.865470	5487.588284	3168.160583	86570.110769	-3983688.233675	-49.938175	0.002311	1.216755	3.950649	-1.062590	0.000000
6.029834	0.837556	5365.234305	2997.756097	91765.271666	-4143863.025508	-49.600090	0.002388	1.216755	3.940863	-1.076815	0.000000
6.054145	0.806969	5231.546342	2816.427138	95970.317270	-4249568.580223	-49.223674	0.002478	1.216755	3.929910	-1.092960	0.000000
6.079438	0.773888	5086.322769	2626.084677	99223.572631	-4305890.487748	-48.807858	0.002584	1.216755	3.917689	-1.111128	0.000000
6.105881	0.738530	4928.471197	2428.401142	101577.017116	-4320819.013115	-48.351069	0.002708	1.216755	3.904002	-1.131429	0.000000
6.133666	0.701087	4755.504552	2224.437757	103103.250884	-4302711.800958	-47.851288	0.002853	1.216755	3.888490	-1.154018	0.000000
6.163024	0.661661	4563.091063	2014.454667	103851.187363	-4257432.785931	-47.305604	0.003023	1.216755	3.870557	-1.179148	0.000000
6.194236	0.619969	4346.781553	1798.085674	103906.779656	-4181729.009523	-46.709280	0.003226	1.216755	3.849470	-1.207408	0.000000
6.227697	0.575122	4105.565155	1575.488220	103333.432789	-4055275.239584	-46.054405	0.003478	1.216755	3.824679	-1.240012	0.000000
6.264006	0.525549	3849.986706	1350.092597	102219.624120	-3855933.330218	-45.323757	0.003806	1.216755	3.796767	-1.279152	0.000000
6.304166	0.469343	3604.680603	1128.897505	100724.002249	-3566021.181920	-44.489985	0.004261	1.216755	3.768173	-1.328266	0.000000
6.349920	0.405847	3407.501169	922.785456	98734.963843	-3219550.186706	-43.496746	0.004928	1.216755	3.743735	-1.391383	0.000000
6.404138	0.335151	3298.252672	737.610943	96828.205146	-2844409.215240	-42.260118	0.005967	1.216755	3.729571	-1.474492	0.000000
6.472510	0.261467	3315.063458	578.380045	94063.812095	-2503715.814711	-40.606927	0.007649	1.216755	3.731763	-1.582298	0.000000
6.564224	0.179558	3499.092650	419.241373	93778.368327	-2146535.831126	-38.194079	0.011138	1.216755	3.755206	-1.745490	0.000000
6.730298	0.101692	4579.009626	310.698388	91108.750877	-1607377.234405	-33.376649	0.019667	1.216755	3.871984	-1.992393	0.000000
-0.002981	3.357023	102828.028791	230131.412065	10.521412	0.000000	0.000868	0.000596	0.000000	5.223276	-0.474048	0.000000
-0.008937	3.364573	102574.480325	230079.823802	30.271533	0.000000	0.002520	0.000594	0.000000	5.222203	-0.473073	0.000000
-0.014873	3.379216	102086.455554	229981.645068	46.300297	0.000000	0.003934	0.000592	0.000000	5.220131	-0.471187	0.000000
-0.020778	3.400100	101399.668967	229846.114381	56.640960	0.000000	0.004980	0.000588	0.000000	5.217199	-0.468510	0.000000
-0.026641	3.426018	100562.394754	229685.706038	60.042063	0.000000	0.005576	0.000584	0.000000	5.213597	-0.465211	0.000000
-0.032456	3.455494	99630.397646	229514.746802	56.162616	0.000000	0.005689	0.000579	0.000000	5.209552	-0.461490	0.000000
-0.038219	3.486900	98661.263707	229347.822774	45.645629	0.000000	0.005339	0.000574	0.000000	5.205306	-0.457560	0.000000
-0.043929	3.518579	97709.211713	229198.218519	30.059330	0.000000	0.004594	0.000568	0.000000	5.201094	-0.453631	0.000000
-0.049588	3.548982	96820.779627	229076.575101	11.683736	0.000000	0.003559	0.000564	0.000000	5.197127	-0.449894	0.000000
-0.055201	3.576784	96031.852067	228989.929174	-6.827334	0.000000	0.002362	0.000559	0.000000	5.193573	-0.446505	0.000000
-0.060772	3.600988	95366.088605	228941.237646	-22.864183	0.000000	0.001132	0.000555	0.000000	5.190552	-0.443576	0.000000
-0.066309	3.620976	94834.735284	228929.425191	-34.281988	0.000000	-0.000007	0.000552	0.000000	5.188126	-0.441172	0.000000
-0.071819	3.636528	94437.606287	228949.917784	-39.746704	0.000000	-0.000960	0.000550	0.000000	5.186304	-0.439312	0.000000
-0.077309	3.647782	94164.983194	228995.559065	-38.934430	0.000000	-0.001661	0.000548	0.000000	5.185049	-0.437970	0.000000
-0.082785	3.655172	94000.112409	229057.755609	-32.542658	0.000000	-0.002083	0.000547	0.000000	5.184289	-0.437092	0.000000
-0.088253	3.659329	93921.979649	229127.672410	-22.109491	0.000000	-0.002234	0.000547	0.000000	5.183928	-0.436599	0.000000
-0.093716	3.660984	93908.038532	229197.304617	-9.680666	0.000000	-0.002151	0.000546	0.000000	5.183864	-0.436403	0.000000
