0.002981	3.357073	102826.281790	230130.942207	10.507991	-2582077.696926	-0.000867	0.000596	1.216755	5.223269	-0.474042	0.000000
0.008937	3.364619	102572.905013	230079.408047	30.232018	-2328340.915515	-0.002518	0.000594	1.216755	5.222197	-0.473067	0.000000
0.014873	3.379253	102085.202210	229981.330873	46.237700	-1852504.927711	-0.003930	0.000592	1.216755	5.220126	-0.471182	0.000000
0.020778	3.400125	101398.848512	229845.936840	56.561071	-1212737.689714	-0.004976	0.000588	1.216755	5.217195	-0.468507	0.000000
0.026641	3.426029	100562.066576	229685.683497	59.954262	-485201.940219	-0.005571	0.000584	1.216755	5.213596	-0.465210	0.000000
0.032456	3.455490	99630.564597	229514.878456	56.079349	246556.081480	-0.005684	0.000579	1.216755	5.209553	-0.461490	0.000000
0.038219	3.486882	98661.874803	229348.088742	45.580820	902974.942631	-0.005335	0.000574	1.216755	5.205309	-0.457562	0.000000
0.043929	3.518550	97710.171553	229198.582563	30.025522	1418422.086245	-0.004591	0.000568	1.216755	5.201098	-0.453635	0.000000
0.049588	3.548945	96821.962851	229076.989736	11.688946	1748624.956896	-0.003558	0.000564	1.216755	5.197132	-0.449899	0.000000
0.055201	3.576743	96033.120515	228990.342500	-6.782185	1874664.726085	-0.002362	0.000559	1.216755	5.193579	-0.446510	0.000000
0.060772	3.600948	95367.308761	228941.600841	-22.786285	1803398.067401	-0.001134	0.000555	1.216755	5.190557	-0.443581	0.000000
0.066309	3.620940	94835.793722	228929.699424	-34.185658	1564502.737286	0.000004	0.000552	1.216755	5.188131	-0.441177	0.000000
0.071819	3.636499	94438.421263	228950.079365	-39.650496	1204787.465703	0.000956	0.000550	1.216755	5.186308	-0.439315	0.000000
0.077309	3.647763	94165.511124	228995.601922	-38.857047	780628.873573	0.001658	0.000548	1.216755	5.185051	-0.437972	0.000000
0.082785	3.655162	94000.348700	229057.690741	-32.498759	349636.396607	0.002080	0.000547	1.216755	5.184290	-0.437093	0.000000
0.088253	3.659327	93921.954176	229127.524529	-22.106508	-37254.567261	0.002232	0.000547	1.216755	5.183928	-0.436599	0.000000
0.093716	3.660990	93907.806856	229197.106779	-9.717476	-342079.990961	0.002150	0.000546	1.216755	5.183863	-0.436402	0.000000
0.099179	3.660887	93936.242239	229260.073126	2.533764	-543602.235330	0.001892	0.000546	1.216755	5.183995	-0.436415	0.000000
0.104644	3.659690	93988.300652	229312.152739	12.811107	-638042.938075	0.001523	0.000546	1.216755	5.184235	-0.436557	0.000000
0.110110	3.657956	94048.900025	229351.266235	19.875594	-636910.218054	0.001111	0.000547	1.216755	5.184515	-0.436763	0.000000
0.115580	3.656102	94107.310172	229377.304872	23.230918	-562612.176134	0.000711	0.000547	1.216755	5.184785	-0.436983	0.000000
0.121052	3.654401	94157.007664	229391.682000	23.100961	-442946.487871	0.000365	0.000547	1.216755	5.185014	-0.437185	0.000000
0.126527	3.653006	94195.066210	229396.770433	20.266093	-305663.730590	0.000096	0.000547	1.216755	5.185189	-0.437350	0.000000
0.132003	3.651967	94221.276277	229395.337153	15.814863	-174114.796713	-0.000089	0.000548	1.216755	5.185310	-0.437474	0.000000
0.137481	3.651267	94237.185712	229390.064287	10.879067	-64594.992674	-0.000193	0.000548	1.216755	5.185383	-0.437557	0.000000
0.142959	3.650847	94245.218654	229383.210861	6.412501	14472.118067	-0.000233	0.000548	1.216755	5.185420	-0.437607	0.000000
0.148438	3.650632	94247.976110	229376.432832	3.052409	61776.974554	-0.000228	0.000548	1.216755	5.185433	-0.437632	0.000000
0.153918	3.650550	94247.763752	229370.747267	1.075786	81318.356188	-0.000194	0.000548	1.216755	5.185432	-0.437642	0.000000
0.159397	3.650539	94246.342496	229366.605336	0.438512	80159.807732	-0.000150	0.000548	1.216755	5.185425	-0.437643	0.000000
0.164876	3.650555	94244.862871	229364.029634	0.869269	66289.808970	-0.000107	0.000548	1.216755	5.185418	-0.437641	0.000000
0.170355	3.650571	94243.926833	229362.772897	1.984527	46961.268634	-0.000071	0.000548	1.216755	5.185414	-0.437639	0.000000
0.175834	3.650574	94243.718766	229362.464370	3.394595	27684.923228	-0.000047	0.000548	1.216755	5.185413	-0.437639	0.000000
0.181314	3.650561	94244.156306	229362.722897	4.780547	11869.181213	-0.000033	0.000548	1.216755	5.185415	-0.437641	0.000000
0.186793	3.650536	94245.026385	229363.228647	5.933841	970.673909	-0.000028	0.000548	1.216755	5.185419	-0.437644	0.000000
0.192272	3.650503	94246.087663	229363.755764	6.761137	-5041.730202	-0.000029	0.000548	1.216755	5.185424	-0.437647	0.000000
0.197751	3.650469	94247.134054	229364.174655	7.263909	-7107.324053	-0.000033	0.000548	1.216755	5.185429	-0.437652	0.000000
0.203231	3.650439	94248.023503	229364.435284	7.505220	-6534.233609	-0.000039	0.000548	1.216755	5.185433	-0.437655	0.000000
0.208710	3.650415	94248.681214	229364.542172	7.575034	-4594.283671	-0.000045	0.000548	1.216755	5.185436	-0.437658	0.000000
0.214189	3.650399	94249.087711	229364.529375	7.562115	-2284.529322	-0.000050	0.000548	1.216755	5.185438	-0.437660	0.000000
0.219669	3.650391	94249.260809	229364.440389	7.536338	-240.773060	-0.000053	0.000548	1.216755	5.185439	-0.437661	0.000000
0.225148	3.650390	94249.237891	229364.314989	7.541593	1238.606929	-0.000056	0.000548	1.216755	5.185439	-0.437661	0.000000
0.230628	3.650395	94249.062050	229364.182689	7.596963	2107.973138	-0.000057	0.000548	1.216755	5.185438	-0.437660	0.000000
0.236107	3.650404	94248.773250	229364.061318	7.702787	2472.111492	-0.000059	0.000548	1.216755	5.185436	-0.437659	0.000000
0.241587	3.650417	94248.404076	229363.958716	7.848387	2495.940466	-0.000060	0.000548	1.216755	5.185435	-0.437658	0.000000
0.247066	3.650432	94247.978844	229363.875793	8.019051	2340.999173	-0.000061	0.000548	1.216755	5.185433	-0.437656	0.000000
0.252545	3.650449	94247.514678	229363.809640	8.201000	2131.226488	-0.000062	0.000548	1.216755	5.185431	-0.437654	0.000000
0.258025	3.650467	94247.023371	229363.756003	8.384029	1942.798843	-0.000063	0.000548	1.216755	5.185428	-0.437652	0.000000
0.263504	3.650486	94246.513248	229363.710843	8.562190	1809.539917	-0.000065	0.000548	1.216755	5.185426	-0.437650	0.000000
0.268983	3.650506	94245.990606	229363.671086	8.733200	1735.556148	-0.000066	0.000548	1.216755	5.185424	-0.437647	0.000000
0.274463	3.650525	94245.460644	229363.634765	8.897262	1708.810481	-0.000068	0.000548	1.216755	5.185421	-0.437645	0.000000
0.279942	3.650546	94244.927931	229363.600831	9.055850	1711.994443	-0.000070	0.000548	1.216755	5.185419	-0.437642	0.000000
0.285421	3.650566	94244.396564	229363.568839	9.210736	1729.387392	-0.000072	0.000548	1.216755	5.185416	-0.437640	0.000000
0.290900	3.650586	94243.870164	229363.538647	9.363409	1749.972155	-0.000073	0.000548	1.216755	5.185414	-0.437638	0.000000
0.296379	3.650605	94243.351819	229363.510198	9.514837	1767.861727	-0.000075	0.000548	1.216755	5.185411	-0.437635	0.000000
0.301858	3.650624	94242.844051	229363.483402	9.665455	1781.240284	-0.000077	0.000548	1.216755	5.185409	-0.437633	0.000000
0.307337	3.650643	94242.348814	229363.458091	9.815290	1790.807129	-0.000079	0.000548	1.216755	5.185407	-0.437631	0.000000
0.312816	3.650661	94241.867548	229363.434029	9.964123	1798.353006	-0.000081	0.000548	1.216755	5.185405	-0.437629	0.000000
0.318295	3.650679	94241.401254	229363.410946	10.111624	1805.756241	-0.000083	0.000548	1.216755	5.185402	-0.437627	0.000000
0.323774	3.650696	94240.950586	229363.388568	10.257443	1814.436594	-0.000085	0.000548	1.216755	5.185400	-0.437624	0.000000
0.329253	3.650713	94240.515938	229363.366652	10.401257	1825.177446	-0.000087	0.000548	1.216755	5.185398	-0.437623	0.000000
0.334732	3.650729	94240.097516	229363.345001	10.542794	1838.183765	-0.000089	0.000548	1.216755	5.185396	-0.437621	0.000000
0.340211	3.650744	94239.695400	229363.323465	10.681807	1853.246393	-0.000091	0.000548	1.216755	5.185395	-0.437619	0.000000
0.345690	3.650758	94239.309583	229363.301944	10.818039	1869.925053	-0.000093	0.000548	1.216755	5.185393	-0.437617	0.000000
0.351169	3.650772	94238.939998	229363.280377	10.951294	1887.713487	-0.000095	0.000548	1.216755	5.185391	-0.437615	0.000000
0.356648	3.650786	94238.586530	229363.258734	11.081326	1906.145238	-0.000097	0.000548	1.216755	5.185389	-0.437614	0.000000
0.362127	3.650799	94238.249026	229363.237010	11.207733	1924.820075	-0.000099	0.000548	1.216755	5.185388	-0.437612	0.000000
0.367606	3.650811	94237.927291	229363.215215	11.330380	1943.437400	-0.000101	0.000548	1.216755	5.185386	-0.437611	0.000000
0.373084	3.650822	94237.621092	229363.193368	11.448938	1961.750283	-0.000103	0.000548	1.216755	5.185385	-0.437610	0.000000
0.378563	3.650833	94237.330143	229363.171499	11.562421	1979.399304	-0.000106	0.000548	1.216755	5.185384	-0.437608	0.000000
0.384042	3.650843	94237.054108	229363.149639	11.671198	1996.043207	-0.000108	0.000548	1.216755	5.185382	-0.437607	0.000000
0.389521	3.650853	94236.792586	229363.127811	11.775051	2011.351630	-0.000110	0.000548	1.216755	5.185381	-0.437606	0.000000
0.394999	3.650862	94236.545106	229363.106034	11.870758	2024.569247	-0.000112	0.000548	1.216755	5.185380	-0.437605	0.000000
0.400478	3.650871	94236.311123	229363.084305	11.961432	2035.422760	-0.000114	0.000548	1.216755	5.185379	-0.437604	0.000000
0.405957	3.650879	94236.090019	229363.062590	12.048232	2044.332769	-0.000117	0.000548	1.216755	5.185378	-0.437603	0.000000
0.411435	3.650887	94235.881118	229363.040848	12.117778	2050.169931	-0.000119	0.000548	1.216755	5.185377	-0.437602	0.000000
0.416914	3.650894	94235.683703	229363.019015	12.185629	2053.833220	-0.000121	0.000548	1.216755	5.185376	-0.437601	0.000000
0.422393	3.650901	94235.497043	229362.996971	12.260821	2058.874026	-0.000124	0.000548	1.216755	5.185375	-0.437600	0.000000
0.427872	3.650908	94235.320429	229362.974696	12.282093	2060.123936	-0.000126	0.000548	1.216755	5.185374	-0.437599	0.000000
0.433350	3.650914	94235.153223	229362.952184	12.320047	2059.477150	-0.000128	0.000548	1.216755	5.185374	-0.437599	0.000000
0.438829	3.650920	94234.994828	229362.929230	12.427422	2070.850153	-0.000131	0.000548	1.216755	5.185373	-0.437598	0.000000
0.444307	3.650925	94234.844738	229362.906079	12.318529	2067.174951	-0.000133	0.000548	1.216755	5.185372	-0.437597	0.000000
0.449786	3.650930	94234.702615	229362.882988	12.306549	2052.066186	-0.000135	0.000548	1.216755	5.185372	-0.437597	0.000000
0.455265	3.650935	94234.568017	229362.859105	12.679220	2091.840835	-0.000138	0.000548	1.216755	5.185371	-0.437596	0.000000
0.460743	3.650940	94234.440558	229362.835435	12.099678	2065.028307	-0.000140	0.000548	1.216755	5.185370	-0.437596	0.000000
0.466222	3.650944	94234.320306	229362.813044	11.940716	1980.591730	-0.000142	0.000548	1.216755	5.185370	-0.437595	0.000000
0.471701	3.650948	94234.206564	229362.787570	13.724026	2162.134996	-0.000144	0.000548	1.216755	5.185369	-0.437595	0.000000
0.477179	3.650952	94234.098637	229362.762954	11.199236	2064.209042	-0.000147	0.000548	1.216755	5.185369	-0.437594	0.000000
0.482658	3.650955	94233.997900	229362.744264	10.334929	1679.150323	-0.000148	0.000548	1.216755	5.185368	-0.437594	0.000000
0.488136	3.650959	94233.902273	229362.710663	19.036916	2560.362196	-0.000152	0.000548	1.216755	5.185368	-0.437593	0.000000
0.493615	3.650962	94233.809372	229362.678513	8.154765	2250.433747	-0.000156	0.000548	1.216755	5.185367	-0.437593	0.000000
0.499093	3.650965	94233.726747	229362.673121	3.444000	472.218039	-0.000153	0.000548	1.216755	5.185367	-0.437593	0.000000
0.504572	3.650967	94233.646387	229362.596134	45.454696	4654.250169	-0.000160	0.000548	1.216755	5.185367	-0.437592	0.000000
0.510051	3.650969	94233.557236	229362.514444	-1.372190	3773.634568	-0.000174	0.000548	1.216755	5.185366	-0.437592	0.000000
0.515529	3.650972	94233.495443	229362.552861	-26.795517	-4562.442916	-0.000156	0.000548	1.216755	5.185366	-0.437592	0.000000
0.521008	3.650970	94233.427053	229362.246461	175.074164	15084.243625	-0.000181	0.000548	1.216755	5.185366	-0.437592	0.000000
0.526486	3.650969	94233.296171	229361.858819	-24.192206	13518.130637	-0.000242	0.000548	1.216755	5.185365	-0.437592	0.000000
0.531965	3.650972	94233.270394	229361.994619	-156.972545	-25416.358239	-0.000161	0.000548	1.216755	5.185365	-0.437592	0.000000
0.537443	3.650954	94233.202384	229360.448360	813.597318	66968.358336	-0.000278	0.000548	1.216755	5.185365	-0.437594	0.000000
0.542922	3.650930	94232.806231	229358.195438	-15.907888	72388.635434	-0.000593	0.000548	1.216755	5.185363	-0.437597	0.000000
0.548401	3.650928	94232.849981	229358.105141	-681.981167	-106972.845334	-0.000264	0.000548	1.216755	5.185363	-0.437597	0.000000
0.553879	3.650819	94232.690156	229349.654776	4002.585293	330434.816083	-0.000855	0.000548	1.216755	5.185362	-0.437612	0.000000
0.559358	3.650664	94230.865346	229336.032353	674.588078	422962.297127	-0.002550	0.000548	1.216755	5.185353	-0.437629	0.000000
0.564837	3.650583	94230.862207	229330.502089	-2516.152763	-385624.461153	-0.001375	0.000548	1.216755	5.185354	-0.437641	0.000000
0.570316	3.649957	94229.851955	229282.442630	20246.479221	1709216.742851	-0.004527	0.000548	1.216755	5.185347	-0.437724	0.000000
0.575797	3.648979	94220.362454	229199.236792	7735.736938	2513172.607571	-0.013792	0.000548	1.216755	5.185302	-0.437837	0.000000
0.581280	3.648178	94218.032611	229140.154318	-6725.855579	-1013009.659231	-0.010621	0.000548	1.216755	5.185296	-0.437943	0.000000
0.586762	3.644534	94210.293384	228859.305315	104931.867472	9189536.871543	-0.028230	0.000549	1.216755	5.185245	-0.438424	0.000000
0.592255	3.638422	94158.588686	228348.414337	64222.798556	15198769.380611	-0.079813	0.000550	1.216755	5.184997	-0.439147	0.000000
0.597757	3.632094	94131.514979	227862.873356	2784.705874	757377.630404	-0.079727	0.000551	1.216755	5.184895	-0.439969	0.000000
0.603265	3.610796	94072.289734	226208.459791	555568.390445	52196677.122316	-0.181075	0.000554	1.216755	5.184541	-0.442780	0.000000
0.608832	3.573427	93771.617646	223093.665741	484140.214082	99158998.541212	-0.475414	0.000560	1.216755	5.183077	-0.447338	0.000000
0.614462	3.531186	93507.058038	219708.220468	203080.626675	52359986.165936	-0.569272	0.000566	1.216755	5.181923	-0.452825	0.000000
0.620143	3.419910	93004.959344	210774.475184	2907913.583617	344318927.808279	-1.126351	0.000585	1.216755	5.179123	-0.468053	0.000000
0.626147	3.226447	90885.153886	193833.106692	3643925.796816	811309368.150860	-2.859060	0.000620	1.216755	5.168340	-0.493661	0.000000
0.632584	3.060650	88086.827278	178293.332643	301799.495741	719790771.258844	-3.729089	0.000653	1.216755	5.154870	-0.516483	0.000000
0.639199	2.780372	84316.321466	152585.888795	9866958.857736	1966088029.487346	-5.136404	0.000719	1.216755	5.133634	-0.562868	0.000000
0.647043	2.181805	70860.802691	97037.018197	32481481.312204	6313549200.095380	-14.281048	0.000917	1.216755	5.048279	-0.674090	0.000000
0.658624	1.560453	43066.581687	40693.960239	34831446.503490	8111583028.156199	-30.885612	0.001282	1.216755	4.816716	-0.819934	0.000000
0.674603	1.197113	19204.704304	13864.754042	18898044.755166	4509005045.680685	-43.659515	0.001671	1.216755	4.458637	-0.929473	0.000000
0.693253	1.054660	8861.994988	5884.907883	6448140.763165	1296502149.902677	-49.426167	0.001896	1.216755	4.136654	-0.979662	0.000000
0.712925	1.012549	6486.677837	4326.364436	1484699.389227	197133470.955322	-51.124902	0.001975	1.216755	4.018696	-0.995321	0.000000
0.732863	1.002490	6163.207612	4112.235238	268458.742147	23556770.195370	-51.481544	0.001995	1.216755	4.000406	-0.999076	0.000000
0.752854	1.000497	6123.722342	4083.550963	41378.722770	3106971.300498	-51.542941	0.001999	1.216755	3.998102	-0.999812	0.000000
0.772852	1.000160	6118.348246	4079.412020	5383.666087	447647.687302	-51.551919	0.002000	1.216755	3.997784	-0.999935	0.000000
0.792852	1.000111	6117.569494	4078.812907	605.380255	64494.576319	-51.553037	0.002000	1.216755	3.997738	-0.999953	0.000000
0.812852	1.000105	6117.458844	4078.730944	58.842540	8797.306663	-51.553158	0.002000	1.216755	3.997732	-0.999955	0.000000
0.832852	1.000104	6117.444076	4078.720573	4.872005	1112.311495	-51.553169	0.002000	1.216755	3.997731	-0.999955	0.000000
0.852852	1.000104	6117.442252	4078.719365	0.347137	129.800512	-51.553170	0.002000	1.216755	3.997731	-0.999955	0.000000
0.872852	1.000104	6117.442044	4078.719234	0.025434	14.047272	-51.553170	0.002000	1.216755	3.997731	-0.999955	0.000000
0.892852	1.000104	6117.442022	4078.719221	0.003163	1.434479	-51.553170	0.002000	1.216755	3.997731	-0.999955	0.000000
0.912852	1.000104	6117.442020	4078.719220	0.000629	0.143891	-51.553170	0.002000	1.216755	3.997731	-0.999955	0.000000
0.932852	1.000104	6117.442019	4078.719220	0.000123	0.015198	-51.553170	0.002000	1.216755	3.997731	-0.999955	0.000000
0.952852	1.000104	6117.442019	4078.719220	0.000021	0.001810	-51.553170	0.002000	1.216755	3.997731	-0.999955	0.000000
0.972852	1.000104	6117.442019	4078.719219	0.000003	0.000243	-51.553170	0.002000	1.216755	3.997731	-0.999955	0.000000
0.992852	1.000104	6117.442019	4078.719219	0.000000	0.000033	-51.553170	0.002000	1.216755	3.997731	-0.999955	0.000000
1.012852	1.000104	6117.442019	4078.719219	0.000000	0.000005	-51.553170	0.002000	1.216755	3.997731	-0.999955	0.000000
1.032852	1.000104	6117.442019	4078.719219	-0.000000	0.000002	-51.553170	0.002000	1.216755	3.997731	-0.999955	0.000000
1.052852	1.000104	6117.442019	4078.719219	-0.000000	-0.000001	-51.553170	0.002000	1.216755	3.997731	-0.999955	0.000000
1.072852	1.000104	6117.442019	4078.719219	0.000000	0.000000	-51.553170	0.002000	1.216755	3.997731	-0.999955	0.000000
1.092852	1.000104	6117.442019	4078.719219	-0.000000	0.000001	-51.553170	0.002000	1.216755	3.997731	-0.999955	0.000000
1.112852	1.000104	6117.442019	4078.719219	-0.000000	-0.000001	-51.553170	0.002000	1.216755	3.997731	-0.999955	0.000000
1.132852	1.000104	6117.442019	4078.719219	0.000000	-0.000001	-51.553170	0.002000	1.216755	3.997731	-0.999955	0.000000
1.152852	1.000104	6117.442019	4078.719219	0.000000	0.000001	-51.553170	0.002000	1.216755	3.997731	-0.999955	0.000000
1.172852	1.000104	6117.442019	4078.719219	-0.000000	-0.000000	-51.553170	0.002000	1.216755	3.997731	-0.999955	0.000000
1.192852	1.000104	6117.442019	4078.719219	0.000000	-0.000001	-51.553170	0.002000	1.216755	3.997731	-0.999955	0.000000
1.212852	1.000104	6117.442019	4078.719219	0.000000	0.000001	-51.553170	0.002000	1.216755	3.997731	-0.999955	0.000000
1.232852	1.000104	6117.442019	4078.719219	-0.000000	-0.000000	-51.553170	0.002000	1.216755	3.997731	-0.999955	0.000000
1.252852	1.000104	6117.442019	4078.719219	-0.000000	0.000000	-51.553170	0.002000	1.216755	3.997731	-0.999955	0.000000
1.272852	1.000104	6117.442019	4078.719219	0.000000	0.000000	-51.553170	0.002000	1.216755	3.997731	-0.999955	0.000000
1.292852	1.000104	6117.442019	4078.719219	-0.000000	0.000001	-51.553170	0.002000	1.216755	3.997731	-0.999955	0.000000
1.312852	1.000104	6117.442019	4078.719219	-0.000000	-0.000000	-51.553170	0.002000	1.216755	3.997731	-0.999955	0.000000
1.332852	1.000104	6117.442019	4078.719219	0.000000	-0.000001	-51.553170	0.002000	1.216755	3.997731	-0.999955	0.000000
1.352852	1.000104	6117.442019	4078.719219	0.000000	0.000001	-51.553170	0.002000	1.216755	3.997731	-0.999955	0.000000
1.372852	1.000104	6117.442019	4078.719219	-0.000000	0.000001	-51.553170	0.002000	1.216755	3.997731	-0.999955	0.000000
1.392852	1.000104	6117.442019	4078.719219	-0.000000	-0.000001	-51.553170	0.002000	1.216755	3.997731	-0.999955	0.000000
1.412852	1.000104	6117.442019	4078.719219	-0.000000	-0.000001	-51.553170	0.002000	1.216755	3.997731	-0.999955	0.000000
1.432852	1.000104	6117.442019	4078.719219	0.000000	-0.000000	-51.553170	0.002000	1.216755	3.997731	-0.999955	0.000000
1.452852	1.000104	6117.442019	4078.719219	-0.000000	-0.000000	-51.553170	0.002000	1.216755	3.997731	-0.999955	0.000000
1.472852	1.000104	6117.442019	4078.719219	0.000000	-0.000001	-51.553170	0.002000	1.216755	3.997731	-0.999955	0.000000
1.492852	1.000104	6117.442019	4078.719219	0.000000	-0.000001	-51.553170	0.002000	1.216755	3.997731	-0.999955	0.000000
1.512852	1.000104	6117.442019	4078.719219	-0.000000	0.000001	-51.553170	0.002000	1.216755	3.997731	-0.999955	0.000000
1.532852	1.000104	6117.442019	4078.719219	-0.000000	0.000000	-51.553170	0.002000	1.216755	3.997731	-0.999955	0.000000
1.552852	1.000104	6117.442019	4078.719219	0.000000	-0.000001	-51.553170	0.002000	1.216755	3.997731	-0.999955	0.000000
1.572852	1.000104	6117.442019	4078.719219	0.000000	0.000000	-51.553170	0.002000	1.216755	3.997731	-0.999955	0.000000
1.592852	1.000104	6117.442019	4078.719219	-0.000000	0.000001	-51.553170	0.002000	1.216755	3.997731	-0.999955	0.000000
1.612852	1.000104	6117.442019	4078.719219	-0.000000	-0.000001	-51.553170	0.002000	1.216755	3.997731	-0.999955	0.000000
1.632852	1.000104	6117.442019	4078.719219	0.000000	-0.000001	-51.553170	0.002000	1.216755	3.997731	-0.999955	0.000000
1.652852	1.000104	6117.442019	4078.719219	0.000000	0.000000	-51.553170	0.002000	1.216755	3.997731	-0.999955	0.000000
1.672852	1.000104	6117.442019	4078.719219	-0.000000	0.000001	-51.553170	0.002000	1.216755	3.997731	-0.999955	0.000000
1.692852	1.000104	6117.442019	4078.719219	-0.000000	-0.000001	-51.553170	0.002000	1.216755	3.997731	-0.999955	0.000000
1.712852	1.000104	6117.442019	4078.719219	0.000000	-0.000000	-51.553170	0.002000	1.216755	3.997731	-0.999955	0.000000
1.732852	1.000104	6117.442019	4078.719219	0.000000	0.000001	-51.553170	0.002000	1.216755	3.997731	-0.999955	0.000000
1.752852	1.000104	6117.442019	4078.719219	-0.000000	-0.000000	-51.553170	0.002000	1.216755	3.997731	-0.999955	0.000000
1.772852	1.000104	6117.442019	4078.719219	0.000000	0.000000	-51.553170	0.002000	1.216755	3.997731	-0.999955	0.000000
1.792852	1.000104	6117.442019	4078.719219	-0.000000	0.000001	-51.553170	0.002000	1.216755	3.997731	-0.999955	0.000000
1.812852	1.000104	6117.442019	4078.719219	-0.000000	0.000000	-51.553170	0.002000	1.216755	3.997731	-0.999955	0.000000
1.832852	1.000104	6117.442019	4078.719219	-0.000000	-0.000001	-51.553170	0.002000	1.216755	3.997731	-0.999955	0.000000
1.852852	1.000104	6117.442019	4078.719219	0.000000	-0.000001	-51.553170	0.002000	1.216755	3.997731	-0.999955	0.000000
1.872852	1.000104	6117.442019	4078.719219	0.000000	0.000000	-51.553170	0.002000	1.216755	3.997731	-0.999955	0.000000
1.892852	1.000104	6117.442019	4078.719219	-0.000000	0.000001	-51.553170	0.002000	1.216755	3.997731	-0.999955	0.000000
1.912852	1.000104	6117.442019	4078.719219	-0.000000	-0.000001	-51.553170	0.002000	1.216755	3.997731	-0.999955	0.000000
1.932852	1.000104	6117.442019	4078.719219	0.000000	-0.000001	-51.553170	0.002000	1.216755	3.997731	-0.999955	0.000000
1.952852	1.000104	6117.442019	4078.719219	0.000000	0.000001	-51.553170	0.002000	1.216755	3.997731	-0.999955	0.000000
1.972852	1.000104	6117.442019	4078.719219	0.000000	-0.000001	-51.553170	0.002000	1.216755	3.997731	-0.999955	0.000000
1.992852	1.000104	6117.442019	4078.719219	0.000000	0.000001	-51.553170	0.002000	1.216755	3.997731	-0.999955	0.000000
2.012852	1.000104	6117.442019	4078.719219	-0.000000	0.000001	-51.553170	0.002000	1.216755	3.997731	-0.999955	0.000000
2.032852	1.000104	6117.442019	4078.719219	-0.000000	-0.000001	-51.553170	0.002000	1.216755	3.997731	-0.999955	0.000000
2.052852	1.000104	6117.442019	4078.719219	0.000000	-0.000001	-51.553170	0.002000	1.216755	3.997731	-0.999955	0.000000
2.072852	1.000104	6117.442019	4078.719219	0.000000	0.000000	-51.553170	0.002000	1.216755	3.997731	-0.999955	0.000000
2.092852	1.000104	6117.442019	4078.719219	-0.000000	0.000001	-51.553170	0.002000	1.216755	3.997731	-0.999955	0.000000
2.112852	1.000104	6117.442019	4078.719219	-0.000000	0.000000	-51.553170	0.002000	1.216755	3.997731	-0.999955	0.000000
2.132852	1.000104	6117.442019	4078.719219	0.000000	-0.000001	-51.553170	0.002000	1.216755	3.997731	-0.999955	0.000000
2.152852	1.000104	6117.442019	4078.719219	0.000000	0.000001	-51.553170	0.002000	1.216755	3.997731	-0.999955	0.000000
2.172852	1.000104	6117.442019	4078.719219	-0.000000	0.000001	-51.553170	0.002000	1.216755	3.997731	-0.999955	0.000000
2.192852	1.000104	6117.442019	4078.719219	-0.000000	-0.000001	-51.553170	0.002000	1.216755	3.997731	-0.999955	0.000000
2.212852	1.000104	6117.442019	4078.719219	0.000000	-0.000002	-51.553170	0.002000	1.216755	3.997731	-0.999955	0.000000
2.232852	1.000104	6117.442019	4078.719219	0.000000	-0.000000	-51.553170	0.002000	1.216755	3.997731	-0.999955	0.000000
2.252852	1.000104	6117.442019	4078.719219	-0.000000	0.000001	-51.553170	0.002000	1.216755	3.997731	-0.999955	0.000000
2.272852	1.000104	6117.442019	4078.719219	0.000000	-0.000001	-51.553170	0.002000	1.216755	3.997731	-0.999955	0.000000
2.292852	1.000104	6117.442019	4078.719219	0.000000	0.000001	-51.553170	0.002000	1.216755	3.997731	-0.999955	0.000000
2.312852	1.000104	6117.442019	4078.719219	-0.000000	0.000001	-51.553170	0.002000	1.216755	3.997731	-0.999955	0.000000
2.332852	1.000104	6117.442019	4078.719219	-0.000000	0.000000	-51.553170	0.002000	1.216755	3.997731	-0.999955	0.000000
2.352852	1.000104	6117.442019	4078.719219	-0.000000	0.000000	-51.553170	0.002000	1.216755	3.997731	-0.999955	0.000000
2.372852	1.000104	6117.442019	4078.719219	0.000000	-0.000001	-51.553170	0.002000	1.216755	3.997731	-0.999955	0.000000
2.392852	1.000104	6117.442019	4078.719219	-0.000000	0.000001	-51.553170	0.002000	1.216755	3.997731	-0.999955	0.000000
2.412852	1.000104	6117.442019	4078.719219	-0.000000	-0.000001	-51.553170	0.002000	1.216755	3.997731	-0.999955	0.000000
2.432852	1.000104	6117.442019	4078.719219	0.000000	-0.000001	-51.553170	0.002000	1.216755	3.997731	-0.999955	0.000000
2.452852	1.000104	6117.442019	4078.719219	0.000000	-0.000000	-51.553170	0.002000	1.216755	3.997731	-0.999955	0.000000
2.472852	1.000104	6117.442019	4078.719219	0.000000	0.000000	-51.553170	0.002000	1.216755	3.997731	-0.999955	0.000000
2.492852	1.000104	6117.442019	4078.719219	0.000000	0.000002	-51.553170	0.002000	1.216755	3.997731	-0.999955	0.000000
2.512852	1.000104	6117.442019	4078.719219	-0.000000	0.000001	-51.553170	0.002000	1.216755	3.997731	-0.999955	0.000000
2.532852	1.000104	6117.442019	4078.719219	-0.000000	-0.000001	-51.553170	0.002000	1.216755	3.997731	-0.999955	0.000000
2.552852	1.000104	6117.442019	4078.719219	0.000000	-0.000000	-51.553170	0.002000	1.216755	3.997731	-0.999955	0.000000
2.572852	1.000104	6117.442019	4078.719219	0.000000	-0.000000	-51.553170	0.002000	1.216755	3.997731	-0.999955	0.000000
2.592852	1.000104	6117.442019	4078.719219	0.000000	-0.000000	-51.553170	0.002000	1.216755	3.997731	-0.999955	0.000000
2.612852	1.000104	6117.442019	4078.719219	0.000000	-0.000000	-51.553170	0.002000	1.216755	3.997731	-0.999955	0.000000
2.632852	1.000104	6117.442019	4078.719219	0.000000	-0.000000	-51.553170	0.002000	1.216755	3.997731	-0.999955	0.000000
2.652852	1.000104	6117.442019	4078.719219	0.000000	-0.000000	-51.553170	0.002000	1.216755	3.997731	-0.999955	0.000000
2.672852	1.000104	6117.442019	4078.719219	0.000000	-0.000000	-51.553170	0.002000	1.216755	3.997731	-0.999955	0.000000
2.692852	1.000104	6117.442019	4078.719219	0.000000	-0.000000	-51.553170	0.002000	1.216755	3.997731	-0.999955	0.000000
2.712852	1.000104	6117.442019	4078.719219	0.000000	-0.000000	-51.553170	0.002000	1.216755	3.997731	-0.999955	0.000000
2.732852	1.000104	6117.442019	4078.719219	0.000000	-0.000000	-51.553170	0.002000	1.216755	3.997731	-0.999955	0.000000
2.752852	1.000104	6117.442019	4078.719219	0.000000	0.000000	-51.553170	0.002000	1.216755	3.997731	-0.999955	0.000000
2.772852	1.000104	6117.442019	4078.719219	0.000000	0.000000	-51.553170	0.002000	1.216755	3.997731	-0.999955	0.000000
2.792852	1.000104	6117.442019	4078.719219	0.000000	0.000000	-51.553170	0.002000	1.216755	3.997731	-0.999955	0.000000
2.812852	1.000104	6117.442019	4078.719219	0.000000	0.000000	-51.553170	0.002000	1.216755	3.997731	-0.999955	0.000000
2.832852	1.000104	6117.442019	4078.719219	0.000000	0.000000	-51.553170	0.002000	1.216755	3.997731	-0.999955	0.000000
2.852852	1.000104	6117.442019	4078.719219	0.000000	0.000000	-51.553170	0.002000	1.216755	3.997731	-0.999955	0.000000
2.872852	1.000104	6117.442019	4078.719219	0.000000	0.000000	-51.553170	0.002000	1.216755	3.997731	-0.999955	0.000000
2.892852	1.000104	6117.442019	4078.719219	0.000000	0.000000	-51.553170	0.002000	1.216755	3.997731	-0.999955	0.000000
2.912852	1.000104	6117.442019	4078.719219	0.000000	0.000000	-51.553170	0.002000	1.216755	3.997731	-0.999955	0.000000
2.932852	1.000104	6117.442019	4078.719219	0.000000	0.000000	-51.553170	0.002000	1.216755	3.997731	-0.999955	0.000000
2.952852	1.000104	6117.442019	4078.719219	0.000000	0.000000	-51.553170	0.002000	1.216755	3.997731	-0.999955	0.000000
2.972852	1.000104	6117.442019	4078.719219	0.000000	0.000000	-51.553170	0.002000	1.216755	3.997731	-0.999955	0.000000
2.992852	1.000104	6117.442019	4078.719219	0.000000	0.000000	-51.553170	0.002000	1.216755	3.997731	-0.999955	0.000000
3.012852	1.000104	6117.442019	4078.719219	0.000000	0.000000	-51.553170	0.002000	1.216755	3.997731	-0.999955	0.000000
3.032852	1.000104	6117.442019	4078.719219	0.000000	0.000000	-51.553170	0.002000	1.216755	3.997731	-0.999955	0.000000
3.052852	1.000104	6117.442019	4078.719219	0.000000	0.000000	-51.553170	0.002000	1.216755	3.997731	-0.999955	0.000000
3.072852	1.000104	6117.442019	4078.719219	0.000000	0.000000	-51.553170	0.002000	1.216755	3.997731	-0.999955	0.000000
3.092852	1.000104	6117.442019	4078.719219	0.000000	-0.000000	-51.553170	0.002000	1.216755	3.997731	-0.999955	0.000000
3.112852	1.000104	6117.442019	4078.719219	0.000000	-0.000000	-51.553170	0.002000	1.216755	3.997731	-0.999955	0.000000
3.132852	1.000104	6117.442019	4078.719219	0.000000	-0.000000	-51.553170	0.002000	1.216755	3.997731	-0.999955	0.000000
3.152852	1.000104	6117.442019	4078.719219	0.000000	-0.000000	-51.553170	0.002000	1.216755	3.997731	-0.999955	0.000000
3.172852	1.000104	6117.442019	4078.719219	0.000000	-0.000000	-51.553170	0.002000	1.216755	3.997731	-0.999955	0.000000
3.192852	1.000104	6117.442019	4078.719219	0.000000	-0.000000	-51.553170	0.002000	1.216755	3.997731	-0.999955	0.000000
3.212852	1.000104	6117.442019	4078.719219	-0.000000	-0.000000	-51.553170	0.002000	1.216755	3.997731	-0.999955	0.000000
3.232852	1.000104	6117.442019	4078.719219	-0.000000	-0.000000	-51.553170	0.002000	1.216755	3.997731	-0.999955	0.000000
3.252852	1.000104	6117.442019	4078.719219	-0.000000	-0.000000	-51.553170	0.002000	1.216755	3.997731	-0.999955	0.000000
3.272852	1.000104	6117.442019	4078.719219	-0.000000	-0.000000	-51.553170	0.002000	1.216755	3.997731	-0.999955	0.000000
3.292852	1.000104	6117.442019	4078.719219	0.000000	-0.000001	-51.553170	0.002000	1.216755	3.997731	-0.999955	0.000000
3.312852	1.000104	6117.442019	4078.719219	0.000000	0.000001	-51.553170	0.002000	1.216755	3.997731	-0.999955	0.000000
3.332852	1.000104	6117.442019	4078.719219	-0.000000	0.000001	-51.553170	0.002000	1.216755	3.997731	-0.999955	0.000000
3.352852	1.000104	6117.442019	4078.719219	-0.000000	0.000000	-51.553170	0.002000	1.216755	3.997731	-0.999955	0.000000
3.372852	1.000104	6117.442019	4078.719219	-0.000000	-0.000001	-51.553170	0.002000	1.216755	3.997731	-0.999955	0.000000
3.392852	1.000104	6117.442019	4078.719219	0.000000	-0.000001	-51.553170	0.002000	1.216755	3.997731	-0.999955	0.000000
3.412852	1.000104	6117.442019	4078.719219	0.000000	0.000001	-51.553170	0.002000	1.216755	3.997731	-0.999955	0.000000
3.432852	1.000104	6117.442019	4078.719219	0.000000	0.000001	-51.553170	0.002000	1.216755	3.997731	-0.999955	0.000000
3.452852	1.000104	6117.442019	4078.719219	-0.000000	0.000000	-51.553170	0.002000	1.216755	3.997731	-0.999955	0.000000
3.472852	1.000104	6117.442019	4078.719219	-0.000000	0.000000	-51.553170	0.002000	1.216755	3.997731	-0.999955	0.000000
3.492852	1.000104	6117.442019	4078.719219	-0.000000	-0.000001	-51.553170	0.002000	1.216755	3.997731	-0.999955	0.000000
3.512852	1.000104	6117.442019	4078.719219	0.000000	-0.000001	-51.553170	0.002000	1.216755	3.997731	-0.999955	0.000000
3.532852	1.000104	6117.442019	4078.719219	0.000000	0.000001	-51.553170	0.002000	1.216755	3.997731	-0.999955	0.000000
3.552852	1.000104	6117.442019	4078.719219	0.000000	0.000001	-51.553170	0.002000	1.216755	3.997731	-0.999955	0.000000
3.572852	1.000104	6117.442019	4078.719219	-0.000000	0.000001	-51.553170	0.002000	1.216755	3.997731	-0.999955	0.000000
3.592852	1.000104	6117.442019	4078.719219	-0.000000	-0.000001	-51.553170	0.002000	1.216755	3.997731	-0.999955	0.000000
3.612852	1.000104	6117.442019	4078.719219	0.000000	-0.000001	-51.553170	0.002000	1.216755	3.997731	-0.999955	0.000000
3.632852	1.000104	6117.442019	4078.719219	-0.000000	0.000000	-51.553170	0.002000	1.216755	3.997731	-0.999955	0.000000
3.652852	1.000104	6117.442019	4078.719219	0.000000	-0.000000	-51.553170	0.002000	1.216755	3.997731	-0.999955	0.000000
3.672852	1.000104	6117.442019	4078.719219	-0.000000	0.000001	-51.553170	0.002000	1.216755	3.997731	-0.999955	0.000000
3.692852	1.000104	6117.442019	4078.719219	-0.000000	-0.000001	-51.553170	0.002000	1.216755	3.997731	-0.999955	0.000000
3.712852	1.000104	6117.442019	4078.719219	0.000000	-0.000001	-51.553170	0.002000	1.216755	3.997731	-0.999955	0.000000
3.732852	1.000104	6117.442019	4078.719219	0.000000	0.000001	-51.553170	0.002000	1.216755	3.997731	-0.999955	0.000000
3.752852	1.000104	6117.442019	4078.719219	-0.000000	0.000000	-51.553170	0.002000	1.216755	3.997731	-0.999955	0.000000
3.772852	1.000104	6117.442019	4078.719219	0.000000	-0.000001	-51.553170	0.002000	1.216755	3.997731	-0.999955	0.000000
3.792852	1.000104	6117.442019	4078.719219	0.000000	0.000001	-51.553170	0.002000	1.216755	3.997731	-0.999955	0.000000
3.812852	1.000104	6117.442019	4078.719219	-0.000000	0.000001	-51.553170	0.002000	1.216755	3.997731	-0.999955	0.000000
3.832852	1.000104	6117.442019	4078.719219	0.000000	-0.000001	-51.553170	0.002000	1.216755	3.997731	-0.999955	0.000000
3.852852	1.000104	6117.442019	4078.719219	0.000000	0.000001	-51.553170	0.002000	1.216755	3.997731	-0.999955	0.000000
3.872852	1.000104	6117.442019	4078.719219	-0.000000	0.000001	-51.553170	0.002000	1.216755	3.997731	-0.999955	0.000000
3.892852	1.000104	6117.442019	4078.719219	-0.000000	-0.000001	-51.553170	0.002000	1.216755	3.997731	-0.999955	0.000000
3.912852	1.000104	6117.442019	4078.719219	0.000000	-0.000001	-51.553170	0.002000	1.216755	3.997731	-0.999955	0.000000
3.932852	1.000104	6117.442019	4078.719219	0.000000	0.000001	-51.553170	0.002000	1.216755	3.997731	-0.999955	0.000000
3.952852	1.000104	6117.442019	4078.719219	-0.000000	0.000001	-51.553170	0.002000	1.216755	3.997731	-0.999955	0.000000
3.972852	1.000104	6117.442019	4078.719219	-0.000000	0.000000	-51.553170	0.002000	1.216755	3.997731	-0.999955	0.000000
3.992852	1.000104	6117.442019	4078.719219	-0.000000	0.000000	-51.553170	0.002000	1.216755	3.997731	-0.999955	0.000000
4.012852	1.000104	6117.442019	4078.719219	-0.000000	-0.000000	-51.553170	0.002000	1.216755	3.997731	-0.999955	0.000000
4.032852	1.000104	6117.442019	4078.719219	-0.000000	-0.000000	-51.553170	0.002000	1.216755	3.997731	-0.999955	0.000000
4.052852	1.000104	6117.442019	4078.719219	-0.000000	-0.000001	-51.553170	0.002000	1.216755	3.997731	-0.999955	0.000000
4.072852	1.000104	6117.442019	4078.719219	0.000000	0.000000	-51.553170	0.002000	1.216755	3.997731	-0.999955	0.000000
4.092852	1.000104	6117.442019	4078.719219	0.000000	-0.000000	-51.553170	0.002000	1.216755	3.997731	-0.999955	0.000000
4.112852	1.000104	6117.442019	4078.719219	0.000000	0.000001	-51.553170	0.002000	1.216755	3.997731	-0.999955	0.000000
4.132852	1.000104	6117.442019	4078.719219	-0.000000	0.000002	-51.553170	0.002000	1.216755	3.997731	-0.999955	0.000000
4.152852	1.000104	6117.442019	4078.719219	-0.000000	0.000001	-51.553170	0.002000	1.216755	3.997731	-0.999955	0.000000
4.172852	1.000104	6117.442019	4078.719219	-0.000000	-0.000001	-51.553170	0.002000	1.216755	3.997731	-0.999955	0.000000
4.192852	1.000104	6117.442019	4078.719219	0.000000	-0.000001	-51.553170	0.002000	1.216755	3.997731	-0.999955	0.000000
4.212852	1.000104	6117.442019	4078.719219	0.000000	0.000001	-51.553170	0.002000	1.216755	3.997731	-0.999955	0.000000
4.232852	1.000104	6117.442019	4078.719219	0.000000	-0.000001	-51.553170	0.002000	1.216755	3.997731	-0.999955	0.000000
4.252852	1.000104	6117.442019	4078.719219	0.000000	-0.000001	-51.553170	0.002000	1.216755	3.997731	-0.999955	0.000000
4.272852	1.000104	6117.442019	4078.719219	0.000000	0.000001	-51.553170	0.002000	1.216755	3.997731	-0.999955	0.000000
4.292852	1.000104	6117.442019	4078.719219	-0.000000	0.000001	-51.553170	0.002000	1.216755	3.997731	-0.999955	0.000000
4.312852	1.000104	6117.442019	4078.719219	-0.000000	-0.000001	-51.553170	0.002000	1.216755	3.997731	-0.999955	0.000000
4.332852	1.000104	6117.442019	4078.719219	-0.000000	-0.000001	-51.553170	0.002000	1.216755	3.997731	-0.999955	0.000000
4.352852	1.000104	6117.442019	4078.719219	-0.000000	-0.000001	-51.553170	0.002000	1.216755	3.997731	-0.999955	0.000000
4.372852	1.000104	6117.442019	4078.719219	-0.000000	-0.000001	-51.553170	0.002000	1.216755	3.997731	-0.999955	0.000000
4.392852	1.000104	6117.442019	4078.719219	-0.000000	-0.000002	-51.553170	0.002000	1.216755	3.997731	-0.999955	0.000000
4.412852	1.000104	6117.442019	4078.719219	-0.000000	-0.000001	-51.553170	0.002000	1.216755	3.997731	-0.999955	0.000000
4.432852	1.000104	6117.442019	4078.719219	0.000000	0.000001	-51.553170	0.002000	1.216755	3.997731	-0.999955	0.000000
4.452852	1.000104	6117.442019	4078.719219	-0.000000	0.000001	-51.553170	0.002000	1.216755	3.997731	-0.999955	0.000000
4.472852	1.000104	6117.442019	4078.719219	0.000000	0.000001	-51.553170	0.002000	1.216755	3.997731	-0.999955	0.000000
4.492852	1.000104	6117.442019	4078.719219	-0.000000	0.000001	-51.553170	0.002000	1.216755	3.997731	-0.999955	0.000000
4.512852	1.000104	6117.442019	4078.719219	-0.000000	-0.000000	-51.553170	0.002000	1.216755	3.997731	-0.999955	0.000000
4.532852	1.000104	6117.442019	4078.719219	-0.000000	0.000001	-51.553170	0.002000	1.216755	3.997731	-0.999955	0.000000
4.552852	1.000104	6117.442019	4078.719219	0.000000	-0.000000	-51.553170	0.002000	1.216755	3.997731	-0.999955	0.000000
4.572852	1.000104	6117.442019	4078.719219	0.000000	-0.000001	-51.553170	0.002000	1.216755	3.997731	-0.999955	0.000000
4.592852	1.000104	6117.442019	4078.719219	0.000000	-0.000001	-51.553170	0.002000	1.216755	3.997731	-0.999955	0.000000
4.612852	1.000104	6117.442019	4078.719219	-0.000000	-0.000001	-51.553170	0.002000	1.216755	3.997731	-0.999955	0.000000
4.632852	1.000104	6117.442019	4078.719219	-0.000000	0.000000	-51.553170	0.002000	1.216755	3.997731	-0.999955	0.000000
4.652852	1.000104	6117.442019	4078.719219	-0.000000	-0.000001	-51.553170	0.002000	1.216755	3.997731	-0.999955	0.000000
4.672852	1.000104	6117.442019	4078.719219	0.000000	-0.000001	-51.553170	0.002000	1.216755	3.997731	-0.999955	0.000000
4.692852	1.000104	6117.442019	4078.719219	-0.000000	0.000001	-51.553170	0.002000	1.216755	3.997731	-0.999955	0.000000
4.712852	1.000104	6117.442019	4078.719219	0.000000	0.000003	-51.553170	0.002000	1.216755	3.997731	-0.999955	0.000000
4.732852	1.000104	6117.442019	4078.719219	0.000000	0.000001	-51.553170	0.002000	1.216755	3.997731	-0.999955	0.000000
4.752852	1.000104	6117.442019	4078.719219	0.000000	0.000000	-51.553170	0.002000	1.216755	3.997731	-0.999955	0.000000
4.772852	1.000104	6117.442019	4078.719219	-0.000000	-0.000001	-51.553170	0.002000	1.216755	3.997731	-0.999955	0.000000
4.792852	1.000104	6117.442019	4078.719219	-0.000000	-0.000001	-51.553170	0.002000	1.216755	3.997731	-0.999955	0.000000
4.812852	1.000104	6117.442019	4078.719219	-0.000000	-0.000001	-51.553170	0.002000	1.216755	3.997731	-0.999955	0.000000
4.832852	1.000104	6117.442019	4078.719219	-0.000000	-0.000002	-51.553170	0.002000	1.216755	3.997731	-0.999955	0.000000
4.852852	1.000104	6117.442019	4078.719219	0.000000	-0.000002	-51.553170	0.002000	1.216755	3.997731	-0.999955	0.000000
4.872852	1.000104	6117.442019	4078.719219	0.000000	0.000002	-51.553170	0.002000	1.216755	3.997731	-0.999955	0.000000
4.892852	1.000104	6117.442019	4078.719219	0.000000	0.000003	-51.553170	0.002000	1.216755	3.997731	-0.999955	0.000000
4.912852	1.000104	6117.442019	4078.719219	-0.000000	0.000005	-51.553170	0.002000	1.216755	3.997731	-0.999955	0.000000
4.932852	1.000104	6117.442019	4078.719219	-0.000000	0.000001	-51.553170	0.002000	1.216755	3.997731	-0.999955	0.000000
4.952852	1.000104	6117.442019	4078.719219	-0.000000	-0.000005	-51.553170	0.002000	1.216755	3.997731	-0.999955	0.000000
4.972852	1.000104	6117.442019	4078.719219	-0.000000	-0.000001	-51.553170	0.002000	1.216755	3.997731	-0.999955	0.000000
4.992852	1.000104	6117.442019	4078.719219	-0.000000	-0.000001	-51.553170	0.002000	1.216755	3.997731	-0.999955	0.000000
5.012852	1.000104	6117.442019	4078.719219	0.000000	-0.000002	-51.553170	0.002000	1.216755	3.997731	-0.999955	0.000000
5.032852	1.000104	6117.442019	4078.719219	0.000000	0.000001	-51.553170	0.002000	1.216755	3.997731	-0.999955	0.000000
5.052852	1.000104	6117.442019	4078.719219	-0.000000	0.000001	-51.553170	0.002000	1.216755	3.997731	-0.999955	0.000000
5.072852	1.000104	6117.442019	4078.719219	-0.000000	0.000000	-51.553170	0.002000	1.216755	3.997731	-0.999955	0.000000
5.092852	1.000104	6117.442019	4078.719219	-0.000000	0.000000	-51.553170	0.002000	1.216755	3.997731	-0.999955	0.000000
5.112852	1.000104	6117.442019	4078.719219	-0.000000	0.000001	-51.553170	0.002000	1.216755	3.997731	-0.999955	0.000000
5.132852	1.000104	6117.442019	4078.719219	-0.000000	0.000004	-51.553170	0.002000	1.216755	3.997731	-0.999955	0.000000
5.152852	1.000104	6117.442019	4078.719219	-0.000000	0.000010	-51.553170	0.002000	1.216755	3.997731	-0.999955	0.000000
5.172852	1.000104	6117.442019	4078.719219	-0.000000	0.000020	-51.553170	0.002000	1.216755	3.997731	-0.999955	0.000000
5.192852	1.000104	6117.442019	4078.719219	-0.000001	0.000040	-51.553170	0.002000	1.216755	3.997731	-0.999955	0.000000
5.212852	1.000104	6117.442019	4078.719220	-0.000001	0.000070	-51.553170	0.002000	1.216755	3.997731	-0.999955	0.000000
5.232852	1.000104	6117.442019	4078.719220	-0.000002	0.000096	-51.553170	0.002000	1.216755	3.997731	-0.999955	0.000000
5.252852	1.000104	6117.442019	4078.719220	-0.000002	0.000019	-51.553170	0.002000	1.216755	3.997731	-0.999955	0.000000
5.272852	1.000104	6117.442019	4078.719220	0.000002	-0.000573	-51.553170	0.002000	1.216755	3.997731	-0.999955	0.000000
5.292852	1.000104	6117.442019	4078.719220	0.000028	-0.003018	-51.553170	0.002000	1.216755	3.997731	-0.999955	0.000000
5.312852	1.000104	6117.442019	4078.719219	0.000125	-0.011433	-51.553170	0.002000	1.216755	3.997731	-0.999955	0.000000
5.332852	1.000104	6117.442019	4078.719219	0.000445	-0.037751	-51.553170	0.002000	1.216755	3.997731	-0.999955	0.000000
5.352852	1.000104	6117.442018	4078.719218	0.001421	-0.114573	-51.553170	0.002000	1.216755	3.997731	-0.999955	0.000000
5.372852	1.000104	6117.442015	4078.719215	0.004213	-0.327993	-51.553170	0.002000	1.216755	3.997731	-0.999955	0.000000
5.392852	1.000104	6117.442008	4078.719207	0.011846	-0.896875	-51.553170	0.002000	1.216755	3.997731	-0.999955	0.000000
5.412852	1.000104	6117.441987	4078.719184	0.031905	-2.359202	-51.553170	0.002000	1.216755	3.997731	-0.999955	0.000000
5.432852	1.000104	6117.441931	4078.719121	0.082779	-5.999611	-51.553170	0.002000	1.216755	3.997731	-0.999955	0.000000
5.452852	1.000104	6117.441789	4078.718960	0.207811	-14.774269	-51.553170	0.002000	1.216755	3.997731	-0.999955	0.000000
5.472852	1.000104	6117.441438	4078.718556	0.505712	-35.316238	-51.553169	0.002000	1.216755	3.997731	-0.999955	0.000000
5.492852	1.000104	6117.440598	4078.717577	1.194758	-82.030952	-51.553168	0.002000	1.216755	3.997730	-0.999955	0.000000
5.512852	1.000104	6117.438643	4078.715271	2.742682	-185.254621	-51.553164	0.002000	1.216755	3.997730	-0.999955	0.000000
5.532852	1.000103	6117.434218	4078.709994	6.120320	-406.863288	-51.553156	0.002000	1.216755	3.997730	-0.999955	0.000000
5.552852	1.000102	6117.424481	4078.698253	13.277547	-868.952867	-51.553137	0.002000	1.216755	3.997729	-0.999956	0.000000
5.572852	1.000099	6117.403651	4078.672855	27.998499	-1804.239838	-51.553096	0.002000	1.216755	3.997728	-0.999957	0.000000
5.592852	1.000093	6117.360335	4078.619439	57.366502	-3640.335325	-51.553011	0.002000	1.216755	3.997725	-0.999960	0.000000
5.612853	1.000080	6117.272812	4078.510270	114.140617	-7132.845923	-51.552835	0.002000	1.216755	3.997719	-0.999965	0.000000
5.632853	1.000054	6117.101095	4078.293570	220.373204	-13561.812112	-51.552485	0.002000	1.216755	3.997707	-0.999976	0.000000
5.652855	1.000004	6116.774204	4077.876093	412.503131	-24998.009654	-51.551808	0.002000	1.216755	3.997684	-0.999998	0.000000
5.672857	0.999909	6116.170949	4077.096164	747.828295	-44624.468619	-51.550540	0.002000	1.216755	3.997641	-1.000039	0.000000
5.692862	0.999735	6115.092807	4075.684597	1311.576135	-77059.427111	-51.548238	0.002001	1.216755	3.997566	-1.000113	0.000000
5.712871	0.999428	6113.228715	4073.212258	2222.716957	-128570.884774	-51.544196	0.002001	1.216755	3.997434	-1.000246	0.000000
5.732888	0.998900	6110.114104	4069.026371	3635.397877	-207014.235600	-51.537337	0.002002	1.216755	3.997215	-1.000473	0.000000
5.752918	0.998027	6105.090252	4062.183300	5731.988194	-321296.823852	-51.526099	0.002004	1.216755	3.996861	-1.000849	0.000000
5.772970	0.996633	6097.274362	4051.392799	8704.174977	-480225.364983	-51.508340	0.002007	1.216755	3.996308	-1.001452	0.000000
5.793055	0.994485	6085.553703	4034.995395	12721.271914	-690763.654536	-51.481289	0.002011	1.216755	3.995477	-1.002383	0.000000
5.813192	0.991296	6068.616272	4010.996513	17890.003324	-956003.131871	-51.441580	0.002018	1.216755	3.994274	-1.003769	0.000000
5.833406	0.986732	6045.023691	3977.174147	24215.885194	-1273422.285896	-51.385391	0.002027	1.216755	3.992590	-1.005763	0.000000
5.853729	0.980434	6013.320101	3931.259408	31579.645485	-1634103.474784	-51.308687	0.002040	1.216755	3.990315	-1.008531	0.000000
5.874202	0.972048	5972.157540	3871.165661	39739.584455	-2023357.657009	-51.207517	0.002058	1.216755	3.987342	-1.012248	0.000000
5.894877	0.961250	5920.410570	3795.221587	48362.405343	-2422712.583652	-51.078308	0.002081	1.216755	3.983573	-1.017084	0.000000
5.915813	0.947782	5857.254622	3702.356588	57073.799554	-2812682.603066	-50.918089	0.002110	1.216755	3.978925	-1.023195	0.000000
5.937080	0.931464	5782.193804	3592.201401	65513.389585	-3175507.803677	-50.724585	0.002147	1.216755	3.973334	-1.030722	0.000000
5.958758	0.912199	5695.041854	3465.088620	73378.973014	-3497095.276323	-50.496191	0.002193	1.216755	3.966748	-1.039782	0.000000
5.980935	0.889973	5595.862206	3321.972236	80449.962384	-3767941.363633	-50.231822	0.002247	1.216755	3.959127	-1.050479	0.000000
6.003713	0.864838	5484.893985	3164.293866	86593.276850	-3983092.031592	-49.930709	0.002313	1.216755	3.950436	-1.062907	0.000000
6.027203	0.836894	5362.432547	2993.823053	91750.552098	-4141523.871755	-49.592178	0.002390	1.216755	3.940636	-1.077158	0.000000
6.051533	0.806288	5228.673835	2812.504394	95921.705572	-4245749.774994	-49.215402	0.002481	1.216755	3.929671	-1.093327	0.000000
6.076849	0.773198	5083.412774	2622.241796	99145.752110	-4300873.865557	-48.799307	0.002587	1.216755	3.917440	-1.111516	0.000000
6.103316	0.737841	4925.551576	2424.698476	101474.827264	-4314872.960778	-48.342317	0.002711	1.216755	3.903744	-1.131835	0.000000
6.131128	0.700409	4752.597529	2220.926250	102981.333746	-4296076.252738	-47.842405	0.002855	1.216755	3.888224	-1.154439	0.000000
6.160514	0.661002	4560.214922	2011.176285	103713.936173	-4250296.301387	-47.296658	0.003026	1.216755	3.870283	-1.179581	0.000000
6.191758	0.619335	4343.956791	1795.076995	103757.933549	-4174252.999567	-46.700330	0.003229	1.216755	3.849187	-1.207852	0.000000
6.225254	0.574518	4102.826015	1572.782614	103176.531743	-4047624.691752	-46.045505	0.003481	1.216755	3.824389	-1.240468	0.000000
6.261601	0.524982	3847.382376	1347.720020	102057.249701	-3848334.542761	-45.314953	0.003810	1.216755	3.796473	-1.279621	0.000000
6.301806	0.468817	3602.272185	1126.878176	100558.456409	-3558793.615939	-44.481311	0.004266	1.216755	3.767882	-1.328754	0.000000
6.347612	0.405372	3405.326790	921.115799	98568.101786	-3212945.633888	-43.488243	0.004934	1.216755	3.743458	-1.391892	0.000000
6.401896	0.334738	3296.331604	736.272765	96659.919523	-2838666.794151	-42.251780	0.005975	1.216755	3.729318	-1.475028	0.000000
6.470356	0.261123	3313.372415	577.325465	93897.823674	-2498806.034494	-40.598827	0.007659	1.216755	3.731542	-1.582869	0.000000
6.562198	0.179305	3497.642744	418.478300	93604.554690	-2142538.569048	-38.186004	0.011154	1.216755	3.755026	-1.746101	0.000000
6.728527	0.101541	4577.923711	310.164763	90938.444749	-1604760.881898	-33.368804	0.019696	1.216755	3.871881	-1.993037	0.000000
-0.002981	3.357073	102826.281790	230130.942207	10.507991	0.000000	0.000867	0.000596	0.000000	5.223269	-0.474042	0.000000
-0.008937	3.364619	102572.905013	230079.408047	30.232018	0.000000	0.002518	0.000594	0.000000	5.222197	-0.473067	0.000000
-0.014873	3.379253	102085.202210	229981.330873	46.237700	0.000000	0.003930	0.000592	0.000000	5.220126	-0.471182	0.000000
-0.020778	3.400125	101398.848512	229845.936840	56.561071	0.000000	0.004976	0.000588	0.000000	5.217195	-0.468507	0.000000
-0.026641	3.426029	100562.066576	229685.683497	59.954262	0.000000	0.005571	0.000584	0.000000	5.213596	-0.465210	0.000000
-0.032456	3.455490	99630.564597	229514.878456	56.079349	0.000000	0.005684	0.000579	0.000000	5.209553	-0.461490	0.000000
-0.038219	3.486882	98661.874803	229348.088742	45.580820	0.000000	0.005335	0.000574	0.000000	5.205309	-0.457562	0.000000
-0.043929	3.518550	97710.171553	229198.582563	30.025522	0.000000	0.004591	0.000568	0.000000	5.201098	-0.453635	0.000000
-0.049588	3.548945	96821.962851	229076.989736	11.688946	0.000000	0.003558	0.000564	0.000000	5.197132	-0.449899	0.000000
-0.055201	3.576743	96033.120515	228990.342500	-6.782185	0.000000	0.002362	0.000559	0.000000	5.193579	-0.446510	0.000000
-0.060772	3.600948	95367.308761	228941.600841	-22.786285	0.000000	0.001134	0.000555	0.000000	5.190557	-0.443581	0.000000
-0.066309	3.620940	94835.793722	228929.699424	-34.185658	0.000000	-0.000004	0.000552	0.000000	5.188131	-0.441177	0.000000
-0.071819	3.636499	94438.421263	228950.079365	-39.650496	0.000000	-0.000956	0.000550	0.000000	5.186308	-0.439315	0.000000
-0.077309	3.647763	94165.511124	228995.601922	-38.857047	0.000000	-0.001658	0.000548	0.000000	5.185051	-0.437972	0.000000
-0.082785	3.655162	94000.348700	229057.690741	-32.498759	0.000000	-0.002080	0.000547	0.000000	5.184290	-0.437093	0.000000
-0.088253	3.659327	93921.954176	229127.524529	-22.106508	0.000000	-0.002232	0.000547	0.000000	5.183928	-0.436599	0.000000
-0.093716	3.660990	93907.806856	229197.106779	-9.717476	0.000000	-0.002150	0.000546	0.000000	5.183863	-0.436402	0.000000
