0.002980	3.358604	102773.028856	230116.651009	10.047555	-2499214.167959	-0.000839	0.000595	1.216755	5.223043	-0.473844	0.000000
0.008933	3.366011	102524.860273	230066.758085	28.890076	-2255974.411006	-0.002439	0.000594	1.216755	5.221993	-0.472887	0.000000
0.014867	3.380380	102046.924345	229971.759456	44.129037	-1799816.539459	-0.003809	0.000592	1.216755	5.219963	-0.471037	0.000000
0.020769	3.400888	101373.702971	229840.503166	53.895875	-1186406.758133	-0.004828	0.000588	1.216755	5.217088	-0.468409	0.000000
0.026632	3.426365	100551.858406	229684.937146	57.041646	-488467.207129	-0.005415	0.000584	1.216755	5.213552	-0.465167	0.000000
0.032446	3.455381	99635.389722	229518.789874	53.307995	214442.446527	-0.005538	0.000579	1.216755	5.209574	-0.461504	0.000000
0.038210	3.486355	98680.203931	229356.055520	43.366658	846752.870317	-0.005216	0.000574	1.216755	5.205389	-0.457627	0.000000
0.043921	3.517675	97739.136037	229209.514391	28.731958	1346223.649050	-0.004513	0.000569	1.216755	5.201227	-0.453743	0.000000
0.049582	3.547825	96857.790051	229089.463303	11.541307	1670801.442635	-0.003527	0.000564	1.216755	5.197293	-0.450036	0.000000
0.055197	3.575503	96071.648258	229002.805212	-5.763890	1802199.294665	-0.002379	0.000559	1.216755	5.193753	-0.446661	0.000000
0.060770	3.599716	95404.506787	228952.592304	-20.811456	1746159.345655	-0.001192	0.000556	1.216755	5.190727	-0.443730	0.000000
0.066309	3.619835	94868.224785	228938.054698	-31.663000	1529652.753628	-0.000083	0.000553	1.216755	5.188279	-0.441309	0.000000
0.071821	3.635610	94463.587911	228955.079894	-37.106622	1195649.561826	0.000854	0.000550	1.216755	5.186423	-0.439421	0.000000
0.077312	3.647145	94182.051499	228997.049038	-36.823148	796250.364045	0.001557	0.000548	1.216755	5.185128	-0.438046	0.000000
0.082788	3.654833	94008.066326	229055.891184	-31.394040	385148.389338	0.001995	0.000547	1.216755	5.184325	-0.437132	0.000000
0.088256	3.659269	93921.689976	229123.194510	-22.149108	10454.179376	0.002173	0.000547	1.216755	5.183927	-0.436606	0.000000
0.093720	3.661154	93901.184572	229191.216827	-10.885812	-291103.721703	0.002123	0.000546	1.216755	5.183832	-0.436382	0.000000
0.099182	3.661210	93925.336664	229253.666550	0.480567	-497788.276753	0.001895	0.000546	1.216755	5.183944	-0.436376	0.000000
0.104646	3.660102	93975.287818	229306.173518	10.261815	-603825.197265	0.001554	0.000546	1.216755	5.184175	-0.436508	0.000000
0.110112	3.658391	94035.746867	229346.427080	17.266312	-617780.801203	0.001160	0.000547	1.216755	5.184455	-0.436711	0.000000
0.115581	3.656506	94095.548364	229374.014762	20.943591	-558884.682267	0.000770	0.000547	1.216755	5.184731	-0.436935	0.000000
0.121053	3.654740	94147.615581	229390.038046	21.386823	-452199.751014	0.000424	0.000547	1.216755	5.184971	-0.437144	0.000000
0.126527	3.653260	94188.459595	229396.605151	19.210269	-323675.284217	0.000148	0.000547	1.216755	5.185159	-0.437320	0.000000
0.132003	3.652133	94217.388004	229396.302454	15.345215	-196001.619529	-0.000047	0.000548	1.216755	5.185292	-0.437454	0.000000
0.137481	3.651355	94235.602222	229391.729369	10.810168	-85874.611235	-0.000164	0.000548	1.216755	5.185376	-0.437546	0.000000
0.142959	3.650873	94245.336811	229385.152717	6.507925	-2882.701099	-0.000216	0.000548	1.216755	5.185421	-0.437604	0.000000
0.148438	3.650617	94249.148617	229378.303952	3.086728	50137.889970	-0.000219	0.000548	1.216755	5.185438	-0.437634	0.000000
0.153917	3.650511	94249.410970	229372.313058	0.881265	75690.866626	-0.000192	0.000548	1.216755	5.185439	-0.437646	0.000000
0.159397	3.650492	94248.020412	229367.751605	-0.071583	79672.438659	-0.000150	0.000548	1.216755	5.185433	-0.437649	0.000000
0.164876	3.650511	94246.287791	229364.746416	0.037337	69385.607455	-0.000106	0.000548	1.216755	5.185425	-0.437646	0.000000
0.170355	3.650537	94244.965325	229363.124103	0.886238	51891.257543	-0.000068	0.000548	1.216755	5.185419	-0.437643	0.000000
0.175834	3.650551	94244.355364	229362.553067	2.119131	32904.010234	-0.000039	0.000548	1.216755	5.185416	-0.437642	0.000000
0.181314	3.650549	94244.451943	229362.660201	3.422473	16276.077724	-0.000022	0.000548	1.216755	5.185416	-0.437642	0.000000
0.186793	3.650532	94245.078204	229363.111176	4.571319	3984.573975	-0.000014	0.000548	1.216755	5.185419	-0.437644	0.000000
0.192272	3.650505	94245.997150	229363.653340	5.444055	-3535.967658	-0.000012	0.000548	1.216755	5.185424	-0.437647	0.000000
0.197751	3.650474	94246.986493	229364.127347	6.011927	-6893.254542	-0.000016	0.000548	1.216755	5.185428	-0.437651	0.000000
0.203231	3.650445	94247.878515	229364.457199	6.313283	-7222.801782	-0.000021	0.000548	1.216755	5.185432	-0.437654	0.000000
0.208710	3.650421	94248.572001	229364.628891	6.422771	-5764.749459	-0.000026	0.000548	1.216755	5.185435	-0.437657	0.000000
0.214189	3.650404	94249.025792	229364.666216	6.423664	-3582.467671	-0.000031	0.000548	1.216755	5.185438	-0.437659	0.000000
0.219669	3.650394	94249.243103	229364.609509	6.388147	-1426.429107	-0.000035	0.000548	1.216755	5.185439	-0.437660	0.000000
0.225148	3.650392	94249.253765	229364.500292	6.367011	284.600163	-0.000037	0.000548	1.216755	5.185439	-0.437661	0.000000
0.230628	3.650396	94249.098877	229364.372381	6.387614	1407.151367	-0.000039	0.000548	1.216755	5.185438	-0.437660	0.000000
0.236107	3.650405	94248.819951	229364.248500	6.457547	1983.314141	-0.000040	0.000548	1.216755	5.185437	-0.437659	0.000000
0.241587	3.650418	94248.452758	229364.140692	6.571059	2150.246480	-0.000041	0.000548	1.216755	5.185435	-0.437658	0.000000
0.247066	3.650433	94248.025013	229364.052776	6.715784	2068.598155	-0.000041	0.000548	1.216755	5.185433	-0.437656	0.000000
0.252545	3.650450	94247.556610	229363.983395	6.878152	1877.314363	-0.000042	0.000548	1.216755	5.185431	-0.437654	0.000000
0.258025	3.650468	94247.061166	229363.928750	7.046837	1673.334997	-0.000043	0.000548	1.216755	5.185429	-0.437652	0.000000
0.263504	3.650487	94246.547918	229363.884557	7.214236	1509.769244	-0.000044	0.000548	1.216755	5.185426	-0.437649	0.000000
0.268983	3.650507	94246.023398	229363.847172	7.376495	1404.722648	-0.000045	0.000548	1.216755	5.185424	-0.437647	0.000000
0.274462	3.650527	94245.492630	229363.814015	7.532675	1353.961101	-0.000046	0.000548	1.216755	5.185421	-0.437645	0.000000
0.279942	3.650547	94244.959842	229363.783539	7.683626	1342.747828	-0.000047	0.000548	1.216755	5.185419	-0.437642	0.000000
0.285421	3.650567	94244.428791	229363.754979	7.830956	1354.489459	-0.000049	0.000548	1.216755	5.185416	-0.437640	0.000000
0.290900	3.650587	94243.902837	229363.728042	7.976297	1375.660934	-0.000050	0.000548	1.216755	5.185414	-0.437637	0.000000
0.296379	3.650607	94243.384918	229363.702639	8.120899	1397.605561	-0.000052	0.000548	1.216755	5.185412	-0.437635	0.000000
0.301858	3.650626	94242.877491	229363.678719	8.265513	1416.274896	-0.000053	0.000548	1.216755	5.185409	-0.437633	0.000000
0.307337	3.650645	94242.382514	229363.656178	8.410434	1430.962909	-0.000055	0.000548	1.216755	5.185407	-0.437631	0.000000
0.312816	3.650663	94241.901456	229363.634839	8.555645	1442.829191	-0.000056	0.000548	1.216755	5.185405	-0.437628	0.000000
0.318295	3.650681	94241.435358	229363.614476	8.700960	1453.676408	-0.000058	0.000548	1.216755	5.185403	-0.437626	0.000000
0.323774	3.650698	94240.984908	229363.594837	8.846128	1465.155795	-0.000059	0.000548	1.216755	5.185401	-0.437624	0.000000
0.329253	3.650715	94240.550517	229363.575687	8.990921	1478.389118	-0.000061	0.000548	1.216755	5.185399	-0.437622	0.000000
0.334732	3.650731	94240.132401	229363.556819	9.135165	1493.901242	-0.000062	0.000548	1.216755	5.185397	-0.437620	0.000000
0.340211	3.650746	94239.730637	229363.538076	9.278723	1511.727059	-0.000064	0.000548	1.216755	5.185395	-0.437619	0.000000
0.345690	3.650761	94239.345212	229363.519344	9.421511	1531.588153	-0.000066	0.000548	1.216755	5.185393	-0.437617	0.000000
0.351169	3.650775	94238.976048	229363.500550	9.563465	1553.066289	-0.000067	0.000548	1.216755	5.185391	-0.437615	0.000000
0.356648	3.650788	94238.623021	229363.481656	9.704523	1575.725796	-0.000069	0.000548	1.216755	5.185390	-0.437614	0.000000
0.362127	3.650801	94238.285970	229363.462650	9.844612	1599.178339	-0.000071	0.000548	1.216755	5.185388	-0.437612	0.000000
0.367605	3.650813	94237.964694	229363.443536	9.983648	1623.094391	-0.000073	0.000548	1.216755	5.185387	-0.437611	0.000000
0.373084	3.650824	94237.658952	229363.424330	10.121508	1647.175099	-0.000075	0.000548	1.216755	5.185385	-0.437609	0.000000
0.378563	3.650835	94237.368455	229363.405056	10.258028	1671.110385	-0.000076	0.000548	1.216755	5.185384	-0.437608	0.000000
0.384042	3.650846	94237.092856	229363.385734	10.393092	1694.563431	-0.000078	0.000548	1.216755	5.185383	-0.437607	0.000000
0.389520	3.650855	94236.831748	229363.366380	10.526499	1717.176679	-0.000080	0.000548	1.216755	5.185381	-0.437606	0.000000
0.394999	3.650865	94236.584650	229363.346996	10.657960	1738.608897	-0.000082	0.000548	1.216755	5.185380	-0.437604	0.000000
0.400478	3.650874	94236.351012	229363.327564	10.787520	1758.666027	-0.000084	0.000548	1.216755	5.185379	-0.437603	0.000000
0.405957	3.650882	94236.130215	229363.308045	10.914899	1777.359431	-0.000086	0.000548	1.216755	5.185378	-0.437602	0.000000
0.411435	3.650890	94235.921586	229363.288380	11.039390	1794.872049	-0.000088	0.000548	1.216755	5.185377	-0.437602	0.000000
0.416914	3.650897	94235.724418	229363.268492	11.161826	1811.748757	-0.000090	0.000548	1.216755	5.185376	-0.437601	0.000000
0.422393	3.650904	94235.537994	229363.248300	11.281611	1828.674712	-0.000092	0.000548	1.216755	5.185375	-0.437600	0.000000
0.427871	3.650910	94235.361622	229363.227736	11.395980	1845.906473	-0.000094	0.000548	1.216755	5.185375	-0.437599	0.000000
0.433350	3.650916	94235.194657	229363.206750	11.509411	1864.090584	-0.000096	0.000548	1.216755	5.185374	-0.437598	0.000000
0.438829	3.650922	94235.036520	229363.185315	11.620420	1883.670421	-0.000098	0.000548	1.216755	5.185373	-0.437598	0.000000
0.444307	3.650928	94234.886711	229363.163461	11.716798	1902.866711	-0.000100	0.000548	1.216755	5.185372	-0.437597	0.000000
0.449786	3.650933	94234.744803	229363.141226	11.820195	1922.308049	-0.000103	0.000548	1.216755	5.185372	-0.437596	0.000000
0.455265	3.650938	94234.610421	229363.118631	11.927239	1943.372476	-0.000105	0.000548	1.216755	5.185371	-0.437596	0.000000
0.460743	3.650942	94234.483238	229363.095810	11.980770	1958.621273	-0.000107	0.000548	1.216755	5.185371	-0.437595	0.000000
0.466222	3.650946	94234.362963	229363.072816	12.080645	1972.785530	-0.000109	0.000548	1.216755	5.185370	-0.437595	0.000000
0.471700	3.650951	94234.249267	229363.049505	12.222400	1996.201472	-0.000111	0.000548	1.216755	5.185369	-0.437594	0.000000
0.477179	3.650954	94234.141849	229363.026216	12.133378	1997.415817	-0.000114	0.000548	1.216755	5.185369	-0.437594	0.000000
0.482657	3.650958	94234.040470	229363.002973	12.267117	1998.363149	-0.000116	0.000548	1.216755	5.185369	-0.437593	0.000000
0.488136	3.650961	94233.944686	229362.978867	12.649667	2052.026251	-0.000118	0.000548	1.216755	5.185368	-0.437593	0.000000
0.493615	3.650964	94233.854180	229362.955279	11.979214	2013.077984	-0.000120	0.000548	1.216755	5.185368	-0.437593	0.000000
0.499093	3.650967	94233.768986	229362.932374	12.303825	1971.738282	-0.000122	0.000548	1.216755	5.185367	-0.437592	0.000000
0.504572	3.650970	94233.688222	229362.905757	13.957100	2190.469256	-0.000125	0.000548	1.216755	5.185367	-0.437592	0.000000
0.510050	3.650973	94233.611540	229362.881552	10.737860	1998.622903	-0.000128	0.000548	1.216755	5.185367	-0.437592	0.000000
0.515529	3.650975	94233.540319	229362.861065	11.856891	1762.671674	-0.000129	0.000548	1.216755	5.185366	-0.437591	0.000000
0.521007	3.650977	94233.471669	229362.823176	19.847619	2779.405560	-0.000133	0.000548	1.216755	5.185366	-0.437591	0.000000
0.526486	3.650979	94233.404785	229362.794792	5.261730	1966.700310	-0.000136	0.000548	1.216755	5.185366	-0.437591	0.000000
0.531965	3.650981	94233.347263	229362.784257	9.371825	781.002159	-0.000134	0.000548	1.216755	5.185365	-0.437591	0.000000
0.537443	3.650982	94233.286989	229362.690069	48.525142	5595.984810	-0.000144	0.000548	1.216755	5.185365	-0.437590	0.000000
0.542922	3.650984	94233.219757	229362.629175	-16.662629	2291.724846	-0.000154	0.000548	1.216755	5.185365	-0.437590	0.000000
0.548400	3.650986	94233.182265	229362.649701	-1.914480	-3518.232535	-0.000135	0.000548	1.216755	5.185365	-0.437590	0.000000
0.553879	3.650983	94233.120553	229362.263397	190.055820	19351.300580	-0.000175	0.000548	1.216755	5.185364	-0.437591	0.000000
0.559357	3.650981	94233.009146	229361.970400	-98.242929	6445.465012	-0.000220	0.000548	1.216755	5.185364	-0.437591	0.000000
0.564836	3.650983	94233.020825	229362.029305	-46.973281	-21506.437501	-0.000132	0.000548	1.216755	5.185364	-0.437591	0.000000
0.570314	3.650959	94232.912300	229360.084528	895.509742	87510.803795	-0.000321	0.000548	1.216755	5.185363	-0.437594	0.000000
0.575793	3.650941	94232.533175	229358.223502	-361.260002	40473.990628	-0.000569	0.000548	1.216755	5.185361	-0.437595	0.000000
0.581272	3.650931	94232.688732	229357.754027	-182.727413	-90909.206997	-0.000204	0.000548	1.216755	5.185362	-0.437597	0.000000
0.586750	3.650799	94232.277373	229347.253569	4460.898473	432185.115505	-0.001141	0.000548	1.216755	5.185360	-0.437614	0.000000
0.592229	3.650662	94230.438536	229335.105730	-901.573568	284013.580001	-0.002559	0.000548	1.216755	5.185351	-0.437629	0.000000
0.597708	3.650546	94230.891989	229327.524714	-212.524992	-314458.544759	-0.001206	0.000548	1.216755	5.185354	-0.437647	0.000000
0.603187	3.649797	94228.625422	229268.710114	22808.759603	2220671.244153	-0.006046	0.000548	1.216755	5.185340	-0.437744	0.000000
0.608669	3.648878	94218.807871	229190.135535	690.196289	1930034.746165	-0.014240	0.000548	1.216755	5.185295	-0.437848	0.000000
0.614151	3.647891	94218.432286	229119.225983	4065.937831	-672387.476179	-0.010258	0.000548	1.216755	5.185298	-0.437984	0.000000
0.619634	3.643579	94204.521397	228780.973202	119239.891683	11808063.922121	-0.036176	0.000549	1.216755	5.185214	-0.438542	0.000000
0.625130	3.637579	94149.920978	228277.683049	33566.192077	12914281.458005	-0.084064	0.000550	1.216755	5.184961	-0.439245	0.000000
0.630632	3.630203	94130.805539	227722.788986	53841.060663	2511373.770107	-0.080607	0.000551	1.216755	5.184889	-0.440230	0.000000
0.636145	3.605279	94040.353397	225759.435068	637200.793504	66276867.680028	-0.223267	0.000555	1.216755	5.184371	-0.443474	0.000000
0.641725	3.567525	93714.951355	222597.984197	356516.350455	92501633.549393	-0.509115	0.000561	1.216755	5.182825	-0.448052	0.000000
0.647358	3.520426	93475.788825	218874.072277	424794.921043	63268751.772303	-0.587148	0.000568	1.216755	5.181760	-0.454314	0.000000
0.653067	3.391712	92795.507840	208406.649005	3414747.903501	435415447.705438	-1.348232	0.000590	1.216755	5.177998	-0.471835	0.000000
0.659150	3.196646	90414.900235	191088.261674	3102185.200556	822189056.368758	-3.119453	0.000626	1.216755	5.166063	-0.497577	0.000000
0.665623	3.032447	87668.975171	175654.135562	558553.446423	751076137.339542	-3.753371	0.000660	1.216755	5.152746	-0.520836	0.000000
0.672309	2.702800	83124.223458	145532.157201	13069881.253342	2474649111.341465	-5.909254	0.000740	1.216755	5.126494	-0.576283	0.000000
0.680582	2.072920	67126.532920	86732.978522	35155267.240835	7056460279.109188	-16.713966	0.000965	1.216755	5.022334	-0.696898	0.000000
0.692916	1.482468	38428.524757	34393.541250	32684907.848143	7723244430.015604	-33.416324	0.001349	1.216755	4.765245	-0.841516	0.000000
0.709463	1.162780	16680.945311	11736.264266	16385270.717799	3865440072.540642	-45.010621	0.001720	1.216755	4.397938	-0.941157	0.000000
0.728365	1.043662	8151.889846	5409.281667	5214630.803247	994849486.293238	-49.880837	0.001916	1.216755	4.104114	-0.983723	0.000000
0.748111	1.009756	6380.302342	4257.363948	1141141.245664	140354057.616237	-51.228539	0.001981	1.216755	4.012759	-0.996366	0.000000
0.768064	1.001908	6150.486897	4103.206637	201115.019963	16873094.390972	-51.500190	0.001996	1.216755	3.999667	-0.999292	0.000000
0.788057	1.000395	6122.038600	4082.263800	30137.252453	2267094.775578	-51.545800	0.001999	1.216755	3.998002	-0.999850	0.000000
0.808056	1.000145	6118.105355	4079.223947	3825.827081	328549.878566	-51.552289	0.002000	1.216755	3.997770	-0.999940	0.000000
0.828056	1.000109	6117.534538	4078.786677	420.544054	47043.987084	-51.553079	0.002000	1.216755	3.997736	-0.999953	0.000000
0.848056	1.000105	6117.454087	4078.727553	39.876111	6344.262323	-51.553162	0.002000	1.216755	3.997731	-0.999955	0.000000
0.868056	1.000104	6117.443476	4078.720169	3.215297	791.905371	-51.553170	0.002000	1.216755	3.997731	-0.999955	0.000000
0.888056	1.000104	6117.442182	4078.719320	0.225462	91.248071	-51.553170	0.002000	1.216755	3.997731	-0.999955	0.000000
0.908056	1.000104	6117.442036	4078.719230	0.017341	9.767666	-51.553170	0.002000	1.216755	3.997731	-0.999955	0.000000
0.928056	1.000104	6117.442021	4078.719221	0.002402	0.991142	-51.553170	0.002000	1.216755	3.997731	-0.999955	0.000000
0.948056	1.000104	6117.442019	4078.719220	0.000488	0.099717	-51.553170	0.002000	1.216755	3.997731	-0.999955	0.000000
0.968056	1.000104	6117.442019	4078.719220	0.000093	0.010700	-51.553170	0.002000	1.216755	3.997731	-0.999955	0.000000
0.988056	1.000104	6117.442019	4078.719220	0.000015	0.001301	-51.553170	0.002000	1.216755	3.997731	-0.999955	0.000000
1.008056	1.000104	6117.442019	4078.719219	0.000002	0.000177	-51.553170	0.002000	1.216755	3.997731	-0.999955	0.000000
1.028056	1.000104	6117.442019	4078.719219	0.000000	0.000025	-51.553170	0.002000	1.216755	3.997731	-0.999955	0.000000
1.048056	1.000104	6117.442019	4078.719219	0.000000	0.000003	-51.553170	0.002000	1.216755	3.997731	-0.999955	0.000000
1.068056	1.000104	6117.442019	4078.719219	-0.000000	0.000001	-51.553170	0.002000	1.216755	3.997731	-0.999955	0.000000
1.088056	1.000104	6117.442019	4078.719219	-0.000000	-0.000000	-51.553170	0.002000	1.216755	3.997731	-0.999955	0.000000
1.108056	1.000104	6117.442019	4078.719219	0.000000	-0.000001	-51.553170	0.002000	1.216755	3.997731	-0.999955	0.000000
1.128056	1.000104	6117.442019	4078.719219	0.000000	0.000001	-51.553170	0.002000	1.216755	3.997731	-0.999955	0.000000
1.148056	1.000104	6117.442019	4078.719219	-0.000000	0.000001	-51.553170	0.002000	1.216755	3.997731	-0.999955	0.000000
1.168056	1.000104	6117.442019	4078.719219	-0.000000	-0.000000	-51.553170	0.002000	1.216755	3.997731	-0.999955	0.000000
1.188056	1.000104	6117.442019	4078.719219	0.000000	-0.000001	-51.553170	0.002000	1.216755	3.997731	-0.999955	0.000000
1.208056	1.000104	6117.442019	4078.719219	0.000000	0.000001	-51.553170	0.002000	1.216755	3.997731	-0.999955	0.000000
1.228056	1.000104	6117.442019	4078.719219	-0.000000	0.000000	-51.553170	0.002000	1.216755	3.997731	-0.999955	0.000000
1.248056	1.000104	6117.442019	4078.719219	0.000000	-0.000001	-51.553170	0.002000	1.216755	3.997731	-0.999955	0.000000
1.268056	1.000104	6117.442019	4078.719219	0.000000	0.000001	-51.553170	0.002000	1.216755	3.997731	-0.999955	0.000000
1.288056	1.000104	6117.442019	4078.719219	-0.000000	0.000000	-51.553170	0.002000	1.216755	3.997731	-0.999955	0.000000
1.308056	1.000104	6117.442019	4078.719219	-0.000000	-0.000000	-51.553170	0.002000	1.216755	3.997731	-0.999955	0.000000
1.328056	1.000104	6117.442019	4078.719219	-0.000000	-0.000000	-51.553170	0.002000	1.216755	3.997731	-0.999955	0.000000
1.348056	1.000104	6117.442019	4078.719219	-0.000000	-0.000001	-51.553170	0.002000	1.216755	3.997731	-0.999955	0.000000
1.368056	1.000104	6117.442019	4078.719219	0.000000	-0.000000	-51.553170	0.002000	1.216755	3.997731	-0.999955	0.000000
1.388056	1.000104	6117.442019	4078.719219	0.000000	-0.000000	-51.553170	0.002000	1.216755	3.997731	-0.999955	0.000000
1.408056	1.000104	6117.442019	4078.719219	0.000000	-0.000001	-51.553170	0.002000	1.216755	3.997731	-0.999955	0.000000
1.428056	1.000104	6117.442019	4078.719219	-0.000000	0.000001	-51.553170	0.002000	1.216755	3.997731	-0.999955	0.000000
1.448056	1.000104	6117.442019	4078.719219	-0.000000	0.000000	-51.553170	0.002000	1.216755	3.997731	-0.999955	0.000000
1.468056	1.000104	6117.442019	4078.719219	0.000000	-0.000001	-51.553170	0.002000	1.216755	3.997731	-0.999955	0.000000
1.488056	1.000104	6117.442019	4078.719219	0.000000	-0.000000	-51.553170	0.002000	1.216755	3.997731	-0.999955	0.000000
1.508056	1.000104	6117.442019	4078.719219	0.000000	0.000001	-51.553170	0.002000	1.216755	3.997731	-0.999955	0.000000
1.528056	1.000104	6117.442019	4078.719219	-0.000000	-0.000000	-51.553170	0.002000	1.216755	3.997731	-0.999955	0.000000
1.548056	1.000104	6117.442019	4078.719219	0.000000	-0.000001	-51.553170	0.002000	1.216755	3.997731	-0.999955	0.000000
1.568056	1.000104	6117.442019	4078.719219	0.000000	-0.000000	-51.553170	0.002000	1.216755	3.997731	-0.999955	0.000000
1.588056	1.000104	6117.442019	4078.719219	-0.000000	0.000001	-51.553170	0.002000	1.216755	3.997731	-0.999955	0.000000
1.608056	1.000104	6117.442019	4078.719219	-0.000000	-0.000001	-51.553170	0.002000	1.216755	3.997731	-0.999955	0.000000
1.628056	1.000104	6117.442019	4078.719219	0.000000	-0.000000	-51.553170	0.002000	1.216755	3.997731	-0.999955	0.000000
1.648056	1.000104	6117.442019	4078.719219	-0.000000	0.000001	-51.553170	0.002000	1.216755	3.997731	-0.999955	0.000000
1.668056	1.000104	6117.442019	4078.719219	-0.000000	-0.000001	-51.553170	0.002000	1.216755	3.997731	-0.999955	0.000000
1.688056	1.000104	6117.442019	4078.719219	0.000000	0.000000	-51.553170	0.002000	1.216755	3.997731	-0.999955	0.000000
1.708056	1.000104	6117.442019	4078.719219	-0.000000	0.000001	-51.553170	0.002000	1.216755	3.997731	-0.999955	0.000000
1.728056	1.000104	6117.442019	4078.719219	-0.000000	0.000000	-51.553170	0.002000	1.216755	3.997731	-0.999955	0.000000
1.748056	1.000104	6117.442019	4078.719219	-0.000000	-0.000001	-51.553170	0.002000	1.216755	3.997731	-0.999955	0.000000
1.768056	1.000104	6117.442019	4078.719219	0.000000	-0.000001	-51.553170	0.002000	1.216755	3.997731	-0.999955	0.000000
1.788056	1.000104	6117.442019	4078.719219	0.000000	-0.000000	-51.553170	0.002000	1.216755	3.997731	-0.999955	0.000000
1.808056	1.000104	6117.442019	4078.719219	-0.000000	0.000001	-51.553170	0.002000	1.216755	3.997731	-0.999955	0.000000
1.828056	1.000104	6117.442019	4078.719219	-0.000000	-0.000001	-51.553170	0.002000	1.216755	3.997731	-0.999955	0.000000
1.848056	1.000104	6117.442019	4078.719219	0.000000	-0.000001	-51.553170	0.002000	1.216755	3.997731	-0.999955	0.000000
1.868056	1.000104	6117.442019	4078.719219	0.000000	0.000001	-51.553170	0.002000	1.216755	3.997731	-0.999955	0.000000
1.888056	1.000104	6117.442019	4078.719219	0.000000	-0.000001	-51.553170	0.002000	1.216755	3.997731	-0.999955	0.000000
1.908056	1.000104	6117.442019	4078.719219	0.000000	0.000001	-51.553170	0.002000	1.216755	3.997731	-0.999955	0.000000
1.928056	1.000104	6117.442019	4078.719219	-0.000000	0.000001	-51.553170	0.002000	1.216755	3.997731	-0.999955	0.000000
1.948056	1.000104	6117.442019	4078.719219	-0.000000	-0.000001	-51.553170	0.002000	1.216755	3.997731	-0.999955	0.000000
1.968056	1.000104	6117.442019	4078.719219	0.000000	-0.000001	-51.553170	0.002000	1.216755	3.997731	-0.999955	0.000000
1.988056	1.000104	6117.442019	4078.719219	0.000000	0.000000	-51.553170	0.002000	1.216755	3.997731	-0.999955	0.000000
2.008056	1.000104	6117.442019	4078.719219	-0.000000	0.000001	-51.553170	0.002000	1.216755	3.997731	-0.999955	0.000000
2.028056	1.000104	6117.442019	4078.719219	-0.000000	-0.000001	-51.553170	0.002000	1.216755	3.997731	-0.999955	0.000000
2.048056	1.000104	6117.442019	4078.719219	0.000000	-0.000001	-51.553170	0.002000	1.216755	3.997731	-0.999955	0.000000
2.068056	1.000104	6117.442019	4078.719219	0.000000	0.000002	-51.553170	0.002000	1.216755	3.997731	-0.999955	0.000000
2.088056	1.000104	6117.442019	4078.719219	-0.000000	0.000001	-51.553170	0.002000	1.216755	3.997731	-0.999955	0.000000
2.108056	1.000104	6117.442019	4078.719219	-0.000000	-0.000001	-51.553170	0.002000	1.216755	3.997731	-0.999955	0.000000
2.128056	1.000104	6117.442019	4078.719219	0.000000	-0.000001	-51.553170	0.002000	1.216755	3.997731	-0.999955	0.000000
2.148056	1.000104	6117.442019	4078.719219	0.000000	-0.000001	-51.553170	0.002000	1.216755	3.997731	-0.999955	0.000000
2.168056	1.000104	6117.442019	4078.719219	-0.000000	0.000001	-51.553170	0.002000	1.216755	3.997731	-0.999955	0.000000
2.188056	1.000104	6117.442019	4078.719219	0.000000	-0.000001	-51.553170	0.002000	1.216755	3.997731	-0.999955	0.000000
2.208056	1.000104	6117.442019	4078.719219	0.000000	0.000001	-51.553170	0.002000	1.216755	3.997731	-0.999955	0.000000
2.228056	1.000104	6117.442019	4078.719219	-0.000000	0.000001	-51.553170	0.002000	1.216755	3.997731	-0.999955	0.000000
2.248056	1.000104	6117.442019	4078.719219	-0.000000	0.000000	-51.553170	0.002000	1.216755	3.997731	-0.999955	0.000000
2.268056	1.000104	6117.442019	4078.719219	-0.000000	0.000000	-51.553170	0.002000	1.216755	3.997731	-0.999955	0.000000
2.288056	1.000104	6117.442019	4078.719219	0.000000	-0.000001	-51.553170	0.002000	1.216755	3.997731	-0.999955	0.000000
2.308056	1.000104	6117.442019	4078.719219	-0.000000	0.000001	-51.553170	0.002000	1.216755	3.997731	-0.999955	0.000000
2.328056	1.000104	6117.442019	4078.719219	-0.000000	-0.000001	-51.553170	0.002000	1.216755	3.997731	-0.999955	0.000000
2.348056	1.000104	6117.442019	4078.719219	0.000000	-0.000001	-51.553170	0.002000	1.216755	3.997731	-0.999955	0.000000
2.368056	1.000104	6117.442019	4078.719219	0.000000	-0.000000	-51.553170	0.002000	1.216755	3.997731	-0.999955	0.000000
2.388056	1.000104	6117.442019	4078.719219	0.000000	0.000000	-51.553170	0.002000	1.216755	3.997731	-0.999955	0.000000
2.408056	1.000104	6117.442019	4078.719219	0.000000	0.000001	-51.553170	0.002000	1.216755	3.997731	-0.999955	0.000000
2.428056	1.000104	6117.442019	4078.719219	-0.000000	0.000000	-51.553170	0.002000	1.216755	3.997731	-0.999955	0.000000
2.448056	1.000104	6117.442019	4078.719219	-0.000000	0.000001	-51.553170	0.002000	1.216755	3.997731	-0.999955	0.000000
2.468056	1.000104	6117.442019	4078.719219	-0.000000	-0.000000	-51.553170	0.002000	1.216755	3.997731	-0.999955	0.000000
2.488056	1.000104	6117.442019	4078.719219	-0.000000	-0.000002	-51.553170	0.002000	1.216755	3.997731	-0.999955	0.000000
2.508056	1.000104	6117.442019	4078.719219	0.000000	-0.000000	-51.553170	0.002000	1.216755	3.997731	-0.999955	0.000000
2.528056	1.000104	6117.442019	4078.719219	0.000000	0.000001	-51.553170	0.002000	1.216755	3.997731	-0.999955	0.000000
2.548056	1.000104	6117.442019	4078.719219	-0.000000	0.000000	-51.553170	0.002000	1.216755	3.997731	-0.999955	0.000000
2.568056	1.000104	6117.442019	4078.719219	-0.000000	0.000000	-51.553170	0.002000	1.216755	3.997731	-0.999955	0.000000
2.588056	1.000104	6117.442019	4078.719219	-0.000000	0.000000	-51.553170	0.002000	1.216755	3.997731	-0.999955	0.000000
2.608056	1.000104	6117.442019	4078.719219	0.000000	0.000000	-51.553170	0.002000	1.216755	3.997731	-0.999955	0.000000
2.628056	1.000104	6117.442019	4078.719219	0.000000	0.000000	-51.553170	0.002000	1.216755	3.997731	-0.999955	0.000000
2.648056	1.000104	6117.442019	4078.719219	0.000000	0.000000	-51.553170	0.002000	1.216755	3.997731	-0.999955	0.000000
2.668056	1.000104	6117.442019	4078.719219	0.000000	0.000000	-51.553170	0.002000	1.216755	3.997731	-0.999955	0.000000
2.688056	1.000104	6117.442019	4078.719219	0.000000	0.000000	-51.553170	0.002000	1.216755	3.997731	-0.999955	0.000000
2.708056	1.000104	6117.442019	4078.719219	0.000000	0.000000	-51.553170	0.002000	1.216755	3.997731	-0.999955	0.000000
2.728056	1.000104	6117.442019	4078.719219	0.000000	0.000000	-51.553170	0.002000	1.216755	3.997731	-0.999955	0.000000
2.748056	1.000104	6117.442019	4078.719219	0.000000	0.000000	-51.553170	0.002000	1.216755	3.997731	-0.999955	0.000000
2.768056	1.000104	6117.442019	4078.719219	0.000000	0.000000	-51.553170	0.002000	1.216755	3.997731	-0.999955	0.000000
2.788056	1.000104	6117.442019	4078.719219	0.000000	0.000000	-51.553170	0.002000	1.216755	3.997731	-0.999955	0.000000
2.808056	1.000104	6117.442019	4078.719219	0.000000	0.000000	-51.553170	0.002000	1.216755	3.997731	-0.999955	0.000000
2.828056	1.000104	6117.442019	4078.719219	0.000000	0.000000	-51.553170	0.002000	1.216755	3.997731	-0.999955	0.000000
2.848056	1.000104	6117.442019	4078.719219	0.000000	0.000000	-51.553170	0.002000	1.216755	3.997731	-0.999955	0.000000
2.868056	1.000104	6117.442019	4078.719219	0.000000	0.000000	-51.553170	0.002000	1.216755	3.997731	-0.999955	0.000000
2.888056	1.000104	6117.442019	4078.719219	0.000000	0.000000	-51.553170	0.002000	1.216755	3.997731	-0.999955	0.000000
2.908056	1.000104	6117.442019	4078.719219	0.000000	0.000000	-51.553170	0.002000	1.216755	3.997731	-0.999955	0.000000
2.928056	1.000104	6117.442019	4078.719219	0.000000	0.000000	-51.553170	0.002000	1.216755	3.997731	-0.999955	0.000000
2.948056	1.000104	6117.442019	4078.719219	0.000000	0.000000	-51.553170	0.002000	1.216755	3.997731	-0.999955	0.000000
2.968056	1.000104	6117.442019	4078.719219	0.000000	0.000000	-51.553170	0.002000	1.216755	3.997731	-0.999955	0.000000
2.988056	1.000104	6117.442019	4078.719219	0.000000	0.000000	-51.553170	0.002000	1.216755	3.997731	-0.999955	0.000000
3.008056	1.000104	6117.442019	4078.719219	0.000000	-0.000000	-51.553170	0.002000	1.216755	3.997731	-0.999955	0.000000
3.028056	1.000104	6117.442019	4078.719219	0.000000	-0.000000	-51.553170	0.002000	1.216755	3.997731	-0.999955	0.000000
3.048056	1.000104	6117.442019	4078.719219	0.000000	-0.000000	-51.553170	0.002000	1.216755	3.997731	-0.999955	0.000000
3.068056	1.000104	6117.442019	4078.719219	0.000000	-0.000000	-51.553170	0.002000	1.216755	3.997731	-0.999955	0.000000
3.088056	1.000104	6117.442019	4078.719219	0.000000	-0.000000	-51.553170	0.002000	1.216755	3.997731	-0.999955	0.000000
3.108056	1.000104	6117.442019	4078.719219	0.000000	-0.000000	-51.553170	0.002000	1.216755	3.997731	-0.999955	0.000000
3.128056	1.000104	6117.442019	4078.719219	-0.000000	-0.000000	-51.553170	0.002000	1.216755	3.997731	-0.999955	0.000000
3.148056	1.000104	6117.442019	4078.719219	-0.000000	-0.000000	-51.553170	0.002000	1.216755	3.997731	-0.999955	0.000000
3.168056	1.000104	6117.442019	4078.719219	-0.000000	-0.000000	-51.553170	0.002000	1.216755	3.997731	-0.999955	0.000000
3.188056	1.000104	6117.442019	4078.719219	-0.000000	-0.000000	-51.553170	0.002000	1.216755	3.997731	-0.999955	0.000000
3.208056	1.000104	6117.442019	4078.719219	0.000000	-0.000001	-51.553170	0.002000	1.216755	3.997731	-0.999955	0.000000
3.228056	1.000104	6117.442019	4078.719219	0.000000	0.000001	-51.553170	0.002000	1.216755	3.997731	-0.999955	0.000000
3.248056	1.000104	6117.442019	4078.719219	-0.000000	0.000001	-51.553170	0.002000	1.216755	3.997731	-0.999955	0.000000
3.268056	1.000104	6117.442019	4078.719219	-0.000000	0.000000	-51.553170	0.002000	1.216755	3.997731	-0.999955	0.000000
3.288056	1.000104	6117.442019	4078.719219	-0.000000	-0.000001	-51.553170	0.002000	1.216755	3.997731	-0.999955	0.000000
3.308056	1.000104	6117.442019	4078.719219	0.000000	-0.000001	-51.553170	0.002000	1.216755	3.997731	-0.999955	0.000000
3.328056	1.000104	6117.442019	4078.719219	0.000000	0.000001	-51.553170	0.002000	1.216755	3.997731	-0.999955	0.000000
3.348056	1.000104	6117.442019	4078.719219	0.000000	0.000001	-51.553170	0.002000	1.216755	3.997731	-0.999955	0.000000
3.368056	1.000104	6117.442019	4078.719219	-0.000000	0.000000	-51.553170	0.002000	1.216755	3.997731	-0.999955	0.000000
3.388056	1.000104	6117.442019	4078.719219	-0.000000	0.000000	-51.553170	0.002000	1.216755	3.997731	-0.999955	0.000000
3.408056	1.000104	6117.442019	4078.719219	-0.000000	-0.000001	-51.553170	0.002000	1.216755	3.997731	-0.999955	0.000000
3.428056	1.000104	6117.442019	4078.719219	0.000000	-0.000001	-51.553170	0.002000	1.216755	3.997731	-0.999955	0.000000
3.448056	1.000104	6117.442019	4078.719219	0.000000	0.000001	-51.553170	0.002000	1.216755	3.997731	-0.999955	0.000000
3.468056	1.000104	6117.442019	4078.719219	0.000000	0.000001	-51.553170	0.002000	1.216755	3.997731	-0.999955	0.000000
3.488056	1.000104	6117.442019	4078.719219	-0.000000	0.000001	-51.553170	0.002000	1.216755	3.997731	-0.999955	0.000000
3.508056	1.000104	6117.442019	4078.719219	-0.000000	-0.000001	-51.553170	0.002000	1.216755	3.997731	-0.999955	0.000000
3.528056	1.000104	6117.442019	4078.719219	0.000000	-0.000001	-51.553170	0.002000	1.216755	3.997731	-0.999955	0.000000
3.548056	1.000104	6117.442019	4078.719219	-0.000000	0.000000	-51.553170	0.002000	1.216755	3.997731	-0.999955	0.000000
3.568056	1.000104	6117.442019	4078.719219	0.000000	-0.000000	-51.553170	0.002000	1.216755	3.997731	-0.999955	0.000000
3.588056	1.000104	6117.442019	4078.719219	-0.000000	0.000001	-51.553170	0.002000	1.216755	3.997731	-0.999955	0.000000
3.608056	1.000104	6117.442019	4078.719219	-0.000000	-0.000001	-51.553170	0.002000	1.216755	3.997731	-0.999955	0.000000
3.628056	1.000104	6117.442019	4078.719219	0.000000	-0.000001	-51.553170	0.002000	1.216755	3.997731	-0.999955	0.000000
3.648056	1.000104	6117.442019	4078.719219	0.000000	0.000001	-51.553170	0.002000	1.216755	3.997731	-0.999955	0.000000
3.668056	1.000104	6117.442019	4078.719219	-0.000000	0.000000	-51.553170	0.002000	1.216755	3.997731	-0.999955	0.000000
3.688056	1.000104	6117.442019	4078.719219	0.000000	-0.000001	-51.553170	0.002000	1.216755	3.997731	-0.999955	0.000000
3.708056	1.000104	6117.442019	4078.719219	0.000000	0.000001	-51.553170	0.002000	1.216755	3.997731	-0.999955	0.000000
3.728056	1.000104	6117.442019	4078.719219	-0.000000	0.000001	-51.553170	0.002000	1.216755	3.997731	-0.999955	0.000000
3.748056	1.000104	6117.442019	4078.719219	0.000000	-0.000001	-51.553170	0.002000	1.216755	3.997731	-0.999955	0.000000
3.768056	1.000104	6117.442019	4078.719219	0.000000	0.000001	-51.553170	0.002000	1.216755	3.997731	-0.999955	0.000000
3.788056	1.000104	6117.442019	4078.719219	-0.000000	0.000001	-51.553170	0.002000	1.216755	3.997731	-0.999955	0.000000
3.808056	1.000104	6117.442019	4078.719219	-0.000000	-0.000001	-51.553170	0.002000	1.216755	3.997731	-0.999955	0.000000
3.828056	1.000104	6117.442019	4078.719219	0.000000	-0.000001	-51.553170	0.002000	1.216755	3.997731	-0.999955	0.000000
3.848056	1.000104	6117.442019	4078.719219	0.000000	0.000001	-51.553170	0.002000	1.216755	3.997731	-0.999955	0.000000
3.868056	1.000104	6117.442019	4078.719219	-0.000000	0.000001	-51.553170	0.002000	1.216755	3.997731	-0.999955	0.000000
3.888056	1.000104	6117.442019	4078.719219	-0.000000	0.000000	-51.553170	0.002000	1.216755	3.997731	-0.999955	0.000000
3.908056	1.000104	6117.442019	4078.719219	-0.000000	0.000000	-51.553170	0.002000	1.216755	3.997731	-0.999955	0.000000
3.928056	1.000104	6117.442019	4078.719219	-0.000000	-0.000000	-51.553170	0.002000	1.216755	3.997731	-0.999955	0.000000
3.948056	1.000104	6117.442019	4078.719219	-0.000000	-0.000000	-51.553170	0.002000	1.216755	3.997731	-0.999955	0.000000
3.968056	1.000104	6117.442019	4078.719219	-0.000000	-0.000001	-51.553170	0.002000	1.216755	3.997731	-0.999955	0.000000
3.988056	1.000104	6117.442019	4078.719219	0.000000	0.000000	-51.553170	0.002000	1.216755	3.997731	-0.999955	0.000000
4.008056	1.000104	6117.442019	4078.719219	0.000000	-0.000000	-51.553170	0.002000	1.216755	3.997731	-0.999955	0.000000
4.028056	1.000104	6117.442019	4078.719219	0.000000	0.000001	-51.553170	0.002000	1.216755	3.997731	-0.999955	0.000000
4.048056	1.000104	6117.442019	4078.719219	-0.000000	0.000001	-51.553170	0.002000	1.216755	3.997731	-0.999955	0.000000
4.068056	1.000104	6117.442019	4078.719219	-0.000000	0.000001	-51.553170	0.002000	1.216755	3.997731	-0.999955	0.000000
4.088056	1.000104	6117.442019	4078.719219	-0.000000	-0.000001	-51.553170	0.002000	1.216755	3.997731	-0.999955	0.000000
4.108056	1.000104	6117.442019	4078.719219	0.000000	-0.000001	-51.553170	0.002000	1.216755	3.997731	-0.999955	0.000000
4.128056	1.000104	6117.442019	4078.719219	0.000000	0.000001	-51.553170	0.002000	1.216755	3.997731	-0.999955	0.000000
4.148056	1.000104	6117.442019	4078.719219	0.000000	-0.000001	-51.553170	0.002000	1.216755	3.997731	-0.999955	0.000000
4.168056	1.000104	6117.442019	4078.719219	0.000000	-0.000001	-51.553170	0.002000	1.216755	3.997731	-0.999955	0.000000
4.188056	1.000104	6117.442019	4078.719219	0.000000	0.000001	-51.553170	0.002000	1.216755	3.997731	-0.999955	0.000000
4.208056	1.000104	6117.442019	4078.719219	-0.000000	0.000001	-51.553170	0.002000	1.216755	3.997731	-0.999955	0.000000
4.228056	1.000104	6117.442019	4078.719219	-0.000000	-0.000001	-51.553170	0.002000	1.216755	3.997731	-0.999955	0.000000
4.248056	1.000104	6117.442019	4078.719219	-0.000000	-0.000001	-51.553170	0.002000	1.216755	3.997731	-0.999955	0.000000
4.268056	1.000104	6117.442019	4078.719219	-0.000000	-0.000001	-51.553170	0.002000	1.216755	3.997731	-0.999955	0.000000
4.288056	1.000104	6117.442019	4078.719219	0.000000	-0.000002	-51.553170	0.002000	1.216755	3.997731	-0.999955	0.000000
4.308056	1.000104	6117.442019	4078.719219	-0.000000	0.000000	-51.553170	0.002000	1.216755	3.997731	-0.999955	0.000000
4.328056	1.000104	6117.442019	4078.719219	-0.000000	-0.000001	-51.553170	0.002000	1.216755	3.997731	-0.999955	0.000000
4.348056	1.000104	6117.442019	4078.719219	0.000000	-0.000001	-51.553170	0.002000	1.216755	3.997731	-0.999955	0.000000
4.368056	1.000104	6117.442019	4078.719219	0.000000	0.000001	-51.553170	0.002000	1.216755	3.997731	-0.999955	0.000000
4.388056	1.000104	6117.442019	4078.719219	0.000000	0.000002	-51.553170	0.002000	1.216755	3.997731	-0.999955	0.000000
4.408056	1.000104	6117.442019	4078.719219	-0.000000	0.000001	-51.553170	0.002000	1.216755	3.997731	-0.999955	0.000000
4.428056	1.000104	6117.442019	4078.719219	-0.000000	-0.000001	-51.553170	0.002000	1.216755	3.997731	-0.999955	0.000000
4.448056	1.000104	6117.442019	4078.719219	-0.000000	0.000000	-51.553170	0.002000	1.216755	3.997731	-0.999955	0.000000
4.468056	1.000104	6117.442019	4078.719219	0.000000	-0.000001	-51.553170	0.002000	1.216755	3.997731	-0.999955	0.000000
4.488056	1.000104	6117.442019	4078.719219	0.000000	-0.000001	-51.553170	0.002000	1.216755	3.997731	-0.999955	0.000000
4.508056	1.000104	6117.442019	4078.719219	0.000000	0.000001	-51.553170	0.002000	1.216755	3.997731	-0.999955	0.000000
4.528056	1.000104	6117.442019	4078.719219	-0.000000	-0.000001	-51.553170	0.002000	1.216755	3.997731	-0.999955	0.000000
4.548056	1.000104	6117.442019	4078.719219	-0.000000	-0.000001	-51.553170	0.002000	1.216755	3.997731	-0.999955	0.000000
4.568056	1.000104	6117.442019	4078.719219	0.000000	-0.000001	-51.553170	0.002000	1.216755	3.997731	-0.999955	0.000000
4.588056	1.000104	6117.442019	4078.719219	-0.000000	0.000001	-51.553170	0.002000	1.216755	3.997731	-0.999955	0.000000
4.608056	1.000104	6117.442019	4078.719219	-0.000000	0.000001	-51.553170	0.002000	1.216755	3.997731	-0.999955	0.000000
4.628056	1.000104	6117.442019	4078.719219	0.000000	0.000001	-51.553170	0.002000	1.216755	3.997731	-0.999955	0.000000
4.648056	1.000104	6117.442019	4078.719219	0.000000	0.000002	-51.553170	0.002000	1.216755	3.997731	-0.999955	0.000000
4.668056	1.000104	6117.442019	4078.719219	0.000000	0.000001	-51.553170	0.002000	1.216755	3.997731	-0.999955	0.000000
4.688056	1.000104	6117.442019	4078.719219	-0.000000	-0.000001	-51.553170	0.002000	1.216755	3.997731	-0.999955	0.000000
4.708056	1.000104	6117.442019	4078.719219	-0.000000	-0.000001	-51.553170	0.002000	1.216755	3.997731	-0.999955	0.000000
4.728056	1.000104	6117.442019	4078.719219	-0.000000	-0.000001	-51.553170	0.002000	1.216755	3.997731	-0.999955	0.000000
4.748056	1.000104	6117.442019	4078.719219	-0.000000	-0.000001	-51.553170	0.002000	1.216755	3.997731	-0.999955	0.000000
4.768056	1.000104	6117.442019	4078.719219	0.000000	-0.000001	-51.553170	0.002000	1.216755	3.997731	-0.999955	0.000000
4.788056	1.000104	6117.442019	4078.719219	0.000000	0.000002	-51.553170	0.002000	1.216755	3.997731	-0.999955	0.000000
4.808056	1.000104	6117.442019	4078.719219	0.000000	0.000003	-51.553170	0.002000	1.216755	3.997731	-0.999955	0.000000
4.828056	1.000104	6117.442019	4078.719219	-0.000000	0.000004	-51.553170	0.002000	1.216755	3.997731	-0.999955	0.000000
4.848056	1.000104	6117.442019	4078.719219	-0.000000	0.000001	-51.553170	0.002000	1.216755	3.997731	-0.999955	0.000000
4.868056	1.000104	6117.442019	4078.719219	-0.000000	-0.000004	-51.553170	0.002000	1.216755	3.997731	-0.999955	0.000000
4.888056	1.000104	6117.442019	4078.719219	-0.000000	-0.000002	-51.553170	0.002000	1.216755	3.997731	-0.999955	0.000000
4.908056	1.000104	6117.442019	4078.719219	-0.000000	-0.000003	-51.553170	0.002000	1.216755	3.997731	-0.999955	0.000000
4.928056	1.000104	6117.442019	4078.719219	0.000000	-0.000003	-51.553170	0.002000	1.216755	3.997731	-0.999955	0.000000
4.948056	1.000104	6117.442019	4078.719219	0.000000	-0.000001	-51.553170	0.002000	1.216755	3.997731	-0.999955	0.000000
4.968056	1.000104	6117.442019	4078.719219	0.000000	0.000003	-51.553170	0.002000	1.216755	3.997731	-0.999955	0.000000
4.988056	1.000104	6117.442019	4078.719219	-0.000000	0.000006	-51.553170	0.002000	1.216755	3.997731	-0.999955	0.000000
5.008056	1.000104	6117.442019	4078.719219	-0.000000	0.000002	-51.553170	0.002000	1.216755	3.997731	-0.999955	0.000000
5.028056	1.000104	6117.442019	4078.719219	-0.000000	0.000003	-51.553170	0.002000	1.216755	3.997731	-0.999955	0.000000
5.048056	1.000104	6117.442019	4078.719219	-0.000000	0.000009	-51.553170	0.002000	1.216755	3.997731	-0.999955	0.000000
5.068056	1.000104	6117.442019	4078.719219	-0.000000	0.000019	-51.553170	0.002000	1.216755	3.997731	-0.999955	0.000000
5.088056	1.000104	6117.442019	4078.719219	-0.000001	0.000033	-51.553170	0.002000	1.216755	3.997731	-0.999955	0.000000
5.108056	1.000104	6117.442019	4078.719220	-0.000001	0.000030	-51.553170	0.002000	1.216755	3.997731	-0.999955	0.000000
5.128056	1.000104	6117.442019	4078.719220	-0.000000	-0.000058	-51.553170	0.002000	1.216755	3.997731	-0.999955	0.000000
5.148056	1.000104	6117.442019	4078.719220	0.000004	-0.000499	-51.553170	0.002000	1.216755	3.997731	-0.999955	0.000000
5.168056	1.000104	6117.442019	4078.719219	0.000022	-0.002168	-51.553170	0.002000	1.216755	3.997731	-0.999955	0.000000
5.188056	1.000104	6117.442019	4078.719219	0.000087	-0.007621	-51.553170	0.002000	1.216755	3.997731	-0.999955	0.000000
5.208056	1.000104	6117.442019	4078.719219	0.000291	-0.024083	-51.553170	0.002000	1.216755	3.997731	-0.999955	0.000000
5.228056	1.000104	6117.442018	4078.719219	0.000896	-0.071106	-51.553170	0.002000	1.216755	3.997731	-0.999955	0.000000
5.248056	1.000104	6117.442017	4078.719217	0.002593	-0.199638	-51.553170	0.002000	1.216755	3.997731	-0.999955	0.000000
5.268056	1.000104	6117.442012	4078.719212	0.007165	-0.537957	-51.553170	0.002000	1.216755	3.997731	-0.999955	0.000000
5.288056	1.000104	6117.441999	4078.719198	0.019042	-1.399373	-51.553170	0.002000	1.216755	3.997731	-0.999955	0.000000
5.308056	1.000104	6117.441966	4078.719160	0.048920	-3.526737	-51.553170	0.002000	1.216755	3.997731	-0.999955	0.000000
5.328056	1.000104	6117.441883	4078.719065	0.121826	-8.634210	-51.553170	0.002000	1.216755	3.997731	-0.999955	0.000000
5.348056	1.000104	6117.441678	4078.718829	0.294800	-20.545039	-51.553170	0.002000	1.216755	3.997731	-0.999955	0.000000
5.368056	1.000104	6117.441189	4078.718258	0.693790	-47.584588	-51.553169	0.002000	1.216755	3.997730	-0.999955	0.000000
5.388056	1.000104	6117.440055	4078.716919	1.589170	-107.326799	-51.553167	0.002000	1.216755	3.997730	-0.999955	0.000000
5.408056	1.000103	6117.437492	4078.713861	3.544166	-235.785265	-51.553162	0.002000	1.216755	3.997730	-0.999955	0.000000
5.428056	1.000103	6117.431850	4078.707061	7.696515	-504.513176	-51.553151	0.002000	1.216755	3.997730	-0.999956	0.000000
5.448056	1.000101	6117.419761	4078.692333	16.272238	-1051.167168	-51.553127	0.002000	1.216755	3.997729	-0.999956	0.000000
5.468056	1.000097	6117.394535	4078.661273	33.483299	-2131.756888	-51.553078	0.002000	1.216755	3.997727	-0.999958	0.000000
5.488056	1.000090	6117.343306	4078.597515	67.022364	-4205.607672	-51.552975	0.002000	1.216755	3.997724	-0.999961	0.000000
5.508057	1.000075	6117.242114	4078.470181	130.418727	-8065.751336	-51.552770	0.002000	1.216755	3.997717	-0.999968	0.000000
5.528058	1.000045	6117.047816	4078.222925	246.517714	-15025.590818	-51.552369	0.002000	1.216755	3.997703	-0.999980	0.000000
5.548059	0.999989	6116.685463	4077.756461	452.220381	-27163.478090	-51.551612	0.002000	1.216755	3.997677	-1.000004	0.000000
5.568062	0.999884	6116.029707	4076.902227	804.276998	-47605.819384	-51.550221	0.002000	1.216755	3.997631	-1.000049	0.000000
5.588068	0.999696	6114.879227	4075.385160	1385.284230	-80793.535572	-51.547745	0.002001	1.216755	3.997551	-1.000130	0.000000
5.608078	0.999370	6112.924457	4072.775098	2308.100881	-132629.133907	-51.543474	0.002001	1.216755	3.997413	-1.000271	0.000000
5.628096	0.998819	6109.711200	4068.429511	3715.889615	-210356.860953	-51.536350	0.002002	1.216755	3.997186	-1.000508	0.000000
5.648128	0.997923	6104.606015	4061.435310	5774.436284	-322016.177103	-51.524862	0.002004	1.216755	3.996826	-1.000895	0.000000
5.668182	0.996511	6096.772770	4050.563587	8654.077852	-475367.622696	-51.506971	0.002007	1.216755	3.996272	-1.001505	0.000000
5.688270	0.994367	6085.171750	4034.256202	12501.140002	-676345.847321	-51.480076	0.002011	1.216755	3.995450	-1.002435	0.000000
5.708409	0.991221	6068.591288	4010.663730	17403.142087	-927323.944134	-51.441058	0.002018	1.216755	3.994271	-1.003803	0.000000
5.728624	0.986766	6045.715633	3977.747316	23356.630504	-1225682.360744	-51.386413	0.002027	1.216755	3.992638	-1.005749	0.000000
5.748945	0.980677	6015.222481	3933.441727	30248.708455	-1563226.212133	-51.312471	0.002039	1.216755	3.990451	-1.008426	0.000000
5.769411	0.972629	5975.892999	3875.857143	37860.799319	-1926792.011374	-51.215663	0.002056	1.216755	3.987611	-1.011991	0.000000
5.790069	0.962334	5926.710989	3803.481145	45895.860414	-2299976.620019	-51.092771	0.002078	1.216755	3.984031	-1.016598	0.000000
5.810975	0.949557	5866.930088	3715.338446	54021.822100	-2665508.300289	-50.941125	0.002106	1.216755	3.979638	-1.022388	0.000000
5.832193	0.934135	5796.097717	3611.075871	61918.218648	-3007561.823070	-50.758689	0.002141	1.216755	3.974373	-1.029484	0.000000
5.853796	0.915982	5714.036200	3490.963929	69313.645845	-3313461.112195	-50.544033	0.002183	1.216755	3.968189	-1.037992	0.000000
5.875866	0.895083	5620.795984	3355.824936	76007.507445	-3574455.878749	-50.296217	0.002234	1.216755	3.961052	-1.048001	0.000000
5.898494	0.871482	5516.587262	3206.917528	81873.821833	-3785708.298101	-50.014613	0.002295	1.216755	3.952932	-1.059592	0.000000
5.921779	0.845265	5401.712626	3045.806428	86854.749457	-3945786.346371	-49.698698	0.002366	1.216755	3.943799	-1.072845	0.000000
5.945837	0.816552	5276.462661	2874.227883	90944.446271	-4055904.772192	-49.347877	0.002449	1.216755	3.933616	-1.087843	0.000000
5.970795	0.785489	5140.966997	2693.975754	94172.597999	-4119693.731209	-48.961277	0.002546	1.216755	3.922323	-1.104678	0.000000
5.996802	0.752242	4994.909971	2506.725980	96591.541178	-4142496.839069	-48.537699	0.002659	1.216755	3.909810	-1.123452	0.000000
6.024025	0.717012	4837.032208	2313.865323	98254.015100	-4131716.416100	-48.075425	0.002789	1.216755	3.895865	-1.144275	0.000000
6.052662	0.679966	4664.675990	2116.174191	99224.215838	-4094770.973334	-47.572246	0.002941	1.216755	3.880111	-1.167308	0.000000
6.082948	0.641171	4473.399909	1913.652983	99542.825561	-4035989.750648	-47.025127	0.003119	1.216755	3.861931	-1.192816	0.000000
6.115172	0.600307	4258.834167	1705.785301	99276.250347	-3951330.262983	-46.429124	0.003332	1.216755	3.840588	-1.221412	0.000000
6.149744	0.556441	4020.405595	1492.647050	98481.738758	-3820713.418150	-45.776157	0.003594	1.216755	3.815570	-1.254361	0.000000
6.187290	0.508005	3769.117534	1277.567270	97221.025475	-3623841.609655	-45.048800	0.003937	1.216755	3.787542	-1.293906	0.000000
6.228862	0.453124	3529.955256	1067.253898	95642.945365	-3345886.018712	-44.219280	0.004414	1.216755	3.759069	-1.343550	0.000000
6.276298	0.391210	3340.060507	871.866170	93626.420829	-3018727.875392	-43.231574	0.005112	1.216755	3.735048	-1.407346	0.000000
6.332611	0.322460	3238.638272	696.825441	91685.263636	-2669855.345895	-42.000261	0.006202	1.216755	3.721644	-1.491268	0.000000
6.403784	0.250930	3262.540452	546.255544	88997.826109	-2354441.041892	-40.354591	0.007970	1.216755	3.724823	-1.600175	0.000000
6.499593	0.171829	3453.992109	396.009065	88485.507906	-2024783.973293	-37.942859	0.011639	1.216755	3.749568	-1.764611	0.000000
6.673841	0.097093	4545.110375	294.439522	85930.879521	-1527495.344458	-33.132635	0.020599	1.216755	3.868754	-2.012507	0.000000
-0.002980	3.358604	102773.028856	230116.651009	10.047555	0.000000	0.000839	0.000595	0.000000	5.223043	-0.473844	0.000000
-0.008933	3.366011	102524.860273	230066.758085	28.890076	0.000000	0.002439	0.000594	0.000000	5.221993	-0.472887	0.000000
-0.014867	3.380380	102046.924345	229971.759456	44.129037	0.000000	0.003809	0.000592	0.000000	5.219963	-0.471037	0.000000
-0.020769	3.400888	101373.702971	229840.503166	53.895875	0.000000	0.004828	0.000588	0.000000	5.217088	-0.468409	0.000000
-0.026632	3.426365	100551.858406	229684.937146	57.041646	0.000000	0.005415	0.000584	0.000000	5.213552	-0.465167	0.000000
-0.032446	3.455381	99635.389722	229518.789874	53.307995	0.000000	0.005538	0.000579	0.000000	5.209574	-0.461504	0.000000
-0.038210	3.486355	98680.203931	229356.055520	43.366658	0.000000	0.005216	0.000574	0.000000	5.205389	-0.457627	0.000000
-0.043921	3.517675	97739.136037	229209.514391	28.731958	0.000000	0.004513	0.000569	0.000000	5.201227	-0.453743	0.000000
-0.049582	3.547825	96857.790051	229089.463303	11.541307	0.000000	0.003527	0.000564	0.000000	5.197293	-0.450036	0.000000
-0.055197	3.575503	96071.648258	229002.805212	-5.763890	0.000000	0.002379	0.000559	0.000000	5.193753	-0.446661	0.000000
-0.060770	3.599716	95404.506787	228952.592304	-20.811456	0.000000	0.001192	0.000556	0.000000	5.190727	-0.443730	0.000000
-0.066309	3.619835	94868.224785	228938.054698	-31.663000	0.000000	0.000083	0.000553	0.000000	5.188279	-0.441309	0.000000
-0.071821	3.635610	94463.587911	228955.079894	-37.106622	0.000000	-0.000854	0.000550	0.000000	5.186423	-0.439421	0.000000
-0.077312	3.647145	94182.051499	228997.049038	-36.823148	0.000000	-0.001557	0.000548	0.000000	5.185128	-0.438046	0.000000
-0.082788	3.654833	94008.066326	229055.891184	-31.394040	0.000000	-0.001995	0.000547	0.000000	5.184325	-0.437132	0.000000
-0.088256	3.659269	93921.689976	229123.194510	-22.149108	0.000000	-0.002173	0.000547	0.000000	5.183927	-0.436606	0.000000
-0.093720	3.661154	93901.184572	229191.216827	-10.885812	0.000000	-0.002123	0.000546	0.000000	5.183832	-0.436382	0.000000
