0.002979	3.359400	102745.383191	230109.259483	9.781660	-2456524.597166	-0.000825	0.000595	1.216755	5.222927	-0.473741	0.000000
0.008931	3.366735	102499.897689	230060.211166	28.118304	-2218757.379373	-0.002398	0.000594	1.216755	5.221887	-0.472794	0.000000
0.014864	3.380968	102026.993676	229966.795436	42.925938	-1772821.046310	-0.003747	0.000592	1.216755	5.219878	-0.470961	0.000000
0.020765	3.401288	101360.539630	229837.663960	52.388748	-1173018.209307	-0.004752	0.000588	1.216755	5.217031	-0.468358	0.000000
0.026627	3.426545	100546.396732	229684.501656	55.403132	-490241.367765	-0.005335	0.000584	1.216755	5.213528	-0.465144	0.000000
0.032442	3.455331	99637.688054	229520.740375	51.742615	198014.216665	-0.005463	0.000579	1.216755	5.209584	-0.461510	0.000000
0.038205	3.486089	98689.488841	229360.083319	42.081647	818186.359971	-0.005155	0.000574	1.216755	5.205430	-0.457661	0.000000
0.043918	3.517227	97753.949070	229215.065066	27.901172	1309687.950513	-0.004473	0.000569	1.216755	5.201293	-0.453798	0.000000
0.049579	3.547249	96876.209468	229095.816135	11.267334	1631503.412162	-0.003511	0.000564	1.216755	5.197375	-0.450106	0.000000
0.055195	3.574862	96091.549710	229009.175650	-5.476866	1765594.295334	-0.002387	0.000559	1.216755	5.193843	-0.446739	0.000000
0.060769	3.599076	95423.826602	228958.242036	-20.065843	1717110.953297	-0.001221	0.000556	1.216755	5.190815	-0.443807	0.000000
0.066309	3.619256	94885.192524	228942.391928	-30.651972	1511683.071905	-0.000128	0.000553	1.216755	5.188357	-0.441379	0.000000
0.071821	3.635140	94476.901858	228957.733714	-36.076400	1190414.292854	0.000802	0.000550	1.216755	5.186484	-0.439477	0.000000
0.077313	3.646813	94190.979402	228997.906139	-36.021567	803339.782849	0.001505	0.000548	1.216755	5.185169	-0.438085	0.000000
0.082790	3.654649	94012.464155	229055.090010	-31.017877	402257.506440	0.001951	0.000547	1.216755	5.184346	-0.437154	0.000000
0.088258	3.659225	93921.942593	229121.079913	-22.303421	33891.950712	0.002141	0.000547	1.216755	5.183928	-0.436611	0.000000
0.093722	3.661228	93898.083039	229188.265612	-11.565436	-265670.276439	0.002107	0.000546	1.216755	5.183818	-0.436374	0.000000
0.099184	3.661369	93919.915711	229250.399301	-0.616803	-474513.385454	0.001895	0.000546	1.216755	5.183919	-0.436357	0.000000
0.104648	3.660311	93968.651892	229303.069696	8.925605	-585962.264078	0.001568	0.000546	1.216755	5.184145	-0.436483	0.000000
0.110113	3.658616	94028.912842	229343.858261	15.896360	-607205.787668	0.001184	0.000547	1.216755	5.184423	-0.436684	0.000000
0.115582	3.656719	94089.327388	229372.205767	19.724311	-555945.540154	0.000799	0.000547	1.216755	5.184702	-0.436909	0.000000
0.121053	3.654921	94142.546952	229389.059018	20.445085	-455888.595385	0.000454	0.000547	1.216755	5.184947	-0.437123	0.000000
0.126527	3.653398	94184.798427	229396.391133	18.596441	-332044.113032	0.000175	0.000547	1.216755	5.185142	-0.437304	0.000000
0.132003	3.652227	94215.138491	229396.692126	15.034354	-206695.630170	-0.000025	0.000548	1.216755	5.185282	-0.437443	0.000000
0.137481	3.651407	94234.581534	229392.512244	10.720073	-96649.037634	-0.000149	0.000548	1.216755	5.185371	-0.437540	0.000000
0.142959	3.650892	94245.252148	229386.114456	6.526975	-11995.852816	-0.000207	0.000548	1.216755	5.185420	-0.437601	0.000000
0.148438	3.650612	94249.671363	229379.261850	3.103123	43714.370363	-0.000215	0.000548	1.216755	5.185440	-0.437635	0.000000
0.153917	3.650492	94250.236187	229373.137398	0.806492	72250.383334	-0.000191	0.000548	1.216755	5.185443	-0.437649	0.000000
0.159397	3.650468	94248.905469	229368.372310	-0.289434	78902.854297	-0.000150	0.000548	1.216755	5.185437	-0.437652	0.000000
0.164876	3.650487	94247.069345	229365.147456	-0.336686	70586.978637	-0.000106	0.000548	1.216755	5.185428	-0.437649	0.000000
0.170355	3.650517	94245.558003	229363.329925	0.374849	54214.414689	-0.000067	0.000548	1.216755	5.185421	-0.437646	0.000000
0.175834	3.650537	94244.737915	229362.611788	1.508808	35554.476121	-0.000037	0.000548	1.216755	5.185418	-0.437643	0.000000
0.181314	3.650541	94244.647231	229362.627656	2.757815	18649.664981	-0.000017	0.000548	1.216755	5.185417	-0.437643	0.000000
0.186793	3.650529	94245.132603	229363.038602	3.891878	5725.037534	-0.000008	0.000548	1.216755	5.185420	-0.437644	0.000000
0.192272	3.650505	94245.963260	229363.579935	4.777390	-2546.938000	-0.000005	0.000548	1.216755	5.185423	-0.437647	0.000000
0.197751	3.650476	94246.911179	229364.077571	5.371352	-6591.342402	-0.000008	0.000548	1.216755	5.185428	-0.437651	0.000000
0.203231	3.650448	94247.796580	229364.441778	5.699479	-7435.858713	-0.000012	0.000548	1.216755	5.185432	-0.437654	0.000000
0.208710	3.650424	94248.504603	229364.648070	5.827746	-6284.820921	-0.000017	0.000548	1.216755	5.185435	-0.437657	0.000000
0.214189	3.650406	94248.982101	229364.713818	5.835413	-4220.456688	-0.000022	0.000548	1.216755	5.185437	-0.437659	0.000000
0.219669	3.650396	94249.223621	229364.676706	5.794703	-2043.467874	-0.000026	0.000548	1.216755	5.185438	-0.437660	0.000000
0.225148	3.650394	94249.253970	229364.578424	5.759136	-232.236249	-0.000029	0.000548	1.216755	5.185439	-0.437661	0.000000
0.230628	3.650397	94249.112345	229364.454622	5.759956	1016.924374	-0.000030	0.000548	1.216755	5.185438	-0.437660	0.000000
0.236107	3.650406	94248.840514	229364.330466	5.808509	1708.756854	-0.000031	0.000548	1.216755	5.185437	-0.437659	0.000000
0.241586	3.650418	94248.475668	229364.220297	5.901866	1960.582187	-0.000032	0.000548	1.216755	5.185435	-0.437658	0.000000
0.247066	3.650433	94248.047287	229364.129659	6.029249	1928.055078	-0.000032	0.000548	1.216755	5.185433	-0.437656	0.000000
0.252545	3.650450	94247.576849	229364.058237	6.177553	1755.020094	-0.000033	0.000548	1.216755	5.185431	-0.437654	0.000000
0.258025	3.650469	94247.079107	229364.002657	6.335104	1548.012737	-0.000033	0.000548	1.216755	5.185429	-0.437652	0.000000
0.263504	3.650488	94246.563952	229363.958632	6.493553	1370.294337	-0.000034	0.000548	1.216755	5.185426	-0.437649	0.000000
0.268983	3.650508	94246.038161	229363.922274	6.648219	1248.140461	-0.000035	0.000548	1.216755	5.185424	-0.437647	0.000000
0.274462	3.650528	94245.506742	229363.890685	6.797486	1182.502693	-0.000036	0.000548	1.216755	5.185421	-0.437645	0.000000
0.279942	3.650548	94244.973771	229363.862035	6.941769	1160.971935	-0.000037	0.000548	1.216755	5.185419	-0.437642	0.000000
0.285421	3.650568	94244.442821	229363.835354	7.082479	1167.167796	-0.000038	0.000548	1.216755	5.185416	-0.437640	0.000000
0.290900	3.650588	94243.917095	229363.810233	7.221231	1186.577606	-0.000039	0.000548	1.216755	5.185414	-0.437637	0.000000
0.296379	3.650608	94243.399425	229363.786546	7.359365	1209.143016	-0.000041	0.000548	1.216755	5.185412	-0.437635	0.000000
0.301858	3.650627	94242.892217	229363.764247	7.497759	1229.527004	-0.000042	0.000548	1.216755	5.185409	-0.437633	0.000000
0.307337	3.650646	94242.397415	229363.743262	7.636825	1246.103635	-0.000043	0.000548	1.216755	5.185407	-0.437630	0.000000
0.312816	3.650664	94241.916498	229363.723449	7.776629	1259.528010	-0.000044	0.000548	1.216755	5.185405	-0.437628	0.000000
0.318295	3.650682	94241.450529	229363.704606	7.917027	1271.435418	-0.000046	0.000548	1.216755	5.185403	-0.437626	0.000000
0.323774	3.650699	94241.000210	229363.686502	8.057798	1283.526457	-0.000047	0.000548	1.216755	5.185401	-0.437624	0.000000
0.329253	3.650716	94240.565969	229363.668906	8.198718	1297.074509	-0.000048	0.000548	1.216755	5.185399	-0.437622	0.000000
0.334732	3.650732	94240.148028	229363.651614	8.339603	1312.770919	-0.000050	0.000548	1.216755	5.185397	-0.437620	0.000000
0.340211	3.650747	94239.746465	229363.634463	8.480327	1330.789214	-0.000051	0.000548	1.216755	5.185395	-0.437618	0.000000
0.345690	3.650761	94239.361264	229363.617334	8.620810	1350.945171	-0.000053	0.000548	1.216755	5.185393	-0.437617	0.000000
0.351169	3.650776	94238.992343	229363.600151	8.761002	1372.868177	-0.000054	0.000548	1.216755	5.185391	-0.437615	0.000000
0.356648	3.650789	94238.639573	229363.582870	8.900866	1396.135262	-0.000056	0.000548	1.216755	5.185390	-0.437613	0.000000
0.362127	3.650802	94238.302788	229363.565477	9.040363	1420.346845	-0.000057	0.000548	1.216755	5.185388	-0.437612	0.000000
0.367605	3.650814	94237.981785	229363.547976	9.179443	1445.149346	-0.000059	0.000548	1.216755	5.185387	-0.437611	0.000000
0.373084	3.650825	94237.676318	229363.530381	9.318035	1470.219069	-0.000061	0.000548	1.216755	5.185385	-0.437609	0.000000
0.378563	3.650836	94237.386095	229363.512713	9.456053	1495.234424	-0.000062	0.000548	1.216755	5.185384	-0.437608	0.000000
0.384042	3.650847	94237.110766	229363.494991	9.593413	1519.863648	-0.000064	0.000548	1.216755	5.185383	-0.437607	0.000000
0.389520	3.650857	94236.849919	229363.477228	9.730013	1543.779852	-0.000066	0.000548	1.216755	5.185381	-0.437605	0.000000
0.394999	3.650866	94236.603070	229363.459420	9.865731	1566.706918	-0.000067	0.000548	1.216755	5.185380	-0.437604	0.000000
0.400478	3.650875	94236.369667	229363.441548	10.000524	1588.499938	-0.000069	0.000548	1.216755	5.185379	-0.437603	0.000000
0.405957	3.650883	94236.149091	229363.423568	10.134299	1609.211323	-0.000071	0.000548	1.216755	5.185378	-0.437602	0.000000
0.411435	3.650891	94235.940673	229363.405419	10.266839	1629.101345	-0.000073	0.000548	1.216755	5.185377	-0.437601	0.000000
0.416914	3.650898	94235.743710	229363.387025	10.398226	1648.649275	-0.000075	0.000548	1.216755	5.185376	-0.437600	0.000000
0.422393	3.650905	94235.557493	229363.368307	10.528308	1668.445635	-0.000077	0.000548	1.216755	5.185375	-0.437600	0.000000
0.427871	3.650911	94235.381335	229363.349195	10.656334	1688.953687	-0.000078	0.000548	1.216755	5.185375	-0.437599	0.000000
0.433350	3.650918	94235.214595	229363.329640	10.782975	1710.554955	-0.000080	0.000548	1.216755	5.185374	-0.437598	0.000000
0.438829	3.650923	94235.056696	229363.309618	10.908064	1733.412163	-0.000082	0.000548	1.216755	5.185373	-0.437597	0.000000
0.444307	3.650929	94234.907132	229363.289138	11.028658	1756.976942	-0.000084	0.000548	1.216755	5.185372	-0.437597	0.000000
0.449786	3.650934	94234.765470	229363.268236	11.148550	1780.923111	-0.000086	0.000548	1.216755	5.185372	-0.437596	0.000000
0.455264	3.650939	94234.631332	229363.246951	11.268304	1805.183396	-0.000088	0.000548	1.216755	5.185371	-0.437596	0.000000
0.460743	3.650943	94234.504383	229363.225353	11.374977	1827.832945	-0.000090	0.000548	1.216755	5.185371	-0.437595	0.000000
0.466222	3.650948	94234.384315	229363.203496	11.486511	1849.140596	-0.000092	0.000548	1.216755	5.185370	-0.437595	0.000000
0.471700	3.650952	94234.270820	229363.181380	11.608417	1871.563473	-0.000094	0.000548	1.216755	5.185370	-0.437594	0.000000
0.477179	3.650956	94234.163592	229363.159084	11.680231	1888.879975	-0.000097	0.000548	1.216755	5.185369	-0.437594	0.000000
0.482657	3.650959	94234.062339	229363.136646	11.783008	1903.882071	-0.000099	0.000548	1.216755	5.185369	-0.437593	0.000000
0.488136	3.650962	94233.966722	229363.113868	11.952444	1929.781797	-0.000101	0.000548	1.216755	5.185368	-0.437593	0.000000
0.493615	3.650966	94233.876416	229363.090996	11.903549	1938.247395	-0.000103	0.000548	1.216755	5.185368	-0.437592	0.000000
0.499093	3.650969	94233.791188	229363.068161	11.998204	1939.326662	-0.000105	0.000548	1.216755	5.185367	-0.437592	0.000000
0.504572	3.650971	94233.710631	229363.044422	12.445605	1996.594177	-0.000107	0.000548	1.216755	5.185367	-0.437592	0.000000
0.510050	3.650974	94233.634406	229363.020856	11.902726	1979.922415	-0.000110	0.000548	1.216755	5.185367	-0.437591	0.000000
0.515529	3.650976	94233.562598	229362.998213	11.973669	1924.281085	-0.000112	0.000548	1.216755	5.185366	-0.437591	0.000000
0.521007	3.650979	94233.494490	229362.972030	13.825204	2138.225393	-0.000114	0.000548	1.216755	5.185366	-0.437591	0.000000
0.526486	3.650981	94233.429546	229362.946973	11.140890	2029.504019	-0.000117	0.000548	1.216755	5.185366	-0.437591	0.000000
0.531964	3.650983	94233.369241	229362.926984	10.990601	1708.190405	-0.000118	0.000548	1.216755	5.185365	-0.437590	0.000000
0.537443	3.650984	94233.311305	229362.890870	19.687374	2666.735369	-0.000121	0.000548	1.216755	5.185365	-0.437590	0.000000
0.542922	3.650986	94233.253925	229362.858548	7.604755	2218.160569	-0.000126	0.000548	1.216755	5.185365	-0.437590	0.000000
0.548400	3.650988	94233.204869	229362.850327	5.730388	628.534148	-0.000123	0.000548	1.216755	5.185365	-0.437590	0.000000
0.553879	3.650989	94233.154834	229362.765623	47.500089	5089.978028	-0.000131	0.000548	1.216755	5.185364	-0.437590	0.000000
0.559357	3.650989	94233.094890	229362.688094	-5.632789	3456.959126	-0.000144	0.000548	1.216755	5.185364	-0.437590	0.000000
0.564836	3.650991	94233.061940	229362.720157	-18.634464	-4169.547335	-0.000125	0.000548	1.216755	5.185364	-0.437589	0.000000
0.570314	3.650989	94233.015387	229362.383801	182.761568	16765.397070	-0.000156	0.000548	1.216755	5.185364	-0.437590	0.000000
0.575793	3.650986	94232.908336	229362.021379	-47.316496	11599.538858	-0.000213	0.000548	1.216755	5.185363	-0.437590	0.000000
0.581271	3.650988	94232.912371	229362.137487	-124.071229	-24405.228632	-0.000128	0.000548	1.216755	5.185363	-0.437590	0.000000
0.586750	3.650968	94232.848165	229360.452780	849.536344	74354.029386	-0.000269	0.000548	1.216755	5.185363	-0.437593	0.000000
0.592228	3.650945	94232.469191	229358.310785	-127.267249	63102.635167	-0.000566	0.000548	1.216755	5.185361	-0.437595	0.000000
0.597707	3.650940	94232.565853	229358.133544	-538.572003	-103834.179249	-0.000220	0.000548	1.216755	5.185362	-0.437596	0.000000
0.603186	3.650823	94232.342665	229348.992060	4188.238497	365597.266718	-0.000923	0.000548	1.216755	5.185360	-0.437612	0.000000
0.608665	3.650673	94230.510586	229335.784185	163.242353	381950.376687	-0.002545	0.000548	1.216755	5.185352	-0.437628	0.000000
0.614144	3.650582	94230.678695	229329.774474	-1865.759174	-373527.833718	-0.001284	0.000548	1.216755	5.185354	-0.437641	0.000000
0.619623	3.649915	94229.298132	229278.143292	21235.876971	1882655.150194	-0.004982	0.000548	1.216755	5.185344	-0.437729	0.000000
0.625104	3.648952	94219.644200	229196.155144	5454.789032	2342303.342772	-0.013977	0.000548	1.216755	5.185299	-0.437839	0.000000
0.630586	3.648102	94218.008350	229134.136665	-3703.166603	-955632.221687	-0.010411	0.000548	1.216755	5.185296	-0.437955	0.000000
0.636069	3.644236	94208.411927	228834.423142	110263.413274	10065934.967499	-0.030688	0.000549	1.216755	5.185235	-0.438462	0.000000
0.641563	3.638147	94155.469140	228324.685635	54356.896831	14544168.602429	-0.081436	0.000550	1.216755	5.184984	-0.439179	0.000000
0.647065	3.631531	94131.199940	227820.901509	17039.610240	1075820.443492	-0.079651	0.000551	1.216755	5.184893	-0.440047	0.000000
0.652574	3.609042	94062.576413	226065.896621	584946.405062	56839828.626236	-0.194176	0.000554	1.216755	5.184489	-0.443002	0.000000
0.658146	3.571484	93752.564380	222929.611662	443567.035630	97418522.042481	-0.487458	0.000560	1.216755	5.182991	-0.447572	0.000000
0.663776	3.527889	93497.121725	219452.639938	264174.021003	54695556.211432	-0.573627	0.000567	1.216755	5.181873	-0.453280	0.000000
0.669465	3.410931	92941.775842	210024.278061	3081904.497171	373498466.132084	-1.194832	0.000586	1.216755	5.178781	-0.469260	0.000000
0.675496	3.216494	90731.995385	192919.750678	3483769.919743	817539069.374916	-2.948416	0.000622	1.216755	5.167596	-0.494967	0.000000
0.681945	3.051741	87950.758730	177457.202766	336805.563347	725710608.696691	-3.736225	0.000655	1.216755	5.154187	-0.517841	0.000000
0.688580	2.756025	83955.320488	150373.610611	10873266.619995	2122276096.883179	-5.365137	0.000726	1.216755	5.131480	-0.567057	0.000000
0.696557	2.146050	69684.781335	93650.425860	33444844.784647	6566927397.591688	-15.055346	0.000932	1.216755	5.040232	-0.681471	0.000000
0.708383	1.534008	41523.417177	38529.427316	34169763.834344	7999755845.356263	-31.732160	0.001304	1.216755	4.800194	-0.827149	0.000000
0.724555	1.185242	18335.209876	13118.033746	18057452.654229	4294852157.351188	-44.123551	0.001687	1.216755	4.438604	-0.933483	0.000000
0.743292	1.050803	8608.503452	5714.052959	6021041.611792	1190875658.761592	-49.585904	0.001903	1.216755	4.125280	-0.981084	0.000000
0.762990	1.011559	6447.749823	4301.178945	1362752.810452	176440696.762412	-51.161924	0.001977	1.216755	4.016531	-0.995692	0.000000
0.782934	1.002282	6158.557052	4108.950814	244298.260855	21106319.446275	-51.488260	0.001995	1.216755	4.000136	-0.999153	0.000000
0.802925	1.000460	6123.110411	4083.084249	37310.114652	2801072.336591	-51.543980	0.001999	1.216755	3.998066	-0.999825	0.000000
0.822924	1.000155	6118.260159	4079.343770	4814.952415	404468.013611	-51.552054	0.002000	1.216755	3.997779	-0.999937	0.000000
0.842924	1.000110	6117.556794	4078.803357	537.417489	58163.695273	-51.553052	0.002000	1.216755	3.997737	-0.999953	0.000000
0.862924	1.000105	6117.457110	4078.729704	51.816650	7904.561267	-51.553159	0.002000	1.216755	3.997731	-0.999955	0.000000
0.882924	1.000104	6117.443857	4078.720425	4.253175	995.240826	-51.553169	0.002000	1.216755	3.997731	-0.999955	0.000000
0.902924	1.000104	6117.442226	4078.719348	0.301332	115.656578	-51.553170	0.002000	1.216755	3.997731	-0.999955	0.000000
0.922924	1.000104	6117.442041	4078.719233	0.022393	12.471247	-51.553170	0.002000	1.216755	3.997731	-0.999955	0.000000
0.942924	1.000104	6117.442021	4078.719221	0.002887	1.270752	-51.553170	0.002000	1.216755	3.997731	-0.999955	0.000000
0.962924	1.000104	6117.442020	4078.719220	0.000579	0.127565	-51.553170	0.002000	1.216755	3.997731	-0.999955	0.000000
0.982924	1.000104	6117.442019	4078.719220	0.000113	0.013540	-51.553170	0.002000	1.216755	3.997731	-0.999955	0.000000
1.002924	1.000104	6117.442019	4078.719220	0.000019	0.001624	-51.553170	0.002000	1.216755	3.997731	-0.999955	0.000000
1.022924	1.000104	6117.442019	4078.719219	0.000003	0.000220	-51.553170	0.002000	1.216755	3.997731	-0.999955	0.000000
1.042924	1.000104	6117.442019	4078.719219	0.000000	0.000031	-51.553170	0.002000	1.216755	3.997731	-0.999955	0.000000
1.062924	1.000104	6117.442019	4078.719219	0.000000	0.000003	-51.553170	0.002000	1.216755	3.997731	-0.999955	0.000000
1.082924	1.000104	6117.442019	4078.719219	0.000000	0.000002	-51.553170	0.002000	1.216755	3.997731	-0.999955	0.000000
1.102924	1.000104	6117.442019	4078.719219	-0.000000	0.000001	-51.553170	0.002000	1.216755	3.997731	-0.999955	0.000000
1.122924	1.000104	6117.442019	4078.719219	-0.000000	0.000000	-51.553170	0.002000	1.216755	3.997731	-0.999955	0.000000
1.142924	1.000104	6117.442019	4078.719219	0.000000	-0.000001	-51.553170	0.002000	1.216755	3.997731	-0.999955	0.000000
1.162924	1.000104	6117.442019	4078.719219	0.000000	0.000001	-51.553170	0.002000	1.216755	3.997731	-0.999955	0.000000
1.182924	1.000104	6117.442019	4078.719219	-0.000000	-0.000000	-51.553170	0.002000	1.216755	3.997731	-0.999955	0.000000
1.202924	1.000104	6117.442019	4078.719219	0.000000	-0.000001	-51.553170	0.002000	1.216755	3.997731	-0.999955	0.000000
1.222924	1.000104	6117.442019	4078.719219	0.000000	0.000001	-51.553170	0.002000	1.216755	3.997731	-0.999955	0.000000
1.242924	1.000104	6117.442019	4078.719219	-0.000000	0.000001	-51.553170	0.002000	1.216755	3.997731	-0.999955	0.000000
1.262924	1.000104	6117.442019	4078.719219	-0.000000	-0.000000	-51.553170	0.002000	1.216755	3.997731	-0.999955	0.000000
1.282924	1.000104	6117.442019	4078.719219	-0.000000	-0.000000	-51.553170	0.002000	1.216755	3.997731	-0.999955	0.000000
1.302924	1.000104	6117.442019	4078.719219	-0.000000	-0.000001	-51.553170	0.002000	1.216755	3.997731	-0.999955	0.000000
1.322924	1.000104	6117.442019	4078.719219	0.000000	-0.000000	-51.553170	0.002000	1.216755	3.997731	-0.999955	0.000000
1.342924	1.000104	6117.442019	4078.719219	0.000000	-0.000000	-51.553170	0.002000	1.216755	3.997731	-0.999955	0.000000
1.362924	1.000104	6117.442019	4078.719219	0.000000	-0.000001	-51.553170	0.002000	1.216755	3.997731	-0.999955	0.000000
1.382924	1.000104	6117.442019	4078.719219	-0.000000	0.000001	-51.553170	0.002000	1.216755	3.997731	-0.999955	0.000000
1.402924	1.000104	6117.442019	4078.719219	-0.000000	0.000000	-51.553170	0.002000	1.216755	3.997731	-0.999955	0.000000
1.422924	1.000104	6117.442019	4078.719219	0.000000	-0.000001	-51.553170	0.002000	1.216755	3.997731	-0.999955	0.000000
1.442924	1.000104	6117.442019	4078.719219	0.000000	-0.000000	-51.553170	0.002000	1.216755	3.997731	-0.999955	0.000000
1.462924	1.000104	6117.442019	4078.719219	0.000000	0.000001	-51.553170	0.002000	1.216755	3.997731	-0.999955	0.000000
1.482924	1.000104	6117.442019	4078.719219	-0.000000	-0.000000	-51.553170	0.002000	1.216755	3.997731	-0.999955	0.000000
1.502924	1.000104	6117.442019	4078.719219	0.000000	-0.000001	-51.553170	0.002000	1.216755	3.997731	-0.999955	0.000000
1.522924	1.000104	6117.442019	4078.719219	0.000000	-0.000000	-51.553170	0.002000	1.216755	3.997731	-0.999955	0.000000
1.542924	1.000104	6117.442019	4078.719219	-0.000000	0.000001	-51.553170	0.002000	1.216755	3.997731	-0.999955	0.000000
1.562924	1.000104	6117.442019	4078.719219	-0.000000	-0.000001	-51.553170	0.002000	1.216755	3.997731	-0.999955	0.000000
1.582924	1.000104	6117.442019	4078.719219	0.000000	-0.000000	-51.553170	0.002000	1.216755	3.997731	-0.999955	0.000000
1.602924	1.000104	6117.442019	4078.719219	-0.000000	0.000001	-51.553170	0.002000	1.216755	3.997731	-0.999955	0.000000
1.622924	1.000104	6117.442019	4078.719219	-0.000000	-0.000001	-51.553170	0.002000	1.216755	3.997731	-0.999955	0.000000
1.642924	1.000104	6117.442019	4078.719219	0.000000	0.000000	-51.553170	0.002000	1.216755	3.997731	-0.999955	0.000000
1.662924	1.000104	6117.442019	4078.719219	-0.000000	0.000001	-51.553170	0.002000	1.216755	3.997731	-0.999955	0.000000
1.682924	1.000104	6117.442019	4078.719219	-0.000000	0.000000	-51.553170	0.002000	1.216755	3.997731	-0.999955	0.000000
1.702924	1.000104	6117.442019	4078.719219	-0.000000	-0.000001	-51.553170	0.002000	1.216755	3.997731	-0.999955	0.000000
1.722924	1.000104	6117.442019	4078.719219	0.000000	-0.000001	-51.553170	0.002000	1.216755	3.997731	-0.999955	0.000000
1.742924	1.000104	6117.442019	4078.719219	0.000000	-0.000000	-51.553170	0.002000	1.216755	3.997731	-0.999955	0.000000
1.762924	1.000104	6117.442019	4078.719219	-0.000000	0.000001	-51.553170	0.002000	1.216755	3.997731	-0.999955	0.000000
1.782924	1.000104	6117.442019	4078.719219	-0.000000	-0.000001	-51.553170	0.002000	1.216755	3.997731	-0.999955	0.000000
1.802924	1.000104	6117.442019	4078.719219	0.000000	-0.000001	-51.553170	0.002000	1.216755	3.997731	-0.999955	0.000000
1.822924	1.000104	6117.442019	4078.719219	0.000000	0.000001	-51.553170	0.002000	1.216755	3.997731	-0.999955	0.000000
1.842924	1.000104	6117.442019	4078.719219	0.000000	-0.000001	-51.553170	0.002000	1.216755	3.997731	-0.999955	0.000000
1.862924	1.000104	6117.442019	4078.719219	0.000000	0.000001	-51.553170	0.002000	1.216755	3.997731	-0.999955	0.000000
1.882924	1.000104	6117.442019	4078.719219	-0.000000	0.000001	-51.553170	0.002000	1.216755	3.997731	-0.999955	0.000000
1.902924	1.000104	6117.442019	4078.719219	-0.000000	-0.000001	-51.553170	0.002000	1.216755	3.997731	-0.999955	0.000000
1.922924	1.000104	6117.442019	4078.719219	0.000000	-0.000001	-51.553170	0.002000	1.216755	3.997731	-0.999955	0.000000
1.942924	1.000104	6117.442019	4078.719219	0.000000	0.000000	-51.553170	0.002000	1.216755	3.997731	-0.999955	0.000000
1.962924	1.000104	6117.442019	4078.719219	-0.000000	0.000001	-51.553170	0.002000	1.216755	3.997731	-0.999955	0.000000
1.982924	1.000104	6117.442019	4078.719219	-0.000000	-0.000001	-51.553170	0.002000	1.216755	3.997731	-0.999955	0.000000
2.002924	1.000104	6117.442019	4078.719219	0.000000	-0.000001	-51.553170	0.002000	1.216755	3.997731	-0.999955	0.000000
2.022924	1.000104	6117.442019	4078.719219	0.000000	0.000001	-51.553170	0.002000	1.216755	3.997731	-0.999955	0.000000
2.042924	1.000104	6117.442019	4078.719219	-0.000000	0.000001	-51.553170	0.002000	1.216755	3.997731	-0.999955	0.000000
2.062924	1.000104	6117.442019	4078.719219	-0.000000	-0.000001	-51.553170	0.002000	1.216755	3.997731	-0.999955	0.000000
2.082924	1.000104	6117.442019	4078.719219	0.000000	-0.000001	-51.553170	0.002000	1.216755	3.997731	-0.999955	0.000000
2.102924	1.000104	6117.442019	4078.719219	0.000000	-0.000001	-51.553170	0.002000	1.216755	3.997731	-0.999955	0.000000
2.122924	1.000104	6117.442019	4078.719219	-0.000000	0.000001	-51.553170	0.002000	1.216755	3.997731	-0.999955	0.000000
2.142924	1.000104	6117.442019	4078.719219	0.000000	-0.000001	-51.553170	0.002000	1.216755	3.997731	-0.999955	0.000000
2.162924	1.000104	6117.442019	4078.719219	0.000000	0.000001	-51.553170	0.002000	1.216755	3.997731	-0.999955	0.000000
2.182924	1.000104	6117.442019	4078.719219	-0.000000	0.000001	-51.553170	0.002000	1.216755	3.997731	-0.999955	0.000000
2.202924	1.000104	6117.442019	4078.719219	-0.000000	0.000000	-51.553170	0.002000	1.216755	3.997731	-0.999955	0.000000
2.222924	1.000104	6117.442019	4078.719219	-0.000000	0.000000	-51.553170	0.002000	1.216755	3.997731	-0.999955	0.000000
2.242924	1.000104	6117.442019	4078.719219	0.000000	-0.000001	-51.553170	0.002000	1.216755	3.997731	-0.999955	0.000000
2.262924	1.000104	6117.442019	4078.719219	-0.000000	0.000001	-51.553170	0.002000	1.216755	3.997731	-0.999955	0.000000
2.282924	1.000104	6117.442019	4078.719219	-0.000000	-0.000001	-51.553170	0.002000	1.216755	3.997731	-0.999955	0.000000
2.302924	1.000104	6117.442019	4078.719219	0.000000	-0.000001	-51.553170	0.002000	1.216755	3.997731	-0.999955	0.000000
2.322924	1.000104	6117.442019	4078.719219	0.000000	-0.000000	-51.553170	0.002000	1.216755	3.997731	-0.999955	0.000000
2.342924	1.000104	6117.442019	4078.719219	0.000000	0.000000	-51.553170	0.002000	1.216755	3.997731	-0.999955	0.000000
2.362924	1.000104	6117.442019	4078.719219	0.000000	0.000001	-51.553170	0.002000	1.216755	3.997731	-0.999955	0.000000
2.382924	1.000104	6117.442019	4078.719219	-0.000000	0.000001	-51.553170	0.002000	1.216755	3.997731	-0.999955	0.000000
2.402924	1.000104	6117.442019	4078.719219	-0.000000	0.000001	-51.553170	0.002000	1.216755	3.997731	-0.999955	0.000000
2.422924	1.000104	6117.442019	4078.719219	-0.000000	0.000000	-51.553170	0.002000	1.216755	3.997731	-0.999955	0.000000
2.442924	1.000104	6117.442019	4078.719219	-0.000000	-0.000002	-51.553170	0.002000	1.216755	3.997731	-0.999955	0.000000
2.462924	1.000104	6117.442019	4078.719219	0.000000	-0.000001	-51.553170	0.002000	1.216755	3.997731	-0.999955	0.000000
2.482924	1.000104	6117.442019	4078.719219	0.000000	0.000000	-51.553170	0.002000	1.216755	3.997731	-0.999955	0.000000
2.502924	1.000104	6117.442019	4078.719219	-0.000000	0.000000	-51.553170	0.002000	1.216755	3.997731	-0.999955	0.000000
2.522924	1.000104	6117.442019	4078.719219	-0.000000	0.000000	-51.553170	0.002000	1.216755	3.997731	-0.999955	0.000000
2.542924	1.000104	6117.442019	4078.719219	-0.000000	0.000000	-51.553170	0.002000	1.216755	3.997731	-0.999955	0.000000
2.562924	1.000104	6117.442019	4078.719219	0.000000	0.000000	-51.553170	0.002000	1.216755	3.997731	-0.999955	0.000000
2.582924	1.000104	6117.442019	4078.719219	0.000000	0.000000	-51.553170	0.002000	1.216755	3.997731	-0.999955	0.000000
2.602924	1.000104	6117.442019	4078.719219	0.000000	0.000000	-51.553170	0.002000	1.216755	3.997731	-0.999955	0.000000
2.622924	1.000104	6117.442019	4078.719219	0.000000	0.000000	-51.553170	0.002000	1.216755	3.997731	-0.999955	0.000000
2.642924	1.000104	6117.442019	4078.719219	0.000000	0.000000	-51.553170	0.002000	1.216755	3.997731	-0.999955	0.000000
2.662924	1.000104	6117.442019	4078.719219	0.000000	0.000000	-51.553170	0.002000	1.216755	3.997731	-0.999955	0.000000
2.682924	1.000104	6117.442019	4078.719219	0.000000	0.000000	-51.553170	0.002000	1.216755	3.997731	-0.999955	0.000000
2.702924	1.000104	6117.442019	4078.719219	0.000000	0.000000	-51.553170	0.002000	1.216755	3.997731	-0.999955	0.000000
2.722924	1.000104	6117.442019	4078.719219	0.000000	0.000000	-51.553170	0.002000	1.216755	3.997731	-0.999955	0.000000
2.742924	1.000104	6117.442019	4078.719219	0.000000	0.000000	-51.553170	0.002000	1.216755	3.997731	-0.999955	0.000000
2.762924	1.000104	6117.442019	4078.719219	0.000000	0.000000	-51.553170	0.002000	1.216755	3.997731	-0.999955	0.000000
2.782924	1.000104	6117.442019	4078.719219	0.000000	0.000000	-51.553170	0.002000	1.216755	3.997731	-0.999955	0.000000
2.802924	1.000104	6117.442019	4078.719219	0.000000	0.000000	-51.553170	0.002000	1.216755	3.997731	-0.999955	0.000000
2.822924	1.000104	6117.442019	4078.719219	0.000000	0.000000	-51.553170	0.002000	1.216755	3.997731	-0.999955	0.000000
2.842924	1.000104	6117.442019	4078.719219	0.000000	0.000000	-51.553170	0.002000	1.216755	3.997731	-0.999955	0.000000
2.862924	1.000104	6117.442019	4078.719219	0.000000	0.000000	-51.553170	0.002000	1.216755	3.997731	-0.999955	0.000000
2.882924	1.000104	6117.442019	4078.719219	0.000000	0.000000	-51.553170	0.002000	1.216755	3.997731	-0.999955	0.000000
2.902924	1.000104	6117.442019	4078.719219	0.000000	0.000000	-51.553170	0.002000	1.216755	3.997731	-0.999955	0.000000
2.922924	1.000104	6117.442019	4078.719219	0.000000	0.000000	-51.553170	0.002000	1.216755	3.997731	-0.999955	0.000000
2.942924	1.000104	6117.442019	4078.719219	0.000000	0.000000	-51.553170	0.002000	1.216755	3.997731	-0.999955	0.000000
2.962924	1.000104	6117.442019	4078.719219	0.000000	-0.000000	-51.553170	0.002000	1.216755	3.997731	-0.999955	0.000000
2.982924	1.000104	6117.442019	4078.719219	0.000000	-0.000000	-51.553170	0.002000	1.216755	3.997731	-0.999955	0.000000
3.002924	1.000104	6117.442019	4078.719219	0.000000	-0.000000	-51.553170	0.002000	1.216755	3.997731	-0.999955	0.000000
3.022924	1.000104	6117.442019	4078.719219	0.000000	-0.000000	-51.553170	0.002000	1.216755	3.997731	-0.999955	0.000000
3.042924	1.000104	6117.442019	4078.719219	0.000000	-0.000000	-51.553170	0.002000	1.216755	3.997731	-0.999955	0.000000
3.062924	1.000104	6117.442019	4078.719219	0.000000	-0.000000	-51.553170	0.002000	1.216755	3.997731	-0.999955	0.000000
3.082924	1.000104	6117.442019	4078.719219	-0.000000	-0.000000	-51.553170	0.002000	1.216755	3.997731	-0.999955	0.000000
3.102924	1.000104	6117.442019	4078.719219	-0.000000	-0.000000	-51.553170	0.002000	1.216755	3.997731	-0.999955	0.000000
3.122924	1.000104	6117.442019	4078.719219	-0.000000	-0.000000	-51.553170	0.002000	1.216755	3.997731	-0.999955	0.000000
3.142924	1.000104	6117.442019	4078.719219	-0.000000	-0.000000	-51.553170	0.002000	1.216755	3.997731	-0.999955	0.000000
3.162924	1.000104	6117.442019	4078.719219	0.000000	-0.000001	-51.553170	0.002000	1.216755	3.997731	-0.999955	0.000000
3.182924	1.000104	6117.442019	4078.719219	0.000000	0.000001	-51.553170	0.002000	1.216755	3.997731	-0.999955	0.000000
3.202924	1.000104	6117.442019	4078.719219	-0.000000	0.000001	-51.553170	0.002000	1.216755	3.997731	-0.999955	0.000000
3.222924	1.000104	6117.442019	4078.719219	-0.000000	0.000000	-51.553170	0.002000	1.216755	3.997731	-0.999955	0.000000
3.242924	1.000104	6117.442019	4078.719219	-0.000000	-0.000001	-51.553170	0.002000	1.216755	3.997731	-0.999955	0.000000
3.262924	1.000104	6117.442019	4078.719219	0.000000	-0.000001	-51.553170	0.002000	1.216755	3.997731	-0.999955	0.000000
3.282924	1.000104	6117.442019	4078.719219	0.000000	0.000001	-51.553170	0.002000	1.216755	3.997731	-0.999955	0.000000
3.302924	1.000104	6117.442019	4078.719219	0.000000	0.000001	-51.553170	0.002000	1.216755	3.997731	-0.999955	0.000000
3.322924	1.000104	6117.442019	4078.719219	-0.000000	0.000000	-51.553170	0.002000	1.216755	3.997731	-0.999955	0.000000
3.342924	1.000104	6117.442019	4078.719219	-0.000000	0.000000	-51.553170	0.002000	1.216755	3.997731	-0.999955	0.000000
3.362924	1.000104	6117.442019	4078.719219	-0.000000	-0.000001	-51.553170	0.002000	1.216755	3.997731	-0.999955	0.000000
3.382924	1.000104	6117.442019	4078.719219	0.000000	-0.000001	-51.553170	0.002000	1.216755	3.997731	-0.999955	0.000000
3.402924	1.000104	6117.442019	4078.719219	0.000000	0.000001	-51.553170	0.002000	1.216755	3.997731	-0.999955	0.000000
3.422924	1.000104	6117.442019	4078.719219	0.000000	0.000001	-51.553170	0.002000	1.216755	3.997731	-0.999955	0.000000
3.442924	1.000104	6117.442019	4078.719219	-0.000000	0.000001	-51.553170	0.002000	1.216755	3.997731	-0.999955	0.000000
3.462924	1.000104	6117.442019	4078.719219	-0.000000	-0.000001	-51.553170	0.002000	1.216755	3.997731	-0.999955	0.000000
3.482924	1.000104	6117.442019	4078.719219	0.000000	-0.000001	-51.553170	0.002000	1.216755	3.997731	-0.999955	0.000000
3.502924	1.000104	6117.442019	4078.719219	0.000000	0.000000	-51.553170	0.002000	1.216755	3.997731	-0.999955	0.000000
3.522924	1.000104	6117.442019	4078.719219	0.000000	0.000001	-51.553170	0.002000	1.216755	3.997731	-0.999955	0.000000
3.542924	1.000104	6117.442019	4078.719219	-0.000000	0.000001	-51.553170	0.002000	1.216755	3.997731	-0.999955	0.000000
3.562924	1.000104	6117.442019	4078.719219	-0.000000	-0.000002	-51.553170	0.002000	1.216755	3.997731	-0.999955	0.000000
3.582924	1.000104	6117.442019	4078.719219	0.000000	-0.000001	-51.553170	0.002000	1.216755	3.997731	-0.999955	0.000000
3.602924	1.000104	6117.442019	4078.719219	0.000000	0.000001	-51.553170	0.002000	1.216755	3.997731	-0.999955	0.000000
3.622924	1.000104	6117.442019	4078.719219	-0.000000	0.000000	-51.553170	0.002000	1.216755	3.997731	-0.999955	0.000000
3.642924	1.000104	6117.442019	4078.719219	0.000000	-0.000001	-51.553170	0.002000	1.216755	3.997731	-0.999955	0.000000
3.662924	1.000104	6117.442019	4078.719219	0.000000	0.000001	-51.553170	0.002000	1.216755	3.997731	-0.999955	0.000000
3.682924	1.000104	6117.442019	4078.719219	-0.000000	0.000001	-51.553170	0.002000	1.216755	3.997731	-0.999955	0.000000
3.702924	1.000104	6117.442019	4078.719219	0.000000	-0.000001	-51.553170	0.002000	1.216755	3.997731	-0.999955	0.000000
3.722924	1.000104	6117.442019	4078.719219	0.000000	0.000001	-51.553170	0.002000	1.216755	3.997731	-0.999955	0.000000
3.742924	1.000104	6117.442019	4078.719219	-0.000000	0.000001	-51.553170	0.002000	1.216755	3.997731	-0.999955	0.000000
3.762924	1.000104	6117.442019	4078.719219	-0.000000	-0.000001	-51.553170	0.002000	1.216755	3.997731	-0.999955	0.000000
3.782924	1.000104	6117.442019	4078.719219	0.000000	-0.000001	-51.553170	0.002000	1.216755	3.997731	-0.999955	0.000000
3.802924	1.000104	6117.442019	4078.719219	0.000000	0.000001	-51.553170	0.002000	1.216755	3.997731	-0.999955	0.000000
3.822924	1.000104	6117.442019	4078.719219	-0.000000	0.000001	-51.553170	0.002000	1.216755	3.997731	-0.999955	0.000000
3.842924	1.000104	6117.442019	4078.719219	-0.000000	0.000000	-51.553170	0.002000	1.216755	3.997731	-0.999955	0.000000
3.862924	1.000104	6117.442019	4078.719219	-0.000000	0.000000	-51.553170	0.002000	1.216755	3.997731	-0.999955	0.000000
3.882924	1.000104	6117.442019	4078.719219	-0.000000	-0.000000	-51.553170	0.002000	1.216755	3.997731	-0.999955	0.000000
3.902924	1.000104	6117.442019	4078.719219	-0.000000	-0.000000	-51.553170	0.002000	1.216755	3.997731	-0.999955	0.000000
3.922924	1.000104	6117.442019	4078.719219	-0.000000	-0.000001	-51.553170	0.002000	1.216755	3.997731	-0.999955	0.000000
3.942924	1.000104	6117.442019	4078.719219	0.000000	0.000000	-51.553170	0.002000	1.216755	3.997731	-0.999955	0.000000
3.962924	1.000104	6117.442019	4078.719219	0.000000	-0.000000	-51.553170	0.002000	1.216755	3.997731	-0.999955	0.000000
3.982924	1.000104	6117.442019	4078.719219	0.000000	0.000001	-51.553170	0.002000	1.216755	3.997731	-0.999955	0.000000
4.002924	1.000104	6117.442019	4078.719219	-0.000000	0.000001	-51.553170	0.002000	1.216755	3.997731	-0.999955	0.000000
4.022924	1.000104	6117.442019	4078.719219	-0.000000	0.000001	-51.553170	0.002000	1.216755	3.997731	-0.999955	0.000000
4.042924	1.000104	6117.442019	4078.719219	-0.000000	-0.000001	-51.553170	0.002000	1.216755	3.997731	-0.999955	0.000000
4.062924	1.000104	6117.442019	4078.719219	0.000000	-0.000001	-51.553170	0.002000	1.216755	3.997731	-0.999955	0.000000
4.082924	1.000104	6117.442019	4078.719219	0.000000	0.000001	-51.553170	0.002000	1.216755	3.997731	-0.999955	0.000000
4.102924	1.000104	6117.442019	4078.719219	0.000000	-0.000001	-51.553170	0.002000	1.216755	3.997731	-0.999955	0.000000
4.122924	1.000104	6117.442019	4078.719219	0.000000	-0.000001	-51.553170	0.002000	1.216755	3.997731	-0.999955	0.000000
4.142924	1.000104	6117.442019	4078.719219	0.000000	0.000001	-51.553170	0.002000	1.216755	3.997731	-0.999955	0.000000
4.162924	1.000104	6117.442019	4078.719219	-0.000000	0.000001	-51.553170	0.002000	1.216755	3.997731	-0.999955	0.000000
4.182924	1.000104	6117.442019	4078.719219	-0.000000	-0.000001	-51.553170	0.002000	1.216755	3.997731	-0.999955	0.000000
4.202924	1.000104	6117.442019	4078.719219	-0.000000	-0.000001	-51.553170	0.002000	1.216755	3.997731	-0.999955	0.000000
4.222924	1.000104	6117.442019	4078.719219	0.000000	-0.000002	-51.553170	0.002000	1.216755	3.997731	-0.999955	0.000000
4.242924	1.000104	6117.442019	4078.719219	0.000000	-0.000000	-51.553170	0.002000	1.216755	3.997731	-0.999955	0.000000
4.262924	1.000104	6117.442019	4078.719219	-0.000000	0.000003	-51.553170	0.002000	1.216755	3.997731	-0.999955	0.000000
4.282924	1.000104	6117.442019	4078.719219	-0.000000	-0.000002	-51.553170	0.002000	1.216755	3.997731	-0.999955	0.000000
4.302924	1.000104	6117.442019	4078.719219	0.000000	-0.000003	-51.553170	0.002000	1.216755	3.997731	-0.999955	0.000000
4.322924	1.000104	6117.442019	4078.719219	0.000000	0.000001	-51.553170	0.002000	1.216755	3.997731	-0.999955	0.000000
4.342924	1.000104	6117.442019	4078.719219	0.000000	0.000002	-51.553170	0.002000	1.216755	3.997731	-0.999955	0.000000
4.362924	1.000104	6117.442019	4078.719219	-0.000000	0.000001	-51.553170	0.002000	1.216755	3.997731	-0.999955	0.000000
4.382924	1.000104	6117.442019	4078.719219	-0.000000	-0.000001	-51.553170	0.002000	1.216755	3.997731	-0.999955	0.000000
4.402924	1.000104	6117.442019	4078.719219	-0.000000	0.000000	-51.553170	0.002000	1.216755	3.997731	-0.999955	0.000000
4.422924	1.000104	6117.442019	4078.719219	0.000000	-0.000002	-51.553170	0.002000	1.216755	3.997731	-0.999955	0.000000
4.442924	1.000104	6117.442019	4078.719219	0.000000	-0.000001	-51.553170	0.002000	1.216755	3.997731	-0.999955	0.000000
4.462924	1.000104	6117.442019	4078.719219	0.000000	0.000004	-51.553170	0.002000	1.216755	3.997731	-0.999955	0.000000
4.482924	1.000104	6117.442019	4078.719219	-0.000000	-0.000001	-51.553170	0.002000	1.216755	3.997731	-0.999955	0.000000
4.502924	1.000104	6117.442019	4078.719219	0.000000	-0.000003	-51.553170	0.002000	1.216755	3.997731	-0.999955	0.000000
4.522924	1.000104	6117.442019	4078.719219	0.000000	0.000002	-51.553170	0.002000	1.216755	3.997731	-0.999955	0.000000
4.542924	1.000104	6117.442019	4078.719219	-0.000000	0.000003	-51.553170	0.002000	1.216755	3.997731	-0.999955	0.000000
4.562924	1.000104	6117.442019	4078.719219	-0.000000	-0.000002	-51.553170	0.002000	1.216755	3.997731	-0.999955	0.000000
4.582924	1.000104	6117.442019	4078.719219	0.000000	-0.000002	-51.553170	0.002000	1.216755	3.997731	-0.999955	0.000000
4.602924	1.000104	6117.442019	4078.719219	0.000000	0.000001	-51.553170	0.002000	1.216755	3.997731	-0.999955	0.000000
4.622924	1.000104	6117.442019	4078.719219	0.000000	0.000002	-51.553170	0.002000	1.216755	3.997731	-0.999955	0.000000
4.642924	1.000104	6117.442019	4078.719219	-0.000000	-0.000000	-51.553170	0.002000	1.216755	3.997731	-0.999955	0.000000
4.662924	1.000104	6117.442019	4078.719219	-0.000000	-0.000001	-51.553170	0.002000	1.216755	3.997731	-0.999955	0.000000
4.682924	1.000104	6117.442019	4078.719219	0.000000	-0.000002	-51.553170	0.002000	1.216755	3.997731	-0.999955	0.000000
4.702924	1.000104	6117.442019	4078.719219	0.000000	-0.000001	-51.553170	0.002000	1.216755	3.997731	-0.999955	0.000000
4.722924	1.000104	6117.442019	4078.719219	0.000000	0.000001	-51.553170	0.002000	1.216755	3.997731	-0.999955	0.000000
4.742924	1.000104	6117.442019	4078.719219	-0.000000	0.000001	-51.553170	0.002000	1.216755	3.997731	-0.999955	0.000000
4.762924	1.000104	6117.442019	4078.719219	0.000000	0.000001	-51.553170	0.002000	1.216755	3.997731	-0.999955	0.000000
4.782924	1.000104	6117.442019	4078.719219	0.000000	0.000003	-51.553170	0.002000	1.216755	3.997731	-0.999955	0.000000
4.802924	1.000104	6117.442019	4078.719219	0.000000	0.000001	-51.553170	0.002000	1.216755	3.997731	-0.999955	0.000000
4.822924	1.000104	6117.442019	4078.719219	-0.000000	-0.000003	-51.553170	0.002000	1.216755	3.997731	-0.999955	0.000000
4.842924	1.000104	6117.442019	4078.719219	-0.000000	-0.000002	-51.553170	0.002000	1.216755	3.997731	-0.999955	0.000000
4.862924	1.000104	6117.442019	4078.719219	0.000000	-0.000003	-51.553170	0.002000	1.216755	3.997731	-0.999955	0.000000
4.882924	1.000104	6117.442019	4078.719219	0.000000	-0.000002	-51.553170	0.002000	1.216755	3.997731	-0.999955	0.000000
4.902924	1.000104	6117.442019	4078.719219	0.000000	-0.000001	-51.553170	0.002000	1.216755	3.997731	-0.999955	0.000000
4.922924	1.000104	6117.442019	4078.719219	0.000000	0.000002	-51.553170	0.002000	1.216755	3.997731	-0.999955	0.000000
4.942924	1.000104	6117.442019	4078.719219	-0.000000	0.000008	-51.553170	0.002000	1.216755	3.997731	-0.999955	0.000000
4.962924	1.000104	6117.442019	4078.719219	-0.000000	0.000005	-51.553170	0.002000	1.216755	3.997731	-0.999955	0.000000
4.982924	1.000104	6117.442019	4078.719219	-0.000000	0.000004	-51.553170	0.002000	1.216755	3.997731	-0.999955	0.000000
5.002924	1.000104	6117.442019	4078.719219	-0.000000	0.000011	-51.553170	0.002000	1.216755	3.997731	-0.999955	0.000000
5.022924	1.000104	6117.442019	4078.719219	-0.000000	0.000023	-51.553170	0.002000	1.216755	3.997731	-0.999955	0.000000
5.042924	1.000104	6117.442019	4078.719220	-0.000001	0.000010	-51.553170	0.002000	1.216755	3.997731	-0.999955	0.000000
5.062924	1.000104	6117.442019	4078.719220	0.000000	-0.000085	-51.553170	0.002000	1.216755	3.997731	-0.999955	0.000000
5.082924	1.000104	6117.442019	4078.719220	0.000004	-0.000491	-51.553170	0.002000	1.216755	3.997731	-0.999955	0.000000
5.102924	1.000104	6117.442019	4078.719219	0.000021	-0.001937	-51.553170	0.002000	1.216755	3.997731	-0.999955	0.000000
5.122924	1.000104	6117.442019	4078.719219	0.000076	-0.006555	-51.553170	0.002000	1.216755	3.997731	-0.999955	0.000000
5.142924	1.000104	6117.442019	4078.719219	0.000248	-0.020255	-51.553170	0.002000	1.216755	3.997731	-0.999955	0.000000
5.162924	1.000104	6117.442019	4078.719219	0.000748	-0.058864	-51.553170	0.002000	1.216755	3.997731	-0.999955	0.000000
5.182924	1.000104	6117.442017	4078.719217	0.002136	-0.163278	-51.553170	0.002000	1.216755	3.997731	-0.999955	0.000000
5.202924	1.000104	6117.442013	4078.719213	0.005837	-0.435892	-51.553170	0.002000	1.216755	3.997731	-0.999955	0.000000
5.222924	1.000104	6117.442003	4078.719202	0.015380	-1.125435	-51.553170	0.002000	1.216755	3.997731	-0.999955	0.000000
5.242924	1.000104	6117.441977	4078.719172	0.039237	-2.819136	-51.553170	0.002000	1.216755	3.997731	-0.999955	0.000000
5.262924	1.000104	6117.441910	4078.719095	0.097158	-6.868266	-51.553170	0.002000	1.216755	3.997731	-0.999955	0.000000
5.282924	1.000104	6117.441747	4078.718907	0.234046	-16.277789	-51.553170	0.002000	1.216755	3.997731	-0.999955	0.000000
5.302924	1.000104	6117.441359	4078.718454	0.548813	-37.584259	-51.553169	0.002000	1.216755	3.997731	-0.999955	0.000000
5.322924	1.000104	6117.440463	4078.717395	1.253596	-84.576235	-51.553167	0.002000	1.216755	3.997730	-0.999955	0.000000
5.342924	1.000104	6117.438443	4078.714983	2.790227	-185.520314	-51.553163	0.002000	1.216755	3.997730	-0.999955	0.000000
5.362924	1.000103	6117.434005	4078.709630	6.051953	-396.653626	-51.553155	0.002000	1.216755	3.997730	-0.999955	0.000000
5.382924	1.000102	6117.424501	4078.698049	12.789719	-826.429476	-51.553136	0.002000	1.216755	3.997729	-0.999956	0.000000
5.402924	1.000099	6117.404670	4078.673634	26.326655	-1677.278164	-51.553097	0.002000	1.216755	3.997728	-0.999957	0.000000
5.422924	1.000093	6117.364369	4078.623496	52.758559	-3314.208519	-51.553017	0.002000	1.216755	3.997725	-0.999960	0.000000
5.442924	1.000081	6117.284639	4078.523240	102.869311	-6371.557891	-51.552855	0.002000	1.216755	3.997720	-0.999965	0.000000
5.462925	1.000058	6117.131186	4078.328163	195.007926	-11908.778875	-51.552539	0.002000	1.216755	3.997709	-0.999975	0.000000
5.482926	1.000013	6116.844070	4077.959060	359.103242	-21620.334485	-51.551940	0.002000	1.216755	3.997689	-0.999994	0.000000
5.502928	0.999930	6116.322287	4077.280519	641.754785	-38089.673415	-51.550836	0.002000	1.216755	3.997652	-1.000030	0.000000
5.522933	0.999781	6115.402115	4076.069667	1111.852639	-65049.525432	-51.548861	0.002000	1.216755	3.997587	-1.000094	0.000000
5.542941	0.999519	6113.828990	4073.974293	1865.417250	-107570.765107	-51.545435	0.002001	1.216755	3.997477	-1.000207	0.000000
5.562956	0.999075	6111.224417	4070.461638	3027.429691	-172058.756490	-51.539680	0.002002	1.216755	3.997293	-1.000398	0.000000
5.582981	0.998347	6107.052189	4064.763128	4747.712078	-265910.833685	-51.530328	0.002003	1.216755	3.996999	-1.000712	0.000000
5.603025	0.997191	6100.591366	4055.825710	7188.038888	-396714.314746	-51.515634	0.002006	1.216755	3.996542	-1.001211	0.000000
5.623096	0.995417	6090.926053	4042.285645	10499.300797	-570970.567963	-51.493329	0.002009	1.216755	3.995858	-1.001979	0.000000
5.643210	0.992789	6076.962079	4022.483089	14790.912993	-792517.346194	-51.460632	0.002015	1.216755	3.994866	-1.003120	0.000000
5.663387	0.989028	6057.476779	3994.532406	20098.953045	-1061029.729406	-51.414335	0.002022	1.216755	3.993478	-1.004760	0.000000
5.683653	0.983826	6031.199990	3956.452086	26362.651443	-1371096.961438	-51.350983	0.002033	1.216755	3.991598	-1.007040	0.000000
5.704043	0.976872	5996.914310	3906.341304	33418.456994	-1712289.235426	-51.267105	0.002047	1.216755	3.989130	-1.010109	0.000000
5.724599	0.967874	5953.554969	3842.573191	41016.041321	-2070326.031504	-51.159465	0.002066	1.216755	3.985988	-1.014114	0.000000
5.745369	0.956581	5900.288003	3763.965714	48852.797169	-2429061.614389	-51.025278	0.002091	1.216755	3.982094	-1.019197	0.000000
5.766413	0.942806	5836.551585	3669.895440	56616.991473	-2772723.928368	-50.862330	0.002121	1.216755	3.977387	-1.025481	0.000000
5.787796	0.926434	5762.056584	3560.334296	64027.433059	-3087792.309658	-50.669013	0.002159	1.216755	3.971817	-1.033074	0.000000
5.809592	0.907420	5676.751879	3435.812986	70860.567396	-3364151.629391	-50.444248	0.002204	1.216755	3.965348	-1.042066	0.000000
5.831883	0.885780	5580.771707	3297.328464	76962.545403	-3595403.528779	-50.187346	0.002258	1.216755	3.957950	-1.052536	0.000000
5.854761	0.861577	5474.369234	3146.224939	82246.461916	-3778559.517201	-49.897828	0.002321	1.216755	3.949596	-1.064555	0.000000
5.878326	0.834911	5357.855421	2984.074526	86682.770904	-3913452.452851	-49.575231	0.002395	1.216755	3.940259	-1.078198	0.000000
5.902693	0.805900	5231.502965	2812.559247	90283.580126	-4002006.140730	-49.218956	0.002482	1.216755	3.929900	-1.093546	0.000000
5.927992	0.774689	5095.399320	2633.375659	93087.209965	-4048110.628529	-48.828080	0.002582	1.216755	3.918456	-1.110691	0.000000
5.954371	0.741437	4949.169458	2448.077349	95148.361839	-4057046.243238	-48.401329	0.002697	1.216755	3.905813	-1.129737	0.000000
5.982000	0.706333	4791.473542	2257.914046	96517.785292	-4035837.220409	-47.936909	0.002832	1.216755	3.891753	-1.150794	0.000000
6.011078	0.669534	4619.573857	2063.538112	97254.370182	-3991417.539173	-47.432524	0.002987	1.216755	3.875889	-1.174025	0.000000
6.041843	0.631089	4428.984752	1864.836942	97394.597053	-3927418.143570	-46.885086	0.003169	1.216755	3.857595	-1.199702	0.000000
6.074589	0.590663	4215.383576	1661.232891	96996.012921	-3839450.132188	-46.289561	0.003386	1.216755	3.836132	-1.228449	0.000000
6.109732	0.547301	3978.420034	1452.774539	96112.865786	-3707653.686633	-45.637792	0.003654	1.216755	3.811008	-1.261558	0.000000
6.147914	0.499440	3729.319011	1242.744389	94795.937481	-3512589.504512	-44.912271	0.004004	1.216755	3.782929	-1.301295	0.000000
6.190211	0.445223	3493.223351	1037.715107	93188.493521	-3240794.769133	-44.085018	0.004492	1.216755	3.754523	-1.351193	0.000000
6.238510	0.384095	3306.925098	847.501820	91167.685304	-2923094.263190	-43.100186	0.005207	1.216755	3.730715	-1.415322	0.000000
6.295900	0.316306	3209.323706	677.327113	89216.635425	-2586758.743157	-41.871641	0.006323	1.216755	3.717693	-1.499642	0.000000
6.368512	0.245834	3236.676367	530.910237	86570.759463	-2283350.784666	-40.229765	0.008136	1.216755	3.721364	-1.609091	0.000000
6.466432	0.168104	3431.731946	384.920059	85958.716302	-1966637.584297	-37.818836	0.011897	1.216755	3.746758	-1.774136	0.000000
6.644889	0.094883	4528.284972	286.669042	83464.571075	-1489194.726803	-33.012203	0.021078	1.216755	3.867143	-2.022510	0.000000
-0.002979	3.359400	102745.383191	230109.259483	9.781660	0.000000	0.000825	0.000595	0.000000	5.222927	-0.473741	0.000000
-0.008931	3.366735	102499.897689	230060.211166	28.118304	0.000000	0.002398	0.000594	0.000000	5.221887	-0.472794	0.000000
-0.014864	3.380968	102026.993676	229966.795436	42.925938	0.000000	0.003747	0.000592	0.000000	5.219878	-0.470961	0.000000
-0.020765	3.401288	101360.539630	229837.663960	52.388748	0.000000	0.004752	0.000588	0.000000	5.217031	-0.468358	0.000000
-0.026627	3.426545	100546.396732	229684.501656	55.403132	0.000000	0.005335	0.000584	0.000000	5.213528	-0.465144	0.000000
-0.032442	3.455331	99637.688054	229520.740375	51.742615	0.000000	0.005463	0.000579	0.000000	5.209584	-0.461510	0.000000
-0.038205	3.486089	98689.488841	229360.083319	42.081647	0.000000	0.005155	0.000574	0.000000	5.205430	-0.457661	0.000000
-0.043918	3.517227	97753.949070	229215.065066	27.901172	0.000000	0.004473	0.000569	0.000000	5.201293	-0.453798	0.000000
-0.049579	3.547249	96876.209468	229095.816135	11.267334	0.000000	0.003511	0.000564	0.000000	5.197375	-0.450106	0.000000
-0.055195	3.574862	96091.549710	229009.175650	-5.476866	0.000000	0.002387	0.000559	0.000000	5.193843	-0.446739	0.000000
-0.060769	3.599076	95423.826602	228958.242036	-20.065843	0.000000	0.001221	0.000556	0.000000	5.190815	-0.443807	0.000000
-0.066309	3.619256	94885.192524	228942.391928	-30.651972	0.000000	0.000128	0.000553	0.000000	5.188357	-0.441379	0.000000
-0.071821	3.635140	94476.901858	228957.733714	-36.076400	0.000000	-0.000802	0.000550	0.000000	5.186484	-0.439477	0.000000
-0.077313	3.646813	94190.979402	228997.906139	-36.021567	0.000000	-0.001505	0.000548	0.000000	5.185169	-0.438085	0.000000
-0.082790	3.654649	94012.464155	229055.090010	-31.017877	0.000000	-0.001951	0.000547	0.000000	5.184346	-0.437154	0.000000
-0.088258	3.659225	93921.942593	229121.079913	-22.303421	0.000000	-0.002141	0.000547	0.000000	5.183928	-0.436611	0.000000
-0.093722	3.661228	93898.083039	229188.265612	-11.565436	0.000000	-0.002107	0.000546	0.000000	5.183818	-0.436374	0.000000
