0.002977	3.361530	102671.555260	230089.649148	9.088693	-2343961.483873	-0.000788	0.000595	1.216755	5.222614	-0.473465	0.000000
0.008925	3.368674	102433.158519	230042.824388	26.113193	-2120735.903011	-0.002292	0.000594	1.216755	5.221604	-0.472544	0.000000
0.014855	3.382545	101973.552505	229953.573102	39.835440	-1701867.685619	-0.003585	0.000591	1.216755	5.219651	-0.470759	0.000000
0.020754	3.402368	101324.993058	229830.026884	48.574636	-1137911.269971	-0.004554	0.000588	1.216755	5.216879	-0.468220	0.000000
0.026614	3.427042	100531.237005	229683.177856	51.335848	-494821.162809	-0.005126	0.000584	1.216755	5.213462	-0.465081	0.000000
0.032429	3.455217	99643.108237	229525.681563	47.947669	155354.326348	-0.005268	0.000579	1.216755	5.209608	-0.461525	0.000000
0.038193	3.485399	98713.499746	229370.485130	39.065800	744211.113059	-0.004996	0.000574	1.216755	5.205536	-0.457747	0.000000
0.043907	3.516052	97792.762623	229229.489025	26.065512	1215287.011935	-0.004367	0.000569	1.216755	5.201466	-0.453943	0.000000
0.049571	3.545726	96924.815214	229112.397141	10.826266	1530047.724122	-0.003468	0.000564	1.216755	5.197593	-0.450293	0.000000
0.055189	3.573158	96144.390135	229025.885101	-4.549511	1670931.634203	-0.002406	0.000560	1.216755	5.194082	-0.446946	0.000000
0.060766	3.597363	95475.477772	228973.167316	-18.046349	1641500.848624	-0.001296	0.000556	1.216755	5.191050	-0.444014	0.000000
0.066309	3.617694	94930.965449	228953.989481	-28.023736	1463998.445164	-0.000243	0.000553	1.216755	5.188566	-0.441566	0.000000
0.071823	3.633855	94513.298753	228965.016782	-33.440185	1174904.503148	0.000666	0.000550	1.216755	5.186652	-0.439631	0.000000
0.077316	3.645888	94215.961122	229000.539203	-33.976981	819172.443596	0.001368	0.000549	1.216755	5.185284	-0.438196	0.000000
0.082795	3.654115	94025.511012	229053.378400	-30.043162	443927.120934	0.001831	0.000547	1.216755	5.184406	-0.437217	0.000000
0.088263	3.659065	93923.917625	229115.861823	-22.661964	92423.527448	0.002053	0.000547	1.216755	5.183937	-0.436630	0.000000
0.093727	3.661386	93890.933054	229180.731043	-13.261428	-200957.703107	0.002058	0.000546	1.216755	5.183785	-0.436355	0.000000
0.099189	3.661765	93906.266782	229241.872521	-3.409717	-414041.118239	0.001887	0.000546	1.216755	5.183856	-0.436310	0.000000
0.104651	3.660852	93951.368590	229294.796019	5.453289	-538126.049770	0.001595	0.000546	1.216755	5.184065	-0.436419	0.000000
0.110116	3.659213	94010.690893	229336.831604	12.237354	-577156.741551	0.001239	0.000547	1.216755	5.184339	-0.436613	0.000000
0.115584	3.657296	94072.377262	229367.061989	16.337485	-545123.382088	0.000869	0.000547	1.216755	5.184624	-0.436841	0.000000
0.121054	3.655422	94128.403749	229386.044556	17.665800	-462325.244269	0.000528	0.000547	1.216755	5.184882	-0.437063	0.000000
0.126528	3.653791	94174.266800	229395.400804	16.585354	-351278.082367	0.000244	0.000547	1.216755	5.185093	-0.437257	0.000000
0.132003	3.652500	94208.356340	229397.357724	13.771839	-233018.810442	0.000031	0.000548	1.216755	5.185250	-0.437410	0.000000
0.137480	3.651568	94231.168307	229394.316917	10.041062	-124373.109232	-0.000108	0.000548	1.216755	5.185355	-0.437521	0.000000
0.142958	3.650959	94244.499348	229388.507444	6.181728	-36472.615016	-0.000182	0.000548	1.216755	5.185417	-0.437593	0.000000
0.148437	3.650610	94250.734446	229381.753026	2.825415	25482.003070	-0.000203	0.000548	1.216755	5.185445	-0.437635	0.000000
0.153917	3.650448	94252.296069	229375.359142	0.372143	61448.433293	-0.000188	0.000548	1.216755	5.185453	-0.437654	0.000000
0.159396	3.650403	94251.280875	229370.105193	-1.025242	75132.377544	-0.000153	0.000548	1.216755	5.185448	-0.437659	0.000000
0.164876	3.650421	94249.274671	229366.313948	-1.427473	72341.971709	-0.000109	0.000548	1.216755	5.185439	-0.437657	0.000000
0.170355	3.650459	94247.312424	229363.965449	-1.043791	59453.792883	-0.000068	0.000548	1.216755	5.185430	-0.437653	0.000000
0.175834	3.650494	94245.938563	229362.824452	-0.155597	42227.784459	-0.000034	0.000548	1.216755	5.185423	-0.437648	0.000000
0.181314	3.650514	94245.322005	229362.557206	0.953386	25080.909561	-0.000010	0.000548	1.216755	5.185420	-0.437646	0.000000
0.186793	3.650515	94245.387241	229362.822410	2.048402	10814.150201	0.000004	0.000548	1.216755	5.185421	-0.437646	0.000000
0.192272	3.650502	94245.933814	229363.330232	2.971252	704.601416	0.000010	0.000548	1.216755	5.185423	-0.437648	0.000000
0.197751	3.650480	94246.728496	229363.870709	3.645333	-5168.015909	0.000010	0.000548	1.216755	5.185427	-0.437650	0.000000
0.203231	3.650455	94247.564988	229364.317674	4.063593	-7495.580368	0.000007	0.000548	1.216755	5.185431	-0.437653	0.000000
0.208710	3.650431	94248.293578	229364.616571	4.266947	-7328.055144	0.000002	0.000548	1.216755	5.185434	-0.437656	0.000000
0.214189	3.650413	94248.827660	229364.764380	4.320386	-5745.151601	-0.000002	0.000548	1.216755	5.185437	-0.437658	0.000000
0.219669	3.650401	94249.135466	229364.788349	4.292361	-3645.102464	-0.000006	0.000548	1.216755	5.185438	-0.437660	0.000000
0.225148	3.650397	94249.224782	229364.727907	4.240536	-1648.459285	-0.000009	0.000548	1.216755	5.185438	-0.437660	0.000000
0.230628	3.650399	94249.126536	229364.621875	4.204690	-92.752883	-0.000011	0.000548	1.216755	5.185438	-0.437660	0.000000
0.236107	3.650407	94248.880938	229364.501235	4.205737	915.572578	-0.000012	0.000548	1.216755	5.185437	-0.437659	0.000000
0.241586	3.650419	94248.527760	229364.386545	4.248908	1424.621030	-0.000012	0.000548	1.216755	5.185435	-0.437658	0.000000
0.247066	3.650434	94248.100878	229364.288539	4.328928	1561.152208	-0.000012	0.000548	1.216755	5.185433	-0.437656	0.000000
0.252545	3.650451	94247.626266	229364.210426	4.435333	1470.606963	-0.000012	0.000548	1.216755	5.185431	-0.437654	0.000000
0.258025	3.650469	94247.122289	229364.150667	4.556775	1278.912970	-0.000012	0.000548	1.216755	5.185429	-0.437651	0.000000
0.263504	3.650489	94246.601191	229364.105469	4.683779	1074.947356	-0.000012	0.000548	1.216755	5.185426	-0.437649	0.000000
0.268983	3.650509	94246.070927	229364.070581	4.809968	908.572244	-0.000013	0.000548	1.216755	5.185424	-0.437647	0.000000
0.274462	3.650529	94245.536791	229364.042348	4.932114	797.922137	-0.000013	0.000548	1.216755	5.185421	-0.437644	0.000000
0.279942	3.650549	94245.002617	229364.018134	5.049482	740.291216	-0.000014	0.000548	1.216755	5.185419	-0.437642	0.000000
0.285421	3.650570	94244.471513	229363.996318	5.162912	722.621145	-0.000014	0.000548	1.216755	5.185417	-0.437640	0.000000
0.290900	3.650590	94243.946214	229363.976066	5.273943	729.431982	-0.000015	0.000548	1.216755	5.185414	-0.437637	0.000000
0.296379	3.650609	94243.429192	229363.957044	5.384174	747.576032	-0.000016	0.000548	1.216755	5.185412	-0.437635	0.000000
0.301858	3.650629	94242.922631	229363.939161	5.494885	768.197889	-0.000016	0.000548	1.216755	5.185409	-0.437633	0.000000
0.307337	3.650648	94242.428382	229363.922393	5.606899	786.750817	-0.000017	0.000548	1.216755	5.185407	-0.437630	0.000000
0.312816	3.650666	94241.947916	229363.906682	5.720614	801.980379	-0.000018	0.000548	1.216755	5.185405	-0.437628	0.000000
0.318295	3.650684	94241.482333	229363.891911	5.836109	814.604437	-0.000019	0.000548	1.216755	5.185403	-0.437626	0.000000
0.323774	3.650701	94241.032386	229363.877909	5.953277	826.149121	-0.000020	0.000548	1.216755	5.185401	-0.437624	0.000000
0.329253	3.650717	94240.598547	229363.864481	6.071926	838.146451	-0.000021	0.000548	1.216755	5.185399	-0.437622	0.000000
0.334732	3.650733	94240.181066	229363.851434	6.191865	851.714558	-0.000022	0.000548	1.216755	5.185397	-0.437620	0.000000
0.340211	3.650749	94239.780032	229363.838601	6.312936	867.438919	-0.000022	0.000548	1.216755	5.185395	-0.437618	0.000000
0.345690	3.650763	94239.395429	229363.825852	6.435025	885.440873	-0.000023	0.000548	1.216755	5.185393	-0.437616	0.000000
0.351169	3.650778	94239.027165	229363.813098	6.558056	905.523158	-0.000024	0.000548	1.216755	5.185391	-0.437615	0.000000
0.356648	3.650791	94238.675100	229363.800285	6.681979	927.317296	-0.000025	0.000548	1.216755	5.185390	-0.437613	0.000000
0.362126	3.650804	94238.339054	229363.787390	6.806747	950.394659	-0.000026	0.000548	1.216755	5.185388	-0.437612	0.000000
0.367605	3.650816	94238.018812	229363.774412	6.932319	974.328228	-0.000028	0.000548	1.216755	5.185387	-0.437610	0.000000
0.373084	3.650828	94237.714118	229363.761362	7.058640	998.716786	-0.000029	0.000548	1.216755	5.185385	-0.437609	0.000000
0.378563	3.650839	94237.424667	229363.748258	7.185653	1023.189467	-0.000030	0.000548	1.216755	5.185384	-0.437608	0.000000
0.384042	3.650849	94237.150101	229363.735114	7.313298	1047.411701	-0.000031	0.000548	1.216755	5.185383	-0.437606	0.000000
0.389520	3.650859	94236.889997	229363.721935	7.441518	1071.106047	-0.000032	0.000548	1.216755	5.185382	-0.437605	0.000000
0.394999	3.650868	94236.643866	229363.708712	7.570257	1094.087118	-0.000033	0.000548	1.216755	5.185381	-0.437604	0.000000
0.400478	3.650877	94236.411152	229363.695419	7.699474	1116.303998	-0.000035	0.000548	1.216755	5.185379	-0.437603	0.000000
0.405956	3.650885	94236.191240	229363.682009	7.829139	1137.873092	-0.000036	0.000548	1.216755	5.185378	-0.437602	0.000000
0.411435	3.650893	94235.983468	229363.668423	7.959209	1159.077291	-0.000037	0.000548	1.216755	5.185377	-0.437601	0.000000
0.416914	3.650901	94235.787147	229363.654587	8.089648	1180.327312	-0.000038	0.000548	1.216755	5.185377	-0.437600	0.000000
0.422392	3.650907	94235.601585	229363.640429	8.220411	1202.086701	-0.000040	0.000548	1.216755	5.185376	-0.437599	0.000000
0.427871	3.650914	94235.426108	229363.625885	8.351425	1224.770836	-0.000041	0.000548	1.216755	5.185375	-0.437599	0.000000
0.433350	3.650920	94235.260086	229363.610905	8.482621	1248.651622	-0.000043	0.000548	1.216755	5.185374	-0.437598	0.000000
0.438828	3.650926	94235.102942	229363.595466	8.613900	1273.791920	-0.000044	0.000548	1.216755	5.185373	-0.437597	0.000000
0.444307	3.650932	94234.954167	229363.579565	8.745176	1300.033331	-0.000045	0.000548	1.216755	5.185373	-0.437596	0.000000
0.449786	3.650937	94234.813312	229363.563223	8.876421	1327.047238	-0.000047	0.000548	1.216755	5.185372	-0.437596	0.000000
0.455264	3.650942	94234.679985	229363.546475	9.007488	1354.401792	-0.000048	0.000548	1.216755	5.185371	-0.437595	0.000000
0.460743	3.650946	94234.553838	229363.529361	9.138299	1381.664540	-0.000050	0.000548	1.216755	5.185371	-0.437595	0.000000
0.466221	3.650951	94234.434546	229363.511923	9.269054	1408.535220	-0.000052	0.000548	1.216755	5.185370	-0.437594	0.000000
0.471700	3.650955	94234.321801	229363.494192	9.399327	1434.816448	-0.000053	0.000548	1.216755	5.185370	-0.437594	0.000000
0.477179	3.650959	94234.215300	229363.476190	9.528910	1460.419768	-0.000055	0.000548	1.216755	5.185369	-0.437593	0.000000
0.482657	3.650962	94234.114734	229363.457924	9.658967	1485.560583	-0.000056	0.000548	1.216755	5.185369	-0.437593	0.000000
0.488136	3.650966	94234.019794	229363.439394	9.787739	1510.341822	-0.000058	0.000548	1.216755	5.185368	-0.437592	0.000000
0.493614	3.650969	94233.930170	229363.420597	9.914298	1534.651094	-0.000060	0.000548	1.216755	5.185368	-0.437592	0.000000
0.499093	3.650972	94233.845552	229363.401517	10.044433	1559.201066	-0.000062	0.000548	1.216755	5.185368	-0.437592	0.000000
0.504571	3.650975	94233.765639	229363.382144	10.170672	1583.877749	-0.000063	0.000548	1.216755	5.185367	-0.437591	0.000000
0.510050	3.650977	94233.690140	229363.362488	10.288263	1607.360843	-0.000065	0.000548	1.216755	5.185367	-0.437591	0.000000
0.515529	3.650980	94233.618782	229363.342525	10.424990	1632.289279	-0.000067	0.000548	1.216755	5.185367	-0.437591	0.000000
0.521007	3.650982	94233.551294	229363.322236	10.548365	1657.983894	-0.000069	0.000548	1.216755	5.185366	-0.437591	0.000000
0.526486	3.650984	94233.487442	229363.301713	10.632918	1677.935342	-0.000071	0.000548	1.216755	5.185366	-0.437590	0.000000
0.531964	3.650986	94233.427002	229363.280862	10.809934	1704.259816	-0.000073	0.000548	1.216755	5.185366	-0.437590	0.000000
0.537443	3.650988	94233.369723	229363.259593	10.937430	1735.163653	-0.000075	0.000548	1.216755	5.185365	-0.437590	0.000000
0.542921	3.650990	94233.315449	229363.238329	10.879940	1739.587383	-0.000076	0.000548	1.216755	5.185365	-0.437590	0.000000
0.548400	3.650991	94233.264025	229363.216642	11.254270	1772.862102	-0.000078	0.000548	1.216755	5.185365	-0.437589	0.000000
0.553878	3.650993	94233.215110	229363.194024	11.442386	1832.232226	-0.000081	0.000548	1.216755	5.185365	-0.437589	0.000000
0.559357	3.650994	94233.168720	229363.172431	10.734929	1768.862708	-0.000082	0.000548	1.216755	5.185364	-0.437589	0.000000
0.564835	3.650996	94233.124879	229363.149944	12.020579	1833.582794	-0.000084	0.000548	1.216755	5.185364	-0.437589	0.000000
0.570314	3.650997	94233.082652	229363.123889	12.627900	2038.708286	-0.000087	0.000548	1.216755	5.185364	-0.437589	0.000000
0.575793	3.650998	94233.042672	229363.103280	8.895964	1672.755753	-0.000089	0.000548	1.216755	5.185364	-0.437589	0.000000
0.581271	3.650999	94233.005722	229363.079675	14.318611	1868.661133	-0.000090	0.000548	1.216755	5.185364	-0.437588	0.000000
0.586750	3.651000	94232.967953	229363.039196	17.451026	2800.653131	-0.000095	0.000548	1.216755	5.185364	-0.437588	0.000000
0.592228	3.651001	94232.932515	229363.023275	-0.365806	1079.306674	-0.000096	0.000548	1.216755	5.185363	-0.437588	0.000000
0.597707	3.651002	94232.903928	229362.994888	23.757114	1805.660487	-0.000095	0.000548	1.216755	5.185363	-0.437588	0.000000
0.603185	3.651002	94232.864562	229362.882555	41.325265	6336.702642	-0.000110	0.000548	1.216755	5.185363	-0.437588	0.000000
0.608664	3.651003	94232.828049	229362.875514	-41.747776	-1416.558909	-0.000109	0.000548	1.216755	5.185363	-0.437588	0.000000
0.614142	3.651003	94232.817554	229362.810917	67.021200	1443.287805	-0.000097	0.000548	1.216755	5.185363	-0.437588	0.000000
0.619621	3.650998	94232.750744	229362.322103	164.965838	23788.024478	-0.000162	0.000548	1.216755	5.185363	-0.437589	0.000000
0.625099	3.650998	94232.684226	229362.265376	-217.903450	-10472.036527	-0.000158	0.000548	1.216755	5.185362	-0.437589	0.000000
0.630578	3.650993	94232.733359	229361.918695	276.090987	1145.249907	-0.000100	0.000548	1.216755	5.185362	-0.437589	0.000000
0.636056	3.650964	94232.512173	229359.402789	814.983685	111929.445073	-0.000412	0.000548	1.216755	5.185361	-0.437593	0.000000
0.641535	3.650956	94232.248165	229358.543535	-929.218266	-36581.725950	-0.000443	0.000548	1.216755	5.185360	-0.437594	0.000000
0.647013	3.650918	94232.506769	229356.090121	1335.182168	13053.113663	-0.000210	0.000548	1.216755	5.185361	-0.437599	0.000000
0.652492	3.650752	94231.474519	229342.391283	4275.017313	565519.360200	-0.001767	0.000548	1.216755	5.185356	-0.437620	0.000000
0.657971	3.650659	94230.024620	229334.235244	-3551.643329	-60839.209263	-0.002235	0.000548	1.216755	5.185350	-0.437629	0.000000
0.663450	3.650406	94230.887995	229316.628023	6970.282248	170743.178046	-0.001478	0.000548	1.216755	5.185354	-0.437666	0.000000
0.668930	3.649462	94225.515372	229239.761979	22962.683429	2950088.686243	-0.009460	0.000548	1.216755	5.185325	-0.437783	0.000000
0.674412	3.648698	94216.988280	229175.336161	-11399.955792	425418.705877	-0.013612	0.000548	1.216755	5.185289	-0.437870	0.000000
0.679894	3.646995	94218.287191	229052.046451	38387.847273	1639303.961663	-0.012444	0.000548	1.216755	5.185293	-0.438107	0.000000
0.685380	3.641539	94188.850336	228610.924651	125705.250256	15861153.153362	-0.054423	0.000549	1.216755	5.185135	-0.438787	0.000000
0.690879	3.635923	94137.290498	228145.124113	-20183.298330	6676977.277669	-0.085907	0.000550	1.216755	5.184912	-0.439449	0.000000
0.696381	3.624787	94124.087486	227312.842488	218602.217797	13858791.692395	-0.096253	0.000552	1.216755	5.184840	-0.440964	0.000000
0.701910	3.593231	93952.975336	224761.630057	705596.240368	90429707.122383	-0.322338	0.000557	1.216755	5.183930	-0.444956	0.000000
0.707514	3.555620	93616.197569	221620.553818	122074.731512	70853639.511692	-0.548398	0.000562	1.216755	5.182401	-0.449539	0.000000
0.713155	3.491478	93382.520302	216600.895361	1176811.190208	124641049.679459	-0.684521	0.000573	1.216755	5.181230	-0.458318	0.000000
0.718947	3.329552	92215.173029	203059.735759	4091546.615401	621051591.675213	-1.892974	0.000601	1.216755	5.174973	-0.480097	0.000000
0.725188	3.142034	89474.578106	185979.797444	1712902.036737	784614445.290337	-3.506320	0.000637	1.216755	5.161571	-0.504853	0.000000
0.731709	2.961949	86733.606220	169134.447083	2544158.294041	967756097.269759	-3.916155	0.000675	1.216755	5.147706	-0.532222	0.000000
0.738653	2.520598	79766.050476	128828.205684	20502182.218249	3767785004.816638	-8.209653	0.000793	1.216755	5.105985	-0.608723	0.000000
0.748008	1.860297	58473.815153	66908.591812	37808915.268565	8122049501.594344	-22.074303	0.001075	1.216755	4.957227	-0.744494	0.000000
0.761838	1.349761	29923.494262	24300.245843	27583506.251892	6624235283.766659	-37.973982	0.001482	1.216755	4.653379	-0.880517	0.000000
0.779359	1.108998	12709.130608	8624.288095	11885047.013655	2694964138.882615	-47.181176	0.001803	1.216755	4.282960	-0.959985	0.000000
0.798651	1.027456	7199.108645	4785.398077	3309921.255360	557376533.049923	-50.541891	0.001947	1.216755	4.056917	-0.989747	0.000000
0.818501	1.005828	6250.815158	4172.075971	663541.707846	70505290.463068	-51.369051	0.001988	1.216755	4.005438	-0.997834	0.000000
0.838475	1.001122	6134.796783	4091.831473	111342.608773	8733835.553564	-51.524578	0.001998	1.216755	3.998752	-0.999582	0.000000
0.858472	1.000261	6119.908052	4080.621629	15769.424670	1213253.434000	-51.549391	0.001999	1.216755	3.997876	-0.999898	0.000000
0.878471	1.000125	6117.796006	4078.985466	1908.971070	176545.771601	-51.552738	0.002000	1.216755	3.997751	-0.999948	0.000000
0.898471	1.000107	6117.490445	4078.753941	200.402415	24882.315036	-51.553127	0.002000	1.216755	3.997733	-0.999954	0.000000
0.918471	1.000104	6117.448183	4078.723398	18.059623	3276.172179	-51.553166	0.002000	1.216755	3.997731	-0.999955	0.000000
0.938471	1.000104	6117.442745	4078.719684	1.382611	398.485526	-51.553170	0.002000	1.216755	3.997731	-0.999955	0.000000
0.958471	1.000104	6117.442099	4078.719268	0.095513	44.787846	-51.553170	0.002000	1.216755	3.997731	-0.999955	0.000000
0.978471	1.000104	6117.442027	4078.719224	0.008505	4.697845	-51.553170	0.002000	1.216755	3.997731	-0.999955	0.000000
0.998471	1.000104	6117.442020	4078.719220	0.001422	0.472357	-51.553170	0.002000	1.216755	3.997731	-0.999955	0.000000
1.018471	1.000104	6117.442019	4078.719220	0.000291	0.048093	-51.553170	0.002000	1.216755	3.997731	-0.999955	0.000000
1.038471	1.000104	6117.442019	4078.719220	0.000053	0.005353	-51.553170	0.002000	1.216755	3.997731	-0.999955	0.000000
1.058471	1.000104	6117.442019	4078.719219	0.000008	0.000679	-51.553170	0.002000	1.216755	3.997731	-0.999955	0.000000
1.078471	1.000104	6117.442019	4078.719219	0.000001	0.000093	-51.553170	0.002000	1.216755	3.997731	-0.999955	0.000000
1.098471	1.000104	6117.442019	4078.719219	0.000000	0.000015	-51.553170	0.002000	1.216755	3.997731	-0.999955	0.000000
1.118471	1.000104	6117.442019	4078.719219	-0.000000	0.000003	-51.553170	0.002000	1.216755	3.997731	-0.999955	0.000000
1.138471	1.000104	6117.442019	4078.719219	-0.000000	0.000001	-51.553170	0.002000	1.216755	3.997731	-0.999955	0.000000
1.158471	1.000104	6117.442019	4078.719219	-0.000000	-0.000001	-51.553170	0.002000	1.216755	3.997731	-0.999955	0.000000
1.178471	1.000104	6117.442019	4078.719219	0.000000	-0.000002	-51.553170	0.002000	1.216755	3.997731	-0.999955	0.000000
1.198471	1.000104	6117.442019	4078.719219	0.000000	0.000000	-51.553170	0.002000	1.216755	3.997731	-0.999955	0.000000
1.218471	1.000104	6117.442019	4078.719219	0.000000	0.000001	-51.553170	0.002000	1.216755	3.997731	-0.999955	0.000000
1.238471	1.000104	6117.442019	4078.719219	-0.000000	-0.000000	-51.553170	0.002000	1.216755	3.997731	-0.999955	0.000000
1.258471	1.000104	6117.442019	4078.719219	-0.000000	0.000000	-51.553170	0.002000	1.216755	3.997731	-0.999955	0.000000
1.278471	1.000104	6117.442019	4078.719219	-0.000000	0.000000	-51.553170	0.002000	1.216755	3.997731	-0.999955	0.000000
1.298471	1.000104	6117.442019	4078.719219	0.000000	-0.000001	-51.553170	0.002000	1.216755	3.997731	-0.999955	0.000000
1.318471	1.000104	6117.442019	4078.719219	0.000000	-0.000000	-51.553170	0.002000	1.216755	3.997731	-0.999955	0.000000
1.338471	1.000104	6117.442019	4078.719219	0.000000	0.000001	-51.553170	0.002000	1.216755	3.997731	-0.999955	0.000000
1.358471	1.000104	6117.442019	4078.719219	-0.000000	-0.000000	-51.553170	0.002000	1.216755	3.997731	-0.999955	0.000000
1.378471	1.000104	6117.442019	4078.719219	0.000000	-0.000001	-51.553170	0.002000	1.216755	3.997731	-0.999955	0.000000
1.398471	1.000104	6117.442019	4078.719219	0.000000	-0.000000	-51.553170	0.002000	1.216755	3.997731	-0.999955	0.000000
1.418471	1.000104	6117.442019	4078.719219	-0.000000	0.000001	-51.553170	0.002000	1.216755	3.997731	-0.999955	0.000000
1.438471	1.000104	6117.442019	4078.719219	-0.000000	-0.000001	-51.553170	0.002000	1.216755	3.997731	-0.999955	0.000000
1.458471	1.000104	6117.442019	4078.719219	0.000000	-0.000000	-51.553170	0.002000	1.216755	3.997731	-0.999955	0.000000
1.478471	1.000104	6117.442019	4078.719219	-0.000000	0.000001	-51.553170	0.002000	1.216755	3.997731	-0.999955	0.000000
1.498471	1.000104	6117.442019	4078.719219	-0.000000	-0.000001	-51.553170	0.002000	1.216755	3.997731	-0.999955	0.000000
1.518471	1.000104	6117.442019	4078.719219	0.000000	0.000000	-51.553170	0.002000	1.216755	3.997731	-0.999955	0.000000
1.538471	1.000104	6117.442019	4078.719219	-0.000000	0.000001	-51.553170	0.002000	1.216755	3.997731	-0.999955	0.000000
1.558471	1.000104	6117.442019	4078.719219	-0.000000	0.000000	-51.553170	0.002000	1.216755	3.997731	-0.999955	0.000000
1.578471	1.000104	6117.442019	4078.719219	-0.000000	-0.000001	-51.553170	0.002000	1.216755	3.997731	-0.999955	0.000000
1.598471	1.000104	6117.442019	4078.719219	0.000000	-0.000001	-51.553170	0.002000	1.216755	3.997731	-0.999955	0.000000
1.618471	1.000104	6117.442019	4078.719219	0.000000	-0.000000	-51.553170	0.002000	1.216755	3.997731	-0.999955	0.000000
1.638471	1.000104	6117.442019	4078.719219	-0.000000	0.000001	-51.553170	0.002000	1.216755	3.997731	-0.999955	0.000000
1.658471	1.000104	6117.442019	4078.719219	-0.000000	-0.000001	-51.553170	0.002000	1.216755	3.997731	-0.999955	0.000000
1.678471	1.000104	6117.442019	4078.719219	0.000000	-0.000001	-51.553170	0.002000	1.216755	3.997731	-0.999955	0.000000
1.698471	1.000104	6117.442019	4078.719219	0.000000	0.000001	-51.553170	0.002000	1.216755	3.997731	-0.999955	0.000000
1.718471	1.000104	6117.442019	4078.719219	0.000000	-0.000001	-51.553170	0.002000	1.216755	3.997731	-0.999955	0.000000
1.738471	1.000104	6117.442019	4078.719219	0.000000	0.000001	-51.553170	0.002000	1.216755	3.997731	-0.999955	0.000000
1.758471	1.000104	6117.442019	4078.719219	-0.000000	0.000001	-51.553170	0.002000	1.216755	3.997731	-0.999955	0.000000
1.778471	1.000104	6117.442019	4078.719219	-0.000000	-0.000001	-51.553170	0.002000	1.216755	3.997731	-0.999955	0.000000
1.798471	1.000104	6117.442019	4078.719219	0.000000	-0.000001	-51.553170	0.002000	1.216755	3.997731	-0.999955	0.000000
1.818471	1.000104	6117.442019	4078.719219	0.000000	0.000000	-51.553170	0.002000	1.216755	3.997731	-0.999955	0.000000
1.838471	1.000104	6117.442019	4078.719219	-0.000000	0.000001	-51.553170	0.002000	1.216755	3.997731	-0.999955	0.000000
1.858471	1.000104	6117.442019	4078.719219	-0.000000	-0.000001	-51.553170	0.002000	1.216755	3.997731	-0.999955	0.000000
1.878471	1.000104	6117.442019	4078.719219	0.000000	-0.000001	-51.553170	0.002000	1.216755	3.997731	-0.999955	0.000000
1.898471	1.000104	6117.442019	4078.719219	0.000000	0.000001	-51.553170	0.002000	1.216755	3.997731	-0.999955	0.000000
1.918471	1.000104	6117.442019	4078.719219	-0.000000	0.000001	-51.553170	0.002000	1.216755	3.997731	-0.999955	0.000000
1.938471	1.000104	6117.442019	4078.719219	-0.000000	-0.000001	-51.553170	0.002000	1.216755	3.997731	-0.999955	0.000000
1.958471	1.000104	6117.442019	4078.719219	0.000000	-0.000001	-51.553170	0.002000	1.216755	3.997731	-0.999955	0.000000
1.978471	1.000104	6117.442019	4078.719219	0.000000	-0.000001	-51.553170	0.002000	1.216755	3.997731	-0.999955	0.000000
1.998471	1.000104	6117.442019	4078.719219	-0.000000	0.000001	-51.553170	0.002000	1.216755	3.997731	-0.999955	0.000000
2.018471	1.000104	6117.442019	4078.719219	0.000000	-0.000001	-51.553170	0.002000	1.216755	3.997731	-0.999955	0.000000
2.038471	1.000104	6117.442019	4078.719219	0.000000	0.000001	-51.553170	0.002000	1.216755	3.997731	-0.999955	0.000000
2.058471	1.000104	6117.442019	4078.719219	-0.000000	0.000001	-51.553170	0.002000	1.216755	3.997731	-0.999955	0.000000
2.078471	1.000104	6117.442019	4078.719219	-0.000000	0.000000	-51.553170	0.002000	1.216755	3.997731	-0.999955	0.000000
2.098471	1.000104	6117.442019	4078.719219	-0.000000	0.000000	-51.553170	0.002000	1.216755	3.997731	-0.999955	0.000000
2.118471	1.000104	6117.442019	4078.719219	0.000000	-0.000001	-51.553170	0.002000	1.216755	3.997731	-0.999955	0.000000
2.138471	1.000104	6117.442019	4078.719219	-0.000000	0.000001	-51.553170	0.002000	1.216755	3.997731	-0.999955	0.000000
2.158471	1.000104	6117.442019	4078.719219	-0.000000	-0.000001	-51.553170	0.002000	1.216755	3.997731	-0.999955	0.000000
2.178471	1.000104	6117.442019	4078.719219	0.000000	-0.000001	-51.553170	0.002000	1.216755	3.997731	-0.999955	0.000000
2.198471	1.000104	6117.442019	4078.719219	0.000000	-0.000000	-51.553170	0.002000	1.216755	3.997731	-0.999955	0.000000
2.218471	1.000104	6117.442019	4078.719219	0.000000	0.000000	-51.553170	0.002000	1.216755	3.997731	-0.999955	0.000000
2.238471	1.000104	6117.442019	4078.719219	0.000000	0.000001	-51.553170	0.002000	1.216755	3.997731	-0.999955	0.000000
2.258471	1.000104	6117.442019	4078.719219	-0.000000	0.000001	-51.553170	0.002000	1.216755	3.997731	-0.999955	0.000000
2.278471	1.000104	6117.442019	4078.719219	-0.000000	0.000001	-51.553170	0.002000	1.216755	3.997731	-0.999955	0.000000
2.298471	1.000104	6117.442019	4078.719219	-0.000000	-0.000000	-51.553170	0.002000	1.216755	3.997731	-0.999955	0.000000
2.318471	1.000104	6117.442019	4078.719219	-0.000000	-0.000001	-51.553170	0.002000	1.216755	3.997731	-0.999955	0.000000
2.338471	1.000104	6117.442019	4078.719219	0.000000	-0.000001	-51.553170	0.002000	1.216755	3.997731	-0.999955	0.000000
2.358471	1.000104	6117.442019	4078.719219	0.000000	0.000001	-51.553170	0.002000	1.216755	3.997731	-0.999955	0.000000
2.378471	1.000104	6117.442019	4078.719219	-0.000000	0.000001	-51.553170	0.002000	1.216755	3.997731	-0.999955	0.000000
2.398471	1.000104	6117.442019	4078.719219	-0.000000	-0.000000	-51.553170	0.002000	1.216755	3.997731	-0.999955	0.000000
2.418471	1.000104	6117.442019	4078.719219	-0.000000	0.000001	-51.553170	0.002000	1.216755	3.997731	-0.999955	0.000000
2.438471	1.000104	6117.442019	4078.719219	-0.000000	-0.000001	-51.553170	0.002000	1.216755	3.997731	-0.999955	0.000000
2.458471	1.000104	6117.442019	4078.719219	0.000000	-0.000002	-51.553170	0.002000	1.216755	3.997731	-0.999955	0.000000
2.478471	1.000104	6117.442019	4078.719219	0.000000	0.000000	-51.553170	0.002000	1.216755	3.997731	-0.999955	0.000000
2.498471	1.000104	6117.442019	4078.719219	0.000000	0.000001	-51.553170	0.002000	1.216755	3.997731	-0.999955	0.000000
2.518471	1.000104	6117.442019	4078.719219	-0.000000	0.000000	-51.553170	0.002000	1.216755	3.997731	-0.999955	0.000000
2.538471	1.000104	6117.442019	4078.719219	-0.000000	0.000000	-51.553170	0.002000	1.216755	3.997731	-0.999955	0.000000
2.558471	1.000104	6117.442019	4078.719219	-0.000000	0.000000	-51.553170	0.002000	1.216755	3.997731	-0.999955	0.000000
2.578471	1.000104	6117.442019	4078.719219	0.000000	0.000000	-51.553170	0.002000	1.216755	3.997731	-0.999955	0.000000
2.598471	1.000104	6117.442019	4078.719219	0.000000	0.000000	-51.553170	0.002000	1.216755	3.997731	-0.999955	0.000000
2.618471	1.000104	6117.442019	4078.719219	0.000000	0.000000	-51.553170	0.002000	1.216755	3.997731	-0.999955	0.000000
2.638471	1.000104	6117.442019	4078.719219	0.000000	0.000000	-51.553170	0.002000	1.216755	3.997731	-0.999955	0.000000
2.658471	1.000104	6117.442019	4078.719219	0.000000	0.000000	-51.553170	0.002000	1.216755	3.997731	-0.999955	0.000000
2.678471	1.000104	6117.442019	4078.719219	0.000000	0.000000	-51.553170	0.002000	1.216755	3.997731	-0.999955	0.000000
2.698471	1.000104	6117.442019	4078.719219	0.000000	0.000000	-51.553170	0.002000	1.216755	3.997731	-0.999955	0.000000
2.718471	1.000104	6117.442019	4078.719219	0.000000	0.000000	-51.553170	0.002000	1.216755	3.997731	-0.999955	0.000000
2.738471	1.000104	6117.442019	4078.719219	0.000000	0.000000	-51.553170	0.002000	1.216755	3.997731	-0.999955	0.000000
2.758471	1.000104	6117.442019	4078.719219	0.000000	0.000000	-51.553170	0.002000	1.216755	3.997731	-0.999955	0.000000
2.778471	1.000104	6117.442019	4078.719219	0.000000	0.000000	-51.553170	0.002000	1.216755	3.997731	-0.999955	0.000000
2.798471	1.000104	6117.442019	4078.719219	0.000000	0.000000	-51.553170	0.002000	1.216755	3.997731	-0.999955	0.000000
2.818471	1.000104	6117.442019	4078.719219	0.000000	0.000000	-51.553170	0.002000	1.216755	3.997731	-0.999955	0.000000
2.838471	1.000104	6117.442019	4078.719219	0.000000	-0.000000	-51.553170	0.002000	1.216755	3.997731	-0.999955	0.000000
2.858471	1.000104	6117.442019	4078.719219	0.000000	-0.000000	-51.553170	0.002000	1.216755	3.997731	-0.999955	0.000000
2.878471	1.000104	6117.442019	4078.719219	0.000000	-0.000000	-51.553170	0.002000	1.216755	3.997731	-0.999955	0.000000
2.898471	1.000104	6117.442019	4078.719219	0.000000	-0.000000	-51.553170	0.002000	1.216755	3.997731	-0.999955	0.000000
2.918471	1.000104	6117.442019	4078.719219	0.000000	-0.000000	-51.553170	0.002000	1.216755	3.997731	-0.999955	0.000000
2.938471	1.000104	6117.442019	4078.719219	0.000000	-0.000000	-51.553170	0.002000	1.216755	3.997731	-0.999955	0.000000
2.958471	1.000104	6117.442019	4078.719219	-0.000000	-0.000000	-51.553170	0.002000	1.216755	3.997731	-0.999955	0.000000
2.978471	1.000104	6117.442019	4078.719219	-0.000000	-0.000000	-51.553170	0.002000	1.216755	3.997731	-0.999955	0.000000
2.998471	1.000104	6117.442019	4078.719219	-0.000000	-0.000000	-51.553170	0.002000	1.216755	3.997731	-0.999955	0.000000
3.018471	1.000104	6117.442019	4078.719219	-0.000000	-0.000000	-51.553170	0.002000	1.216755	3.997731	-0.999955	0.000000
3.038471	1.000104	6117.442019	4078.719219	0.000000	-0.000001	-51.553170	0.002000	1.216755	3.997731	-0.999955	0.000000
3.058471	1.000104	6117.442019	4078.719219	0.000000	0.000001	-51.553170	0.002000	1.216755	3.997731	-0.999955	0.000000
3.078471	1.000104	6117.442019	4078.719219	-0.000000	0.000001	-51.553170	0.002000	1.216755	3.997731	-0.999955	0.000000
3.098471	1.000104	6117.442019	4078.719219	-0.000000	0.000000	-51.553170	0.002000	1.216755	3.997731	-0.999955	0.000000
3.118471	1.000104	6117.442019	4078.719219	-0.000000	-0.000001	-51.553170	0.002000	1.216755	3.997731	-0.999955	0.000000
3.138471	1.000104	6117.442019	4078.719219	0.000000	-0.000001	-51.553170	0.002000	1.216755	3.997731	-0.999955	0.000000
3.158471	1.000104	6117.442019	4078.719219	0.000000	0.000001	-51.553170	0.002000	1.216755	3.997731	-0.999955	0.000000
3.178471	1.000104	6117.442019	4078.719219	0.000000	0.000001	-51.553170	0.002000	1.216755	3.997731	-0.999955	0.000000
3.198471	1.000104	6117.442019	4078.719219	-0.000000	0.000000	-51.553170	0.002000	1.216755	3.997731	-0.999955	0.000000
3.218471	1.000104	6117.442019	4078.719219	-0.000000	0.000000	-51.553170	0.002000	1.216755	3.997731	-0.999955	0.000000
3.238471	1.000104	6117.442019	4078.719219	-0.000000	-0.000001	-51.553170	0.002000	1.216755	3.997731	-0.999955	0.000000
3.258471	1.000104	6117.442019	4078.719219	0.000000	-0.000001	-51.553170	0.002000	1.216755	3.997731	-0.999955	0.000000
3.278471	1.000104	6117.442019	4078.719219	0.000000	0.000001	-51.553170	0.002000	1.216755	3.997731	-0.999955	0.000000
3.298471	1.000104	6117.442019	4078.719219	0.000000	0.000001	-51.553170	0.002000	1.216755	3.997731	-0.999955	0.000000
3.318471	1.000104	6117.442019	4078.719219	-0.000000	0.000001	-51.553170	0.002000	1.216755	3.997731	-0.999955	0.000000
3.338471	1.000104	6117.442019	4078.719219	-0.000000	-0.000001	-51.553170	0.002000	1.216755	3.997731	-0.999955	0.000000
3.358471	1.000104	6117.442019	4078.719219	0.000000	-0.000001	-51.553170	0.002000	1.216755	3.997731	-0.999955	0.000000
3.378471	1.000104	6117.442019	4078.719219	0.000000	0.000000	-51.553170	0.002000	1.216755	3.997731	-0.999955	0.000000
3.398471	1.000104	6117.442019	4078.719219	0.000000	0.000001	-51.553170	0.002000	1.216755	3.997731	-0.999955	0.000000
3.418471	1.000104	6117.442019	4078.719219	-0.000000	0.000001	-51.553170	0.002000	1.216755	3.997731	-0.999955	0.000000
3.438471	1.000104	6117.442019	4078.719219	-0.000000	-0.000001	-51.553170	0.002000	1.216755	3.997731	-0.999955	0.000000
3.458471	1.000104	6117.442019	4078.719219	0.000000	-0.000001	-51.553170	0.002000	1.216755	3.997731	-0.999955	0.000000
3.478471	1.000104	6117.442019	4078.719219	0.000000	0.000001	-51.553170	0.002000	1.216755	3.997731	-0.999955	0.000000
3.498471	1.000104	6117.442019	4078.719219	-0.000000	0.000000	-51.553170	0.002000	1.216755	3.997731	-0.999955	0.000000
3.518471	1.000104	6117.442019	4078.719219	0.000000	-0.000001	-51.553170	0.002000	1.216755	3.997731	-0.999955	0.000000
3.538471	1.000104	6117.442019	4078.719219	0.000000	0.000001	-51.553170	0.002000	1.216755	3.997731	-0.999955	0.000000
3.558471	1.000104	6117.442019	4078.719219	-0.000000	0.000001	-51.553170	0.002000	1.216755	3.997731	-0.999955	0.000000
3.578471	1.000104	6117.442019	4078.719219	0.000000	-0.000001	-51.553170	0.002000	1.216755	3.997731	-0.999955	0.000000
3.598471	1.000104	6117.442019	4078.719219	0.000000	0.000001	-51.553170	0.002000	1.216755	3.997731	-0.999955	0.000000
3.618471	1.000104	6117.442019	4078.719219	-0.000000	0.000001	-51.553170	0.002000	1.216755	3.997731	-0.999955	0.000000
3.638471	1.000104	6117.442019	4078.719219	-0.000000	-0.000001	-51.553170	0.002000	1.216755	3.997731	-0.999955	0.000000
3.658471	1.000104	6117.442019	4078.719219	0.000000	-0.000001	-51.553170	0.002000	1.216755	3.997731	-0.999955	0.000000
3.678471	1.000104	6117.442019	4078.719219	0.000000	0.000001	-51.553170	0.002000	1.216755	3.997731	-0.999955	0.000000
3.698471	1.000104	6117.442019	4078.719219	-0.000000	0.000001	-51.553170	0.002000	1.216755	3.997731	-0.999955	0.000000
3.718471	1.000104	6117.442019	4078.719219	-0.000000	0.000000	-51.553170	0.002000	1.216755	3.997731	-0.999955	0.000000
3.738471	1.000104	6117.442019	4078.719219	-0.000000	0.000000	-51.553170	0.002000	1.216755	3.997731	-0.999955	0.000000
3.758471	1.000104	6117.442019	4078.719219	-0.000000	-0.000000	-51.553170	0.002000	1.216755	3.997731	-0.999955	0.000000
3.778471	1.000104	6117.442019	4078.719219	-0.000000	-0.000000	-51.553170	0.002000	1.216755	3.997731	-0.999955	0.000000
3.798471	1.000104	6117.442019	4078.719219	-0.000000	-0.000001	-51.553170	0.002000	1.216755	3.997731	-0.999955	0.000000
3.818471	1.000104	6117.442019	4078.719219	0.000000	0.000000	-51.553170	0.002000	1.216755	3.997731	-0.999955	0.000000
3.838471	1.000104	6117.442019	4078.719219	0.000000	-0.000000	-51.553170	0.002000	1.216755	3.997731	-0.999955	0.000000
3.858471	1.000104	6117.442019	4078.719219	0.000000	0.000001	-51.553170	0.002000	1.216755	3.997731	-0.999955	0.000000
3.878471	1.000104	6117.442019	4078.719219	-0.000000	0.000001	-51.553170	0.002000	1.216755	3.997731	-0.999955	0.000000
3.898471	1.000104	6117.442019	4078.719219	-0.000000	0.000001	-51.553170	0.002000	1.216755	3.997731	-0.999955	0.000000
3.918471	1.000104	6117.442019	4078.719219	-0.000000	-0.000001	-51.553170	0.002000	1.216755	3.997731	-0.999955	0.000000
3.938471	1.000104	6117.442019	4078.719219	0.000000	-0.000001	-51.553170	0.002000	1.216755	3.997731	-0.999955	0.000000
3.958471	1.000104	6117.442019	4078.719219	0.000000	0.000001	-51.553170	0.002000	1.216755	3.997731	-0.999955	0.000000
3.978471	1.000104	6117.442019	4078.719219	0.000000	-0.000001	-51.553170	0.002000	1.216755	3.997731	-0.999955	0.000000
3.998471	1.000104	6117.442019	4078.719219	0.000000	-0.000001	-51.553170	0.002000	1.216755	3.997731	-0.999955	0.000000
4.018471	1.000104	6117.442019	4078.719219	0.000000	0.000001	-51.553170	0.002000	1.216755	3.997731	-0.999955	0.000000
4.038471	1.000104	6117.442019	4078.719219	-0.000000	0.000001	-51.553170	0.002000	1.216755	3.997731	-0.999955	0.000000
4.058471	1.000104	6117.442019	4078.719219	-0.000000	-0.000001	-51.553170	0.002000	1.216755	3.997731	-0.999955	0.000000
4.078471	1.000104	6117.442019	4078.719219	-0.000000	-0.000001	-51.553170	0.002000	1.216755	3.997731	-0.999955	0.000000
4.098471	1.000104	6117.442019	4078.719219	0.000000	-0.000001	-51.553170	0.002000	1.216755	3.997731	-0.999955	0.000000
4.118471	1.000104	6117.442019	4078.719219	0.000000	0.000001	-51.553170	0.002000	1.216755	3.997731	-0.999955	0.000000
4.138471	1.000104	6117.442019	4078.719219	-0.000000	0.000002	-51.553170	0.002000	1.216755	3.997731	-0.999955	0.000000
4.158471	1.000104	6117.442019	4078.719219	-0.000000	-0.000001	-51.553170	0.002000	1.216755	3.997731	-0.999955	0.000000
4.178471	1.000104	6117.442019	4078.719219	-0.000000	-0.000004	-51.553170	0.002000	1.216755	3.997731	-0.999955	0.000000
4.198471	1.000104	6117.442019	4078.719219	0.000000	0.000000	-51.553170	0.002000	1.216755	3.997731	-0.999955	0.000000
4.218471	1.000104	6117.442019	4078.719219	0.000000	0.000001	-51.553170	0.002000	1.216755	3.997731	-0.999955	0.000000
4.238471	1.000104	6117.442019	4078.719219	-0.000000	0.000001	-51.553170	0.002000	1.216755	3.997731	-0.999955	0.000000
4.258471	1.000104	6117.442019	4078.719219	-0.000000	-0.000001	-51.553170	0.002000	1.216755	3.997731	-0.999955	0.000000
4.278471	1.000104	6117.442019	4078.719219	-0.000000	-0.000000	-51.553170	0.002000	1.216755	3.997731	-0.999955	0.000000
4.298471	1.000104	6117.442019	4078.719219	0.000000	-0.000001	-51.553170	0.002000	1.216755	3.997731	-0.999955	0.000000
4.318471	1.000104	6117.442019	4078.719219	0.000000	-0.000001	-51.553170	0.002000	1.216755	3.997731	-0.999955	0.000000
4.338471	1.000104	6117.442019	4078.719219	0.000000	0.000003	-51.553170	0.002000	1.216755	3.997731	-0.999955	0.000000
4.358471	1.000104	6117.442019	4078.719219	-0.000000	-0.000001	-51.553170	0.002000	1.216755	3.997731	-0.999955	0.000000
4.378471	1.000104	6117.442019	4078.719219	-0.000000	-0.000001	-51.553170	0.002000	1.216755	3.997731	-0.999955	0.000000
4.398471	1.000104	6117.442019	4078.719219	0.000000	0.000002	-51.553170	0.002000	1.216755	3.997731	-0.999955	0.000000
4.418471	1.000104	6117.442019	4078.719219	-0.000000	0.000003	-51.553170	0.002000	1.216755	3.997731	-0.999955	0.000000
4.438471	1.000104	6117.442019	4078.719219	-0.000000	-0.000002	-51.553170	0.002000	1.216755	3.997731	-0.999955	0.000000
4.458471	1.000104	6117.442019	4078.719219	0.000000	-0.000003	-51.553170	0.002000	1.216755	3.997731	-0.999955	0.000000
4.478471	1.000104	6117.442019	4078.719219	0.000000	0.000001	-51.553170	0.002000	1.216755	3.997731	-0.999955	0.000000
4.498471	1.000104	6117.442019	4078.719219	0.000000	0.000001	-51.553170	0.002000	1.216755	3.997731	-0.999955	0.000000
4.518471	1.000104	6117.442019	4078.719219	-0.000000	-0.000000	-51.553170	0.002000	1.216755	3.997731	-0.999955	0.000000
4.538471	1.000104	6117.442019	4078.719219	-0.000000	-0.000001	-51.553170	0.002000	1.216755	3.997731	-0.999955	0.000000
4.558471	1.000104	6117.442019	4078.719219	0.000000	-0.000001	-51.553170	0.002000	1.216755	3.997731	-0.999955	0.000000
4.578471	1.000104	6117.442019	4078.719219	0.000000	-0.000001	-51.553170	0.002000	1.216755	3.997731	-0.999955	0.000000
4.598471	1.000104	6117.442019	4078.719219	-0.000000	0.000002	-51.553170	0.002000	1.216755	3.997731	-0.999955	0.000000
4.618471	1.000104	6117.442019	4078.719219	-0.000000	0.000001	-51.553170	0.002000	1.216755	3.997731	-0.999955	0.000000
4.638471	1.000104	6117.442019	4078.719219	-0.000000	-0.000000	-51.553170	0.002000	1.216755	3.997731	-0.999955	0.000000
4.658471	1.000104	6117.442019	4078.719219	0.000000	-0.000000	-51.553170	0.002000	1.216755	3.997731	-0.999955	0.000000
4.678471	1.000104	6117.442019	4078.719219	0.000000	0.000001	-51.553170	0.002000	1.216755	3.997731	-0.999955	0.000000
4.698471	1.000104	6117.442019	4078.719219	-0.000000	0.000000	-51.553170	0.002000	1.216755	3.997731	-0.999955	0.000000
4.718471	1.000104	6117.442019	4078.719219	-0.000000	-0.000003	-51.553170	0.002000	1.216755	3.997731	-0.999955	0.000000
4.738471	1.000104	6117.442019	4078.719219	0.000000	-0.000004	-51.553170	0.002000	1.216755	3.997731	-0.999955	0.000000
4.758471	1.000104	6117.442019	4078.719219	0.000000	0.000001	-51.553170	0.002000	1.216755	3.997731	-0.999955	0.000000
4.778471	1.000104	6117.442019	4078.719219	-0.000000	0.000003	-51.553170	0.002000	1.216755	3.997731	-0.999955	0.000000
4.798471	1.000104	6117.442019	4078.719219	-0.000000	0.000003	-51.553170	0.002000	1.216755	3.997731	-0.999955	0.000000
4.818471	1.000104	6117.442019	4078.719219	-0.000000	0.000007	-51.553170	0.002000	1.216755	3.997731	-0.999955	0.000000
4.838471	1.000104	6117.442019	4078.719219	-0.000000	0.000007	-51.553170	0.002000	1.216755	3.997731	-0.999955	0.000000
4.858471	1.000104	6117.442019	4078.719219	-0.000000	-0.000009	-51.553170	0.002000	1.216755	3.997731	-0.999955	0.000000
4.878471	1.000104	6117.442019	4078.719219	0.000000	-0.000066	-51.553170	0.002000	1.216755	3.997731	-0.999955	0.000000
4.898471	1.000104	6117.442019	4078.719219	0.000003	-0.000289	-51.553170	0.002000	1.216755	3.997731	-0.999955	0.000000
4.918471	1.000104	6117.442019	4078.719219	0.000012	-0.001011	-51.553170	0.002000	1.216755	3.997731	-0.999955	0.000000
4.938471	1.000104	6117.442019	4078.719219	0.000039	-0.003191	-51.553170	0.002000	1.216755	3.997731	-0.999955	0.000000
4.958471	1.000104	6117.442019	4078.719219	0.000119	-0.009516	-51.553170	0.002000	1.216755	3.997731	-0.999955	0.000000
4.978471	1.000104	6117.442019	4078.719219	0.000348	-0.026945	-51.553170	0.002000	1.216755	3.997731	-0.999955	0.000000
4.998471	1.000104	6117.442018	4078.719218	0.000969	-0.073268	-51.553170	0.002000	1.216755	3.997731	-0.999955	0.000000
5.018471	1.000104	6117.442017	4078.719217	0.002602	-0.192711	-51.553170	0.002000	1.216755	3.997731	-0.999955	0.000000
5.038471	1.000104	6117.442012	4078.719211	0.006764	-0.491980	-51.553170	0.002000	1.216755	3.997731	-0.999955	0.000000
5.058471	1.000104	6117.442000	4078.719198	0.017082	-1.221894	-51.553170	0.002000	1.216755	3.997731	-0.999955	0.000000
5.078471	1.000104	6117.441971	4078.719165	0.041987	-2.957185	-51.553170	0.002000	1.216755	3.997731	-0.999955	0.000000
5.098471	1.000104	6117.441901	4078.719084	0.100594	-6.981620	-51.553170	0.002000	1.216755	3.997731	-0.999955	0.000000
5.118471	1.000104	6117.441735	4078.718889	0.235097	-16.094073	-51.553170	0.002000	1.216755	3.997731	-0.999955	0.000000
5.138471	1.000104	6117.441351	4078.718435	0.536390	-36.214269	-51.553169	0.002000	1.216755	3.997731	-0.999955	0.000000
5.158471	1.000104	6117.440487	4078.717403	1.194826	-79.584160	-51.553167	0.002000	1.216755	3.997730	-0.999955	0.000000
5.178471	1.000104	6117.438584	4078.715110	2.598657	-170.799407	-51.553164	0.002000	1.216755	3.997730	-0.999955	0.000000
5.198471	1.000103	6117.434493	4078.710134	5.517763	-357.911512	-51.553156	0.002000	1.216755	3.997730	-0.999955	0.000000
5.218471	1.000102	6117.425910	4078.699593	11.434937	-732.075021	-51.553139	0.002000	1.216755	3.997729	-0.999956	0.000000
5.238471	1.000099	6117.408331	4078.677796	23.120237	-1460.955580	-51.553104	0.002000	1.216755	3.997728	-0.999957	0.000000
5.258471	1.000094	6117.373210	4078.633816	45.584738	-2843.050483	-51.553033	0.002000	1.216755	3.997726	-0.999959	0.000000
5.278472	1.000084	6117.304790	4078.547274	87.588930	-5391.622567	-51.552893	0.002000	1.216755	3.997721	-0.999964	0.000000
5.298472	1.000064	6117.174908	4078.381294	163.897091	-9956.846096	-51.552624	0.002000	1.216755	3.997712	-0.999972	0.000000
5.318473	1.000026	6116.934829	4078.071237	298.424068	-17890.931056	-51.552121	0.002000	1.216755	3.997695	-0.999988	0.000000
5.338475	0.999957	6116.503063	4077.507542	528.260218	-31250.680988	-51.551203	0.002000	1.216755	3.997665	-1.000018	0.000000
5.358479	0.999834	6115.748229	4076.511013	908.224549	-53012.608833	-51.549577	0.002000	1.216755	3.997612	-1.000071	0.000000
5.378486	0.999619	6114.466600	4074.799505	1515.056237	-87247.054607	-51.546779	0.002001	1.216755	3.997521	-1.000163	0.000000
5.398498	0.999258	6112.355176	4071.946563	2449.672200	-139164.724865	-51.542107	0.002001	1.216755	3.997373	-1.000319	0.000000
5.418519	0.998669	6108.983135	4067.335398	3835.317043	-214925.104723	-51.534545	0.002003	1.216755	3.997135	-1.000573	0.000000
5.438554	0.997735	6103.766897	4060.115522	5809.321305	-321103.346108	-51.522686	0.002005	1.216755	3.996766	-1.000976	0.000000
5.458612	0.996304	6095.956348	4049.173598	8507.069152	-463773.544171	-51.504686	0.002007	1.216755	3.996214	-1.001596	0.000000
5.478704	0.994179	6084.640463	4033.132782	12038.939939	-647290.036461	-51.478249	0.002012	1.216755	3.995411	-1.002517	0.000000
5.498847	0.991129	6068.778696	4010.393862	16464.106566	-873006.172019	-51.440682	0.002018	1.216755	3.994283	-1.003844	0.000000
5.519063	0.986891	6047.259238	3979.224964	21767.918629	-1138292.459423	-51.389014	0.002027	1.216755	3.992747	-1.005697	0.000000
5.539378	0.981190	6018.977803	3937.894922	27850.460649	-1436217.034035	-51.320177	0.002038	1.216755	3.990718	-1.008203	0.000000
5.559828	0.973757	5982.923497	3884.831689	34531.509977	-1756087.950973	-51.231212	0.002054	1.216755	3.988117	-1.011493	0.000000
5.580455	0.964354	5938.254780	3818.777095	41571.970745	-2084776.326956	-51.119474	0.002074	1.216755	3.984871	-1.015695	0.000000
5.601306	0.952786	5884.350628	3738.907612	48706.268559	-2408473.127061	-50.982770	0.002099	1.216755	3.980919	-1.020923	0.000000
5.622437	0.938918	5820.828828	3644.898945	55676.752426	-2714406.912214	-50.819433	0.002130	1.216755	3.976214	-1.027277	0.000000
5.643910	0.922679	5747.531962	3536.927710	62261.719393	-2992133.807292	-50.628306	0.002168	1.216755	3.970719	-1.034841	0.000000
5.665792	0.904054	5664.489985	3415.617678	68292.257197	-3234186.263662	-50.408658	0.002212	1.216755	3.964405	-1.043684	0.000000
5.688161	0.883077	5571.868907	3281.950596	73656.916264	-3436129.524378	-50.160052	0.002265	1.216755	3.957252	-1.053868	0.000000
5.711099	0.859817	5469.921394	3137.162765	78297.807905	-3596176.615344	-49.882196	0.002326	1.216755	3.949238	-1.065450	0.000000
5.734698	0.834369	5358.935981	2982.645692	82200.263413	-3714581.303828	-49.574795	0.002397	1.216755	3.940341	-1.078488	0.000000
5.759062	0.806837	5239.193620	2819.866937	85381.636202	-3793125.269081	-49.237396	0.002479	1.216755	3.930531	-1.093051	0.000000
5.784304	0.777333	5110.891013	2650.295430	87879.814647	-3834602.834640	-48.869290	0.002573	1.216755	3.919767	-1.109221	0.000000
5.810559	0.745985	4973.993550	2475.344788	89741.605685	-3842936.055118	-48.469384	0.002681	1.216755	3.907979	-1.127092	0.000000
5.837976	0.712928	4827.970084	2296.252964	91018.899859	-3822930.409750	-48.036188	0.002805	1.216755	3.895042	-1.146770	0.000000
5.866732	0.678326	4671.282200	2113.937973	91753.606222	-3780493.088370	-47.567729	0.002948	1.216755	3.880716	-1.168372	0.000000
5.897030	0.642309	4500.998377	1928.755395	91989.551435	-3721322.818070	-47.061509	0.003114	1.216755	3.864591	-1.192062	0.000000
5.929116	0.604882	4312.547359	1740.344343	91752.767013	-3647444.692109	-46.514318	0.003306	1.216755	3.846019	-1.218132	0.000000
5.963297	0.565672	4101.754130	1548.004056	91080.650069	-3553707.413903	-45.920937	0.003536	1.216755	3.824258	-1.247234	0.000000
6.000009	0.523682	3868.867407	1351.746044	90019.932808	-3421074.543327	-45.273013	0.003819	1.216755	3.798874	-1.280728	0.000000
6.039936	0.477359	3625.676521	1154.739867	88598.798924	-3232224.928337	-44.552887	0.004190	1.216755	3.770681	-1.320945	0.000000
6.084223	0.424903	3397.684614	963.224853	86944.546621	-2977077.156822	-43.732048	0.004707	1.216755	3.742472	-1.371493	0.000000
6.134889	0.365840	3220.778185	786.156693	84936.539875	-2683734.400014	-42.755128	0.005467	1.216755	3.719244	-1.436483	0.000000
6.195236	0.300559	3133.027517	628.277745	82979.074988	-2378801.988878	-41.534259	0.006654	1.216755	3.707236	-1.521833	0.000000
6.271799	0.232838	3169.240454	492.342258	80449.959308	-2105329.631824	-39.902532	0.008590	1.216755	3.712213	-1.632695	0.000000
6.375536	0.158641	3373.532721	357.072442	79613.306515	-1820550.980358	-37.494472	0.012607	1.216755	3.739325	-1.799317	0.000000
6.565585	0.089291	4483.991881	267.121001	77284.760079	-1392472.519670	-32.697294	0.022399	1.216755	3.862871	-2.048911	0.000000
-0.002977	3.361530	102671.555260	230089.649148	9.088693	0.000000	0.000788	0.000595	0.000000	5.222614	-0.473465	0.000000
-0.008925	3.368674	102433.158519	230042.824388	26.113193	0.000000	0.002292	0.000594	0.000000	5.221604	-0.472544	0.000000
-0.014855	3.382545	101973.552505	229953.573102	39.835440	0.000000	0.003585	0.000591	0.000000	5.219651	-0.470759	0.000000
-0.020754	3.402368	101324.993058	229830.026884	48.574636	0.000000	0.004554	0.000588	0.000000	5.216879	-0.468220	0.000000
-0.026614	3.427042	100531.237005	229683.177856	51.335848	0.000000	0.005126	0.000584	0.000000	5.213462	-0.465081	0.000000
-0.032429	3.455217	99643.108237	229525.681563	47.947669	0.000000	0.005268	0.000579	0.000000	5.209608	-0.461525	0.000000
-0.038193	3.485399	98713.499746	229370.485130	39.065800	0.000000	0.004996	0.000574	0.000000	5.205536	-0.457747	0.000000
-0.043907	3.516052	97792.762623	229229.489025	26.065512	0.000000	0.004367	0.000569	0.000000	5.201466	-0.453943	0.000000
-0.049571	3.545726	96924.815214	229112.397141	10.826266	0.000000	0.003468	0.000564	0.000000	5.197593	-0.450293	0.000000
-0.055189	3.573158	96144.390135	229025.885101	-4.549511	0.000000	0.002406	0.000560	0.000000	5.194082	-0.446946	0.000000
-0.060766	3.597363	95475.477772	228973.167316	-18.046349	0.000000	0.001296	0.000556	0.000000	5.191050	-0.444014	0.000000
-0.066309	3.617694	94930.965449	228953.989481	-28.023736	0.000000	0.000243	0.000553	0.000000	5.188566	-0.441566	0.000000
-0.071823	3.633855	94513.298753	228965.016782	-33.440185	0.000000	-0.000666	0.000550	0.000000	5.186652	-0.439631	0.000000
-0.077316	3.645888	94215.961122	229000.539203	-33.976981	0.000000	-0.001368	0.000549	0.000000	5.185284	-0.438196	0.000000
-0.082795	3.654115	94025.511012	229053.378400	-30.043162	0.000000	-0.001831	0.000547	0.000000	5.184406	-0.437217	0.000000
-0.088263	3.659065	93923.917625	229115.861823	-22.661964	0.000000	-0.002053	0.000547	0.000000	5.183937	-0.436630	0.000000
-0.093727	3.661386	93890.933054	229180.731043	-13.261428	0.000000	-0.002058	0.000546	0.000000	5.183785	-0.436355	0.000000
