0.002977	3.361963	102656.570909	230085.695680	8.950678	-2321424.399547	-0.000781	0.000595	1.216755	5.222551	-0.473409	0.000000
0.008924	3.369069	102419.598562	230039.315811	25.715723	-2101121.323586	-0.002271	0.000594	1.216755	5.221547	-0.472493	0.000000
0.014853	3.382867	101962.665522	229950.897462	39.227863	-1687680.376891	-0.003552	0.000591	1.216755	5.219604	-0.470717	0.000000
0.020752	3.402590	101317.705401	229828.467930	47.833801	-1130887.255286	-0.004515	0.000588	1.216755	5.216848	-0.468192	0.000000
0.026612	3.427146	100528.054640	229682.880874	50.558494	-495694.600143	-0.005084	0.000584	1.216755	5.213449	-0.465068	0.000000
0.032426	3.455198	99644.077888	229526.637347	47.238027	146937.589905	-0.005229	0.000579	1.216755	5.209612	-0.461527	0.000000
0.038191	3.485263	98718.232051	229372.534677	38.520784	729617.956150	-0.004965	0.000574	1.216755	5.205557	-0.457764	0.000000
0.043905	3.515818	97800.508124	229232.348216	25.758570	1196677.088065	-0.004346	0.000569	1.216755	5.201500	-0.453972	0.000000
0.049569	3.545420	96934.578430	229115.697885	10.793650	1510042.704231	-0.003459	0.000564	1.216755	5.197637	-0.450331	0.000000
0.055188	3.572813	96155.062992	229029.226913	-4.317154	1652225.301357	-0.002410	0.000560	1.216755	5.194130	-0.446988	0.000000
0.060766	3.597015	95485.974000	228976.171693	-17.604223	1626467.396499	-0.001311	0.000556	1.216755	5.191098	-0.444056	0.000000
0.066309	3.617374	94940.339477	228956.348947	-27.464201	1454357.860404	-0.000265	0.000553	1.216755	5.188609	-0.441605	0.000000
0.071823	3.633589	94520.836413	228966.531334	-32.876173	1171495.851707	0.000639	0.000550	1.216755	5.186686	-0.439663	0.000000
0.077317	3.645694	94221.233813	229001.134986	-33.520764	821871.434854	0.001340	0.000549	1.216755	5.185308	-0.438219	0.000000
0.082796	3.653999	94028.389908	229053.106493	-29.784994	451721.731547	0.001806	0.000547	1.216755	5.184419	-0.437231	0.000000
0.088264	3.659025	93924.549564	229114.878452	-22.653409	103634.220916	0.002034	0.000547	1.216755	5.183940	-0.436635	0.000000
0.093728	3.661412	93889.684611	229179.263713	-13.507164	-188354.638756	0.002047	0.000546	1.216755	5.183779	-0.436352	0.000000
0.099190	3.661840	93903.647091	229240.178776	-3.869574	-402050.056525	0.001884	0.000546	1.216755	5.183844	-0.436301	0.000000
0.104652	3.660959	93947.943890	229293.122399	4.852869	-528399.835048	0.001600	0.000546	1.216755	5.184049	-0.436406	0.000000
0.110117	3.659333	94007.004085	229335.379681	11.585577	-570759.062772	0.001249	0.000547	1.216755	5.184322	-0.436599	0.000000
0.115584	3.657414	94068.883711	229365.966354	15.719690	-542425.394415	0.000883	0.000547	1.216755	5.184608	-0.436827	0.000000
0.121055	3.655526	94125.430617	229385.364881	17.146850	-463043.672190	0.000543	0.000547	1.216755	5.184868	-0.437051	0.000000
0.126528	3.653875	94171.998268	229395.127195	16.199422	-354630.069898	0.000258	0.000547	1.216755	5.185083	-0.437247	0.000000
0.132003	3.652560	94206.842350	229397.426252	13.520169	-237945.971849	0.000043	0.000548	1.216755	5.185244	-0.437403	0.000000
0.137480	3.651604	94230.350815	229394.630821	9.897116	-129778.706138	-0.000100	0.000548	1.216755	5.185352	-0.437517	0.000000
0.142958	3.650976	94244.248228	229388.959251	6.101449	-41421.805984	-0.000177	0.000548	1.216755	5.185416	-0.437591	0.000000
0.148437	3.650612	94250.885158	229382.243546	2.759450	21632.200761	-0.000201	0.000548	1.216755	5.185446	-0.437635	0.000000
0.153917	3.650440	94252.682649	229375.810693	0.276931	59001.517668	-0.000188	0.000548	1.216755	5.185454	-0.437655	0.000000
0.159396	3.650391	94251.760106	229370.468051	-1.179783	74079.240509	-0.000154	0.000548	1.216755	5.185450	-0.437661	0.000000
0.164876	3.650407	94249.739870	229366.566500	-1.654701	72440.411172	-0.000111	0.000548	1.216755	5.185441	-0.437659	0.000000
0.170355	3.650446	94247.697444	229364.109588	-1.341329	60332.592625	-0.000069	0.000548	1.216755	5.185431	-0.437654	0.000000
0.175834	3.650484	94246.214178	229362.878276	-0.509417	43488.649009	-0.000034	0.000548	1.216755	5.185425	-0.437650	0.000000
0.181314	3.650507	94245.487555	229362.547063	0.563398	26378.427430	-0.000009	0.000548	1.216755	5.185421	-0.437647	0.000000
0.186793	3.650512	94245.460406	229362.775902	1.642986	11903.527085	0.000006	0.000548	1.216755	5.185421	-0.437646	0.000000
0.192272	3.650501	94245.940871	229363.271179	2.567595	1456.346245	0.000012	0.000548	1.216755	5.185423	-0.437648	0.000000
0.197751	3.650480	94246.696586	229363.816389	3.254748	-4780.084887	0.000013	0.000548	1.216755	5.185427	-0.437650	0.000000
0.203231	3.650456	94247.517057	229364.278154	3.691086	-7422.772077	0.000010	0.000548	1.216755	5.185431	-0.437653	0.000000
0.208710	3.650433	94248.245964	229364.595551	3.912216	-7480.919475	0.000006	0.000548	1.216755	5.185434	-0.437656	0.000000
0.214189	3.650414	94248.789794	229364.760912	3.979628	-6024.508418	0.000001	0.000548	1.216755	5.185436	-0.437658	0.000000
0.219669	3.650403	94249.110962	229364.798788	3.960239	-3964.583645	-0.000003	0.000548	1.216755	5.185438	-0.437659	0.000000
0.225148	3.650398	94249.213182	229364.747644	3.911820	-1946.703660	-0.000006	0.000548	1.216755	5.185438	-0.437660	0.000000
0.230628	3.650400	94249.125120	229364.646592	3.875302	-336.231351	-0.000007	0.000548	1.216755	5.185438	-0.437660	0.000000
0.236107	3.650407	94248.886219	229364.527614	3.873170	736.423829	-0.000008	0.000548	1.216755	5.185437	-0.437659	0.000000
0.241586	3.650419	94248.536505	229364.412505	3.912138	1302.752152	-0.000009	0.000548	1.216755	5.185435	-0.437658	0.000000
0.247066	3.650434	94248.110640	229364.313124	3.988003	1480.896288	-0.000009	0.000548	1.216755	5.185433	-0.437656	0.000000
0.252545	3.650451	94247.635526	229364.233517	4.090866	1414.370712	-0.000009	0.000548	1.216755	5.185431	-0.437654	0.000000
0.258025	3.650469	94247.130346	229364.172646	4.209482	1231.620203	-0.000009	0.000548	1.216755	5.185429	-0.437651	0.000000
0.263504	3.650489	94246.607932	229364.126916	4.334159	1026.147387	-0.000009	0.000548	1.216755	5.185426	-0.437649	0.000000
0.268983	3.650509	94246.076575	229364.092069	4.458157	852.683125	-0.000009	0.000548	1.216755	5.185424	-0.437647	0.000000
0.274462	3.650529	94245.541698	229364.064324	4.577876	733.311625	-0.000009	0.000548	1.216755	5.185422	-0.437644	0.000000
0.279942	3.650549	94245.007127	229364.040884	4.692295	667.880580	-0.000010	0.000548	1.216755	5.185419	-0.437642	0.000000
0.285421	3.650570	94244.475890	229364.019980	4.802094	644.525296	-0.000010	0.000548	1.216755	5.185417	-0.437640	0.000000
0.290900	3.650590	94243.950623	229364.000673	4.908778	647.930190	-0.000011	0.000548	1.216755	5.185414	-0.437637	0.000000
0.296379	3.650610	94243.433712	229363.982570	5.014002	664.504801	-0.000012	0.000548	1.216755	5.185412	-0.437635	0.000000
0.301858	3.650629	94242.927283	229363.965556	5.119163	684.719734	-0.000012	0.000548	1.216755	5.185409	-0.437633	0.000000
0.307337	3.650648	94242.433153	229363.949610	5.225226	703.386745	-0.000013	0.000548	1.216755	5.185407	-0.437630	0.000000
0.312816	3.650666	94241.952786	229363.934690	5.332726	718.780099	-0.000014	0.000548	1.216755	5.185405	-0.437628	0.000000
0.318295	3.650684	94241.487283	229363.920698	5.441862	731.350755	-0.000014	0.000548	1.216755	5.185403	-0.437626	0.000000
0.323774	3.650701	94241.037409	229363.907479	5.552621	742.533842	-0.000015	0.000548	1.216755	5.185401	-0.437624	0.000000
0.329253	3.650718	94240.603645	229363.894847	5.664886	753.887159	-0.000016	0.000548	1.216755	5.185399	-0.437622	0.000000
0.334732	3.650734	94240.186248	229363.882615	5.778527	766.612446	-0.000017	0.000548	1.216755	5.185397	-0.437620	0.000000
0.340211	3.650749	94239.785312	229363.870617	5.893428	781.392936	-0.000017	0.000548	1.216755	5.185395	-0.437618	0.000000
0.345690	3.650764	94239.400822	229363.858721	6.009505	798.430698	-0.000018	0.000548	1.216755	5.185393	-0.437616	0.000000
0.351169	3.650778	94239.032684	229363.846835	6.126714	817.582479	-0.000019	0.000548	1.216755	5.185392	-0.437615	0.000000
0.356648	3.650791	94238.680756	229363.834904	6.245023	838.507074	-0.000020	0.000548	1.216755	5.185390	-0.437613	0.000000
0.362126	3.650804	94238.344856	229363.822903	6.364404	860.780699	-0.000021	0.000548	1.216755	5.185388	-0.437612	0.000000
0.367605	3.650816	94238.024765	229363.810829	6.484826	883.969244	-0.000022	0.000548	1.216755	5.185387	-0.437610	0.000000
0.373084	3.650828	94237.720225	229363.798692	6.606246	907.659982	-0.000023	0.000548	1.216755	5.185385	-0.437609	0.000000
0.378563	3.650839	94237.430929	229363.786509	6.728616	931.473934	-0.000024	0.000548	1.216755	5.185384	-0.437608	0.000000
0.384042	3.650849	94237.156517	229363.774293	6.851877	955.076020	-0.000025	0.000548	1.216755	5.185383	-0.437606	0.000000
0.389520	3.650859	94236.896563	229363.762048	6.975967	978.194415	-0.000026	0.000548	1.216755	5.185382	-0.437605	0.000000
0.394999	3.650869	94236.650578	229363.749764	7.100840	1000.655250	-0.000027	0.000548	1.216755	5.185381	-0.437604	0.000000
0.400478	3.650877	94236.418006	229363.737414	7.226455	1022.419757	-0.000028	0.000548	1.216755	5.185379	-0.437603	0.000000
0.405956	3.650886	94236.198231	229363.724952	7.352772	1043.608578	-0.000030	0.000548	1.216755	5.185378	-0.437602	0.000000
0.411435	3.650894	94235.990594	229363.712316	7.479754	1064.500134	-0.000031	0.000548	1.216755	5.185377	-0.437601	0.000000
0.416914	3.650901	94235.794409	229363.699436	7.607360	1085.492042	-0.000032	0.000548	1.216755	5.185377	-0.437600	0.000000
0.422392	3.650908	94235.608986	229363.686240	7.735539	1107.027327	-0.000033	0.000548	1.216755	5.185376	-0.437599	0.000000
0.427871	3.650915	94235.433655	229363.672665	7.864224	1129.500836	-0.000034	0.000548	1.216755	5.185375	-0.437599	0.000000
0.433350	3.650921	94235.267785	229363.658662	7.993330	1153.169662	-0.000036	0.000548	1.216755	5.185374	-0.437598	0.000000
0.438828	3.650927	94235.110802	229363.644207	8.122779	1178.096253	-0.000037	0.000548	1.216755	5.185373	-0.437597	0.000000
0.444307	3.650932	94234.962195	229363.629296	8.252492	1204.137162	-0.000038	0.000548	1.216755	5.185373	-0.437596	0.000000
0.449786	3.650937	94234.821513	229363.613948	8.382368	1230.977414	-0.000040	0.000548	1.216755	5.185372	-0.437596	0.000000
0.455264	3.650942	94234.688362	229363.598196	8.512356	1258.212520	-0.000041	0.000548	1.216755	5.185371	-0.437595	0.000000
0.460743	3.650947	94234.562390	229363.582079	8.642446	1285.447205	-0.000043	0.000548	1.216755	5.185371	-0.437595	0.000000
0.466221	3.650951	94234.443271	229363.565636	8.772482	1312.356170	-0.000044	0.000548	1.216755	5.185370	-0.437594	0.000000
0.471700	3.650955	94234.330696	229363.548898	8.902474	1338.750316	-0.000046	0.000548	1.216755	5.185370	-0.437594	0.000000
0.477179	3.650959	94234.224360	229363.531885	9.032584	1364.619949	-0.000047	0.000548	1.216755	5.185369	-0.437593	0.000000
0.482657	3.650963	94234.123956	229363.514608	9.162237	1390.006451	-0.000049	0.000548	1.216755	5.185369	-0.437593	0.000000
0.488136	3.650966	94234.029177	229363.497065	9.291591	1415.023996	-0.000050	0.000548	1.216755	5.185368	-0.437592	0.000000
0.493614	3.650969	94233.939711	229363.479249	9.421613	1439.977162	-0.000052	0.000548	1.216755	5.185368	-0.437592	0.000000
0.499093	3.650972	94233.855252	229363.461151	9.549846	1464.843363	-0.000054	0.000548	1.216755	5.185368	-0.437592	0.000000
0.504571	3.650975	94233.775497	229363.442763	9.677071	1489.543138	-0.000055	0.000548	1.216755	5.185367	-0.437591	0.000000
0.510050	3.650978	94233.700158	229363.424070	9.808330	1514.784893	-0.000057	0.000548	1.216755	5.185367	-0.437591	0.000000
0.515529	3.650980	94233.628955	229363.405071	9.932698	1539.881188	-0.000059	0.000548	1.216755	5.185367	-0.437591	0.000000
0.521007	3.650982	94233.561631	229363.385780	10.053226	1563.955105	-0.000060	0.000548	1.216755	5.185366	-0.437590	0.000000
0.526486	3.650985	94233.497937	229363.366164	10.194821	1590.144392	-0.000062	0.000548	1.216755	5.185366	-0.437590	0.000000
0.531964	3.650987	94233.437639	229363.346234	10.308036	1615.519189	-0.000064	0.000548	1.216755	5.185366	-0.437590	0.000000
0.537443	3.650989	94233.380536	229363.326076	10.403030	1635.779890	-0.000066	0.000548	1.216755	5.185365	-0.437590	0.000000
0.542921	3.650990	94233.326424	229363.305539	10.600774	1665.799577	-0.000068	0.000548	1.216755	5.185365	-0.437590	0.000000
0.548400	3.650992	94233.275084	229363.284645	10.676920	1693.286038	-0.000070	0.000548	1.216755	5.185365	-0.437589	0.000000
0.553878	3.650994	94233.226408	229363.263794	10.658549	1696.656698	-0.000071	0.000548	1.216755	5.185365	-0.437589	0.000000
0.559357	3.650995	94233.180220	229363.242277	11.129202	1745.298218	-0.000073	0.000548	1.216755	5.185365	-0.437589	0.000000
0.564835	3.650996	94233.136214	229363.220095	11.072677	1787.431357	-0.000075	0.000548	1.216755	5.185364	-0.437589	0.000000
0.570314	3.650998	94233.094534	229363.199135	10.519165	1714.707367	-0.000077	0.000548	1.216755	5.185364	-0.437589	0.000000
0.575792	3.650999	94233.055016	229363.176143	12.271587	1849.348374	-0.000079	0.000548	1.216755	5.185364	-0.437589	0.000000
0.581271	3.651000	94233.016782	229363.150734	11.741250	1975.777212	-0.000082	0.000548	1.216755	5.185364	-0.437588	0.000000
0.586750	3.651001	94232.980991	229363.131825	8.622098	1553.961988	-0.000083	0.000548	1.216755	5.185364	-0.437588	0.000000
0.592228	3.651002	94232.947503	229363.104557	16.332091	2076.312399	-0.000085	0.000548	1.216755	5.185363	-0.437588	0.000000
0.597707	3.651003	94232.912561	229363.065363	14.229540	2660.597263	-0.000090	0.000548	1.216755	5.185363	-0.437588	0.000000
0.603185	3.651004	94232.881785	229363.056196	-1.173358	634.565037	-0.000089	0.000548	1.216755	5.185363	-0.437588	0.000000
0.608664	3.651004	94232.855431	229363.009229	34.167939	2894.964860	-0.000091	0.000548	1.216755	5.185363	-0.437588	0.000000
0.614142	3.651004	94232.815831	229362.899196	27.798540	5914.776690	-0.000107	0.000548	1.216755	5.185363	-0.437588	0.000000
0.619621	3.651005	94232.788368	229362.922120	-45.989378	-3440.044863	-0.000098	0.000548	1.216755	5.185363	-0.437588	0.000000
0.625099	3.651004	94232.776846	229362.767597	117.689863	6637.324121	-0.000098	0.000548	1.216755	5.185363	-0.437588	0.000000
0.630578	3.650999	94232.696718	229362.274748	106.752366	22503.971419	-0.000170	0.000548	1.216755	5.185362	-0.437589	0.000000
0.636056	3.651001	94232.660532	229362.350919	-241.671744	-19985.167709	-0.000129	0.000548	1.216755	5.185362	-0.437588	0.000000
0.641535	3.650990	94232.696150	229361.568064	520.478523	25594.972196	-0.000127	0.000548	1.216755	5.185362	-0.437590	0.000000
0.647013	3.650960	94232.397793	229358.956189	566.891585	109053.822721	-0.000479	0.000548	1.216755	5.185361	-0.437593	0.000000
0.652492	3.650957	94232.258352	229358.663712	-1056.072876	-80980.680644	-0.000342	0.000548	1.216755	5.185360	-0.437594	0.000000
0.657970	3.650893	94232.448747	229354.063608	2515.687064	128548.551673	-0.000363	0.000548	1.216755	5.185361	-0.437603	0.000000
0.663449	3.650720	94231.018375	229339.482451	3243.235270	568239.150452	-0.002150	0.000548	1.216755	5.185354	-0.437623	0.000000
0.668928	3.650648	94230.093990	229333.570302	-4189.376904	-264261.968989	-0.001861	0.000548	1.216755	5.185351	-0.437631	0.000000
0.674407	3.650258	94230.631139	229305.182682	12702.093414	721302.253410	-0.002294	0.000548	1.216755	5.185352	-0.437686	0.000000
0.679887	3.649253	94223.225418	229221.671977	18844.278829	3051447.632806	-0.011579	0.000548	1.216755	5.185314	-0.437806	0.000000
0.685370	3.648550	94216.850939	229164.898823	-14415.340047	-480792.768758	-0.012390	0.000548	1.216755	5.185290	-0.437890	0.000000
0.690851	3.646143	94216.515412	228986.267349	66438.848819	4297616.198288	-0.016875	0.000549	1.216755	5.185281	-0.438220	0.000000
0.696340	3.640215	94176.545941	228499.064507	110582.416166	16864420.616920	-0.066236	0.000549	1.216755	5.185077	-0.438941	0.000000
0.701841	3.634666	94133.080423	228050.615210	-33611.441256	2844879.742169	-0.083434	0.000550	1.216755	5.184899	-0.439616	0.000000
0.707344	3.619880	94111.041508	226931.621808	356650.987703	27074565.150699	-0.120922	0.000553	1.216755	5.184759	-0.441612	0.000000
0.712887	3.585076	93882.308100	224076.480280	662968.946611	99541910.167110	-0.389702	0.000558	1.216755	5.183589	-0.445941	0.000000
0.718504	3.546995	93565.687265	220935.688321	56446.460361	57065068.322296	-0.557734	0.000564	1.216755	5.182188	-0.450670	0.000000
0.724155	3.466177	93274.397716	214572.919578	1846356.579854	196985909.861510	-0.815181	0.000577	1.216755	5.180613	-0.461786	0.000000
0.730023	3.287010	91722.671086	199304.673175	4164003.820915	723398685.021774	-2.291625	0.000608	1.216755	5.172478	-0.485708	0.000000
0.736356	3.109083	88889.914847	182864.657206	860217.011134	743004482.112765	-3.647420	0.000643	1.216755	5.158784	-0.509402	0.000000
0.742902	2.900111	85947.032905	163475.651452	4940027.091097	1262334823.736444	-4.219932	0.000690	1.216755	5.143229	-0.542524	0.000000
0.750129	2.387005	76710.538643	116395.720048	25685104.041342	4773292504.956731	-10.325109	0.000838	1.216755	5.086779	-0.633591	0.000000
0.760334	1.730193	52256.883602	55200.731737	37522183.527992	8380628311.502341	-25.722145	0.001156	1.216755	4.905088	-0.775891	0.000000
0.775092	1.279201	25086.699465	19300.491510	24009124.616696	5779222269.939613	-40.538853	0.001563	1.216755	4.575380	-0.902560	0.000000
0.793134	1.082829	10811.414432	7238.964943	9394764.384054	2046798987.386949	-48.258408	0.001847	1.216755	4.216309	-0.969380	0.000000
0.812612	1.020070	6820.063143	4540.987435	2411156.647351	369942205.284357	-50.835535	0.001961	1.216755	4.036909	-0.992506	0.000000
0.832507	1.004133	6203.409466	4140.072871	461192.490632	44971839.685445	-51.427192	0.001992	1.216755	4.002725	-0.998465	0.000000
0.852490	1.000799	6128.888144	4087.448647	74858.838340	5713747.906865	-51.534254	0.001998	1.216755	3.998405	-0.999701	0.000000
0.872487	1.000208	6119.083410	4079.982411	10231.015432	808061.452505	-51.550749	0.002000	1.216755	3.997828	-0.999918	0.000000
0.892487	1.000118	6117.676044	4078.893689	1201.596629	117353.550807	-51.552902	0.002000	1.216755	3.997744	-0.999950	0.000000
0.912487	1.000106	6117.473588	4078.741598	122.314792	16335.618809	-51.553144	0.002000	1.216755	3.997732	-0.999954	0.000000
0.932487	1.000104	6117.445972	4078.721867	10.652699	2116.151678	-51.553168	0.002000	1.216755	3.997731	-0.999955	0.000000
0.952487	1.000104	6117.442477	4078.719509	0.790038	253.067552	-51.553170	0.002000	1.216755	3.997731	-0.999955	0.000000
0.972487	1.000104	6117.442069	4078.719249	0.055045	27.997893	-51.553170	0.002000	1.216755	3.997731	-0.999955	0.000000
0.992487	1.000104	6117.442024	4078.719222	0.005564	2.901944	-51.553170	0.002000	1.216755	3.997731	-0.999955	0.000000
1.012487	1.000104	6117.442020	4078.719220	0.001019	0.290914	-51.553170	0.002000	1.216755	3.997731	-0.999955	0.000000
1.032487	1.000104	6117.442019	4078.719220	0.000206	0.029988	-51.553170	0.002000	1.216755	3.997731	-0.999955	0.000000
1.052487	1.000104	6117.442019	4078.719220	0.000036	0.003427	-51.553170	0.002000	1.216755	3.997731	-0.999955	0.000000
1.072487	1.000104	6117.442019	4078.719219	0.000006	0.000447	-51.553170	0.002000	1.216755	3.997731	-0.999955	0.000000
1.092487	1.000104	6117.442019	4078.719219	0.000001	0.000064	-51.553170	0.002000	1.216755	3.997731	-0.999955	0.000000
1.112487	1.000104	6117.442019	4078.719219	0.000000	0.000009	-51.553170	0.002000	1.216755	3.997731	-0.999955	0.000000
1.132487	1.000104	6117.442019	4078.719219	-0.000000	0.000000	-51.553170	0.002000	1.216755	3.997731	-0.999955	0.000000
1.152487	1.000104	6117.442019	4078.719219	0.000000	-0.000001	-51.553170	0.002000	1.216755	3.997731	-0.999955	0.000000
1.172487	1.000104	6117.442019	4078.719219	0.000000	-0.000000	-51.553170	0.002000	1.216755	3.997731	-0.999955	0.000000
1.192487	1.000104	6117.442019	4078.719219	0.000000	0.000001	-51.553170	0.002000	1.216755	3.997731	-0.999955	0.000000
1.212487	1.000104	6117.442019	4078.719219	-0.000000	0.000000	-51.553170	0.002000	1.216755	3.997731	-0.999955	0.000000
1.232487	1.000104	6117.442019	4078.719219	-0.000000	-0.000000	-51.553170	0.002000	1.216755	3.997731	-0.999955	0.000000
1.252487	1.000104	6117.442019	4078.719219	-0.000000	-0.000000	-51.553170	0.002000	1.216755	3.997731	-0.999955	0.000000
1.272487	1.000104	6117.442019	4078.719219	0.000000	-0.000001	-51.553170	0.002000	1.216755	3.997731	-0.999955	0.000000
1.292487	1.000104	6117.442019	4078.719219	0.000000	-0.000000	-51.553170	0.002000	1.216755	3.997731	-0.999955	0.000000
1.312487	1.000104	6117.442019	4078.719219	0.000000	0.000001	-51.553170	0.002000	1.216755	3.997731	-0.999955	0.000000
1.332487	1.000104	6117.442019	4078.719219	-0.000000	-0.000000	-51.553170	0.002000	1.216755	3.997731	-0.999955	0.000000
1.352487	1.000104	6117.442019	4078.719219	0.000000	-0.000001	-51.553170	0.002000	1.216755	3.997731	-0.999955	0.000000
1.372487	1.000104	6117.442019	4078.719219	0.000000	-0.000000	-51.553170	0.002000	1.216755	3.997731	-0.999955	0.000000
1.392487	1.000104	6117.442019	4078.719219	-0.000000	0.000001	-51.553170	0.002000	1.216755	3.997731	-0.999955	0.000000
1.412487	1.000104	6117.442019	4078.719219	-0.000000	-0.000001	-51.553170	0.002000	1.216755	3.997731	-0.999955	0.000000
1.432487	1.000104	6117.442019	4078.719219	0.000000	-0.000000	-51.553170	0.002000	1.216755	3.997731	-0.999955	0.000000
1.452487	1.000104	6117.442019	4078.719219	-0.000000	0.000001	-51.553170	0.002000	1.216755	3.997731	-0.999955	0.000000
1.472487	1.000104	6117.442019	4078.719219	-0.000000	-0.000001	-51.553170	0.002000	1.216755	3.997731	-0.999955	0.000000
1.492487	1.000104	6117.442019	4078.719219	0.000000	0.000001	-51.553170	0.002000	1.216755	3.997731	-0.999955	0.000000
1.512487	1.000104	6117.442019	4078.719219	-0.000000	0.000002	-51.553170	0.002000	1.216755	3.997731	-0.999955	0.000000
1.532487	1.000104	6117.442019	4078.719219	-0.000000	0.000000	-51.553170	0.002000	1.216755	3.997731	-0.999955	0.000000
1.552487	1.000104	6117.442019	4078.719219	-0.000000	-0.000001	-51.553170	0.002000	1.216755	3.997731	-0.999955	0.000000
1.572487	1.000104	6117.442019	4078.719219	0.000000	-0.000001	-51.553170	0.002000	1.216755	3.997731	-0.999955	0.000000
1.592487	1.000104	6117.442019	4078.719219	0.000000	-0.000000	-51.553170	0.002000	1.216755	3.997731	-0.999955	0.000000
1.612487	1.000104	6117.442019	4078.719219	-0.000000	0.000001	-51.553170	0.002000	1.216755	3.997731	-0.999955	0.000000
1.632487	1.000104	6117.442019	4078.719219	-0.000000	-0.000001	-51.553170	0.002000	1.216755	3.997731	-0.999955	0.000000
1.652487	1.000104	6117.442019	4078.719219	0.000000	-0.000001	-51.553170	0.002000	1.216755	3.997731	-0.999955	0.000000
1.672487	1.000104	6117.442019	4078.719219	0.000000	0.000001	-51.553170	0.002000	1.216755	3.997731	-0.999955	0.000000
1.692487	1.000104	6117.442019	4078.719219	0.000000	-0.000001	-51.553170	0.002000	1.216755	3.997731	-0.999955	0.000000
1.712487	1.000104	6117.442019	4078.719219	0.000000	0.000001	-51.553170	0.002000	1.216755	3.997731	-0.999955	0.000000
1.732487	1.000104	6117.442019	4078.719219	-0.000000	0.000001	-51.553170	0.002000	1.216755	3.997731	-0.999955	0.000000
1.752487	1.000104	6117.442019	4078.719219	-0.000000	-0.000001	-51.553170	0.002000	1.216755	3.997731	-0.999955	0.000000
1.772487	1.000104	6117.442019	4078.719219	0.000000	-0.000001	-51.553170	0.002000	1.216755	3.997731	-0.999955	0.000000
1.792487	1.000104	6117.442019	4078.719219	0.000000	0.000000	-51.553170	0.002000	1.216755	3.997731	-0.999955	0.000000
1.812487	1.000104	6117.442019	4078.719219	-0.000000	0.000001	-51.553170	0.002000	1.216755	3.997731	-0.999955	0.000000
1.832487	1.000104	6117.442019	4078.719219	-0.000000	-0.000002	-51.553170	0.002000	1.216755	3.997731	-0.999955	0.000000
1.852487	1.000104	6117.442019	4078.719219	0.000000	-0.000001	-51.553170	0.002000	1.216755	3.997731	-0.999955	0.000000
1.872487	1.000104	6117.442019	4078.719219	0.000000	0.000002	-51.553170	0.002000	1.216755	3.997731	-0.999955	0.000000
1.892487	1.000104	6117.442019	4078.719219	-0.000000	0.000001	-51.553170	0.002000	1.216755	3.997731	-0.999955	0.000000
1.912487	1.000104	6117.442019	4078.719219	-0.000000	-0.000001	-51.553170	0.002000	1.216755	3.997731	-0.999955	0.000000
1.932487	1.000104	6117.442019	4078.719219	0.000000	-0.000001	-51.553170	0.002000	1.216755	3.997731	-0.999955	0.000000
1.952487	1.000104	6117.442019	4078.719219	0.000000	-0.000001	-51.553170	0.002000	1.216755	3.997731	-0.999955	0.000000
1.972487	1.000104	6117.442019	4078.719219	-0.000000	0.000001	-51.553170	0.002000	1.216755	3.997731	-0.999955	0.000000
1.992487	1.000104	6117.442019	4078.719219	0.000000	-0.000001	-51.553170	0.002000	1.216755	3.997731	-0.999955	0.000000
2.012487	1.000104	6117.442019	4078.719219	0.000000	0.000001	-51.553170	0.002000	1.216755	3.997731	-0.999955	0.000000
2.032487	1.000104	6117.442019	4078.719219	-0.000000	0.000001	-51.553170	0.002000	1.216755	3.997731	-0.999955	0.000000
2.052487	1.000104	6117.442019	4078.719219	-0.000000	0.000000	-51.553170	0.002000	1.216755	3.997731	-0.999955	0.000000
2.072487	1.000104	6117.442019	4078.719219	-0.000000	0.000000	-51.553170	0.002000	1.216755	3.997731	-0.999955	0.000000
2.092487	1.000104	6117.442019	4078.719219	0.000000	-0.000001	-51.553170	0.002000	1.216755	3.997731	-0.999955	0.000000
2.112487	1.000104	6117.442019	4078.719219	-0.000000	0.000001	-51.553170	0.002000	1.216755	3.997731	-0.999955	0.000000
2.132487	1.000104	6117.442019	4078.719219	-0.000000	-0.000001	-51.553170	0.002000	1.216755	3.997731	-0.999955	0.000000
2.152487	1.000104	6117.442019	4078.719219	0.000000	-0.000001	-51.553170	0.002000	1.216755	3.997731	-0.999955	0.000000
2.172487	1.000104	6117.442019	4078.719219	0.000000	-0.000000	-51.553170	0.002000	1.216755	3.997731	-0.999955	0.000000
2.192487	1.000104	6117.442019	4078.719219	0.000000	0.000000	-51.553170	0.002000	1.216755	3.997731	-0.999955	0.000000
2.212487	1.000104	6117.442019	4078.719219	0.000000	0.000001	-51.553170	0.002000	1.216755	3.997731	-0.999955	0.000000
2.232487	1.000104	6117.442019	4078.719219	-0.000000	0.000001	-51.553170	0.002000	1.216755	3.997731	-0.999955	0.000000
2.252487	1.000104	6117.442019	4078.719219	-0.000000	0.000001	-51.553170	0.002000	1.216755	3.997731	-0.999955	0.000000
2.272487	1.000104	6117.442019	4078.719219	-0.000000	-0.000000	-51.553170	0.002000	1.216755	3.997731	-0.999955	0.000000
2.292487	1.000104	6117.442019	4078.719219	-0.000000	-0.000001	-51.553170	0.002000	1.216755	3.997731	-0.999955	0.000000
2.312487	1.000104	6117.442019	4078.719219	0.000000	-0.000001	-51.553170	0.002000	1.216755	3.997731	-0.999955	0.000000
2.332487	1.000104	6117.442019	4078.719219	0.000000	0.000001	-51.553170	0.002000	1.216755	3.997731	-0.999955	0.000000
2.352487	1.000104	6117.442019	4078.719219	-0.000000	0.000001	-51.553170	0.002000	1.216755	3.997731	-0.999955	0.000000
2.372487	1.000104	6117.442019	4078.719219	-0.000000	-0.000000	-51.553170	0.002000	1.216755	3.997731	-0.999955	0.000000
2.392487	1.000104	6117.442019	4078.719219	-0.000000	0.000000	-51.553170	0.002000	1.216755	3.997731	-0.999955	0.000000
2.412487	1.000104	6117.442019	4078.719219	-0.000000	-0.000001	-51.553170	0.002000	1.216755	3.997731	-0.999955	0.000000
2.432487	1.000104	6117.442019	4078.719219	0.000000	-0.000002	-51.553170	0.002000	1.216755	3.997731	-0.999955	0.000000
2.452487	1.000104	6117.442019	4078.719219	0.000000	0.000000	-51.553170	0.002000	1.216755	3.997731	-0.999955	0.000000
2.472487	1.000104	6117.442019	4078.719219	0.000000	0.000001	-51.553170	0.002000	1.216755	3.997731	-0.999955	0.000000
2.492487	1.000104	6117.442019	4078.719219	-0.000000	0.000000	-51.553170	0.002000	1.216755	3.997731	-0.999955	0.000000
2.512487	1.000104	6117.442019	4078.719219	0.000000	-0.000000	-51.553170	0.002000	1.216755	3.997731	-0.999955	0.000000
2.532487	1.000104	6117.442019	4078.719219	0.000000	0.000000	-51.553170	0.002000	1.216755	3.997731	-0.999955	0.000000
2.552487	1.000104	6117.442019	4078.719219	-0.000000	0.000000	-51.553170	0.002000	1.216755	3.997731	-0.999955	0.000000
2.572487	1.000104	6117.442019	4078.719219	-0.000000	0.000000	-51.553170	0.002000	1.216755	3.997731	-0.999955	0.000000
2.592487	1.000104	6117.442019	4078.719219	-0.000000	0.000000	-51.553170	0.002000	1.216755	3.997731	-0.999955	0.000000
2.612487	1.000104	6117.442019	4078.719219	0.000000	0.000000	-51.553170	0.002000	1.216755	3.997731	-0.999955	0.000000
2.632487	1.000104	6117.442019	4078.719219	0.000000	0.000000	-51.553170	0.002000	1.216755	3.997731	-0.999955	0.000000
2.652487	1.000104	6117.442019	4078.719219	0.000000	0.000000	-51.553170	0.002000	1.216755	3.997731	-0.999955	0.000000
2.672487	1.000104	6117.442019	4078.719219	0.000000	0.000000	-51.553170	0.002000	1.216755	3.997731	-0.999955	0.000000
2.692487	1.000104	6117.442019	4078.719219	0.000000	0.000000	-51.553170	0.002000	1.216755	3.997731	-0.999955	0.000000
2.712487	1.000104	6117.442019	4078.719219	0.000000	0.000000	-51.553170	0.002000	1.216755	3.997731	-0.999955	0.000000
2.732487	1.000104	6117.442019	4078.719219	0.000000	0.000000	-51.553170	0.002000	1.216755	3.997731	-0.999955	0.000000
2.752487	1.000104	6117.442019	4078.719219	0.000000	0.000000	-51.553170	0.002000	1.216755	3.997731	-0.999955	0.000000
2.772487	1.000104	6117.442019	4078.719219	0.000000	0.000000	-51.553170	0.002000	1.216755	3.997731	-0.999955	0.000000
2.792487	1.000104	6117.442019	4078.719219	0.000000	0.000000	-51.553170	0.002000	1.216755	3.997731	-0.999955	0.000000
2.812487	1.000104	6117.442019	4078.719219	0.000000	-0.000000	-51.553170	0.002000	1.216755	3.997731	-0.999955	0.000000
2.832487	1.000104	6117.442019	4078.719219	0.000000	-0.000000	-51.553170	0.002000	1.216755	3.997731	-0.999955	0.000000
2.852487	1.000104	6117.442019	4078.719219	0.000000	-0.000000	-51.553170	0.002000	1.216755	3.997731	-0.999955	0.000000
2.872487	1.000104	6117.442019	4078.719219	0.000000	-0.000000	-51.553170	0.002000	1.216755	3.997731	-0.999955	0.000000
2.892487	1.000104	6117.442019	4078.719219	0.000000	-0.000000	-51.553170	0.002000	1.216755	3.997731	-0.999955	0.000000
2.912487	1.000104	6117.442019	4078.719219	0.000000	-0.000000	-51.553170	0.002000	1.216755	3.997731	-0.999955	0.000000
2.932487	1.000104	6117.442019	4078.719219	-0.000000	-0.000000	-51.553170	0.002000	1.216755	3.997731	-0.999955	0.000000
2.952487	1.000104	6117.442019	4078.719219	-0.000000	-0.000000	-51.553170	0.002000	1.216755	3.997731	-0.999955	0.000000
2.972487	1.000104	6117.442019	4078.719219	-0.000000	-0.000000	-51.553170	0.002000	1.216755	3.997731	-0.999955	0.000000
2.992487	1.000104	6117.442019	4078.719219	-0.000000	-0.000000	-51.553170	0.002000	1.216755	3.997731	-0.999955	0.000000
3.012487	1.000104	6117.442019	4078.719219	0.000000	-0.000001	-51.553170	0.002000	1.216755	3.997731	-0.999955	0.000000
3.032487	1.000104	6117.442019	4078.719219	0.000000	0.000001	-51.553170	0.002000	1.216755	3.997731	-0.999955	0.000000
3.052487	1.000104	6117.442019	4078.719219	-0.000000	0.000001	-51.553170	0.002000	1.216755	3.997731	-0.999955	0.000000
3.072487	1.000104	6117.442019	4078.719219	-0.000000	0.000000	-51.553170	0.002000	1.216755	3.997731	-0.999955	0.000000
3.092487	1.000104	6117.442019	4078.719219	-0.000000	-0.000001	-51.553170	0.002000	1.216755	3.997731	-0.999955	0.000000
3.112487	1.000104	6117.442019	4078.719219	0.000000	-0.000001	-51.553170	0.002000	1.216755	3.997731	-0.999955	0.000000
3.132487	1.000104	6117.442019	4078.719219	0.000000	0.000001	-51.553170	0.002000	1.216755	3.997731	-0.999955	0.000000
3.152487	1.000104	6117.442019	4078.719219	0.000000	0.000001	-51.553170	0.002000	1.216755	3.997731	-0.999955	0.000000
3.172487	1.000104	6117.442019	4078.719219	-0.000000	0.000000	-51.553170	0.002000	1.216755	3.997731	-0.999955	0.000000
3.192487	1.000104	6117.442019	4078.719219	-0.000000	0.000000	-51.553170	0.002000	1.216755	3.997731	-0.999955	0.000000
3.212487	1.000104	6117.442019	4078.719219	-0.000000	-0.000001	-51.553170	0.002000	1.216755	3.997731	-0.999955	0.000000
3.232487	1.000104	6117.442019	4078.719219	0.000000	-0.000001	-51.553170	0.002000	1.216755	3.997731	-0.999955	0.000000
3.252487	1.000104	6117.442019	4078.719219	0.000000	0.000001	-51.553170	0.002000	1.216755	3.997731	-0.999955	0.000000
3.272487	1.000104	6117.442019	4078.719219	0.000000	0.000001	-51.553170	0.002000	1.216755	3.997731	-0.999955	0.000000
3.292487	1.000104	6117.442019	4078.719219	-0.000000	0.000001	-51.553170	0.002000	1.216755	3.997731	-0.999955	0.000000
3.312487	1.000104	6117.442019	4078.719219	-0.000000	-0.000001	-51.553170	0.002000	1.216755	3.997731	-0.999955	0.000000
3.332487	1.000104	6117.442019	4078.719219	0.000000	-0.000001	-51.553170	0.002000	1.216755	3.997731	-0.999955	0.000000
3.352487	1.000104	6117.442019	4078.719219	0.000000	0.000000	-51.553170	0.002000	1.216755	3.997731	-0.999955	0.000000
3.372487	1.000104	6117.442019	4078.719219	0.000000	0.000001	-51.553170	0.002000	1.216755	3.997731	-0.999955	0.000000
3.392487	1.000104	6117.442019	4078.719219	-0.000000	0.000001	-51.553170	0.002000	1.216755	3.997731	-0.999955	0.000000
3.412487	1.000104	6117.442019	4078.719219	-0.000000	-0.000001	-51.553170	0.002000	1.216755	3.997731	-0.999955	0.000000
3.432487	1.000104	6117.442019	4078.719219	0.000000	-0.000001	-51.553170	0.002000	1.216755	3.997731	-0.999955	0.000000
3.452487	1.000104	6117.442019	4078.719219	0.000000	0.000001	-51.553170	0.002000	1.216755	3.997731	-0.999955	0.000000
3.472487	1.000104	6117.442019	4078.719219	-0.000000	0.000000	-51.553170	0.002000	1.216755	3.997731	-0.999955	0.000000
3.492487	1.000104	6117.442019	4078.719219	0.000000	-0.000001	-51.553170	0.002000	1.216755	3.997731	-0.999955	0.000000
3.512487	1.000104	6117.442019	4078.719219	0.000000	0.000001	-51.553170	0.002000	1.216755	3.997731	-0.999955	0.000000
3.532487	1.000104	6117.442019	4078.719219	-0.000000	0.000001	-51.553170	0.002000	1.216755	3.997731	-0.999955	0.000000
3.552487	1.000104	6117.442019	4078.719219	0.000000	-0.000001	-51.553170	0.002000	1.216755	3.997731	-0.999955	0.000000
3.572487	1.000104	6117.442019	4078.719219	0.000000	0.000001	-51.553170	0.002000	1.216755	3.997731	-0.999955	0.000000
3.592487	1.000104	6117.442019	4078.719219	-0.000000	0.000001	-51.553170	0.002000	1.216755	3.997731	-0.999955	0.000000
3.612487	1.000104	6117.442019	4078.719219	-0.000000	-0.000001	-51.553170	0.002000	1.216755	3.997731	-0.999955	0.000000
3.632487	1.000104	6117.442019	4078.719219	0.000000	-0.000001	-51.553170	0.002000	1.216755	3.997731	-0.999955	0.000000
3.652487	1.000104	6117.442019	4078.719219	0.000000	0.000001	-51.553170	0.002000	1.216755	3.997731	-0.999955	0.000000
3.672487	1.000104	6117.442019	4078.719219	-0.000000	0.000001	-51.553170	0.002000	1.216755	3.997731	-0.999955	0.000000
3.692487	1.000104	6117.442019	4078.719219	-0.000000	0.000000	-51.553170	0.002000	1.216755	3.997731	-0.999955	0.000000
3.712487	1.000104	6117.442019	4078.719219	-0.000000	0.000000	-51.553170	0.002000	1.216755	3.997731	-0.999955	0.000000
3.732487	1.000104	6117.442019	4078.719219	-0.000000	-0.000000	-51.553170	0.002000	1.216755	3.997731	-0.999955	0.000000
3.752487	1.000104	6117.442019	4078.719219	-0.000000	-0.000000	-51.553170	0.002000	1.216755	3.997731	-0.999955	0.000000
3.772487	1.000104	6117.442019	4078.719219	-0.000000	-0.000001	-51.553170	0.002000	1.216755	3.997731	-0.999955	0.000000
3.792487	1.000104	6117.442019	4078.719219	0.000000	0.000000	-51.553170	0.002000	1.216755	3.997731	-0.999955	0.000000
3.812487	1.000104	6117.442019	4078.719219	0.000000	-0.000000	-51.553170	0.002000	1.216755	3.997731	-0.999955	0.000000
3.832487	1.000104	6117.442019	4078.719219	0.000000	0.000001	-51.553170	0.002000	1.216755	3.997731	-0.999955	0.000000
3.852487	1.000104	6117.442019	4078.719219	-0.000000	0.000001	-51.553170	0.002000	1.216755	3.997731	-0.999955	0.000000
3.872487	1.000104	6117.442019	4078.719219	-0.000000	0.000001	-51.553170	0.002000	1.216755	3.997731	-0.999955	0.000000
3.892487	1.000104	6117.442019	4078.719219	-0.000000	-0.000001	-51.553170	0.002000	1.216755	3.997731	-0.999955	0.000000
3.912487	1.000104	6117.442019	4078.719219	0.000000	-0.000001	-51.553170	0.002000	1.216755	3.997731	-0.999955	0.000000
3.932487	1.000104	6117.442019	4078.719219	0.000000	0.000001	-51.553170	0.002000	1.216755	3.997731	-0.999955	0.000000
3.952487	1.000104	6117.442019	4078.719219	0.000000	-0.000001	-51.553170	0.002000	1.216755	3.997731	-0.999955	0.000000
3.972487	1.000104	6117.442019	4078.719219	0.000000	-0.000001	-51.553170	0.002000	1.216755	3.997731	-0.999955	0.000000
3.992487	1.000104	6117.442019	4078.719219	0.000000	0.000001	-51.553170	0.002000	1.216755	3.997731	-0.999955	0.000000
4.012487	1.000104	6117.442019	4078.719219	-0.000000	0.000001	-51.553170	0.002000	1.216755	3.997731	-0.999955	0.000000
4.032487	1.000104	6117.442019	4078.719219	-0.000000	-0.000001	-51.553170	0.002000	1.216755	3.997731	-0.999955	0.000000
4.052487	1.000104	6117.442019	4078.719219	-0.000000	-0.000001	-51.553170	0.002000	1.216755	3.997731	-0.999955	0.000000
4.072487	1.000104	6117.442019	4078.719219	0.000000	-0.000001	-51.553170	0.002000	1.216755	3.997731	-0.999955	0.000000
4.092487	1.000104	6117.442019	4078.719219	0.000000	0.000001	-51.553170	0.002000	1.216755	3.997731	-0.999955	0.000000
4.112487	1.000104	6117.442019	4078.719219	-0.000000	0.000002	-51.553170	0.002000	1.216755	3.997731	-0.999955	0.000000
4.132487	1.000104	6117.442019	4078.719219	-0.000000	-0.000001	-51.553170	0.002000	1.216755	3.997731	-0.999955	0.000000
4.152487	1.000104	6117.442019	4078.719219	-0.000000	-0.000004	-51.553170	0.002000	1.216755	3.997731	-0.999955	0.000000
4.172487	1.000104	6117.442019	4078.719219	0.000000	0.000000	-51.553170	0.002000	1.216755	3.997731	-0.999955	0.000000
4.192487	1.000104	6117.442019	4078.719219	0.000000	0.000001	-51.553170	0.002000	1.216755	3.997731	-0.999955	0.000000
4.212487	1.000104	6117.442019	4078.719219	-0.000000	0.000001	-51.553170	0.002000	1.216755	3.997731	-0.999955	0.000000
4.232487	1.000104	6117.442019	4078.719219	-0.000000	-0.000001	-51.553170	0.002000	1.216755	3.997731	-0.999955	0.000000
4.252487	1.000104	6117.442019	4078.719219	-0.000000	-0.000000	-51.553170	0.002000	1.216755	3.997731	-0.999955	0.000000
4.272487	1.000104	6117.442019	4078.719219	0.000000	-0.000001	-51.553170	0.002000	1.216755	3.997731	-0.999955	0.000000
4.292487	1.000104	6117.442019	4078.719219	0.000000	-0.000001	-51.553170	0.002000	1.216755	3.997731	-0.999955	0.000000
4.312487	1.000104	6117.442019	4078.719219	0.000000	0.000003	-51.553170	0.002000	1.216755	3.997731	-0.999955	0.000000
4.332487	1.000104	6117.442019	4078.719219	-0.000000	-0.000001	-51.553170	0.002000	1.216755	3.997731	-0.999955	0.000000
4.352487	1.000104	6117.442019	4078.719219	-0.000000	-0.000001	-51.553170	0.002000	1.216755	3.997731	-0.999955	0.000000
4.372487	1.000104	6117.442019	4078.719219	0.000000	0.000002	-51.553170	0.002000	1.216755	3.997731	-0.999955	0.000000
4.392487	1.000104	6117.442019	4078.719219	-0.000000	0.000002	-51.553170	0.002000	1.216755	3.997731	-0.999955	0.000000
4.412487	1.000104	6117.442019	4078.719219	-0.000000	-0.000001	-51.553170	0.002000	1.216755	3.997731	-0.999955	0.000000
4.432487	1.000104	6117.442019	4078.719219	0.000000	-0.000003	-51.553170	0.002000	1.216755	3.997731	-0.999955	0.000000
4.452487	1.000104	6117.442019	4078.719219	0.000000	0.000001	-51.553170	0.002000	1.216755	3.997731	-0.999955	0.000000
4.472487	1.000104	6117.442019	4078.719219	0.000000	0.000001	-51.553170	0.002000	1.216755	3.997731	-0.999955	0.000000
4.492487	1.000104	6117.442019	4078.719219	-0.000000	-0.000000	-51.553170	0.002000	1.216755	3.997731	-0.999955	0.000000
4.512487	1.000104	6117.442019	4078.719219	-0.000000	-0.000001	-51.553170	0.002000	1.216755	3.997731	-0.999955	0.000000
4.532487	1.000104	6117.442019	4078.719219	0.000000	-0.000001	-51.553170	0.002000	1.216755	3.997731	-0.999955	0.000000
4.552487	1.000104	6117.442019	4078.719219	0.000000	-0.000001	-51.553170	0.002000	1.216755	3.997731	-0.999955	0.000000
4.572487	1.000104	6117.442019	4078.719219	-0.000000	0.000002	-51.553170	0.002000	1.216755	3.997731	-0.999955	0.000000
4.592487	1.000104	6117.442019	4078.719219	-0.000000	0.000001	-51.553170	0.002000	1.216755	3.997731	-0.999955	0.000000
4.612487	1.000104	6117.442019	4078.719219	-0.000000	-0.000000	-51.553170	0.002000	1.216755	3.997731	-0.999955	0.000000
4.632487	1.000104	6117.442019	4078.719219	0.000000	-0.000001	-51.553170	0.002000	1.216755	3.997731	-0.999955	0.000000
4.652487	1.000104	6117.442019	4078.719219	0.000000	0.000001	-51.553170	0.002000	1.216755	3.997731	-0.999955	0.000000
4.672487	1.000104	6117.442019	4078.719219	-0.000000	0.000001	-51.553170	0.002000	1.216755	3.997731	-0.999955	0.000000
4.692487	1.000104	6117.442019	4078.719219	-0.000000	-0.000002	-51.553170	0.002000	1.216755	3.997731	-0.999955	0.000000
4.712487	1.000104	6117.442019	4078.719219	0.000000	-0.000004	-51.553170	0.002000	1.216755	3.997731	-0.999955	0.000000
4.732487	1.000104	6117.442019	4078.719219	0.000000	0.000001	-51.553170	0.002000	1.216755	3.997731	-0.999955	0.000000
4.752487	1.000104	6117.442019	4078.719219	-0.000000	0.000003	-51.553170	0.002000	1.216755	3.997731	-0.999955	0.000000
4.772487	1.000104	6117.442019	4078.719219	-0.000000	0.000003	-51.553170	0.002000	1.216755	3.997731	-0.999955	0.000000
4.792487	1.000104	6117.442019	4078.719219	-0.000000	0.000006	-51.553170	0.002000	1.216755	3.997731	-0.999955	0.000000
4.812487	1.000104	6117.442019	4078.719219	-0.000000	0.000001	-51.553170	0.002000	1.216755	3.997731	-0.999955	0.000000
4.832487	1.000104	6117.442019	4078.719219	0.000000	-0.000033	-51.553170	0.002000	1.216755	3.997731	-0.999955	0.000000
4.852487	1.000104	6117.442019	4078.719219	0.000001	-0.000153	-51.553170	0.002000	1.216755	3.997731	-0.999955	0.000000
4.872487	1.000104	6117.442019	4078.719219	0.000006	-0.000563	-51.553170	0.002000	1.216755	3.997731	-0.999955	0.000000
4.892487	1.000104	6117.442019	4078.719219	0.000022	-0.001808	-51.553170	0.002000	1.216755	3.997731	-0.999955	0.000000
4.912487	1.000104	6117.442019	4078.719219	0.000068	-0.005439	-51.553170	0.002000	1.216755	3.997731	-0.999955	0.000000
4.932487	1.000104	6117.442019	4078.719219	0.000200	-0.015602	-51.553170	0.002000	1.216755	3.997731	-0.999955	0.000000
4.952487	1.000104	6117.442019	4078.719219	0.000563	-0.042873	-51.553170	0.002000	1.216755	3.997731	-0.999955	0.000000
4.972487	1.000104	6117.442018	4078.719218	0.001527	-0.113760	-51.553170	0.002000	1.216755	3.997731	-0.999955	0.000000
4.992487	1.000104	6117.442015	4078.719215	0.004006	-0.292854	-51.553170	0.002000	1.216755	3.997731	-0.999955	0.000000
5.012487	1.000104	6117.442008	4078.719207	0.010200	-0.733356	-51.553170	0.002000	1.216755	3.997731	-0.999955	0.000000
5.032487	1.000104	6117.441991	4078.719187	0.025280	-1.789406	-51.553170	0.002000	1.216755	3.997731	-0.999955	0.000000
5.052487	1.000104	6117.441948	4078.719138	0.061068	-4.259516	-51.553170	0.002000	1.216755	3.997731	-0.999955	0.000000
5.072487	1.000104	6117.441847	4078.719020	0.143910	-9.902916	-51.553170	0.002000	1.216755	3.997731	-0.999955	0.000000
5.092487	1.000104	6117.441611	4078.718742	0.331201	-22.477088	-51.553169	0.002000	1.216755	3.997731	-0.999955	0.000000
5.112487	1.000104	6117.441075	4078.718104	0.744383	-49.843548	-51.553168	0.002000	1.216755	3.997730	-0.999955	0.000000
5.132487	1.000104	6117.439884	4078.716674	1.634102	-107.985480	-51.553166	0.002000	1.216755	3.997730	-0.999955	0.000000
5.152487	1.000103	6117.437299	4078.713542	3.503664	-228.534108	-51.553161	0.002000	1.216755	3.997730	-0.999955	0.000000
5.172487	1.000103	6117.431822	4078.706842	7.335645	-472.336658	-51.553150	0.002000	1.216755	3.997730	-0.999956	0.000000
5.192487	1.000101	6117.420486	4078.692845	14.992847	-953.021960	-51.553128	0.002000	1.216755	3.997729	-0.999956	0.000000
5.212487	1.000098	6117.397589	4078.664298	29.899706	-1876.267062	-51.553082	0.002000	1.216755	3.997727	-0.999958	0.000000
5.232487	1.000091	6117.352459	4078.607481	58.149699	-3602.250116	-51.552990	0.002000	1.216755	3.997724	-0.999961	0.000000
5.252488	1.000078	6117.265727	4078.497188	110.215524	-6739.797417	-51.552812	0.002000	1.216755	3.997718	-0.999966	0.000000
5.272488	1.000053	6117.103298	4078.288507	203.436317	-12279.517209	-51.552474	0.002000	1.216755	3.997707	-0.999977	0.000000
5.292490	1.000006	6116.807102	4077.903935	365.377527	-21767.522382	-51.551848	0.002000	1.216755	3.997686	-0.999997	0.000000
5.312492	0.999921	6116.281600	4077.214200	637.949180	-37508.536423	-51.550724	0.002000	1.216755	3.997649	-1.000034	0.000000
5.332497	0.999771	6115.375316	4076.011344	1081.777319	-62765.391013	-51.548760	0.002000	1.216755	3.997585	-1.000098	0.000000
5.352505	0.999515	6113.857397	4073.973499	1779.749324	-101892.359900	-51.545426	0.002001	1.216755	3.997478	-1.000208	0.000000
5.372520	0.999089	6111.390630	4070.622774	2838.003260	-160309.843172	-51.539936	0.002002	1.216755	3.997305	-1.000392	0.000000
5.392545	0.998402	6107.504447	4065.280742	4382.182244	-244213.285632	-51.531171	0.002003	1.216755	3.997030	-1.000688	0.000000
5.412587	0.997331	6101.573798	4057.030034	6546.957955	-359932.323898	-51.517613	0.002005	1.216755	3.996611	-1.001151	0.000000
5.432654	0.995709	6092.811532	4044.694253	9458.087919	-512935.332170	-51.497311	0.002009	1.216755	3.995991	-1.001853	0.000000
5.452761	0.993335	6080.281884	4026.850012	13208.703230	-706607.813092	-51.467887	0.002013	1.216755	3.995101	-1.002884	0.000000
5.472924	0.989969	6062.939747	4001.882270	17834.548132	-941079.290174	-51.426608	0.002020	1.216755	3.993867	-1.004351	0.000000
5.493166	0.985351	6039.694518	3968.086072	23295.114308	-1212458.327221	-51.370526	0.002030	1.216755	3.992205	-1.006372	0.000000
5.513518	0.979212	6009.490010	3923.805600	29467.471704	-1512785.063366	-51.296666	0.002042	1.216755	3.990035	-1.009076	0.000000
5.534014	0.971297	5971.386011	3867.588986	36156.360065	-1830810.942000	-51.202224	0.002059	1.216755	3.987281	-1.012589	0.000000
5.554699	0.961386	5924.625327	3798.329943	43118.799400	-2153439.491328	-51.084751	0.002080	1.216755	3.983875	-1.017031	0.000000
5.575620	0.949307	5868.673754	3715.368951	50096.654418	-2467444.592958	-50.942269	0.002107	1.216755	3.979762	-1.022509	0.000000
5.596835	0.934946	5803.227890	3618.536810	56848.430560	-2761021.153280	-50.773317	0.002139	1.216755	3.974900	-1.029115	0.000000
5.618405	0.918252	5728.193601	3508.138927	63173.148566	-3024851.440934	-50.576908	0.002178	1.216755	3.969256	-1.036927	0.000000
5.640400	0.899225	5643.645121	3384.891051	68923.049238	-3252549.245690	-50.352442	0.002224	1.216755	3.962805	-1.046009	0.000000
5.662895	0.877911	5549.773871	3249.827035	74005.195917	-3440576.384872	-50.099564	0.002278	1.216755	3.955527	-1.056415	0.000000
5.685974	0.854386	5446.841741	3104.198673	78375.948286	-3587798.798082	-49.818025	0.002341	1.216755	3.947402	-1.068201	0.000000
5.709729	0.828744	5335.134218	2949.383090	82030.335669	-3694877.343443	-49.507535	0.002413	1.216755	3.938408	-1.081425	0.000000
5.734263	0.801091	5214.920093	2786.811942	84991.221521	-3763796.199849	-49.167625	0.002497	1.216755	3.928514	-1.096155	0.000000
5.759692	0.771535	5086.377928	2617.904451	87298.843337	-3797398.822395	-48.797557	0.002592	1.216755	3.917679	-1.112473	0.000000
5.786148	0.740199	4949.448133	2444.016492	88999.964464	-3799540.293397	-48.396195	0.002702	1.216755	3.905830	-1.130474	0.000000
5.813784	0.707214	4803.569123	2266.325991	90144.945188	-3774895.364482	-47.962011	0.002828	1.216755	3.892840	-1.150266	0.000000
5.842776	0.672739	4647.165283	2085.690480	90773.577697	-3729147.997219	-47.492996	0.002973	1.216755	3.878467	-1.171965	0.000000
5.873330	0.636898	4477.269280	1902.413172	90926.709559	-3667761.112507	-46.986619	0.003140	1.216755	3.862294	-1.195738	0.000000
5.905692	0.599689	4289.297803	1716.091544	90628.453131	-3592479.192746	-46.439648	0.003335	1.216755	3.843670	-1.221878	0.000000
5.940172	0.560734	4079.109372	1526.006192	89912.737065	-3498023.606827	-45.846838	0.003567	1.216755	3.821852	-1.251044	0.000000
5.977210	0.519024	3847.074342	1332.166430	88824.857432	-3365559.079880	-45.199794	0.003853	1.216755	3.796420	-1.284609	0.000000
6.017500	0.473013	3605.091977	1137.720551	87389.449607	-3178164.940640	-44.480839	0.004228	1.216755	3.768206	-1.324919	0.000000
6.062200	0.420912	3378.728021	948.844349	85730.418668	-2926400.372639	-43.661356	0.004752	1.216755	3.740041	-1.375594	0.000000
6.113358	0.362261	3203.690207	774.329112	83728.546609	-2637834.917435	-42.686079	0.005521	1.216755	3.716932	-1.440755	0.000000
6.174320	0.297480	3117.878383	618.827483	81772.853785	-2338922.049239	-41.466813	0.006723	1.216755	3.705130	-1.526309	0.000000
6.251704	0.230303	3155.829044	484.916872	79268.089101	-2071167.603303	-39.837146	0.008684	1.216755	3.710371	-1.637451	0.000000
6.356655	0.156801	3361.930552	351.714537	78392.622217	-1792436.983013	-37.429789	0.012755	1.216755	3.737828	-1.804386	0.000000
6.549121	0.088207	4475.108283	263.353600	76097.942329	-1373768.757515	-32.634503	0.022674	1.216755	3.862009	-2.054218	0.000000
-0.002977	3.361963	102656.570909	230085.695680	8.950678	0.000000	0.000781	0.000595	0.000000	5.222551	-0.473409	0.000000
-0.008924	3.369069	102419.598562	230039.315811	25.715723	0.000000	0.002271	0.000594	0.000000	5.221547	-0.472493	0.000000
-0.014853	3.382867	101962.665522	229950.897462	39.227863	0.000000	0.003552	0.000591	0.000000	5.219604	-0.470717	0.000000
-0.020752	3.402590	101317.705401	229828.467930	47.833801	0.000000	0.004515	0.000588	0.000000	5.216848	-0.468192	0.000000
-0.026612	3.427146	100528.054640	229682.880874	50.558494	0.000000	0.005084	0.000584	0.000000	5.213449	-0.465068	0.000000
-0.032426	3.455198	99644.077888	229526.637347	47.238027	0.000000	0.005229	0.000579	0.000000	5.209612	-0.461527	0.000000
-0.038191	3.485263	98718.232051	229372.534677	38.520784	0.000000	0.004965	0.000574	0.000000	5.205557	-0.457764	0.000000
-0.043905	3.515818	97800.508124	229232.348216	25.758570	0.000000	0.004346	0.000569	0.000000	5.201500	-0.453972	0.000000
-0.049569	3.545420	96934.578430	229115.697885	10.793650	0.000000	0.003459	0.000564	0.000000	5.197637	-0.450331	0.000000
-0.055188	3.572813	96155.062992	229029.226913	-4.317154	0.000000	0.002410	0.000560	0.000000	5.194130	-0.446988	0.000000
-0.060766	3.597015	95485.974000	228976.171693	-17.604223	0.000000	0.001311	0.000556	0.000000	5.191098	-0.444056	0.000000
-0.066309	3.617374	94940.339477	228956.348947	-27.464201	0.000000	0.000265	0.000553	0.000000	5.188609	-0.441605	0.000000
-0.071823	3.633589	94520.836413	228966.531334	-32.876173	0.000000	-0.000639	0.000550	0.000000	5.186686	-0.439663	0.000000
-0.077317	3.645694	94221.233813	229001.134986	-33.520764	0.000000	-0.001340	0.000549	0.000000	5.185308	-0.438219	0.000000
-0.082796	3.653999	94028.389908	229053.106493	-29.784994	0.000000	-0.001806	0.000547	0.000000	5.184419	-0.437231	0.000000
-0.088264	3.659025	93924.549564	229114.878452	-22.653409	0.000000	-0.002034	0.000547	0.000000	5.183940	-0.436635	0.000000
-0.093728	3.661412	93889.684611	229179.263713	-13.507164	0.000000	-0.002047	0.000546	0.000000	5.183779	-0.436352	0.000000
