0.002977	3.362031	102654.218157	230085.075818	8.929053	-2317896.208028	-0.000780	0.000595	1.216755	5.222541	-0.473401	0.000000
0.008924	3.369131	102417.469004	230038.765592	25.653489	-2098050.791234	-0.002267	0.000594	1.216755	5.221538	-0.472485	0.000000
0.014853	3.382918	101960.954834	229950.477625	39.132839	-1685459.452771	-0.003547	0.000591	1.216755	5.219597	-0.470711	0.000000
0.020751	3.402625	101316.558834	229828.222887	47.718132	-1129787.144864	-0.004509	0.000588	1.216755	5.216843	-0.468188	0.000000
0.026611	3.427162	100527.551656	229682.833373	50.437385	-495829.412223	-0.005078	0.000584	1.216755	5.213447	-0.465066	0.000000
0.032426	3.455195	99644.226071	229526.785976	47.127775	145623.995905	-0.005223	0.000579	1.216755	5.209613	-0.461527	0.000000
0.038190	3.485241	98718.970724	229372.854615	38.436455	727339.715085	-0.004960	0.000574	1.216755	5.205560	-0.457766	0.000000
0.043904	3.515781	97801.720215	229232.795101	25.711502	1193771.594996	-0.004342	0.000569	1.216755	5.201505	-0.453977	0.000000
0.049569	3.545372	96936.108290	229116.214239	10.789372	1506918.824149	-0.003458	0.000564	1.216755	5.197644	-0.450336	0.000000
0.055188	3.572759	96156.737235	229029.750188	-4.280183	1649302.642741	-0.002411	0.000560	1.216755	5.194138	-0.446994	0.000000
0.060765	3.596960	95487.622498	228976.642740	-17.534610	1624115.562607	-0.001313	0.000556	1.216755	5.191105	-0.444062	0.000000
0.066308	3.617324	94941.813933	228956.719651	-27.376255	1452844.722826	-0.000269	0.000553	1.216755	5.188616	-0.441611	0.000000
0.071824	3.633548	94522.024556	228966.770293	-32.787345	1170952.596718	0.000634	0.000550	1.216755	5.186692	-0.439668	0.000000
0.077317	3.645663	94222.067897	229001.230429	-33.448393	822279.889739	0.001336	0.000549	1.216755	5.185312	-0.438222	0.000000
0.082796	3.653980	94028.849006	229053.066117	-29.743030	452926.027971	0.001802	0.000547	1.216755	5.184421	-0.437233	0.000000
0.088264	3.659018	93924.655881	229114.726379	-22.649863	105374.708104	0.002031	0.000547	1.216755	5.183940	-0.436635	0.000000
0.093728	3.661415	93889.494849	229179.035251	-13.542843	-186391.579985	0.002045	0.000546	1.216755	5.183778	-0.436351	0.000000
0.099190	3.661852	93903.240470	229239.914028	-3.938382	-400175.923576	0.001884	0.000546	1.216755	5.183842	-0.436300	0.000000
0.104652	3.660975	93947.408849	229292.859886	4.762193	-526872.590527	0.001600	0.000546	1.216755	5.184046	-0.436404	0.000000
0.110117	3.659352	94006.425722	229335.151036	11.486748	-569746.125784	0.001250	0.000547	1.216755	5.184319	-0.436597	0.000000
0.115584	3.657433	94068.333705	229365.792863	15.625888	-541987.200440	0.000885	0.000547	1.216755	5.184605	-0.436825	0.000000
0.121055	3.655543	94124.960784	229385.256189	17.068153	-463139.024116	0.000545	0.000547	1.216755	5.184866	-0.437049	0.000000
0.126528	3.653888	94171.638142	229395.082085	16.141214	-355139.598077	0.000260	0.000547	1.216755	5.185081	-0.437246	0.000000
0.132003	3.652570	94206.600434	229397.435007	13.482757	-238706.482526	0.000044	0.000548	1.216755	5.185242	-0.437402	0.000000
0.137480	3.651610	94230.218582	229394.678499	9.876494	-130619.826246	-0.000099	0.000548	1.216755	5.185351	-0.437516	0.000000
0.142958	3.650979	94244.205680	229389.029119	6.090845	-42197.184923	-0.000176	0.000548	1.216755	5.185415	-0.437591	0.000000
0.148437	3.650612	94250.906694	229382.320053	2.751206	21024.361748	-0.000201	0.000548	1.216755	5.185446	-0.437634	0.000000
0.153917	3.650439	94252.742243	229375.881563	0.264216	58610.588562	-0.000188	0.000548	1.216755	5.185455	-0.437655	0.000000
0.159396	3.650389	94251.835144	229370.525330	-1.201762	73905.852390	-0.000154	0.000548	1.216755	5.185450	-0.437661	0.000000
0.164876	3.650404	94249.813368	229366.606622	-1.688171	72448.429355	-0.000111	0.000548	1.216755	5.185441	-0.437659	0.000000
0.170355	3.650444	94247.758742	229364.132688	-1.386065	60465.086163	-0.000069	0.000548	1.216755	5.185432	-0.437654	0.000000
0.175834	3.650483	94246.258430	229362.887074	-0.563354	43683.722837	-0.000034	0.000548	1.216755	5.185425	-0.437650	0.000000
0.181314	3.650506	94245.514454	229362.545626	0.503320	26581.802450	-0.000009	0.000548	1.216755	5.185421	-0.437647	0.000000
0.186793	3.650511	94245.472599	229362.768547	1.579978	12076.208870	0.000006	0.000548	1.216755	5.185421	-0.437646	0.000000
0.192272	3.650501	94245.942430	229363.261671	2.504363	1577.178355	0.000013	0.000548	1.216755	5.185423	-0.437648	0.000000
0.197751	3.650480	94246.691780	229363.807493	3.193119	-4716.058742	0.000013	0.000548	1.216755	5.185427	-0.437650	0.000000
0.203231	3.650456	94247.509536	229364.271507	3.631923	-7408.586728	0.000011	0.000548	1.216755	5.185431	-0.437653	0.000000
0.208710	3.650433	94248.238359	229364.591790	3.855557	-7502.945201	0.000006	0.000548	1.216755	5.185434	-0.437656	0.000000
0.214189	3.650415	94248.783653	229364.759927	3.924961	-6067.310277	0.000002	0.000548	1.216755	5.185436	-0.437658	0.000000
0.219669	3.650403	94249.106906	229364.800031	3.906798	-4014.513972	-0.000002	0.000548	1.216755	5.185438	-0.437659	0.000000
0.225148	3.650398	94249.211175	229364.750397	3.858846	-1993.903348	-0.000005	0.000548	1.216755	5.185438	-0.437660	0.000000
0.230628	3.650400	94249.124752	229364.650173	3.822203	-375.163957	-0.000007	0.000548	1.216755	5.185438	-0.437660	0.000000
0.236107	3.650407	94248.886946	229364.531491	3.819598	707.507072	-0.000008	0.000548	1.216755	5.185437	-0.437659	0.000000
0.241586	3.650419	94248.537813	229364.416336	3.857971	1282.923656	-0.000008	0.000548	1.216755	5.185435	-0.437658	0.000000
0.247066	3.650434	94248.112134	229364.316749	3.933286	1467.794124	-0.000008	0.000548	1.216755	5.185433	-0.437656	0.000000
0.252545	3.650451	94247.636955	229364.236908	4.035731	1405.258813	-0.000008	0.000548	1.216755	5.185431	-0.437654	0.000000
0.258025	3.650469	94247.131591	229364.175857	4.154074	1224.107586	-0.000008	0.000548	1.216755	5.185429	-0.437651	0.000000
0.263504	3.650489	94246.608968	229364.130037	4.278584	1018.544154	-0.000008	0.000548	1.216755	5.185426	-0.437649	0.000000
0.268983	3.650509	94246.077434	229364.095189	4.402459	844.060063	-0.000008	0.000548	1.216755	5.185424	-0.437647	0.000000
0.274462	3.650529	94245.542435	229364.067516	4.522028	723.369054	-0.000009	0.000548	1.216755	5.185422	-0.437644	0.000000
0.279942	3.650550	94245.007797	229364.044195	4.636217	656.734697	-0.000009	0.000548	1.216755	5.185419	-0.437642	0.000000
0.285421	3.650570	94244.476535	229364.023433	4.745675	632.495100	-0.000010	0.000548	1.216755	5.185417	-0.437640	0.000000
0.290900	3.650590	94243.951272	229364.004274	4.851891	635.371688	-0.000010	0.000548	1.216755	5.185414	-0.437637	0.000000
0.296379	3.650610	94243.434378	229363.986314	4.956522	651.710068	-0.000011	0.000548	1.216755	5.185412	-0.437635	0.000000
0.301858	3.650629	94242.927969	229363.969436	5.060980	671.876524	-0.000012	0.000548	1.216755	5.185409	-0.437633	0.000000
0.307337	3.650648	94242.433858	229363.953618	5.166250	690.580707	-0.000012	0.000548	1.216755	5.185407	-0.437630	0.000000
0.312816	3.650666	94241.953506	229363.938821	5.272887	706.019893	-0.000013	0.000548	1.216755	5.185405	-0.437628	0.000000
0.318295	3.650684	94241.488016	229363.924950	5.381108	718.600359	-0.000014	0.000548	1.216755	5.185403	-0.437626	0.000000
0.323774	3.650701	94241.038154	229363.911851	5.490917	729.740409	-0.000014	0.000548	1.216755	5.185401	-0.437624	0.000000
0.329253	3.650718	94240.604401	229363.899342	5.602211	741.000771	-0.000015	0.000548	1.216755	5.185399	-0.437622	0.000000
0.334732	3.650734	94240.187017	229363.887235	5.714870	753.596312	-0.000016	0.000548	1.216755	5.185397	-0.437620	0.000000
0.340211	3.650749	94239.786096	229363.875365	5.828788	768.225697	-0.000017	0.000548	1.216755	5.185395	-0.437618	0.000000
0.345690	3.650764	94239.401623	229363.863601	5.943892	785.104849	-0.000018	0.000548	1.216755	5.185393	-0.437616	0.000000
0.351169	3.650778	94239.033504	229363.851849	6.060141	804.099932	-0.000018	0.000548	1.216755	5.185392	-0.437615	0.000000
0.356648	3.650791	94238.681597	229363.840054	6.177511	824.874716	-0.000019	0.000548	1.216755	5.185390	-0.437613	0.000000
0.362126	3.650804	94238.345720	229363.828191	6.295979	847.006934	-0.000020	0.000548	1.216755	5.185388	-0.437612	0.000000
0.367605	3.650816	94238.025653	229363.816257	6.415520	870.062142	-0.000021	0.000548	1.216755	5.185387	-0.437610	0.000000
0.373084	3.650828	94237.721136	229363.804262	6.536093	893.626163	-0.000022	0.000548	1.216755	5.185385	-0.437609	0.000000
0.378563	3.650839	94237.431865	229363.792222	6.657653	917.319182	-0.000023	0.000548	1.216755	5.185384	-0.437608	0.000000
0.384042	3.650849	94237.157476	229363.780151	6.780141	940.806196	-0.000024	0.000548	1.216755	5.185383	-0.437606	0.000000
0.389520	3.650859	94236.897546	229363.768051	6.903504	963.816351	-0.000025	0.000548	1.216755	5.185382	-0.437605	0.000000
0.394999	3.650869	94236.651583	229363.755914	7.027690	986.177736	-0.000026	0.000548	1.216755	5.185381	-0.437604	0.000000
0.400478	3.650877	94236.419033	229363.743711	7.152660	1007.853010	-0.000027	0.000548	1.216755	5.185379	-0.437603	0.000000
0.405956	3.650886	94236.199280	229363.731397	7.278376	1028.963741	-0.000029	0.000548	1.216755	5.185378	-0.437602	0.000000
0.411435	3.650894	94235.991664	229363.718910	7.404801	1049.788193	-0.000030	0.000548	1.216755	5.185377	-0.437601	0.000000
0.416914	3.650901	94235.795500	229363.706179	7.531887	1070.721798	-0.000031	0.000548	1.216755	5.185377	-0.437600	0.000000
0.422392	3.650908	94235.610099	229363.693134	7.659584	1092.203998	-0.000032	0.000548	1.216755	5.185376	-0.437599	0.000000
0.427871	3.650915	94235.434791	229363.679711	7.787829	1114.627153	-0.000033	0.000548	1.216755	5.185375	-0.437599	0.000000
0.433350	3.650921	94235.268945	229363.665861	7.916535	1138.246542	-0.000035	0.000548	1.216755	5.185374	-0.437598	0.000000
0.438828	3.650927	94235.111987	229363.651561	8.045616	1163.123804	-0.000036	0.000548	1.216755	5.185373	-0.437597	0.000000
0.444307	3.650932	94234.963406	229363.636805	8.174998	1189.117151	-0.000037	0.000548	1.216755	5.185373	-0.437596	0.000000
0.449786	3.650937	94234.822752	229363.621614	8.304587	1215.915857	-0.000039	0.000548	1.216755	5.185372	-0.437596	0.000000
0.455264	3.650942	94234.689628	229363.606019	8.434312	1243.116746	-0.000040	0.000548	1.216755	5.185371	-0.437595	0.000000
0.460743	3.650947	94234.563683	229363.590059	8.564180	1270.326692	-0.000042	0.000548	1.216755	5.185371	-0.437595	0.000000
0.466221	3.650951	94234.444592	229363.573773	8.694071	1297.228338	-0.000043	0.000548	1.216755	5.185370	-0.437594	0.000000
0.471700	3.650955	94234.332044	229363.557193	8.823896	1323.624720	-0.000045	0.000548	1.216755	5.185370	-0.437594	0.000000
0.477179	3.650959	94234.225734	229363.540337	8.953873	1349.499216	-0.000046	0.000548	1.216755	5.185369	-0.437593	0.000000
0.482657	3.650963	94234.125356	229363.523216	9.083635	1374.920534	-0.000048	0.000548	1.216755	5.185369	-0.437593	0.000000
0.488136	3.650966	94234.030602	229363.505830	9.212865	1399.969957	-0.000049	0.000548	1.216755	5.185368	-0.437592	0.000000
0.493614	3.650969	94233.941162	229363.488172	9.342734	1424.921509	-0.000051	0.000548	1.216755	5.185368	-0.437592	0.000000
0.499093	3.650972	94233.856728	229363.470229	9.471791	1449.888840	-0.000052	0.000548	1.216755	5.185368	-0.437592	0.000000
0.504571	3.650975	94233.776998	229363.451996	9.598642	1474.656353	-0.000054	0.000548	1.216755	5.185367	-0.437591	0.000000
0.510050	3.650978	94233.701685	229363.433462	9.729071	1499.779059	-0.000056	0.000548	1.216755	5.185367	-0.437591	0.000000
0.515529	3.650980	94233.630508	229363.414616	9.857025	1525.206593	-0.000057	0.000548	1.216755	5.185367	-0.437591	0.000000
0.521007	3.650983	94233.563207	229363.395476	9.975613	1549.466367	-0.000059	0.000548	1.216755	5.185366	-0.437590	0.000000
0.526486	3.650985	94233.499540	229363.376024	10.112291	1574.895826	-0.000061	0.000548	1.216755	5.185366	-0.437590	0.000000
0.531964	3.650987	94233.439269	229363.356240	10.241181	1601.529538	-0.000063	0.000548	1.216755	5.185366	-0.437590	0.000000
0.537443	3.650989	94233.382186	229363.336215	10.327146	1622.496406	-0.000064	0.000548	1.216755	5.185365	-0.437590	0.000000
0.542921	3.650990	94233.328102	229363.315878	10.498839	1648.571395	-0.000066	0.000548	1.216755	5.185365	-0.437590	0.000000
0.548400	3.650992	94233.276794	229363.295106	10.645602	1681.257404	-0.000068	0.000548	1.216755	5.185365	-0.437589	0.000000
0.553878	3.650994	94233.228123	229363.274315	10.588663	1688.011474	-0.000070	0.000548	1.216755	5.185365	-0.437589	0.000000
0.559357	3.650995	94233.181971	229363.253174	10.927801	1717.473708	-0.000072	0.000548	1.216755	5.185365	-0.437589	0.000000
0.564835	3.650996	94233.138025	229363.231044	11.193344	1781.919725	-0.000074	0.000548	1.216755	5.185364	-0.437589	0.000000
0.570314	3.650998	94233.096280	229363.209811	10.482865	1726.817435	-0.000076	0.000548	1.216755	5.185364	-0.437589	0.000000
0.575792	3.650999	94233.056837	229363.188041	11.583916	1770.286080	-0.000078	0.000548	1.216755	5.185364	-0.437588	0.000000
0.581271	3.651000	94233.018803	229363.162475	12.525896	1993.392278	-0.000080	0.000548	1.216755	5.185364	-0.437588	0.000000
0.586749	3.651001	94232.982638	229363.141744	8.791651	1664.134120	-0.000082	0.000548	1.216755	5.185364	-0.437588	0.000000
0.592228	3.651002	94232.949386	229363.119707	13.304245	1756.505215	-0.000083	0.000548	1.216755	5.185363	-0.437588	0.000000
0.597707	3.651003	94232.915350	229363.079921	17.920900	2758.357713	-0.000088	0.000548	1.216755	5.185363	-0.437588	0.000000
0.603185	3.651004	94232.882801	229363.061757	0.205318	1212.924536	-0.000090	0.000548	1.216755	5.185363	-0.437588	0.000000
0.608664	3.651004	94232.857357	229363.039037	19.931196	1452.187010	-0.000088	0.000548	1.216755	5.185363	-0.437588	0.000000
0.614142	3.651004	94232.822173	229362.929143	44.118983	6259.398493	-0.000102	0.000548	1.216755	5.185363	-0.437588	0.000000
0.619621	3.651005	94232.786689	229362.910413	-37.889070	-636.286817	-0.000104	0.000548	1.216755	5.185363	-0.437588	0.000000
0.625099	3.651005	94232.778882	229362.871114	49.788171	-44.490919	-0.000089	0.000548	1.216755	5.185363	-0.437588	0.000000
0.630578	3.651000	94232.720632	229362.396615	177.179742	23371.062413	-0.000150	0.000548	1.216755	5.185362	-0.437588	0.000000
0.636056	3.651000	94232.648874	229362.286832	-197.959651	-6713.908121	-0.000158	0.000548	1.216755	5.185362	-0.437588	0.000000
0.641535	3.650996	94232.700103	229362.060310	195.155568	-5625.214690	-0.000088	0.000548	1.216755	5.185362	-0.437589	0.000000
0.647013	3.650968	94232.510752	229359.633959	864.218424	109118.909282	-0.000377	0.000548	1.216755	5.185361	-0.437593	0.000000
0.652492	3.650957	94232.216461	229358.547033	-831.660462	-19202.210304	-0.000463	0.000548	1.216755	5.185360	-0.437593	0.000000
0.657970	3.650927	94232.475254	229356.680947	950.799376	-18425.207157	-0.000174	0.000548	1.216755	5.185361	-0.437598	0.000000
0.663449	3.650766	94231.591169	229343.534181	4460.788857	547416.841834	-0.001613	0.000548	1.216755	5.185356	-0.437618	0.000000
0.668928	3.650664	94230.010301	229334.461583	-3087.878876	17845.428717	-0.002327	0.000548	1.216755	5.185350	-0.437629	0.000000
0.674407	3.650449	94230.867657	229319.800760	5131.912856	22368.197889	-0.001311	0.000548	1.216755	5.185354	-0.437661	0.000000
0.679887	3.649539	94226.223836	229246.292725	23589.855777	2838103.985610	-0.008675	0.000548	1.216755	5.185328	-0.437774	0.000000
0.685369	3.648742	94217.184209	229178.575595	-9258.008193	772978.283764	-0.013898	0.000548	1.216755	5.185290	-0.437864	0.000000
0.690850	3.647239	94218.484090	229070.464126	29519.435847	929431.368492	-0.011510	0.000548	1.216755	5.185295	-0.438074	0.000000
0.696336	3.642002	94192.721821	228649.658012	127261.721104	15174011.256129	-0.050225	0.000549	1.216755	5.185154	-0.438732	0.000000
0.701834	3.636307	94139.436311	228174.853631	-10581.660112	8139302.824970	-0.086196	0.000550	1.216755	5.184920	-0.439400	0.000000
0.707336	3.626209	94126.619815	227421.607634	175651.658717	10368846.980979	-0.090680	0.000552	1.216755	5.184857	-0.440773	0.000000
0.712861	3.595996	93974.937781	224992.311026	703592.491331	85881171.587130	-0.299208	0.000556	1.216755	5.184039	-0.444619	0.000000
0.718460	3.558351	93636.045292	221841.312840	165249.414083	76121967.121192	-0.542718	0.000562	1.216755	5.182484	-0.449190	0.000000
0.724099	3.498914	93409.135032	217189.519479	976096.561618	105882975.763940	-0.653390	0.000572	1.216755	5.181384	-0.457293	0.000000
0.729869	3.343891	92363.547292	204308.064674	3992803.849088	581193770.676433	-1.762167	0.000598	1.216755	5.175736	-0.478199	0.000000
0.736076	3.153681	89680.984813	187076.496062	2034939.611905	797799196.289351	-3.437706	0.000634	1.216755	5.162553	-0.503282	0.000000
0.742588	2.979852	86962.668019	170781.514620	1923043.825610	897558589.699866	-3.855845	0.000671	1.216755	5.148975	-0.529282	0.000000
0.749458	2.563952	80643.987211	132827.087582	18755559.370231	3449958329.396212	-7.601392	0.000780	1.216755	5.111404	-0.600865	0.000000
0.758547	1.906649	60517.716958	71172.878667	37549522.451501	7948450009.168271	-20.840517	0.001049	1.216755	4.973312	-0.733746	0.000000
0.772049	1.376719	31714.077791	26281.271880	28780090.083538	6896039827.322344	-37.020968	0.001453	1.216755	4.679242	-0.872344	0.000000
0.789371	1.119448	13477.681945	9204.018059	12820418.292685	2939168706.165117	-46.754489	0.001787	1.216755	4.307505	-0.956276	0.000000
0.808588	1.030502	7367.063576	4894.277200	3675420.634013	637722807.997904	-50.419031	0.001941	1.216755	4.065552	-0.988612	0.000000
0.828419	1.006547	6272.540223	4186.554929	750104.765807	82243041.870467	-51.343909	0.001987	1.216755	4.006674	-0.997566	0.000000
0.848389	1.001262	6137.463456	4093.788751	127260.051160	10106564.766561	-51.520306	0.001997	1.216755	3.998908	-0.999531	0.000000
0.868385	1.000284	6120.275567	4080.905950	18249.822912	1394294.211029	-51.548777	0.001999	1.216755	3.997898	-0.999890	0.000000
0.888384	1.000128	6117.849477	4079.026545	2232.459066	202868.019568	-51.552663	0.002000	1.216755	3.997755	-0.999946	0.000000
0.908384	1.000107	6117.498015	4078.759523	236.805944	28703.680708	-51.553119	0.002000	1.216755	3.997734	-0.999954	0.000000
0.928384	1.000104	6117.449186	4078.724098	21.587215	3800.000661	-51.553166	0.002000	1.216755	3.997731	-0.999955	0.000000
0.948384	1.000104	6117.442868	4078.719765	1.671529	464.883723	-51.553170	0.002000	1.216755	3.997731	-0.999955	0.000000
0.968384	1.000104	6117.442113	4078.719276	0.115571	52.538308	-51.553170	0.002000	1.216755	3.997731	-0.999955	0.000000
0.988384	1.000104	6117.442029	4078.719225	0.009905	5.534764	-51.553170	0.002000	1.216755	3.997731	-0.999955	0.000000
1.008384	1.000104	6117.442020	4078.719220	0.001595	0.557399	-51.553170	0.002000	1.216755	3.997731	-0.999955	0.000000
1.028384	1.000104	6117.442019	4078.719220	0.000327	0.056561	-51.553170	0.002000	1.216755	3.997731	-0.999955	0.000000
1.048384	1.000104	6117.442019	4078.719220	0.000060	0.006239	-51.553170	0.002000	1.216755	3.997731	-0.999955	0.000000
1.068384	1.000104	6117.442019	4078.719219	0.000010	0.000786	-51.553170	0.002000	1.216755	3.997731	-0.999955	0.000000
1.088384	1.000104	6117.442019	4078.719219	0.000001	0.000110	-51.553170	0.002000	1.216755	3.997731	-0.999955	0.000000
1.108384	1.000104	6117.442019	4078.719219	0.000000	0.000016	-51.553170	0.002000	1.216755	3.997731	-0.999955	0.000000
1.128384	1.000104	6117.442019	4078.719219	-0.000000	0.000001	-51.553170	0.002000	1.216755	3.997731	-0.999955	0.000000
1.148384	1.000104	6117.442019	4078.719219	0.000000	-0.000001	-51.553170	0.002000	1.216755	3.997731	-0.999955	0.000000
1.168384	1.000104	6117.442019	4078.719219	0.000000	-0.000000	-51.553170	0.002000	1.216755	3.997731	-0.999955	0.000000
1.188384	1.000104	6117.442019	4078.719219	0.000000	0.000001	-51.553170	0.002000	1.216755	3.997731	-0.999955	0.000000
1.208384	1.000104	6117.442019	4078.719219	-0.000000	0.000000	-51.553170	0.002000	1.216755	3.997731	-0.999955	0.000000
1.228384	1.000104	6117.442019	4078.719219	-0.000000	-0.000001	-51.553170	0.002000	1.216755	3.997731	-0.999955	0.000000
1.248384	1.000104	6117.442019	4078.719219	-0.000000	-0.000000	-51.553170	0.002000	1.216755	3.997731	-0.999955	0.000000
1.268384	1.000104	6117.442019	4078.719219	0.000000	-0.000000	-51.553170	0.002000	1.216755	3.997731	-0.999955	0.000000
1.288384	1.000104	6117.442019	4078.719219	0.000000	-0.000000	-51.553170	0.002000	1.216755	3.997731	-0.999955	0.000000
1.308384	1.000104	6117.442019	4078.719219	0.000000	0.000001	-51.553170	0.002000	1.216755	3.997731	-0.999955	0.000000
1.328384	1.000104	6117.442019	4078.719219	-0.000000	-0.000000	-51.553170	0.002000	1.216755	3.997731	-0.999955	0.000000
1.348384	1.000104	6117.442019	4078.719219	0.000000	-0.000001	-51.553170	0.002000	1.216755	3.997731	-0.999955	0.000000
1.368384	1.000104	6117.442019	4078.719219	0.000000	-0.000000	-51.553170	0.002000	1.216755	3.997731	-0.999955	0.000000
1.388384	1.000104	6117.442019	4078.719219	-0.000000	0.000001	-51.553170	0.002000	1.216755	3.997731	-0.999955	0.000000
1.408384	1.000104	6117.442019	4078.719219	-0.000000	-0.000001	-51.553170	0.002000	1.216755	3.997731	-0.999955	0.000000
1.428384	1.000104	6117.442019	4078.719219	0.000000	-0.000000	-51.553170	0.002000	1.216755	3.997731	-0.999955	0.000000
1.448384	1.000104	6117.442019	4078.719219	-0.000000	0.000001	-51.553170	0.002000	1.216755	3.997731	-0.999955	0.000000
1.468384	1.000104	6117.442019	4078.719219	-0.000000	-0.000001	-51.553170	0.002000	1.216755	3.997731	-0.999955	0.000000
1.488384	1.000104	6117.442019	4078.719219	0.000000	0.000001	-51.553170	0.002000	1.216755	3.997731	-0.999955	0.000000
1.508384	1.000104	6117.442019	4078.719219	-0.000000	0.000002	-51.553170	0.002000	1.216755	3.997731	-0.999955	0.000000
1.528384	1.000104	6117.442019	4078.719219	-0.000000	0.000000	-51.553170	0.002000	1.216755	3.997731	-0.999955	0.000000
1.548384	1.000104	6117.442019	4078.719219	-0.000000	-0.000001	-51.553170	0.002000	1.216755	3.997731	-0.999955	0.000000
1.568384	1.000104	6117.442019	4078.719219	0.000000	-0.000001	-51.553170	0.002000	1.216755	3.997731	-0.999955	0.000000
1.588384	1.000104	6117.442019	4078.719219	0.000000	-0.000000	-51.553170	0.002000	1.216755	3.997731	-0.999955	0.000000
1.608384	1.000104	6117.442019	4078.719219	-0.000000	0.000001	-51.553170	0.002000	1.216755	3.997731	-0.999955	0.000000
1.628384	1.000104	6117.442019	4078.719219	-0.000000	-0.000001	-51.553170	0.002000	1.216755	3.997731	-0.999955	0.000000
1.648384	1.000104	6117.442019	4078.719219	0.000000	-0.000001	-51.553170	0.002000	1.216755	3.997731	-0.999955	0.000000
1.668384	1.000104	6117.442019	4078.719219	0.000000	0.000001	-51.553170	0.002000	1.216755	3.997731	-0.999955	0.000000
1.688384	1.000104	6117.442019	4078.719219	0.000000	-0.000001	-51.553170	0.002000	1.216755	3.997731	-0.999955	0.000000
1.708384	1.000104	6117.442019	4078.719219	0.000000	0.000001	-51.553170	0.002000	1.216755	3.997731	-0.999955	0.000000
1.728384	1.000104	6117.442019	4078.719219	-0.000000	0.000001	-51.553170	0.002000	1.216755	3.997731	-0.999955	0.000000
1.748384	1.000104	6117.442019	4078.719219	-0.000000	-0.000001	-51.553170	0.002000	1.216755	3.997731	-0.999955	0.000000
1.768384	1.000104	6117.442019	4078.719219	0.000000	-0.000001	-51.553170	0.002000	1.216755	3.997731	-0.999955	0.000000
1.788384	1.000104	6117.442019	4078.719219	0.000000	0.000000	-51.553170	0.002000	1.216755	3.997731	-0.999955	0.000000
1.808384	1.000104	6117.442019	4078.719219	-0.000000	0.000001	-51.553170	0.002000	1.216755	3.997731	-0.999955	0.000000
1.828384	1.000104	6117.442019	4078.719219	-0.000000	-0.000002	-51.553170	0.002000	1.216755	3.997731	-0.999955	0.000000
1.848384	1.000104	6117.442019	4078.719219	0.000000	-0.000001	-51.553170	0.002000	1.216755	3.997731	-0.999955	0.000000
1.868384	1.000104	6117.442019	4078.719219	0.000000	0.000002	-51.553170	0.002000	1.216755	3.997731	-0.999955	0.000000
1.888384	1.000104	6117.442019	4078.719219	-0.000000	0.000001	-51.553170	0.002000	1.216755	3.997731	-0.999955	0.000000
1.908384	1.000104	6117.442019	4078.719219	-0.000000	-0.000001	-51.553170	0.002000	1.216755	3.997731	-0.999955	0.000000
1.928384	1.000104	6117.442019	4078.719219	0.000000	-0.000001	-51.553170	0.002000	1.216755	3.997731	-0.999955	0.000000
1.948384	1.000104	6117.442019	4078.719219	0.000000	-0.000001	-51.553170	0.002000	1.216755	3.997731	-0.999955	0.000000
1.968384	1.000104	6117.442019	4078.719219	-0.000000	0.000001	-51.553170	0.002000	1.216755	3.997731	-0.999955	0.000000
1.988384	1.000104	6117.442019	4078.719219	0.000000	-0.000001	-51.553170	0.002000	1.216755	3.997731	-0.999955	0.000000
2.008384	1.000104	6117.442019	4078.719219	0.000000	0.000001	-51.553170	0.002000	1.216755	3.997731	-0.999955	0.000000
2.028384	1.000104	6117.442019	4078.719219	-0.000000	0.000001	-51.553170	0.002000	1.216755	3.997731	-0.999955	0.000000
2.048384	1.000104	6117.442019	4078.719219	-0.000000	0.000000	-51.553170	0.002000	1.216755	3.997731	-0.999955	0.000000
2.068384	1.000104	6117.442019	4078.719219	-0.000000	0.000000	-51.553170	0.002000	1.216755	3.997731	-0.999955	0.000000
2.088384	1.000104	6117.442019	4078.719219	0.000000	-0.000001	-51.553170	0.002000	1.216755	3.997731	-0.999955	0.000000
2.108384	1.000104	6117.442019	4078.719219	-0.000000	0.000001	-51.553170	0.002000	1.216755	3.997731	-0.999955	0.000000
2.128384	1.000104	6117.442019	4078.719219	-0.000000	-0.000001	-51.553170	0.002000	1.216755	3.997731	-0.999955	0.000000
2.148384	1.000104	6117.442019	4078.719219	0.000000	-0.000001	-51.553170	0.002000	1.216755	3.997731	-0.999955	0.000000
2.168384	1.000104	6117.442019	4078.719219	0.000000	-0.000000	-51.553170	0.002000	1.216755	3.997731	-0.999955	0.000000
2.188384	1.000104	6117.442019	4078.719219	0.000000	0.000000	-51.553170	0.002000	1.216755	3.997731	-0.999955	0.000000
2.208384	1.000104	6117.442019	4078.719219	0.000000	0.000001	-51.553170	0.002000	1.216755	3.997731	-0.999955	0.000000
2.228384	1.000104	6117.442019	4078.719219	-0.000000	0.000001	-51.553170	0.002000	1.216755	3.997731	-0.999955	0.000000
2.248384	1.000104	6117.442019	4078.719219	-0.000000	0.000001	-51.553170	0.002000	1.216755	3.997731	-0.999955	0.000000
2.268384	1.000104	6117.442019	4078.719219	-0.000000	-0.000000	-51.553170	0.002000	1.216755	3.997731	-0.999955	0.000000
2.288384	1.000104	6117.442019	4078.719219	-0.000000	-0.000001	-51.553170	0.002000	1.216755	3.997731	-0.999955	0.000000
2.308384	1.000104	6117.442019	4078.719219	0.000000	-0.000001	-51.553170	0.002000	1.216755	3.997731	-0.999955	0.000000
2.328384	1.000104	6117.442019	4078.719219	0.000000	0.000001	-51.553170	0.002000	1.216755	3.997731	-0.999955	0.000000
2.348384	1.000104	6117.442019	4078.719219	-0.000000	0.000001	-51.553170	0.002000	1.216755	3.997731	-0.999955	0.000000
2.368384	1.000104	6117.442019	4078.719219	-0.000000	-0.000000	-51.553170	0.002000	1.216755	3.997731	-0.999955	0.000000
2.388384	1.000104	6117.442019	4078.719219	-0.000000	0.000000	-51.553170	0.002000	1.216755	3.997731	-0.999955	0.000000
2.408384	1.000104	6117.442019	4078.719219	-0.000000	-0.000001	-51.553170	0.002000	1.216755	3.997731	-0.999955	0.000000
2.428384	1.000104	6117.442019	4078.719219	0.000000	-0.000002	-51.553170	0.002000	1.216755	3.997731	-0.999955	0.000000
2.448384	1.000104	6117.442019	4078.719219	0.000000	0.000000	-51.553170	0.002000	1.216755	3.997731	-0.999955	0.000000
2.468384	1.000104	6117.442019	4078.719219	0.000000	0.000001	-51.553170	0.002000	1.216755	3.997731	-0.999955	0.000000
2.488384	1.000104	6117.442019	4078.719219	-0.000000	0.000000	-51.553170	0.002000	1.216755	3.997731	-0.999955	0.000000
2.508384	1.000104	6117.442019	4078.719219	-0.000000	0.000000	-51.553170	0.002000	1.216755	3.997731	-0.999955	0.000000
2.528384	1.000104	6117.442019	4078.719219	-0.000000	0.000000	-51.553170	0.002000	1.216755	3.997731	-0.999955	0.000000
2.548384	1.000104	6117.442019	4078.719219	0.000000	0.000000	-51.553170	0.002000	1.216755	3.997731	-0.999955	0.000000
2.568384	1.000104	6117.442019	4078.719219	0.000000	0.000000	-51.553170	0.002000	1.216755	3.997731	-0.999955	0.000000
2.588384	1.000104	6117.442019	4078.719219	0.000000	0.000000	-51.553170	0.002000	1.216755	3.997731	-0.999955	0.000000
2.608384	1.000104	6117.442019	4078.719219	0.000000	0.000000	-51.553170	0.002000	1.216755	3.997731	-0.999955	0.000000
2.628384	1.000104	6117.442019	4078.719219	0.000000	0.000000	-51.553170	0.002000	1.216755	3.997731	-0.999955	0.000000
2.648384	1.000104	6117.442019	4078.719219	0.000000	0.000000	-51.553170	0.002000	1.216755	3.997731	-0.999955	0.000000
2.668384	1.000104	6117.442019	4078.719219	0.000000	0.000000	-51.553170	0.002000	1.216755	3.997731	-0.999955	0.000000
2.688384	1.000104	6117.442019	4078.719219	0.000000	0.000000	-51.553170	0.002000	1.216755	3.997731	-0.999955	0.000000
2.708384	1.000104	6117.442019	4078.719219	0.000000	0.000000	-51.553170	0.002000	1.216755	3.997731	-0.999955	0.000000
2.728384	1.000104	6117.442019	4078.719219	0.000000	0.000000	-51.553170	0.002000	1.216755	3.997731	-0.999955	0.000000
2.748384	1.000104	6117.442019	4078.719219	0.000000	0.000000	-51.553170	0.002000	1.216755	3.997731	-0.999955	0.000000
2.768384	1.000104	6117.442019	4078.719219	0.000000	0.000000	-51.553170	0.002000	1.216755	3.997731	-0.999955	0.000000
2.788384	1.000104	6117.442019	4078.719219	0.000000	0.000000	-51.553170	0.002000	1.216755	3.997731	-0.999955	0.000000
2.808384	1.000104	6117.442019	4078.719219	0.000000	-0.000000	-51.553170	0.002000	1.216755	3.997731	-0.999955	0.000000
2.828384	1.000104	6117.442019	4078.719219	0.000000	-0.000000	-51.553170	0.002000	1.216755	3.997731	-0.999955	0.000000
2.848384	1.000104	6117.442019	4078.719219	0.000000	-0.000000	-51.553170	0.002000	1.216755	3.997731	-0.999955	0.000000
2.868384	1.000104	6117.442019	4078.719219	0.000000	-0.000000	-51.553170	0.002000	1.216755	3.997731	-0.999955	0.000000
2.888384	1.000104	6117.442019	4078.719219	0.000000	-0.000000	-51.553170	0.002000	1.216755	3.997731	-0.999955	0.000000
2.908384	1.000104	6117.442019	4078.719219	0.000000	-0.000000	-51.553170	0.002000	1.216755	3.997731	-0.999955	0.000000
2.928384	1.000104	6117.442019	4078.719219	-0.000000	-0.000000	-51.553170	0.002000	1.216755	3.997731	-0.999955	0.000000
2.948384	1.000104	6117.442019	4078.719219	-0.000000	-0.000000	-51.553170	0.002000	1.216755	3.997731	-0.999955	0.000000
2.968384	1.000104	6117.442019	4078.719219	-0.000000	-0.000000	-51.553170	0.002000	1.216755	3.997731	-0.999955	0.000000
2.988384	1.000104	6117.442019	4078.719219	-0.000000	-0.000000	-51.553170	0.002000	1.216755	3.997731	-0.999955	0.000000
3.008384	1.000104	6117.442019	4078.719219	0.000000	-0.000001	-51.553170	0.002000	1.216755	3.997731	-0.999955	0.000000
3.028384	1.000104	6117.442019	4078.719219	0.000000	0.000001	-51.553170	0.002000	1.216755	3.997731	-0.999955	0.000000
3.048384	1.000104	6117.442019	4078.719219	-0.000000	0.000001	-51.553170	0.002000	1.216755	3.997731	-0.999955	0.000000
3.068384	1.000104	6117.442019	4078.719219	-0.000000	0.000000	-51.553170	0.002000	1.216755	3.997731	-0.999955	0.000000
3.088384	1.000104	6117.442019	4078.719219	-0.000000	-0.000001	-51.553170	0.002000	1.216755	3.997731	-0.999955	0.000000
3.108384	1.000104	6117.442019	4078.719219	0.000000	-0.000001	-51.553170	0.002000	1.216755	3.997731	-0.999955	0.000000
3.128384	1.000104	6117.442019	4078.719219	0.000000	0.000001	-51.553170	0.002000	1.216755	3.997731	-0.999955	0.000000
3.148384	1.000104	6117.442019	4078.719219	0.000000	0.000001	-51.553170	0.002000	1.216755	3.997731	-0.999955	0.000000
3.168384	1.000104	6117.442019	4078.719219	-0.000000	0.000000	-51.553170	0.002000	1.216755	3.997731	-0.999955	0.000000
3.188384	1.000104	6117.442019	4078.719219	-0.000000	0.000000	-51.553170	0.002000	1.216755	3.997731	-0.999955	0.000000
3.208384	1.000104	6117.442019	4078.719219	-0.000000	-0.000001	-51.553170	0.002000	1.216755	3.997731	-0.999955	0.000000
3.228384	1.000104	6117.442019	4078.719219	0.000000	-0.000001	-51.553170	0.002000	1.216755	3.997731	-0.999955	0.000000
3.248384	1.000104	6117.442019	4078.719219	0.000000	0.000001	-51.553170	0.002000	1.216755	3.997731	-0.999955	0.000000
3.268384	1.000104	6117.442019	4078.719219	0.000000	0.000001	-51.553170	0.002000	1.216755	3.997731	-0.999955	0.000000
3.288384	1.000104	6117.442019	4078.719219	-0.000000	0.000001	-51.553170	0.002000	1.216755	3.997731	-0.999955	0.000000
3.308384	1.000104	6117.442019	4078.719219	-0.000000	-0.000001	-51.553170	0.002000	1.216755	3.997731	-0.999955	0.000000
3.328384	1.000104	6117.442019	4078.719219	0.000000	-0.000001	-51.553170	0.002000	1.216755	3.997731	-0.999955	0.000000
3.348384	1.000104	6117.442019	4078.719219	0.000000	0.000000	-51.553170	0.002000	1.216755	3.997731	-0.999955	0.000000
3.368384	1.000104	6117.442019	4078.719219	0.000000	0.000001	-51.553170	0.002000	1.216755	3.997731	-0.999955	0.000000
3.388384	1.000104	6117.442019	4078.719219	-0.000000	0.000001	-51.553170	0.002000	1.216755	3.997731	-0.999955	0.000000
3.408384	1.000104	6117.442019	4078.719219	-0.000000	-0.000001	-51.553170	0.002000	1.216755	3.997731	-0.999955	0.000000
3.428384	1.000104	6117.442019	4078.719219	0.000000	-0.000001	-51.553170	0.002000	1.216755	3.997731	-0.999955	0.000000
3.448384	1.000104	6117.442019	4078.719219	0.000000	0.000001	-51.553170	0.002000	1.216755	3.997731	-0.999955	0.000000
3.468384	1.000104	6117.442019	4078.719219	-0.000000	0.000000	-51.553170	0.002000	1.216755	3.997731	-0.999955	0.000000
3.488384	1.000104	6117.442019	4078.719219	0.000000	-0.000001	-51.553170	0.002000	1.216755	3.997731	-0.999955	0.000000
3.508384	1.000104	6117.442019	4078.719219	0.000000	0.000001	-51.553170	0.002000	1.216755	3.997731	-0.999955	0.000000
3.528384	1.000104	6117.442019	4078.719219	-0.000000	0.000001	-51.553170	0.002000	1.216755	3.997731	-0.999955	0.000000
3.548384	1.000104	6117.442019	4078.719219	0.000000	-0.000001	-51.553170	0.002000	1.216755	3.997731	-0.999955	0.000000
3.568384	1.000104	6117.442019	4078.719219	0.000000	0.000001	-51.553170	0.002000	1.216755	3.997731	-0.999955	0.000000
3.588384	1.000104	6117.442019	4078.719219	-0.000000	0.000001	-51.553170	0.002000	1.216755	3.997731	-0.999955	0.000000
3.608384	1.000104	6117.442019	4078.719219	-0.000000	-0.000001	-51.553170	0.002000	1.216755	3.997731	-0.999955	0.000000
3.628384	1.000104	6117.442019	4078.719219	0.000000	-0.000001	-51.553170	0.002000	1.216755	3.997731	-0.999955	0.000000
3.648384	1.000104	6117.442019	4078.719219	0.000000	0.000001	-51.553170	0.002000	1.216755	3.997731	-0.999955	0.000000
3.668384	1.000104	6117.442019	4078.719219	-0.000000	0.000001	-51.553170	0.002000	1.216755	3.997731	-0.999955	0.000000
3.688384	1.000104	6117.442019	4078.719219	-0.000000	0.000000	-51.553170	0.002000	1.216755	3.997731	-0.999955	0.000000
3.708384	1.000104	6117.442019	4078.719219	-0.000000	0.000000	-51.553170	0.002000	1.216755	3.997731	-0.999955	0.000000
3.728384	1.000104	6117.442019	4078.719219	-0.000000	-0.000000	-51.553170	0.002000	1.216755	3.997731	-0.999955	0.000000
3.748384	1.000104	6117.442019	4078.719219	-0.000000	-0.000000	-51.553170	0.002000	1.216755	3.997731	-0.999955	0.000000
3.768384	1.000104	6117.442019	4078.719219	-0.000000	-0.000001	-51.553170	0.002000	1.216755	3.997731	-0.999955	0.000000
3.788384	1.000104	6117.442019	4078.719219	0.000000	0.000000	-51.553170	0.002000	1.216755	3.997731	-0.999955	0.000000
3.808384	1.000104	6117.442019	4078.719219	0.000000	-0.000000	-51.553170	0.002000	1.216755	3.997731	-0.999955	0.000000
3.828384	1.000104	6117.442019	4078.719219	0.000000	0.000001	-51.553170	0.002000	1.216755	3.997731	-0.999955	0.000000
3.848384	1.000104	6117.442019	4078.719219	-0.000000	0.000001	-51.553170	0.002000	1.216755	3.997731	-0.999955	0.000000
3.868384	1.000104	6117.442019	4078.719219	-0.000000	0.000001	-51.553170	0.002000	1.216755	3.997731	-0.999955	0.000000
3.888384	1.000104	6117.442019	4078.719219	-0.000000	-0.000001	-51.553170	0.002000	1.216755	3.997731	-0.999955	0.000000
3.908384	1.000104	6117.442019	4078.719219	0.000000	-0.000001	-51.553170	0.002000	1.216755	3.997731	-0.999955	0.000000
3.928384	1.000104	6117.442019	4078.719219	0.000000	0.000001	-51.553170	0.002000	1.216755	3.997731	-0.999955	0.000000
3.948384	1.000104	6117.442019	4078.719219	0.000000	-0.000001	-51.553170	0.002000	1.216755	3.997731	-0.999955	0.000000
3.968384	1.000104	6117.442019	4078.719219	0.000000	-0.000001	-51.553170	0.002000	1.216755	3.997731	-0.999955	0.000000
3.988384	1.000104	6117.442019	4078.719219	0.000000	0.000001	-51.553170	0.002000	1.216755	3.997731	-0.999955	0.000000
4.008384	1.000104	6117.442019	4078.719219	-0.000000	0.000001	-51.553170	0.002000	1.216755	3.997731	-0.999955	0.000000
4.028384	1.000104	6117.442019	4078.719219	-0.000000	-0.000001	-51.553170	0.002000	1.216755	3.997731	-0.999955	0.000000
4.048384	1.000104	6117.442019	4078.719219	-0.000000	-0.000001	-51.553170	0.002000	1.216755	3.997731	-0.999955	0.000000
4.068384	1.000104	6117.442019	4078.719219	0.000000	-0.000001	-51.553170	0.002000	1.216755	3.997731	-0.999955	0.000000
4.088384	1.000104	6117.442019	4078.719219	0.000000	0.000001	-51.553170	0.002000	1.216755	3.997731	-0.999955	0.000000
4.108384	1.000104	6117.442019	4078.719219	-0.000000	0.000002	-51.553170	0.002000	1.216755	3.997731	-0.999955	0.000000
4.128384	1.000104	6117.442019	4078.719219	-0.000000	-0.000001	-51.553170	0.002000	1.216755	3.997731	-0.999955	0.000000
4.148384	1.000104	6117.442019	4078.719219	-0.000000	-0.000004	-51.553170	0.002000	1.216755	3.997731	-0.999955	0.000000
4.168384	1.000104	6117.442019	4078.719219	0.000000	-0.000000	-51.553170	0.002000	1.216755	3.997731	-0.999955	0.000000
4.188384	1.000104	6117.442019	4078.719219	0.000000	0.000001	-51.553170	0.002000	1.216755	3.997731	-0.999955	0.000000
4.208384	1.000104	6117.442019	4078.719219	-0.000000	0.000001	-51.553170	0.002000	1.216755	3.997731	-0.999955	0.000000
4.228384	1.000104	6117.442019	4078.719219	-0.000000	-0.000001	-51.553170	0.002000	1.216755	3.997731	-0.999955	0.000000
4.248384	1.000104	6117.442019	4078.719219	-0.000000	-0.000000	-51.553170	0.002000	1.216755	3.997731	-0.999955	0.000000
4.268384	1.000104	6117.442019	4078.719219	0.000000	-0.000001	-51.553170	0.002000	1.216755	3.997731	-0.999955	0.000000
4.288384	1.000104	6117.442019	4078.719219	0.000000	-0.000001	-51.553170	0.002000	1.216755	3.997731	-0.999955	0.000000
4.308384	1.000104	6117.442019	4078.719219	0.000000	0.000003	-51.553170	0.002000	1.216755	3.997731	-0.999955	0.000000
4.328384	1.000104	6117.442019	4078.719219	-0.000000	-0.000001	-51.553170	0.002000	1.216755	3.997731	-0.999955	0.000000
4.348384	1.000104	6117.442019	4078.719219	-0.000000	-0.000001	-51.553170	0.002000	1.216755	3.997731	-0.999955	0.000000
4.368384	1.000104	6117.442019	4078.719219	0.000000	0.000002	-51.553170	0.002000	1.216755	3.997731	-0.999955	0.000000
4.388384	1.000104	6117.442019	4078.719219	-0.000000	0.000002	-51.553170	0.002000	1.216755	3.997731	-0.999955	0.000000
4.408384	1.000104	6117.442019	4078.719219	-0.000000	-0.000001	-51.553170	0.002000	1.216755	3.997731	-0.999955	0.000000
4.428384	1.000104	6117.442019	4078.719219	0.000000	-0.000003	-51.553170	0.002000	1.216755	3.997731	-0.999955	0.000000
4.448384	1.000104	6117.442019	4078.719219	0.000000	0.000001	-51.553170	0.002000	1.216755	3.997731	-0.999955	0.000000
4.468384	1.000104	6117.442019	4078.719219	0.000000	0.000001	-51.553170	0.002000	1.216755	3.997731	-0.999955	0.000000
4.488384	1.000104	6117.442019	4078.719219	-0.000000	-0.000000	-51.553170	0.002000	1.216755	3.997731	-0.999955	0.000000
4.508384	1.000104	6117.442019	4078.719219	-0.000000	-0.000001	-51.553170	0.002000	1.216755	3.997731	-0.999955	0.000000
4.528384	1.000104	6117.442019	4078.719219	0.000000	-0.000001	-51.553170	0.002000	1.216755	3.997731	-0.999955	0.000000
4.548384	1.000104	6117.442019	4078.719219	0.000000	-0.000001	-51.553170	0.002000	1.216755	3.997731	-0.999955	0.000000
4.568384	1.000104	6117.442019	4078.719219	-0.000000	0.000002	-51.553170	0.002000	1.216755	3.997731	-0.999955	0.000000
4.588384	1.000104	6117.442019	4078.719219	-0.000000	0.000001	-51.553170	0.002000	1.216755	3.997731	-0.999955	0.000000
4.608384	1.000104	6117.442019	4078.719219	-0.000000	-0.000000	-51.553170	0.002000	1.216755	3.997731	-0.999955	0.000000
4.628384	1.000104	6117.442019	4078.719219	0.000000	-0.000001	-51.553170	0.002000	1.216755	3.997731	-0.999955	0.000000
4.648384	1.000104	6117.442019	4078.719219	0.000000	0.000001	-51.553170	0.002000	1.216755	3.997731	-0.999955	0.000000
4.668384	1.000104	6117.442019	4078.719219	-0.000000	0.000001	-51.553170	0.002000	1.216755	3.997731	-0.999955	0.000000
4.688384	1.000104	6117.442019	4078.719219	-0.000000	-0.000002	-51.553170	0.002000	1.216755	3.997731	-0.999955	0.000000
4.708384	1.000104	6117.442019	4078.719219	0.000000	-0.000004	-51.553170	0.002000	1.216755	3.997731	-0.999955	0.000000
4.728384	1.000104	6117.442019	4078.719219	0.000000	0.000001	-51.553170	0.002000	1.216755	3.997731	-0.999955	0.000000
4.748384	1.000104	6117.442019	4078.719219	-0.000000	0.000003	-51.553170	0.002000	1.216755	3.997731	-0.999955	0.000000
4.768384	1.000104	6117.442019	4078.719219	-0.000000	0.000003	-51.553170	0.002000	1.216755	3.997731	-0.999955	0.000000
4.788384	1.000104	6117.442019	4078.719219	-0.000000	0.000005	-51.553170	0.002000	1.216755	3.997731	-0.999955	0.000000
4.808384	1.000104	6117.442019	4078.719219	-0.000000	-0.000001	-51.553170	0.002000	1.216755	3.997731	-0.999955	0.000000
4.828384	1.000104	6117.442019	4078.719219	0.000000	-0.000038	-51.553170	0.002000	1.216755	3.997731	-0.999955	0.000000
4.848384	1.000104	6117.442019	4078.719219	0.000002	-0.000173	-51.553170	0.002000	1.216755	3.997731	-0.999955	0.000000
4.868384	1.000104	6117.442019	4078.719219	0.000007	-0.000621	-51.553170	0.002000	1.216755	3.997731	-0.999955	0.000000
4.888384	1.000104	6117.442019	4078.719219	0.000024	-0.001974	-51.553170	0.002000	1.216755	3.997731	-0.999955	0.000000
4.908384	1.000104	6117.442019	4078.719219	0.000074	-0.005900	-51.553170	0.002000	1.216755	3.997731	-0.999955	0.000000
4.928384	1.000104	6117.442019	4078.719219	0.000216	-0.016831	-51.553170	0.002000	1.216755	3.997731	-0.999955	0.000000
4.948384	1.000104	6117.442019	4078.719219	0.000607	-0.046057	-51.553170	0.002000	1.216755	3.997731	-0.999955	0.000000
4.968384	1.000104	6117.442018	4078.719218	0.001639	-0.121767	-51.553170	0.002000	1.216755	3.997731	-0.999955	0.000000
4.988384	1.000104	6117.442015	4078.719214	0.004282	-0.312464	-51.553170	0.002000	1.216755	3.997731	-0.999955	0.000000
5.008384	1.000104	6117.442007	4078.719206	0.010870	-0.780190	-51.553170	0.002000	1.216755	3.997731	-0.999955	0.000000
5.028384	1.000104	6117.441989	4078.719185	0.026865	-1.898555	-51.553170	0.002000	1.216755	3.997731	-0.999955	0.000000
5.048384	1.000104	6117.441944	4078.719133	0.064724	-4.507884	-51.553170	0.002000	1.216755	3.997731	-0.999955	0.000000
5.068384	1.000104	6117.441837	4078.719008	0.152146	-10.454871	-51.553170	0.002000	1.216755	3.997731	-0.999955	0.000000
5.088384	1.000104	6117.441588	4078.718714	0.349314	-23.674726	-51.553169	0.002000	1.216755	3.997731	-0.999955	0.000000
5.108384	1.000104	6117.441023	4078.718041	0.783268	-52.380583	-51.553168	0.002000	1.216755	3.997730	-0.999955	0.000000
5.128384	1.000104	6117.439770	4078.716537	1.715575	-113.230891	-51.553166	0.002000	1.216755	3.997730	-0.999955	0.000000
5.148384	1.000103	6117.437060	4078.713249	3.670189	-239.114020	-51.553161	0.002000	1.216755	3.997730	-0.999955	0.000000
5.168384	1.000103	6117.431328	4078.706232	7.667510	-493.141902	-51.553149	0.002000	1.216755	3.997730	-0.999956	0.000000
5.188384	1.000101	6117.419493	4078.691605	15.637241	-992.881712	-51.553126	0.002000	1.216755	3.997729	-0.999956	0.000000
5.208384	1.000097	6117.395635	4078.661836	31.117837	-1950.602010	-51.553078	0.002000	1.216755	3.997727	-0.999958	0.000000
5.228385	1.000090	6117.348714	4078.602713	60.389303	-3737.057408	-51.552983	0.002000	1.216755	3.997724	-0.999961	0.000000
5.248385	1.000077	6117.258729	4078.488190	114.215881	-6977.260586	-51.552797	0.002000	1.216755	3.997718	-0.999967	0.000000
5.268386	1.000051	6117.090567	4078.271962	210.369343	-12685.281148	-51.552447	0.002000	1.216755	3.997706	-0.999978	0.000000
5.288387	1.000002	6116.784565	4077.874327	377.019260	-22439.111193	-51.551800	0.002000	1.216755	3.997684	-0.999999	0.000000
5.308390	0.999914	6116.242821	4077.162682	656.858761	-38583.437155	-51.550640	0.002000	1.216755	3.997646	-1.000037	0.000000
5.328394	0.999760	6115.310519	4075.924260	1111.435258	-64426.023906	-51.548618	0.002000	1.216755	3.997581	-1.000103	0.000000
5.348403	0.999496	6113.752357	4073.830648	1824.577722	-104363.814940	-51.545192	0.002001	1.216755	3.997471	-1.000216	0.000000
5.368418	0.999060	6111.225605	4070.395607	2903.169729	-163845.571145	-51.539564	0.002002	1.216755	3.997293	-1.000405	0.000000
5.388444	0.998357	6107.253410	4064.930891	4473.096091	-249064.889891	-51.530596	0.002003	1.216755	3.997013	-1.000708	0.000000
5.408487	0.997262	6101.204335	4056.508733	6668.422727	-366303.141158	-51.516756	0.002005	1.216755	3.996585	-1.001181	0.000000
5.428556	0.995609	6092.285749	4043.943276	9613.186792	-520923.650078	-51.496075	0.002009	1.216755	3.995954	-1.001897	0.000000
5.448665	0.993194	6079.558562	4025.804659	13397.639067	-716152.686588	-51.466162	0.002014	1.216755	3.995050	-1.002946	0.000000
5.468831	0.989777	6061.977666	4000.476520	18053.775893	-951926.468259	-51.424282	0.002021	1.216755	3.993798	-1.004435	0.000000
5.489078	0.985098	6038.456535	3966.259455	23537.109118	-1224161.984635	-51.367493	0.002030	1.216755	3.992116	-1.006484	0.000000
5.509436	0.978889	6007.947158	3921.510697	29721.325055	-1524751.454906	-51.292833	0.002043	1.216755	3.989924	-1.009219	0.000000
5.529940	0.970898	5969.520785	3864.798086	36409.127843	-1842375.960276	-51.197526	0.002060	1.216755	3.987145	-1.012767	0.000000
5.550633	0.960907	5922.433491	3795.039452	43357.259726	-2163960.048362	-51.079154	0.002081	1.216755	3.983715	-1.017246	0.000000
5.571566	0.948748	5866.164423	3711.600681	50309.006342	-2476379.997347	-50.935772	0.002108	1.216755	3.979577	-1.022764	0.000000
5.592795	0.934311	5800.422051	3614.336070	57025.534626	-2767986.446290	-50.765949	0.002141	1.216755	3.974690	-1.029410	0.000000
5.614381	0.917547	5725.121575	3503.570108	63309.114858	-3029636.185314	-50.568726	0.002180	1.216755	3.969023	-1.037261	0.000000
5.636393	0.898459	5640.343598	3380.031785	69015.210384	-3255106.319215	-50.343520	0.002226	1.216755	3.962551	-1.046378	0.000000
5.658909	0.877094	5546.283041	3244.762066	74053.646090	-3440991.289440	-50.089989	0.002280	1.216755	3.955254	-1.056819	0.000000
5.682010	0.853529	5443.202878	3099.014347	78382.868009	-3586251.702139	-49.807887	0.002343	1.216755	3.947112	-1.068637	0.000000
5.705790	0.827859	5331.387889	2944.162942	81999.298020	-3691605.955604	-49.496928	0.002416	1.216755	3.938103	-1.081889	0.000000
5.730351	0.800188	5211.104832	2781.633572	84926.566684	-3759065.439104	-49.156639	0.002499	1.216755	3.928196	-1.096645	0.000000
5.755809	0.770626	5082.529383	2612.837566	87205.213670	-3791478.500486	-48.786274	0.002595	1.216755	3.917350	-1.112986	0.000000
5.782297	0.739292	4945.598046	2439.121788	88881.957855	-3792688.216888	-48.384694	0.002705	1.216755	3.905492	-1.131007	0.000000
5.809968	0.706319	4799.744509	2261.654897	90006.900433	-3767348.318382	-47.950364	0.002832	1.216755	3.892494	-1.150816	0.000000
5.838997	0.671865	4643.387415	2081.285145	90619.498181	-3721108.009175	-47.481270	0.002977	1.216755	3.878113	-1.172530	0.000000
5.869591	0.636052	4473.553912	1898.307756	90760.136748	-3659393.764237	-46.974874	0.003144	1.216755	3.861933	-1.196315	0.000000
5.901997	0.598878	4285.658949	1712.313919	90452.634168	-3583907.344439	-46.427942	0.003340	1.216755	3.843301	-1.222466	0.000000
5.936524	0.559962	4075.566414	1522.581476	89730.392903	-3489350.919923	-45.835225	0.003572	1.216755	3.821474	-1.251642	0.000000
5.973614	0.518297	3843.665749	1329.119536	88638.486398	-3356921.653243	-45.188322	0.003859	1.216755	3.796035	-1.285219	0.000000
6.013960	0.472335	3601.873342	1135.073099	87201.019220	-3169761.055060	-44.469553	0.004234	1.216755	3.767818	-1.325543	0.000000
6.058725	0.420289	3375.764448	946.608088	85541.365800	-2918527.075459	-43.650285	0.004759	1.216755	3.739660	-1.376238	0.000000
6.109962	0.361703	3201.018886	772.490275	83540.549265	-2630706.503678	-42.675266	0.005529	1.216755	3.716570	-1.441425	0.000000
6.171020	0.297000	3115.509684	617.358429	81585.218595	-2332728.290422	-41.456253	0.006734	1.216755	3.704800	-1.527011	0.000000
6.248534	0.229908	3153.731388	483.762741	79084.289606	-2065861.136319	-39.826910	0.008699	1.216755	3.710082	-1.638197	0.000000
6.353677	0.156515	3360.115040	350.881852	78202.921604	-1788067.611172	-37.419667	0.012778	1.216755	3.737593	-1.805180	0.000000
6.546525	0.088039	4473.716531	262.767898	75913.556454	-1370859.073473	-32.624677	0.022717	1.216755	3.861874	-2.055050	0.000000
-0.002977	3.362031	102654.218157	230085.075818	8.929053	0.000000	0.000780	0.000595	0.000000	5.222541	-0.473401	0.000000
-0.008924	3.369131	102417.469004	230038.765592	25.653489	0.000000	0.002267	0.000594	0.000000	5.221538	-0.472485	0.000000
-0.014853	3.382918	101960.954834	229950.477625	39.132839	0.000000	0.003547	0.000591	0.000000	5.219597	-0.470711	0.000000
-0.020751	3.402625	101316.558834	229828.222887	47.718132	0.000000	0.004509	0.000588	0.000000	5.216843	-0.468188	0.000000
-0.026611	3.427162	100527.551656	229682.833373	50.437385	0.000000	0.005078	0.000584	0.000000	5.213447	-0.465066	0.000000
-0.032426	3.455195	99644.226071	229526.785976	47.127775	0.000000	0.005223	0.000579	0.000000	5.209613	-0.461527	0.000000
-0.038190	3.485241	98718.970724	229372.854615	38.436455	0.000000	0.004960	0.000574	0.000000	5.205560	-0.457766	0.000000
-0.043904	3.515781	97801.720215	229232.795101	25.711502	0.000000	0.004342	0.000569	0.000000	5.201505	-0.453977	0.000000
-0.049569	3.545372	96936.108290	229116.214239	10.789372	0.000000	0.003458	0.000564	0.000000	5.197644	-0.450336	0.000000
-0.055188	3.572759	96156.737235	229029.750188	-4.280183	0.000000	0.002411	0.000560	0.000000	5.194138	-0.446994	0.000000
-0.060765	3.596960	95487.622498	228976.642740	-17.534610	0.000000	0.001313	0.000556	0.000000	5.191105	-0.444062	0.000000
-0.066308	3.617324	94941.813933	228956.719651	-27.376255	0.000000	0.000269	0.000553	0.000000	5.188616	-0.441611	0.000000
-0.071824	3.633548	94522.024556	228966.770293	-32.787345	0.000000	-0.000634	0.000550	0.000000	5.186692	-0.439668	0.000000
-0.077317	3.645663	94222.067897	229001.230429	-33.448393	0.000000	-0.001336	0.000549	0.000000	5.185312	-0.438222	0.000000
-0.082796	3.653980	94028.849006	229053.066117	-29.743030	0.000000	-0.001802	0.000547	0.000000	5.184421	-0.437233	0.000000
-0.088264	3.659018	93924.655881	229114.726379	-22.649863	0.000000	-0.002031	0.000547	0.000000	5.183940	-0.436635	0.000000
-0.093728	3.661415	93889.494849	229179.035251	-13.542843	0.000000	-0.002045	0.000546	0.000000	5.183778	-0.436351	0.000000
