0.002977	3.362302	102644.842829	230082.608208	8.843003	-2303865.703045	-0.000775	0.000595	1.216755	5.222501	-0.473366	0.000000
0.008923	3.369378	102408.981819	230036.574915	25.405962	-2085840.482442	-0.002254	0.000594	1.216755	5.221502	-0.472453	0.000000
0.014852	3.383119	101954.134542	229948.805406	38.755169	-1676627.473908	-0.003527	0.000591	1.216755	5.219568	-0.470685	0.000000
0.020750	3.402764	101311.983697	229827.245724	47.258885	-1125410.517539	-0.004484	0.000588	1.216755	5.216823	-0.468170	0.000000
0.026610	3.427228	100525.538368	229682.641739	49.957172	-496359.858014	-0.005052	0.000584	1.216755	5.213438	-0.465058	0.000000
0.032424	3.455184	99644.805544	229527.374347	46.691345	140411.403393	-0.005199	0.000579	1.216755	5.209615	-0.461529	0.000000
0.038189	3.485157	98721.902413	229374.124486	38.103429	718296.757436	-0.004940	0.000574	1.216755	5.205573	-0.457777	0.000000
0.043903	3.515635	97806.539239	229234.570367	25.526572	1182238.045500	-0.004329	0.000569	1.216755	5.201527	-0.453995	0.000000
0.049568	3.545181	96942.196178	229118.266721	10.774137	1494516.495371	-0.003452	0.000564	1.216755	5.197671	-0.450360	0.000000
0.055187	3.572544	96163.404681	229031.831532	-4.132041	1637694.719290	-0.002413	0.000560	1.216755	5.194168	-0.447020	0.000000
0.060765	3.596742	95494.192711	228978.517992	-17.257219	1614766.499922	-0.001322	0.000556	1.216755	5.191135	-0.444089	0.000000
0.066308	3.617123	94947.696433	228958.197514	-27.026123	1446816.238654	-0.000283	0.000553	1.216755	5.188643	-0.441635	0.000000
0.071824	3.633380	94526.771579	228967.725630	-32.433281	1168766.048985	0.000617	0.000550	1.216755	5.186714	-0.439688	0.000000
0.077318	3.645540	94225.408289	229001.615869	-33.158715	823866.462845	0.001318	0.000549	1.216755	5.185327	-0.438237	0.000000
0.082796	3.653906	94030.697488	229052.911474	-29.572745	457672.650502	0.001787	0.000547	1.216755	5.184430	-0.437242	0.000000
0.088265	3.658991	93925.098672	229114.126681	-22.630648	112257.449687	0.002020	0.000547	1.216755	5.183942	-0.436639	0.000000
0.093729	3.661430	93888.755597	229178.130091	-13.678083	-178611.506427	0.002038	0.000546	1.216755	5.183775	-0.436350	0.000000
0.099190	3.661898	93901.632916	229238.862319	-4.204308	-392731.241698	0.001882	0.000546	1.216755	5.183834	-0.436294	0.000000
0.104653	3.661042	93945.284146	229291.814611	4.409726	-520787.052884	0.001603	0.000546	1.216755	5.184036	-0.436396	0.000000
0.110117	3.659427	94004.122562	229334.238206	11.101660	-565687.851699	0.001256	0.000547	1.216755	5.184308	-0.436588	0.000000
0.115585	3.657507	94066.138182	229365.097693	15.260142	-540202.643979	0.000893	0.000547	1.216755	5.184595	-0.436816	0.000000
0.121055	3.655609	94123.080569	229384.817846	16.761661	-463472.655914	0.000554	0.000547	1.216755	5.184858	-0.437041	0.000000
0.126528	3.653941	94170.192564	229394.896602	15.915500	-357125.150926	0.000268	0.000547	1.216755	5.185075	-0.437239	0.000000
0.132003	3.652608	94205.625134	229397.464534	13.339376	-241701.631718	0.000051	0.000548	1.216755	5.185238	-0.437398	0.000000
0.137480	3.651634	94229.681177	229394.864169	9.799917	-133950.621469	-0.000094	0.000548	1.216755	5.185349	-0.437513	0.000000
0.142958	3.650990	94244.027651	229389.304639	6.054508	-45281.717878	-0.000173	0.000548	1.216755	5.185415	-0.437590	0.000000
0.148437	3.650614	94250.986669	229382.623526	2.724847	18593.860007	-0.000199	0.000548	1.216755	5.185447	-0.437634	0.000000
0.153917	3.650434	94252.976633	229376.163872	0.220650	57035.330281	-0.000188	0.000548	1.216755	5.185456	-0.437656	0.000000
0.159396	3.650381	94252.133505	229370.754395	-1.281824	73193.803528	-0.000154	0.000548	1.216755	5.185452	-0.437662	0.000000
0.164875	3.650396	94250.107407	229366.767770	-1.813941	72460.665934	-0.000112	0.000548	1.216755	5.185442	-0.437660	0.000000
0.170355	3.650436	94248.005252	229364.226026	-1.557083	60978.424351	-0.000070	0.000548	1.216755	5.185433	-0.437655	0.000000
0.175834	3.650476	94246.437400	229362.923105	-0.771802	44453.320691	-0.000035	0.000548	1.216755	5.185426	-0.437651	0.000000
0.181313	3.650502	94245.624106	229362.540364	0.269319	27391.331029	-0.000009	0.000548	1.216755	5.185422	-0.437648	0.000000
0.186793	3.650509	94245.523127	229362.739143	1.333033	12768.851309	0.000006	0.000548	1.216755	5.185421	-0.437647	0.000000
0.192272	3.650500	94245.949903	229363.223186	2.255204	2066.451969	0.000014	0.000548	1.216755	5.185423	-0.437648	0.000000
0.197751	3.650481	94246.673217	229363.771073	2.949086	-4452.174511	0.000015	0.000548	1.216755	5.185427	-0.437650	0.000000
0.203231	3.650457	94247.479608	229364.243842	3.396583	-7344.194926	0.000012	0.000548	1.216755	5.185430	-0.437653	0.000000
0.208710	3.650434	94248.207728	229364.575557	3.629229	-7584.900688	0.000008	0.000548	1.216755	5.185434	-0.437656	0.000000
0.214189	3.650416	94248.758661	229364.754805	3.705766	-6234.534467	0.000004	0.000548	1.216755	5.185436	-0.437658	0.000000
0.219669	3.650403	94249.090179	229364.803895	3.691845	-4212.437620	-0.000000	0.000548	1.216755	5.185438	-0.437659	0.000000
0.225148	3.650398	94249.202669	229364.760414	3.645234	-2182.668366	-0.000003	0.000548	1.216755	5.185438	-0.437660	0.000000
0.230628	3.650400	94249.122886	229364.663611	3.607697	-531.992302	-0.000005	0.000548	1.216755	5.185438	-0.437660	0.000000
0.236107	3.650407	94248.889561	229364.546202	3.602912	590.249916	-0.000006	0.000548	1.216755	5.185437	-0.437659	0.000000
0.241586	3.650419	94248.542842	229364.430928	3.638735	1202.035770	-0.000006	0.000548	1.216755	5.185435	-0.437658	0.000000
0.247066	3.650434	94248.117973	229364.330543	3.711802	1414.147009	-0.000006	0.000548	1.216755	5.185433	-0.437656	0.000000
0.252545	3.650451	94247.642576	229364.249771	3.812651	1368.039360	-0.000006	0.000548	1.216755	5.185431	-0.437654	0.000000
0.258025	3.650469	94247.136492	229364.187994	3.930106	1193.741131	-0.000006	0.000548	1.216755	5.185429	-0.437651	0.000000
0.263504	3.650489	94246.613035	229364.141799	4.054277	988.179917	-0.000006	0.000548	1.216755	5.185426	-0.437649	0.000000
0.268983	3.650509	94246.080784	229364.106937	4.178088	809.862618	-0.000006	0.000548	1.216755	5.185424	-0.437647	0.000000
0.274462	3.650529	94245.545284	229364.079539	4.297584	684.035012	-0.000006	0.000548	1.216755	5.185422	-0.437644	0.000000
0.279942	3.650550	94245.010365	229364.056684	4.411448	612.659290	-0.000007	0.000548	1.216755	5.185419	-0.437642	0.000000
0.285421	3.650570	94244.478997	229364.036484	4.520165	584.920719	-0.000007	0.000548	1.216755	5.185417	-0.437640	0.000000
0.290900	3.650590	94243.953741	229364.017915	4.625142	585.716956	-0.000008	0.000548	1.216755	5.185414	-0.437637	0.000000
0.296379	3.650610	94243.436911	229364.000528	4.728028	601.155722	-0.000008	0.000548	1.216755	5.185412	-0.437635	0.000000
0.301858	3.650629	94242.930584	229363.984192	4.830269	621.191768	-0.000009	0.000548	1.216755	5.185409	-0.437632	0.000000
0.307337	3.650648	94242.436549	229363.968883	4.932907	640.122174	-0.000010	0.000548	1.216755	5.185407	-0.437630	0.000000
0.312816	3.650666	94241.956261	229363.954573	5.036571	655.828321	-0.000010	0.000548	1.216755	5.185405	-0.437628	0.000000
0.318295	3.650684	94241.490822	229363.941177	5.141542	668.528938	-0.000011	0.000548	1.216755	5.185403	-0.437626	0.000000
0.323774	3.650701	94241.041004	229363.928553	5.247884	679.567837	-0.000012	0.000548	1.216755	5.185401	-0.437624	0.000000
0.329253	3.650718	94240.607297	229363.916526	5.355555	690.512691	-0.000012	0.000548	1.216755	5.185399	-0.437622	0.000000
0.334732	3.650734	94240.189962	229363.904912	5.464477	702.628836	-0.000013	0.000548	1.216755	5.185397	-0.437620	0.000000
0.340211	3.650749	94239.789100	229363.893547	5.574585	716.677377	-0.000014	0.000548	1.216755	5.185395	-0.437618	0.000000
0.345690	3.650764	94239.404693	229363.882300	5.685843	732.930603	-0.000015	0.000548	1.216755	5.185393	-0.437616	0.000000
0.351169	3.650778	94239.036650	229363.871075	5.798249	751.293784	-0.000015	0.000548	1.216755	5.185392	-0.437615	0.000000
0.356648	3.650792	94238.684827	229363.859817	5.911812	771.453124	-0.000016	0.000548	1.216755	5.185390	-0.437613	0.000000
0.362126	3.650804	94238.349038	229363.848500	6.026534	792.995482	-0.000017	0.000548	1.216755	5.185388	-0.437612	0.000000
0.367605	3.650817	94238.029063	229363.837118	6.142419	815.485774	-0.000018	0.000548	1.216755	5.185387	-0.437610	0.000000
0.373084	3.650828	94237.724641	229363.825682	6.259448	838.506530	-0.000019	0.000548	1.216755	5.185385	-0.437609	0.000000
0.378563	3.650839	94237.435465	229363.814207	6.377593	861.675296	-0.000020	0.000548	1.216755	5.185384	-0.437607	0.000000
0.384042	3.650850	94237.161170	229363.802706	6.496814	884.657930	-0.000021	0.000548	1.216755	5.185383	-0.437606	0.000000
0.389520	3.650860	94236.901332	229363.791181	6.617066	907.189634	-0.000022	0.000548	1.216755	5.185382	-0.437605	0.000000
0.394999	3.650869	94236.655460	229363.779623	6.738306	929.105851	-0.000023	0.000548	1.216755	5.185381	-0.437604	0.000000
0.400478	3.650878	94236.422996	229363.768004	6.860497	950.376239	-0.000024	0.000548	1.216755	5.185379	-0.437603	0.000000
0.405956	3.650886	94236.203328	229363.756276	6.983602	971.126850	-0.000025	0.000548	1.216755	5.185378	-0.437602	0.000000
0.411435	3.650894	94235.995796	229363.744379	7.107577	991.634050	-0.000026	0.000548	1.216755	5.185378	-0.437601	0.000000
0.416914	3.650901	94235.799717	229363.732243	7.232380	1012.285704	-0.000027	0.000548	1.216755	5.185377	-0.437600	0.000000
0.422392	3.650908	94235.614402	229363.719796	7.357950	1033.510059	-0.000028	0.000548	1.216755	5.185376	-0.437599	0.000000
0.427871	3.650915	94235.439184	229363.706977	7.484214	1055.686832	-0.000030	0.000548	1.216755	5.185375	-0.437598	0.000000
0.433350	3.650921	94235.273434	229363.693738	7.611095	1079.064465	-0.000031	0.000548	1.216755	5.185374	-0.437598	0.000000
0.438828	3.650927	94235.116577	229363.680053	7.738497	1103.703957	-0.000032	0.000548	1.216755	5.185373	-0.437597	0.000000
0.444307	3.650932	94234.968101	229363.665918	7.866334	1129.466671	-0.000033	0.000548	1.216755	5.185373	-0.437596	0.000000
0.449786	3.650938	94234.827554	229363.651351	7.994544	1156.054250	-0.000035	0.000548	1.216755	5.185372	-0.437596	0.000000
0.455264	3.650943	94234.694541	229363.636382	8.123052	1183.079230	-0.000036	0.000548	1.216755	5.185372	-0.437595	0.000000
0.460743	3.650947	94234.568706	229363.621050	8.251790	1210.150774	-0.000037	0.000548	1.216755	5.185371	-0.437595	0.000000
0.466221	3.650952	94234.449723	229363.605393	8.380773	1236.962064	-0.000039	0.000548	1.216755	5.185370	-0.437594	0.000000
0.471700	3.650956	94234.337282	229363.589440	8.509921	1263.329062	-0.000040	0.000548	1.216755	5.185370	-0.437594	0.000000
0.477179	3.650960	94234.231077	229363.573213	8.639107	1289.191103	-0.000041	0.000548	1.216755	5.185369	-0.437593	0.000000
0.482657	3.650963	94234.130803	229363.556720	8.768536	1314.635330	-0.000043	0.000548	1.216755	5.185369	-0.437593	0.000000
0.488136	3.650967	94234.036151	229363.539962	8.897952	1339.804442	-0.000044	0.000548	1.216755	5.185368	-0.437592	0.000000
0.493614	3.650970	94233.946812	229363.522931	9.026882	1364.787140	-0.000046	0.000548	1.216755	5.185368	-0.437592	0.000000
0.499093	3.650973	94233.862479	229363.505618	9.156431	1389.807568	-0.000048	0.000548	1.216755	5.185368	-0.437592	0.000000
0.504571	3.650976	94233.782852	229363.488010	9.285690	1414.988796	-0.000049	0.000548	1.216755	5.185367	-0.437591	0.000000
0.510050	3.650978	94233.707639	229363.470103	9.412574	1440.046069	-0.000051	0.000548	1.216755	5.185367	-0.437591	0.000000
0.515529	3.650981	94233.636566	229363.451889	9.542499	1465.376692	-0.000052	0.000548	1.216755	5.185367	-0.437591	0.000000
0.521007	3.650983	94233.569368	229363.433359	9.671983	1491.159829	-0.000054	0.000548	1.216755	5.185366	-0.437590	0.000000
0.526486	3.650985	94233.505800	229363.414530	9.791045	1515.842654	-0.000056	0.000548	1.216755	5.185366	-0.437590	0.000000
0.531964	3.650987	94233.445636	229363.395396	9.925032	1541.182589	-0.000057	0.000548	1.216755	5.185366	-0.437590	0.000000
0.537443	3.650989	94233.388654	229363.375925	10.060193	1568.368757	-0.000059	0.000548	1.216755	5.185366	-0.437590	0.000000
0.542921	3.650991	94233.334658	229363.356204	10.147708	1590.309046	-0.000061	0.000548	1.216755	5.185365	-0.437589	0.000000
0.548400	3.650992	94233.283475	229363.336197	10.304685	1614.965702	-0.000063	0.000548	1.216755	5.185365	-0.437589	0.000000
0.553878	3.650994	94233.234899	229363.315744	10.477386	1649.061479	-0.000065	0.000548	1.216755	5.185365	-0.437589	0.000000
0.559357	3.650995	94233.188786	229363.295214	10.426981	1659.468854	-0.000066	0.000548	1.216755	5.185365	-0.437589	0.000000
0.564835	3.650997	94233.145048	229363.274463	10.691817	1681.242941	-0.000068	0.000548	1.216755	5.185364	-0.437589	0.000000
0.570314	3.650998	94233.103396	229363.252673	11.068841	1750.294476	-0.000070	0.000548	1.216755	5.185364	-0.437589	0.000000
0.575792	3.650999	94233.063764	229363.231510	10.394174	1711.603833	-0.000072	0.000548	1.216755	5.185364	-0.437588	0.000000
0.581271	3.651000	94233.026336	229363.210405	11.134649	1718.072042	-0.000074	0.000548	1.216755	5.185364	-0.437588	0.000000
0.586749	3.651001	94232.990310	229363.185331	12.565666	1957.519227	-0.000076	0.000548	1.216755	5.185364	-0.437588	0.000000
0.592228	3.651002	94232.955812	229363.163804	9.040419	1706.172814	-0.000078	0.000548	1.216755	5.185364	-0.437588	0.000000
0.597707	3.651003	94232.924225	229363.143726	11.831114	1626.085293	-0.000080	0.000548	1.216755	5.185363	-0.437588	0.000000
0.603185	3.651004	94232.892281	229363.105391	18.602511	2685.637370	-0.000084	0.000548	1.216755	5.185363	-0.437588	0.000000
0.608664	3.651005	94232.860672	229363.082525	2.078908	1515.096879	-0.000086	0.000548	1.216755	5.185363	-0.437588	0.000000
0.614142	3.651006	94232.836450	229363.067826	13.633218	959.118928	-0.000084	0.000548	1.216755	5.185363	-0.437588	0.000000
0.619621	3.651005	94232.804950	229362.965008	47.282582	5955.430977	-0.000096	0.000548	1.216755	5.185363	-0.437588	0.000000
0.625099	3.651006	94232.768250	229362.924154	-28.155790	863.226524	-0.000102	0.000548	1.216755	5.185363	-0.437588	0.000000
0.630578	3.651006	94232.760451	229362.921512	20.853692	-2198.046641	-0.000084	0.000548	1.216755	5.185363	-0.437588	0.000000
0.636056	3.651002	94232.714530	229362.486282	189.493752	21725.698766	-0.000135	0.000548	1.216755	5.185362	-0.437588	0.000000
0.641535	3.651001	94232.633266	229362.278382	-150.502289	277.244234	-0.000164	0.000548	1.216755	5.185362	-0.437588	0.000000
0.647013	3.650999	94232.679227	229362.226177	59.902282	-15393.994758	-0.000080	0.000548	1.216755	5.185362	-0.437589	0.000000
0.652492	3.650973	94232.544846	229360.021813	906.970959	99920.184292	-0.000320	0.000548	1.216755	5.185361	-0.437592	0.000000
0.657970	3.650957	94232.208000	229358.517787	-605.516087	12703.008834	-0.000498	0.000548	1.216755	5.185360	-0.437593	0.000000
0.663449	3.650939	94232.436765	229357.504383	314.048624	-63423.525988	-0.000147	0.000548	1.216755	5.185361	-0.437596	0.000000
0.668927	3.650791	94231.816085	229345.616585	4581.552945	496245.674634	-0.001337	0.000548	1.216755	5.185357	-0.437615	0.000000
0.674407	3.650670	94230.066445	229334.874315	-2030.158810	160844.676678	-0.002454	0.000548	1.216755	5.185350	-0.437628	0.000000
0.679885	3.650514	94230.782836	229324.512606	2113.605628	-188104.079990	-0.001158	0.000548	1.216755	5.185354	-0.437652	0.000000
0.685365	3.649681	94227.428850	229258.177736	23731.217335	2554226.113598	-0.007256	0.000548	1.216755	5.185334	-0.437757	0.000000
0.690847	3.648818	94217.790046	229184.482388	-4420.654561	1398679.643331	-0.014200	0.000548	1.216755	5.185291	-0.437854	0.000000
0.696328	3.647619	94218.500637	229098.735788	15080.264401	-73231.873413	-0.010496	0.000548	1.216755	5.185297	-0.438023	0.000000
0.701813	3.642837	94199.169618	228719.114730	125548.581874	13578351.216393	-0.042717	0.000549	1.216755	5.185187	-0.438632	0.000000
0.707310	3.636977	94144.285042	228227.976655	10988.224246	10744879.725416	-0.085726	0.000550	1.216755	5.184938	-0.439317	0.000000
0.712812	3.628468	94129.446943	227592.572722	106297.714002	5456358.830555	-0.083804	0.000551	1.216755	5.184878	-0.440468	0.000000
0.718329	3.600915	94011.208653	225400.119211	679753.614571	76252869.594597	-0.258464	0.000555	1.216755	5.184221	-0.444015	0.000000
0.723919	3.563160	93675.312233	222235.112300	259842.701138	85286219.387100	-0.528056	0.000561	1.216755	5.182652	-0.448588	0.000000
0.729555	3.510914	93447.787010	218132.319471	658874.375294	79470300.723196	-0.611684	0.000570	1.216755	5.181605	-0.455633	0.000000
0.735290	3.369273	92604.774000	206496.058076	3732125.100241	505807718.816764	-1.537505	0.000594	1.216755	5.176991	-0.474828	0.000000
0.741433	3.175535	90061.111217	189124.359762	2611995.288353	815732948.499067	-3.286820	0.000630	1.216755	5.164366	-0.500366	0.000000
0.747927	3.008872	87343.615500	173462.851052	1059586.784427	804096875.612041	-3.786428	0.000665	1.216755	5.151038	-0.524579	0.000000
0.754688	2.638751	82039.597885	139688.353378	15704095.188603	2915574313.338506	-6.641373	0.000758	1.216755	5.119933	-0.587521	0.000000
0.763331	1.992425	64066.722834	79159.190177	36589791.484142	7534282512.043393	-18.651868	0.001004	1.216755	5.000169	-0.714416	0.000000
0.776228	1.429410	35121.203238	30257.807580	30876202.060569	7353833397.622982	-35.198986	0.001399	1.216755	4.724835	-0.856746	0.000000
0.793163	1.140576	15038.948992	10414.820845	14618430.910159	3407717506.970622	-45.898924	0.001754	1.216755	4.353755	-0.948852	0.000000
0.812227	1.036814	7732.832460	5132.959119	4422161.158348	807663807.112008	-50.162059	0.001929	1.216755	4.083882	-0.986263	0.000000
0.832017	1.008066	6321.473698	4218.876798	934515.658448	108677303.029212	-51.289857	0.001984	1.216755	4.009447	-0.996998	0.000000
0.851980	1.001564	6143.409028	4098.114587	161707.110216	13184192.684726	-51.510976	0.001997	1.216755	3.999255	-0.999419	0.000000
0.871974	1.000335	6121.086363	4081.531708	23724.954365	1794799.020263	-51.547413	0.001999	1.216755	3.997946	-0.999871	0.000000
0.891973	1.000136	6117.967316	4079.117320	2958.312578	260792.699302	-51.552493	0.002000	1.216755	3.997762	-0.999944	0.000000
0.911973	1.000108	6117.514784	4078.771950	319.699681	37141.439158	-51.553101	0.002000	1.216755	3.997735	-0.999954	0.000000
0.931973	1.000104	6117.451425	4078.725670	29.751212	4965.131128	-51.553164	0.002000	1.216755	3.997731	-0.999955	0.000000
0.951973	1.000104	6117.443144	4078.719948	2.352429	613.821576	-51.553170	0.002000	1.216755	3.997731	-0.999955	0.000000
0.971973	1.000104	6117.442144	4078.719296	0.163538	70.070484	-51.553170	0.002000	1.216755	3.997731	-0.999955	0.000000
0.991973	1.000104	6117.442032	4078.719227	0.013184	7.442240	-51.553170	0.002000	1.216755	3.997731	-0.999955	0.000000
1.011973	1.000104	6117.442021	4078.719220	0.001970	0.752174	-51.553170	0.002000	1.216755	3.997731	-0.999955	0.000000
1.031973	1.000104	6117.442019	4078.719220	0.000404	0.075939	-51.553170	0.002000	1.216755	3.997731	-0.999955	0.000000
1.051973	1.000104	6117.442019	4078.719220	0.000076	0.008255	-51.553170	0.002000	1.216755	3.997731	-0.999955	0.000000
1.071973	1.000104	6117.442019	4078.719220	0.000012	0.001022	-51.553170	0.002000	1.216755	3.997731	-0.999955	0.000000
1.091973	1.000104	6117.442019	4078.719219	0.000002	0.000141	-51.553170	0.002000	1.216755	3.997731	-0.999955	0.000000
1.111973	1.000104	6117.442019	4078.719219	0.000000	0.000019	-51.553170	0.002000	1.216755	3.997731	-0.999955	0.000000
1.131973	1.000104	6117.442019	4078.719219	0.000000	0.000001	-51.553170	0.002000	1.216755	3.997731	-0.999955	0.000000
1.151973	1.000104	6117.442019	4078.719219	0.000000	0.000000	-51.553170	0.002000	1.216755	3.997731	-0.999955	0.000000
1.171973	1.000104	6117.442019	4078.719219	0.000000	0.000001	-51.553170	0.002000	1.216755	3.997731	-0.999955	0.000000
1.191973	1.000104	6117.442019	4078.719219	-0.000000	0.000000	-51.553170	0.002000	1.216755	3.997731	-0.999955	0.000000
1.211973	1.000104	6117.442019	4078.719219	-0.000000	-0.000001	-51.553170	0.002000	1.216755	3.997731	-0.999955	0.000000
1.231973	1.000104	6117.442019	4078.719219	-0.000000	-0.000000	-51.553170	0.002000	1.216755	3.997731	-0.999955	0.000000
1.251973	1.000104	6117.442019	4078.719219	0.000000	-0.000000	-51.553170	0.002000	1.216755	3.997731	-0.999955	0.000000
1.271973	1.000104	6117.442019	4078.719219	0.000000	-0.000000	-51.553170	0.002000	1.216755	3.997731	-0.999955	0.000000
1.291973	1.000104	6117.442019	4078.719219	0.000000	0.000000	-51.553170	0.002000	1.216755	3.997731	-0.999955	0.000000
1.311973	1.000104	6117.442019	4078.719219	-0.000000	-0.000000	-51.553170	0.002000	1.216755	3.997731	-0.999955	0.000000
1.331973	1.000104	6117.442019	4078.719219	0.000000	-0.000001	-51.553170	0.002000	1.216755	3.997731	-0.999955	0.000000
1.351973	1.000104	6117.442019	4078.719219	0.000000	-0.000000	-51.553170	0.002000	1.216755	3.997731	-0.999955	0.000000
1.371973	1.000104	6117.442019	4078.719219	-0.000000	0.000001	-51.553170	0.002000	1.216755	3.997731	-0.999955	0.000000
1.391973	1.000104	6117.442019	4078.719219	-0.000000	-0.000001	-51.553170	0.002000	1.216755	3.997731	-0.999955	0.000000
1.411973	1.000104	6117.442019	4078.719219	0.000000	-0.000000	-51.553170	0.002000	1.216755	3.997731	-0.999955	0.000000
1.431973	1.000104	6117.442019	4078.719219	-0.000000	0.000001	-51.553170	0.002000	1.216755	3.997731	-0.999955	0.000000
1.451973	1.000104	6117.442019	4078.719219	-0.000000	-0.000001	-51.553170	0.002000	1.216755	3.997731	-0.999955	0.000000
1.471973	1.000104	6117.442019	4078.719219	0.000000	0.000001	-51.553170	0.002000	1.216755	3.997731	-0.999955	0.000000
1.491973	1.000104	6117.442019	4078.719219	-0.000000	0.000002	-51.553170	0.002000	1.216755	3.997731	-0.999955	0.000000
1.511973	1.000104	6117.442019	4078.719219	-0.000000	0.000000	-51.553170	0.002000	1.216755	3.997731	-0.999955	0.000000
1.531973	1.000104	6117.442019	4078.719219	-0.000000	-0.000001	-51.553170	0.002000	1.216755	3.997731	-0.999955	0.000000
1.551973	1.000104	6117.442019	4078.719219	0.000000	-0.000001	-51.553170	0.002000	1.216755	3.997731	-0.999955	0.000000
1.571973	1.000104	6117.442019	4078.719219	0.000000	-0.000000	-51.553170	0.002000	1.216755	3.997731	-0.999955	0.000000
1.591973	1.000104	6117.442019	4078.719219	-0.000000	0.000001	-51.553170	0.002000	1.216755	3.997731	-0.999955	0.000000
1.611973	1.000104	6117.442019	4078.719219	-0.000000	-0.000001	-51.553170	0.002000	1.216755	3.997731	-0.999955	0.000000
1.631973	1.000104	6117.442019	4078.719219	0.000000	-0.000001	-51.553170	0.002000	1.216755	3.997731	-0.999955	0.000000
1.651973	1.000104	6117.442019	4078.719219	0.000000	0.000001	-51.553170	0.002000	1.216755	3.997731	-0.999955	0.000000
1.671973	1.000104	6117.442019	4078.719219	0.000000	-0.000001	-51.553170	0.002000	1.216755	3.997731	-0.999955	0.000000
1.691973	1.000104	6117.442019	4078.719219	0.000000	0.000001	-51.553170	0.002000	1.216755	3.997731	-0.999955	0.000000
1.711973	1.000104	6117.442019	4078.719219	-0.000000	0.000001	-51.553170	0.002000	1.216755	3.997731	-0.999955	0.000000
1.731973	1.000104	6117.442019	4078.719219	-0.000000	-0.000001	-51.553170	0.002000	1.216755	3.997731	-0.999955	0.000000
1.751973	1.000104	6117.442019	4078.719219	0.000000	-0.000001	-51.553170	0.002000	1.216755	3.997731	-0.999955	0.000000
1.771973	1.000104	6117.442019	4078.719219	0.000000	0.000000	-51.553170	0.002000	1.216755	3.997731	-0.999955	0.000000
1.791973	1.000104	6117.442019	4078.719219	-0.000000	0.000001	-51.553170	0.002000	1.216755	3.997731	-0.999955	0.000000
1.811973	1.000104	6117.442019	4078.719219	-0.000000	-0.000001	-51.553170	0.002000	1.216755	3.997731	-0.999955	0.000000
1.831973	1.000104	6117.442019	4078.719219	0.000000	-0.000001	-51.553170	0.002000	1.216755	3.997731	-0.999955	0.000000
1.851973	1.000104	6117.442019	4078.719219	0.000000	0.000002	-51.553170	0.002000	1.216755	3.997731	-0.999955	0.000000
1.871973	1.000104	6117.442019	4078.719219	-0.000000	0.000001	-51.553170	0.002000	1.216755	3.997731	-0.999955	0.000000
1.891973	1.000104	6117.442019	4078.719219	-0.000000	-0.000001	-51.553170	0.002000	1.216755	3.997731	-0.999955	0.000000
1.911973	1.000104	6117.442019	4078.719219	0.000000	-0.000001	-51.553170	0.002000	1.216755	3.997731	-0.999955	0.000000
1.931973	1.000104	6117.442019	4078.719219	0.000000	-0.000001	-51.553170	0.002000	1.216755	3.997731	-0.999955	0.000000
1.951973	1.000104	6117.442019	4078.719219	-0.000000	0.000001	-51.553170	0.002000	1.216755	3.997731	-0.999955	0.000000
1.971973	1.000104	6117.442019	4078.719219	0.000000	-0.000001	-51.553170	0.002000	1.216755	3.997731	-0.999955	0.000000
1.991973	1.000104	6117.442019	4078.719219	0.000000	0.000001	-51.553170	0.002000	1.216755	3.997731	-0.999955	0.000000
2.011973	1.000104	6117.442019	4078.719219	-0.000000	0.000001	-51.553170	0.002000	1.216755	3.997731	-0.999955	0.000000
2.031973	1.000104	6117.442019	4078.719219	-0.000000	0.000000	-51.553170	0.002000	1.216755	3.997731	-0.999955	0.000000
2.051973	1.000104	6117.442019	4078.719219	-0.000000	0.000000	-51.553170	0.002000	1.216755	3.997731	-0.999955	0.000000
2.071973	1.000104	6117.442019	4078.719219	0.000000	-0.000001	-51.553170	0.002000	1.216755	3.997731	-0.999955	0.000000
2.091973	1.000104	6117.442019	4078.719219	-0.000000	0.000001	-51.553170	0.002000	1.216755	3.997731	-0.999955	0.000000
2.111973	1.000104	6117.442019	4078.719219	-0.000000	-0.000001	-51.553170	0.002000	1.216755	3.997731	-0.999955	0.000000
2.131973	1.000104	6117.442019	4078.719219	0.000000	-0.000001	-51.553170	0.002000	1.216755	3.997731	-0.999955	0.000000
2.151973	1.000104	6117.442019	4078.719219	0.000000	-0.000000	-51.553170	0.002000	1.216755	3.997731	-0.999955	0.000000
2.171973	1.000104	6117.442019	4078.719219	0.000000	0.000000	-51.553170	0.002000	1.216755	3.997731	-0.999955	0.000000
2.191973	1.000104	6117.442019	4078.719219	0.000000	0.000001	-51.553170	0.002000	1.216755	3.997731	-0.999955	0.000000
2.211973	1.000104	6117.442019	4078.719219	-0.000000	0.000001	-51.553170	0.002000	1.216755	3.997731	-0.999955	0.000000
2.231973	1.000104	6117.442019	4078.719219	-0.000000	0.000001	-51.553170	0.002000	1.216755	3.997731	-0.999955	0.000000
2.251973	1.000104	6117.442019	4078.719219	-0.000000	-0.000000	-51.553170	0.002000	1.216755	3.997731	-0.999955	0.000000
2.271973	1.000104	6117.442019	4078.719219	-0.000000	-0.000001	-51.553170	0.002000	1.216755	3.997731	-0.999955	0.000000
2.291973	1.000104	6117.442019	4078.719219	0.000000	-0.000001	-51.553170	0.002000	1.216755	3.997731	-0.999955	0.000000
2.311973	1.000104	6117.442019	4078.719219	0.000000	0.000001	-51.553170	0.002000	1.216755	3.997731	-0.999955	0.000000
2.331973	1.000104	6117.442019	4078.719219	-0.000000	0.000001	-51.553170	0.002000	1.216755	3.997731	-0.999955	0.000000
2.351973	1.000104	6117.442019	4078.719219	-0.000000	-0.000000	-51.553170	0.002000	1.216755	3.997731	-0.999955	0.000000
2.371973	1.000104	6117.442019	4078.719219	-0.000000	0.000000	-51.553170	0.002000	1.216755	3.997731	-0.999955	0.000000
2.391973	1.000104	6117.442019	4078.719219	-0.000000	-0.000001	-51.553170	0.002000	1.216755	3.997731	-0.999955	0.000000
2.411973	1.000104	6117.442019	4078.719219	0.000000	-0.000001	-51.553170	0.002000	1.216755	3.997731	-0.999955	0.000000
2.431973	1.000104	6117.442019	4078.719219	0.000000	0.000000	-51.553170	0.002000	1.216755	3.997731	-0.999955	0.000000
2.451973	1.000104	6117.442019	4078.719219	0.000000	0.000001	-51.553170	0.002000	1.216755	3.997731	-0.999955	0.000000
2.471973	1.000104	6117.442019	4078.719219	-0.000000	0.000000	-51.553170	0.002000	1.216755	3.997731	-0.999955	0.000000
2.491973	1.000104	6117.442019	4078.719219	-0.000000	-0.000001	-51.553170	0.002000	1.216755	3.997731	-0.999955	0.000000
2.511973	1.000104	6117.442019	4078.719219	0.000000	-0.000000	-51.553170	0.002000	1.216755	3.997731	-0.999955	0.000000
2.531973	1.000104	6117.442019	4078.719219	0.000000	0.000001	-51.553170	0.002000	1.216755	3.997731	-0.999955	0.000000
2.551973	1.000104	6117.442019	4078.719219	-0.000000	0.000000	-51.553170	0.002000	1.216755	3.997731	-0.999955	0.000000
2.571973	1.000104	6117.442019	4078.719219	-0.000000	0.000000	-51.553170	0.002000	1.216755	3.997731	-0.999955	0.000000
2.591973	1.000104	6117.442019	4078.719219	-0.000000	0.000000	-51.553170	0.002000	1.216755	3.997731	-0.999955	0.000000
2.611973	1.000104	6117.442019	4078.719219	0.000000	0.000000	-51.553170	0.002000	1.216755	3.997731	-0.999955	0.000000
2.631973	1.000104	6117.442019	4078.719219	0.000000	0.000000	-51.553170	0.002000	1.216755	3.997731	-0.999955	0.000000
2.651973	1.000104	6117.442019	4078.719219	0.000000	0.000000	-51.553170	0.002000	1.216755	3.997731	-0.999955	0.000000
2.671973	1.000104	6117.442019	4078.719219	0.000000	0.000000	-51.553170	0.002000	1.216755	3.997731	-0.999955	0.000000
2.691973	1.000104	6117.442019	4078.719219	0.000000	0.000000	-51.553170	0.002000	1.216755	3.997731	-0.999955	0.000000
2.711973	1.000104	6117.442019	4078.719219	0.000000	0.000000	-51.553170	0.002000	1.216755	3.997731	-0.999955	0.000000
2.731973	1.000104	6117.442019	4078.719219	0.000000	0.000000	-51.553170	0.002000	1.216755	3.997731	-0.999955	0.000000
2.751973	1.000104	6117.442019	4078.719219	0.000000	0.000000	-51.553170	0.002000	1.216755	3.997731	-0.999955	0.000000
2.771973	1.000104	6117.442019	4078.719219	0.000000	0.000000	-51.553170	0.002000	1.216755	3.997731	-0.999955	0.000000
2.791973	1.000104	6117.442019	4078.719219	0.000000	-0.000000	-51.553170	0.002000	1.216755	3.997731	-0.999955	0.000000
2.811973	1.000104	6117.442019	4078.719219	0.000000	-0.000000	-51.553170	0.002000	1.216755	3.997731	-0.999955	0.000000
2.831973	1.000104	6117.442019	4078.719219	0.000000	-0.000000	-51.553170	0.002000	1.216755	3.997731	-0.999955	0.000000
2.851973	1.000104	6117.442019	4078.719219	0.000000	-0.000000	-51.553170	0.002000	1.216755	3.997731	-0.999955	0.000000
2.871973	1.000104	6117.442019	4078.719219	0.000000	-0.000000	-51.553170	0.002000	1.216755	3.997731	-0.999955	0.000000
2.891973	1.000104	6117.442019	4078.719219	0.000000	-0.000000	-51.553170	0.002000	1.216755	3.997731	-0.999955	0.000000
2.911973	1.000104	6117.442019	4078.719219	-0.000000	-0.000000	-51.553170	0.002000	1.216755	3.997731	-0.999955	0.000000
2.931973	1.000104	6117.442019	4078.719219	-0.000000	-0.000000	-51.553170	0.002000	1.216755	3.997731	-0.999955	0.000000
2.951973	1.000104	6117.442019	4078.719219	-0.000000	-0.000000	-51.553170	0.002000	1.216755	3.997731	-0.999955	0.000000
2.971973	1.000104	6117.442019	4078.719219	-0.000000	-0.000000	-51.553170	0.002000	1.216755	3.997731	-0.999955	0.000000
2.991973	1.000104	6117.442019	4078.719219	0.000000	-0.000001	-51.553170	0.002000	1.216755	3.997731	-0.999955	0.000000
3.011973	1.000104	6117.442019	4078.719219	0.000000	0.000001	-51.553170	0.002000	1.216755	3.997731	-0.999955	0.000000
3.031973	1.000104	6117.442019	4078.719219	-0.000000	0.000001	-51.553170	0.002000	1.216755	3.997731	-0.999955	0.000000
3.051973	1.000104	6117.442019	4078.719219	-0.000000	0.000000	-51.553170	0.002000	1.216755	3.997731	-0.999955	0.000000
3.071973	1.000104	6117.442019	4078.719219	-0.000000	-0.000001	-51.553170	0.002000	1.216755	3.997731	-0.999955	0.000000
3.091973	1.000104	6117.442019	4078.719219	0.000000	-0.000001	-51.553170	0.002000	1.216755	3.997731	-0.999955	0.000000
3.111973	1.000104	6117.442019	4078.719219	0.000000	0.000001	-51.553170	0.002000	1.216755	3.997731	-0.999955	0.000000
3.131973	1.000104	6117.442019	4078.719219	0.000000	0.000001	-51.553170	0.002000	1.216755	3.997731	-0.999955	0.000000
3.151973	1.000104	6117.442019	4078.719219	-0.000000	0.000000	-51.553170	0.002000	1.216755	3.997731	-0.999955	0.000000
3.171973	1.000104	6117.442019	4078.719219	-0.000000	0.000000	-51.553170	0.002000	1.216755	3.997731	-0.999955	0.000000
3.191973	1.000104	6117.442019	4078.719219	-0.000000	-0.000001	-51.553170	0.002000	1.216755	3.997731	-0.999955	0.000000
3.211973	1.000104	6117.442019	4078.719219	0.000000	-0.000001	-51.553170	0.002000	1.216755	3.997731	-0.999955	0.000000
3.231973	1.000104	6117.442019	4078.719219	0.000000	0.000001	-51.553170	0.002000	1.216755	3.997731	-0.999955	0.000000
3.251973	1.000104	6117.442019	4078.719219	0.000000	0.000001	-51.553170	0.002000	1.216755	3.997731	-0.999955	0.000000
3.271973	1.000104	6117.442019	4078.719219	-0.000000	0.000001	-51.553170	0.002000	1.216755	3.997731	-0.999955	0.000000
3.291973	1.000104	6117.442019	4078.719219	-0.000000	-0.000001	-51.553170	0.002000	1.216755	3.997731	-0.999955	0.000000
3.311973	1.000104	6117.442019	4078.719219	0.000000	-0.000001	-51.553170	0.002000	1.216755	3.997731	-0.999955	0.000000
3.331973	1.000104	6117.442019	4078.719219	0.000000	0.000000	-51.553170	0.002000	1.216755	3.997731	-0.999955	0.000000
3.351973	1.000104	6117.442019	4078.719219	0.000000	0.000001	-51.553170	0.002000	1.216755	3.997731	-0.999955	0.000000
3.371973	1.000104	6117.442019	4078.719219	-0.000000	0.000001	-51.553170	0.002000	1.216755	3.997731	-0.999955	0.000000
3.391973	1.000104	6117.442019	4078.719219	-0.000000	-0.000001	-51.553170	0.002000	1.216755	3.997731	-0.999955	0.000000
3.411973	1.000104	6117.442019	4078.719219	0.000000	-0.000001	-51.553170	0.002000	1.216755	3.997731	-0.999955	0.000000
3.431973	1.000104	6117.442019	4078.719219	0.000000	0.000001	-51.553170	0.002000	1.216755	3.997731	-0.999955	0.000000
3.451973	1.000104	6117.442019	4078.719219	-0.000000	0.000000	-51.553170	0.002000	1.216755	3.997731	-0.999955	0.000000
3.471973	1.000104	6117.442019	4078.719219	0.000000	-0.000001	-51.553170	0.002000	1.216755	3.997731	-0.999955	0.000000
3.491973	1.000104	6117.442019	4078.719219	0.000000	0.000001	-51.553170	0.002000	1.216755	3.997731	-0.999955	0.000000
3.511973	1.000104	6117.442019	4078.719219	-0.000000	0.000001	-51.553170	0.002000	1.216755	3.997731	-0.999955	0.000000
3.531973	1.000104	6117.442019	4078.719219	0.000000	-0.000001	-51.553170	0.002000	1.216755	3.997731	-0.999955	0.000000
3.551973	1.000104	6117.442019	4078.719219	0.000000	0.000001	-51.553170	0.002000	1.216755	3.997731	-0.999955	0.000000
3.571973	1.000104	6117.442019	4078.719219	-0.000000	0.000001	-51.553170	0.002000	1.216755	3.997731	-0.999955	0.000000
3.591973	1.000104	6117.442019	4078.719219	-0.000000	-0.000001	-51.553170	0.002000	1.216755	3.997731	-0.999955	0.000000
3.611973	1.000104	6117.442019	4078.719219	0.000000	-0.000001	-51.553170	0.002000	1.216755	3.997731	-0.999955	0.000000
3.631973	1.000104	6117.442019	4078.719219	0.000000	0.000001	-51.553170	0.002000	1.216755	3.997731	-0.999955	0.000000
3.651973	1.000104	6117.442019	4078.719219	-0.000000	0.000001	-51.553170	0.002000	1.216755	3.997731	-0.999955	0.000000
3.671973	1.000104	6117.442019	4078.719219	-0.000000	0.000000	-51.553170	0.002000	1.216755	3.997731	-0.999955	0.000000
3.691973	1.000104	6117.442019	4078.719219	-0.000000	0.000000	-51.553170	0.002000	1.216755	3.997731	-0.999955	0.000000
3.711973	1.000104	6117.442019	4078.719219	-0.000000	-0.000000	-51.553170	0.002000	1.216755	3.997731	-0.999955	0.000000
3.731973	1.000104	6117.442019	4078.719219	-0.000000	-0.000000	-51.553170	0.002000	1.216755	3.997731	-0.999955	0.000000
3.751973	1.000104	6117.442019	4078.719219	-0.000000	-0.000001	-51.553170	0.002000	1.216755	3.997731	-0.999955	0.000000
3.771973	1.000104	6117.442019	4078.719219	0.000000	0.000000	-51.553170	0.002000	1.216755	3.997731	-0.999955	0.000000
3.791973	1.000104	6117.442019	4078.719219	0.000000	-0.000000	-51.553170	0.002000	1.216755	3.997731	-0.999955	0.000000
3.811973	1.000104	6117.442019	4078.719219	0.000000	0.000001	-51.553170	0.002000	1.216755	3.997731	-0.999955	0.000000
3.831973	1.000104	6117.442019	4078.719219	-0.000000	0.000001	-51.553170	0.002000	1.216755	3.997731	-0.999955	0.000000
3.851973	1.000104	6117.442019	4078.719219	-0.000000	0.000001	-51.553170	0.002000	1.216755	3.997731	-0.999955	0.000000
3.871973	1.000104	6117.442019	4078.719219	-0.000000	-0.000001	-51.553170	0.002000	1.216755	3.997731	-0.999955	0.000000
3.891973	1.000104	6117.442019	4078.719219	0.000000	-0.000001	-51.553170	0.002000	1.216755	3.997731	-0.999955	0.000000
3.911973	1.000104	6117.442019	4078.719219	0.000000	0.000001	-51.553170	0.002000	1.216755	3.997731	-0.999955	0.000000
3.931973	1.000104	6117.442019	4078.719219	0.000000	-0.000001	-51.553170	0.002000	1.216755	3.997731	-0.999955	0.000000
3.951973	1.000104	6117.442019	4078.719219	0.000000	-0.000001	-51.553170	0.002000	1.216755	3.997731	-0.999955	0.000000
3.971973	1.000104	6117.442019	4078.719219	0.000000	0.000001	-51.553170	0.002000	1.216755	3.997731	-0.999955	0.000000
3.991973	1.000104	6117.442019	4078.719219	-0.000000	0.000001	-51.553170	0.002000	1.216755	3.997731	-0.999955	0.000000
4.011973	1.000104	6117.442019	4078.719219	-0.000000	-0.000001	-51.553170	0.002000	1.216755	3.997731	-0.999955	0.000000
4.031973	1.000104	6117.442019	4078.719219	-0.000000	-0.000001	-51.553170	0.002000	1.216755	3.997731	-0.999955	0.000000
4.051973	1.000104	6117.442019	4078.719219	0.000000	-0.000001	-51.553170	0.002000	1.216755	3.997731	-0.999955	0.000000
4.071973	1.000104	6117.442019	4078.719219	0.000000	0.000001	-51.553170	0.002000	1.216755	3.997731	-0.999955	0.000000
4.091973	1.000104	6117.442019	4078.719219	-0.000000	0.000002	-51.553170	0.002000	1.216755	3.997731	-0.999955	0.000000
4.111973	1.000104	6117.442019	4078.719219	-0.000000	-0.000001	-51.553170	0.002000	1.216755	3.997731	-0.999955	0.000000
4.131973	1.000104	6117.442019	4078.719219	-0.000000	-0.000003	-51.553170	0.002000	1.216755	3.997731	-0.999955	0.000000
4.151973	1.000104	6117.442019	4078.719219	0.000000	-0.000000	-51.553170	0.002000	1.216755	3.997731	-0.999955	0.000000
4.171973	1.000104	6117.442019	4078.719219	0.000000	0.000001	-51.553170	0.002000	1.216755	3.997731	-0.999955	0.000000
4.191973	1.000104	6117.442019	4078.719219	-0.000000	0.000001	-51.553170	0.002000	1.216755	3.997731	-0.999955	0.000000
4.211973	1.000104	6117.442019	4078.719219	-0.000000	-0.000001	-51.553170	0.002000	1.216755	3.997731	-0.999955	0.000000
4.231973	1.000104	6117.442019	4078.719219	-0.000000	-0.000000	-51.553170	0.002000	1.216755	3.997731	-0.999955	0.000000
4.251973	1.000104	6117.442019	4078.719219	0.000000	-0.000001	-51.553170	0.002000	1.216755	3.997731	-0.999955	0.000000
4.271973	1.000104	6117.442019	4078.719219	0.000000	-0.000001	-51.553170	0.002000	1.216755	3.997731	-0.999955	0.000000
4.291973	1.000104	6117.442019	4078.719219	0.000000	0.000003	-51.553170	0.002000	1.216755	3.997731	-0.999955	0.000000
4.311973	1.000104	6117.442019	4078.719219	-0.000000	-0.000001	-51.553170	0.002000	1.216755	3.997731	-0.999955	0.000000
4.331973	1.000104	6117.442019	4078.719219	-0.000000	-0.000001	-51.553170	0.002000	1.216755	3.997731	-0.999955	0.000000
4.351973	1.000104	6117.442019	4078.719219	0.000000	0.000002	-51.553170	0.002000	1.216755	3.997731	-0.999955	0.000000
4.371973	1.000104	6117.442019	4078.719219	-0.000000	0.000002	-51.553170	0.002000	1.216755	3.997731	-0.999955	0.000000
4.391973	1.000104	6117.442019	4078.719219	-0.000000	-0.000001	-51.553170	0.002000	1.216755	3.997731	-0.999955	0.000000
4.411973	1.000104	6117.442019	4078.719219	0.000000	-0.000002	-51.553170	0.002000	1.216755	3.997731	-0.999955	0.000000
4.431973	1.000104	6117.442019	4078.719219	0.000000	0.000000	-51.553170	0.002000	1.216755	3.997731	-0.999955	0.000000
4.451973	1.000104	6117.442019	4078.719219	0.000000	0.000001	-51.553170	0.002000	1.216755	3.997731	-0.999955	0.000000
4.471973	1.000104	6117.442019	4078.719219	-0.000000	-0.000000	-51.553170	0.002000	1.216755	3.997731	-0.999955	0.000000
4.491973	1.000104	6117.442019	4078.719219	-0.000000	-0.000001	-51.553170	0.002000	1.216755	3.997731	-0.999955	0.000000
4.511973	1.000104	6117.442019	4078.719219	0.000000	-0.000001	-51.553170	0.002000	1.216755	3.997731	-0.999955	0.000000
4.531973	1.000104	6117.442019	4078.719219	0.000000	0.000000	-51.553170	0.002000	1.216755	3.997731	-0.999955	0.000000
4.551973	1.000104	6117.442019	4078.719219	-0.000000	0.000001	-51.553170	0.002000	1.216755	3.997731	-0.999955	0.000000
4.571973	1.000104	6117.442019	4078.719219	-0.000000	0.000000	-51.553170	0.002000	1.216755	3.997731	-0.999955	0.000000
4.591973	1.000104	6117.442019	4078.719219	0.000000	0.000000	-51.553170	0.002000	1.216755	3.997731	-0.999955	0.000000
4.611973	1.000104	6117.442019	4078.719219	0.000000	-0.000000	-51.553170	0.002000	1.216755	3.997731	-0.999955	0.000000
4.631973	1.000104	6117.442019	4078.719219	0.000000	0.000001	-51.553170	0.002000	1.216755	3.997731	-0.999955	0.000000
4.651973	1.000104	6117.442019	4078.719219	-0.000000	0.000001	-51.553170	0.002000	1.216755	3.997731	-0.999955	0.000000
4.671973	1.000104	6117.442019	4078.719219	-0.000000	-0.000002	-51.553170	0.002000	1.216755	3.997731	-0.999955	0.000000
4.691973	1.000104	6117.442019	4078.719219	0.000000	-0.000002	-51.553170	0.002000	1.216755	3.997731	-0.999955	0.000000
4.711973	1.000104	6117.442019	4078.719219	-0.000000	0.000001	-51.553170	0.002000	1.216755	3.997731	-0.999955	0.000000
4.731973	1.000104	6117.442019	4078.719219	-0.000000	0.000002	-51.553170	0.002000	1.216755	3.997731	-0.999955	0.000000
4.751973	1.000104	6117.442019	4078.719219	-0.000000	0.000003	-51.553170	0.002000	1.216755	3.997731	-0.999955	0.000000
4.771973	1.000104	6117.442019	4078.719219	-0.000000	0.000004	-51.553170	0.002000	1.216755	3.997731	-0.999955	0.000000
4.791973	1.000104	6117.442019	4078.719219	0.000000	-0.000009	-51.553170	0.002000	1.216755	3.997731	-0.999955	0.000000
4.811973	1.000104	6117.442019	4078.719219	0.000001	-0.000069	-51.553170	0.002000	1.216755	3.997731	-0.999955	0.000000
4.831973	1.000104	6117.442019	4078.719219	0.000003	-0.000266	-51.553170	0.002000	1.216755	3.997731	-0.999955	0.000000
4.851973	1.000104	6117.442019	4078.719219	0.000010	-0.000903	-51.553170	0.002000	1.216755	3.997731	-0.999955	0.000000
4.871973	1.000104	6117.442019	4078.719219	0.000034	-0.002786	-51.553170	0.002000	1.216755	3.997731	-0.999955	0.000000
4.891973	1.000104	6117.442019	4078.719219	0.000103	-0.008114	-51.553170	0.002000	1.216755	3.997731	-0.999955	0.000000
4.911973	1.000104	6117.442019	4078.719219	0.000295	-0.022685	-51.553170	0.002000	1.216755	3.997731	-0.999955	0.000000
4.931973	1.000104	6117.442018	4078.719219	0.000813	-0.061079	-51.553170	0.002000	1.216755	3.997731	-0.999955	0.000000
4.951973	1.000104	6117.442017	4078.719217	0.002161	-0.159256	-51.553170	0.002000	1.216755	3.997731	-0.999955	0.000000
4.971973	1.000104	6117.442013	4078.719213	0.005573	-0.403628	-51.553170	0.002000	1.216755	3.997731	-0.999955	0.000000
4.991973	1.000104	6117.442004	4078.719202	0.013978	-0.996478	-51.553170	0.002000	1.216755	3.997731	-0.999955	0.000000
5.011973	1.000104	6117.441980	4078.719175	0.034164	-2.399477	-51.553170	0.002000	1.216755	3.997731	-0.999955	0.000000
5.031973	1.000104	6117.441923	4078.719109	0.081460	-5.640833	-51.553170	0.002000	1.216755	3.997731	-0.999955	0.000000
5.051973	1.000104	6117.441789	4078.718951	0.189620	-12.957654	-51.553170	0.002000	1.216755	3.997731	-0.999955	0.000000
5.071973	1.000104	6117.441480	4078.718585	0.431236	-29.073960	-51.553169	0.002000	1.216755	3.997731	-0.999955	0.000000
5.091973	1.000104	6117.440786	4078.717756	0.958122	-63.753273	-51.553168	0.002000	1.216755	3.997730	-0.999955	0.000000
5.111973	1.000104	6117.439261	4078.715917	2.079837	-136.612360	-51.553165	0.002000	1.216755	3.997730	-0.999955	0.000000
5.131973	1.000103	6117.435989	4078.711935	4.410509	-286.010909	-51.553159	0.002000	1.216755	3.997730	-0.999955	0.000000
5.151973	1.000102	6117.429130	4078.703509	9.134549	-584.850457	-51.553145	0.002000	1.216755	3.997730	-0.999956	0.000000
5.171973	1.000100	6117.415088	4078.686096	18.469777	-1167.602177	-51.553117	0.002000	1.216755	3.997729	-0.999957	0.000000
5.191974	1.000096	6117.387022	4078.650959	36.442041	-2274.615600	-51.553061	0.002000	1.216755	3.997727	-0.999958	0.000000
5.211974	1.000088	6117.332289	4078.581763	70.122415	-4321.343406	-51.552949	0.002000	1.216755	3.997723	-0.999962	0.000000
5.231974	1.000072	6117.228206	4078.448855	131.501090	-8000.609143	-51.552734	0.002000	1.216755	3.997716	-0.999969	0.000000
5.251975	1.000042	6117.035331	4078.200027	240.151916	-14423.809650	-51.552330	0.002000	1.216755	3.997702	-0.999982	0.000000
5.271977	0.999986	6116.687313	4077.746291	426.733518	-25299.674007	-51.551591	0.002000	1.216755	3.997678	-1.000006	0.000000
5.291980	0.999886	6116.076380	4076.941091	737.123232	-43134.451534	-51.550278	0.002000	1.216755	3.997635	-1.000048	0.000000
5.311985	0.999713	6115.033900	4075.551717	1236.550410	-71414.012484	-51.548008	0.002001	1.216755	3.997561	-1.000123	0.000000
5.331995	0.999419	6113.306366	4073.222842	2012.507774	-114698.904058	-51.544196	0.002001	1.216755	3.997440	-1.000250	0.000000
5.352012	0.998936	6110.528708	4069.434290	3174.619375	-178537.124924	-51.537987	0.002002	1.216755	3.997244	-1.000458	0.000000
5.372041	0.998165	6106.198994	4063.458423	4849.341410	-269093.502219	-51.528178	0.002004	1.216755	3.996938	-1.000791	0.000000
5.392088	0.996974	6099.660759	4054.326470	7167.804493	-392430.575781	-51.513167	0.002006	1.216755	3.996476	-1.001305	0.000000
5.412164	0.995192	6090.100576	4040.816279	10246.640865	-553467.428006	-51.490925	0.002010	1.216755	3.995799	-1.002078	0.000000
5.432283	0.992609	6076.567683	4021.474602	14164.206782	-754779.414865	-51.459017	0.002015	1.216755	3.994837	-1.003200	0.000000
5.452463	0.988984	6058.018927	3994.683053	18937.450189	-995533.172146	-51.414695	0.002022	1.216755	3.993515	-1.004781	0.000000
5.472728	0.984057	6033.385994	3958.767880	24506.317514	-1270903.612379	-51.355045	0.002032	1.216755	3.991753	-1.006941	0.000000
5.493110	0.977567	6001.655010	3912.141438	30731.684989	-1572231.925131	-51.277174	0.002046	1.216755	3.989470	-1.009804	0.000000
5.513645	0.969271	5961.943697	3853.452092	37409.031255	-1887964.416505	-51.178410	0.002063	1.216755	3.986595	-1.013493	0.000000
5.534377	0.958963	5913.560941	3781.714184	44294.848553	-2205149.949573	-51.056460	0.002086	1.216755	3.983065	-1.018124	0.000000
5.555357	0.946489	5856.038204	3696.393636	51138.705573	-2511098.409548	-50.909512	0.002113	1.216755	3.978828	-1.023798	0.000000
5.576639	0.931752	5789.129853	3597.435949	57712.636152	-2794788.825017	-50.736254	0.002146	1.216755	3.973845	-1.030600	0.000000
5.598289	0.914713	5712.786675	3485.238533	63831.802122	-3047764.818547	-50.535827	0.002186	1.216755	3.968087	-1.038603	0.000000
5.620374	0.895386	5627.113123	3360.579977	69364.216398	-3264436.043038	-50.307717	0.002234	1.216755	3.961532	-1.047866	0.000000
5.642970	0.873823	5532.316813	3224.526825	74230.314989	-3441903.690633	-50.051628	0.002289	1.216755	3.954159	-1.058441	0.000000
5.666162	0.850104	5428.664141	3078.336775	78396.463727	-3579485.283222	-49.767333	0.002353	1.216755	3.945950	-1.070383	0.000000
5.690041	0.824324	5316.436493	2923.371576	81864.300903	-3678112.342425	-49.454545	0.002426	1.216755	3.936883	-1.083747	0.000000
5.714710	0.796588	5195.892247	2761.032598	84660.267577	-3739893.267579	-49.112778	0.002511	1.216755	3.926927	-1.098603	0.000000
5.740287	0.767001	5067.195487	2592.699539	86825.942586	-3767689.015097	-48.741267	0.002608	1.216755	3.916038	-1.115034	0.000000
5.766903	0.735682	4930.267235	2419.683563	88407.776646	-3765291.307210	-48.338846	0.002719	1.216755	3.904143	-1.133133	0.000000
5.794712	0.702761	4784.522478	2243.116832	89454.794861	-3737269.056381	-47.903956	0.002846	1.216755	3.891114	-1.153010	0.000000
5.823891	0.668390	4628.357236	2063.811212	90005.112845	-3689133.901590	-47.434562	0.002992	1.216755	3.876705	-1.174783	0.000000
5.854646	0.632691	4458.776955	1882.030706	90097.293353	-3626168.691215	-46.928107	0.003161	1.216755	3.860496	-1.198617	0.000000
5.887225	0.595655	4271.190047	1697.342094	89754.000799	-3549908.498882	-46.381345	0.003358	1.216755	3.841832	-1.224810	0.000000
5.921941	0.556899	4061.482062	1509.012715	89006.589717	-3454981.093804	-45.789008	0.003591	1.216755	3.819970	-1.254025	0.000000
5.959237	0.515410	3830.118459	1317.051213	87899.254163	-3322715.053375	-45.142675	0.003880	1.216755	3.794500	-1.287646	0.000000
5.999812	0.469642	3589.083497	1124.589573	86454.055021	-3136497.579094	-44.424651	0.004259	1.216755	3.766273	-1.328027	0.000000
6.044838	0.417818	3363.989481	937.754677	84792.249126	-2887376.066949	-43.606243	0.004787	1.216755	3.738141	-1.378800	0.000000
6.096384	0.359489	3190.405413	765.211397	82795.876214	-2602509.593371	-42.632257	0.005563	1.216755	3.715126	-1.444093	0.000000
6.157831	0.295096	3106.097282	611.543768	80842.207428	-2308227.811684	-41.414256	0.006777	1.216755	3.703485	-1.529806	0.000000
6.235863	0.228342	3145.394222	479.194981	78356.590898	-2044868.415459	-39.786202	0.008759	1.216755	3.708931	-1.641167	0.000000
6.341772	0.155380	3352.897023	347.586546	77452.217988	-1770775.845871	-37.379421	0.012872	1.216755	3.736658	-1.808344	0.000000
6.536146	0.087370	4468.178863	260.449472	75184.006718	-1359336.286080	-32.585610	0.022891	1.216755	3.861336	-2.058361	0.000000
-0.002977	3.362302	102644.842829	230082.608208	8.843003	0.000000	0.000775	0.000595	0.000000	5.222501	-0.473366	0.000000
-0.008923	3.369378	102408.981819	230036.574915	25.405962	0.000000	0.002254	0.000594	0.000000	5.221502	-0.472453	0.000000
-0.014852	3.383119	101954.134542	229948.805406	38.755169	0.000000	0.003527	0.000591	0.000000	5.219568	-0.470685	0.000000
-0.020750	3.402764	101311.983697	229827.245724	47.258885	0.000000	0.004484	0.000588	0.000000	5.216823	-0.468170	0.000000
-0.026610	3.427228	100525.538368	229682.641739	49.957172	0.000000	0.005052	0.000584	0.000000	5.213438	-0.465058	0.000000
-0.032424	3.455184	99644.805544	229527.374347	46.691345	0.000000	0.005199	0.000579	0.000000	5.209615	-0.461529	0.000000
-0.038189	3.485157	98721.902413	229374.124486	38.103429	0.000000	0.004940	0.000574	0.000000	5.205573	-0.457777	0.000000
-0.043903	3.515635	97806.539239	229234.570367	25.526572	0.000000	0.004329	0.000569	0.000000	5.201527	-0.453995	0.000000
-0.049568	3.545181	96942.196178	229118.266721	10.774137	0.000000	0.003452	0.000564	0.000000	5.197671	-0.450360	0.000000
-0.055187	3.572544	96163.404681	229031.831532	-4.132041	0.000000	0.002413	0.000560	0.000000	5.194168	-0.447020	0.000000
-0.060765	3.596742	95494.192711	228978.517992	-17.257219	0.000000	0.001322	0.000556	0.000000	5.191135	-0.444089	0.000000
-0.066308	3.617123	94947.696433	228958.197514	-27.026123	0.000000	0.000283	0.000553	0.000000	5.188643	-0.441635	0.000000
-0.071824	3.633380	94526.771579	228967.725630	-32.433281	0.000000	-0.000617	0.000550	0.000000	5.186714	-0.439688	0.000000
-0.077318	3.645540	94225.408289	229001.615869	-33.158715	0.000000	-0.001318	0.000549	0.000000	5.185327	-0.438237	0.000000
-0.082796	3.653906	94030.697488	229052.911474	-29.572745	0.000000	-0.001787	0.000547	0.000000	5.184430	-0.437242	0.000000
-0.088265	3.658991	93925.098672	229114.126681	-22.630648	0.000000	-0.002020	0.000547	0.000000	5.183942	-0.436639	0.000000
-0.093729	3.661430	93888.755597	229178.130091	-13.678083	0.000000	-0.002038	0.000546	0.000000	5.183775	-0.436350	0.000000
