0.002975	3.364027	102585.261740	230067.021596	8.302140	-2215827.801628	-0.000746	0.000595	1.216755	5.222249	-0.473143	0.000000
0.008919	3.370952	102354.997484	230022.725633	23.853249	-2009219.422313	-0.002171	0.000593	1.216755	5.221273	-0.472250	0.000000
0.014844	3.384407	101910.658224	229938.208604	36.394292	-1621175.295561	-0.003401	0.000591	1.216755	5.219383	-0.470520	0.000000
0.020741	3.403656	101282.670334	229821.009630	44.402440	-1097835.508642	-0.004330	0.000588	1.216755	5.216697	-0.468056	0.000000
0.026599	3.427656	100512.403355	229681.335639	46.989138	-499434.827638	-0.004889	0.000583	1.216755	5.213381	-0.465004	0.000000
0.032413	3.455125	99648.072030	229530.967877	44.015042	108141.600410	-0.005046	0.000579	1.216755	5.209629	-0.461536	0.000000
0.038179	3.484635	98740.089252	229382.007472	36.083059	662170.715024	-0.004815	0.000574	1.216755	5.205653	-0.457842	0.000000
0.043894	3.514719	97836.753631	229245.649296	24.428961	1110585.485127	-0.004245	0.000569	1.216755	5.201661	-0.454108	0.000000
0.049561	3.543977	96980.573610	229131.123363	10.722371	1417368.553135	-0.003416	0.000564	1.216755	5.197843	-0.450507	0.000000
0.055182	3.571180	96205.623793	229044.920217	-3.183710	1565302.543720	-0.002425	0.000560	1.216755	5.194359	-0.447186	0.000000
0.060762	3.595355	95535.994368	228990.372510	-15.519496	1556143.837092	-0.001377	0.000556	1.216755	5.191325	-0.444256	0.000000
0.066308	3.615838	94985.344178	228967.617389	-24.840397	1408514.753921	-0.000370	0.000553	1.216755	5.188815	-0.441789	0.000000
0.071825	3.632301	94557.405421	228973.915063	-30.211541	1154056.408521	0.000512	0.000551	1.216755	5.186854	-0.439817	0.000000
0.077320	3.644737	94247.260348	229004.256555	-31.308821	832443.995847	0.001210	0.000549	1.216755	5.185428	-0.438333	0.000000
0.082800	3.653410	94043.156510	229052.161553	-28.424066	485928.836715	0.001690	0.000547	1.216755	5.184487	-0.437301	0.000000
0.088269	3.658797	93928.628979	229110.550484	-22.375950	154067.028033	0.001944	0.000547	1.216755	5.183958	-0.436662	0.000000
0.093733	3.661500	93884.693916	229172.574673	-14.344200	-130731.658581	0.001991	0.000546	1.216755	5.183756	-0.436341	0.000000
0.099194	3.662172	93891.901326	229232.304886	-5.657605	-346308.385824	0.001865	0.000546	1.216755	5.183789	-0.436262	0.000000
0.104656	3.661451	93932.066789	229285.208265	2.425379	-482172.461104	0.001614	0.000546	1.216755	5.183975	-0.436348	0.000000
0.110120	3.659901	93989.555453	229328.381318	8.904395	-539154.737306	0.001289	0.000546	1.216755	5.184241	-0.436532	0.000000
0.115586	3.657982	94052.054939	229360.545509	13.162004	-527510.311619	0.000940	0.000547	1.216755	5.184530	-0.436759	0.000000
0.121056	3.656037	94110.843198	229381.845225	15.008675	-463935.908325	0.000607	0.000547	1.216755	5.184801	-0.436990	0.000000
0.126528	3.654290	94160.618850	229393.510477	14.648392	-368116.453084	0.000319	0.000547	1.216755	5.185031	-0.437198	0.000000
0.132003	3.652864	94199.006535	229397.455944	12.581248	-259429.298075	0.000095	0.000548	1.216755	5.185207	-0.437367	0.000000
0.137480	3.651798	94225.871091	229395.884222	9.470061	-154318.634013	-0.000061	0.000548	1.216755	5.185331	-0.437494	0.000000
0.142958	3.651072	94242.571932	229390.947100	6.001525	-64649.226260	-0.000153	0.000548	1.216755	5.185408	-0.437580	0.000000
0.148437	3.650633	94251.266839	229384.498747	2.768772	2883.539855	-0.000190	0.000548	1.216755	5.185448	-0.437632	0.000000
0.153916	3.650410	94254.340518	229377.953307	0.193366	46414.668993	-0.000187	0.000548	1.216755	5.185462	-0.437659	0.000000
0.159396	3.650332	94253.995919	229372.240711	-1.506358	67907.377683	-0.000159	0.000548	1.216755	5.185460	-0.437668	0.000000
0.164875	3.650339	94252.012730	229367.841046	-2.304230	71811.164979	-0.000119	0.000548	1.216755	5.185451	-0.437667	0.000000
0.170355	3.650383	94249.652231	229364.870797	-2.323741	63687.233837	-0.000077	0.000548	1.216755	5.185440	-0.437662	0.000000
0.175834	3.650433	94247.672804	229363.193358	-1.779152	49038.639688	-0.000039	0.000548	1.216755	5.185431	-0.437656	0.000000
0.181313	3.650471	94246.415347	229362.530034	-0.915133	32485.955750	-0.000011	0.000548	1.216755	5.185425	-0.437651	0.000000
0.186793	3.650490	94245.920700	229362.554532	0.043387	17331.029476	0.000009	0.000548	1.216755	5.185423	-0.437649	0.000000
0.192272	3.650492	94246.049076	229362.961646	0.924296	5470.862033	0.000019	0.000548	1.216755	5.185424	-0.437649	0.000000
0.197751	3.650480	94246.581660	229363.507895	1.622581	-2428.261172	0.000022	0.000548	1.216755	5.185426	-0.437650	0.000000
0.203231	3.650461	94247.294511	229364.027219	2.098252	-6607.000718	0.000021	0.000548	1.216755	5.185430	-0.437653	0.000000
0.208710	3.650440	94248.003113	229364.427972	2.362957	-7844.113697	0.000018	0.000548	1.216755	5.185433	-0.437655	0.000000
0.214189	3.650421	94248.581522	229364.678509	2.461174	-7122.911950	0.000014	0.000548	1.216755	5.185436	-0.437657	0.000000
0.219669	3.650408	94248.962925	229364.788086	2.451264	-5381.135231	0.000010	0.000548	1.216755	5.185437	-0.437659	0.000000
0.225148	3.650402	94249.129083	229364.788193	2.390103	-3360.866095	0.000007	0.000548	1.216755	5.185438	-0.437660	0.000000
0.230628	3.650402	94249.095156	229364.717473	2.323150	-1550.535045	0.000005	0.000548	1.216755	5.185438	-0.437660	0.000000
0.236107	3.650408	94248.894634	229364.611554	2.280111	-196.213175	0.000004	0.000548	1.216755	5.185437	-0.437659	0.000000
0.241586	3.650419	94248.567159	229364.497683	2.275160	645.870315	0.000004	0.000548	1.216755	5.185435	-0.437657	0.000000
0.247066	3.650433	94248.150319	229364.393210	2.310093	1041.451759	0.000004	0.000548	1.216755	5.185434	-0.437656	0.000000
0.252545	3.650450	94247.675255	229364.306605	2.378737	1114.226323	0.000004	0.000548	1.216755	5.185431	-0.437654	0.000000
0.258025	3.650469	94247.165293	229364.239751	2.471273	996.832979	0.000005	0.000548	1.216755	5.185429	-0.437652	0.000000
0.263504	3.650489	94246.636510	229364.190509	2.577603	800.584511	0.000005	0.000548	1.216755	5.185427	-0.437649	0.000000
0.268983	3.650509	94246.099278	229364.154933	2.689458	602.376842	0.000005	0.000548	1.216755	5.185424	-0.437647	0.000000
0.274462	3.650529	94245.560031	229364.128846	2.801278	444.293130	0.000005	0.000548	1.216755	5.185422	-0.437644	0.000000
0.279942	3.650550	94245.022813	229364.108735	2.910166	340.600795	0.000005	0.000548	1.216755	5.185419	-0.437642	0.000000
0.285421	3.650570	94244.490395	229364.092090	3.015320	287.492063	0.000005	0.000548	1.216755	5.185417	-0.437639	0.000000
0.290900	3.650590	94243.964965	229364.077378	3.117244	272.297006	0.000005	0.000548	1.216755	5.185414	-0.437637	0.000000
0.296379	3.650610	94243.448460	229364.063820	3.217023	280.414976	0.000005	0.000548	1.216755	5.185412	-0.437635	0.000000
0.301858	3.650630	94242.942658	229364.051116	3.315800	299.476483	0.000005	0.000548	1.216755	5.185410	-0.437632	0.000000
0.307337	3.650649	94242.449163	229364.039203	3.414462	321.068838	0.000004	0.000548	1.216755	5.185407	-0.437630	0.000000
0.312816	3.650667	94241.969340	229364.028090	3.513525	340.753871	0.000004	0.000548	1.216755	5.185405	-0.437628	0.000000
0.318295	3.650685	94241.504280	229364.017762	3.613165	357.163106	0.000004	0.000548	1.216755	5.185403	-0.437626	0.000000
0.323774	3.650702	94241.054780	229364.008147	3.713321	370.808385	0.000004	0.000548	1.216755	5.185401	-0.437624	0.000000
0.329253	3.650719	94240.621368	229363.999124	3.813800	383.017903	0.000003	0.000548	1.216755	5.185399	-0.437622	0.000000
0.334732	3.650735	94240.204342	229363.990546	3.914372	395.184678	0.000003	0.000548	1.216755	5.185397	-0.437620	0.000000
0.340211	3.650750	94239.803827	229363.982263	4.014846	408.357764	0.000002	0.000548	1.216755	5.185395	-0.437618	0.000000
0.345690	3.650765	94239.419818	229363.974149	4.115100	423.111297	0.000002	0.000548	1.216755	5.185393	-0.437616	0.000000
0.351169	3.650779	94239.052223	229363.966106	4.215086	439.586119	0.000001	0.000548	1.216755	5.185392	-0.437615	0.000000
0.356648	3.650792	94238.700891	229363.958073	4.314819	457.609842	0.000001	0.000548	1.216755	5.185390	-0.437613	0.000000
0.362126	3.650805	94238.365629	229363.950018	4.414362	476.828441	0.000000	0.000548	1.216755	5.185388	-0.437612	0.000000
0.367605	3.650818	94238.046205	229363.941934	4.513815	496.814913	-0.000000	0.000548	1.216755	5.185387	-0.437610	0.000000
0.373084	3.650829	94237.742346	229363.933829	4.613295	517.141923	-0.000001	0.000548	1.216755	5.185386	-0.437609	0.000000
0.378563	3.650840	94237.453735	229363.925718	4.712934	537.425945	-0.000001	0.000548	1.216755	5.185384	-0.437607	0.000000
0.384042	3.650851	94237.180000	229363.917611	4.812862	557.355827	-0.000002	0.000548	1.216755	5.185383	-0.437606	0.000000
0.389520	3.650861	94236.920709	229363.909513	4.913213	576.715815	-0.000003	0.000548	1.216755	5.185382	-0.437605	0.000000
0.394999	3.650870	94236.675369	229363.901410	5.014125	595.407072	-0.000003	0.000548	1.216755	5.185381	-0.437604	0.000000
0.400478	3.650879	94236.443421	229363.893275	5.115737	613.464439	-0.000004	0.000548	1.216755	5.185380	-0.437603	0.000000
0.405956	3.650887	94236.224258	229363.885063	5.218172	631.060585	-0.000005	0.000548	1.216755	5.185379	-0.437602	0.000000
0.411435	3.650895	94236.017227	229363.876717	5.321540	648.487385	-0.000005	0.000548	1.216755	5.185378	-0.437601	0.000000
0.416914	3.650903	94235.821654	229363.868170	5.425945	666.118211	-0.000006	0.000548	1.216755	5.185377	-0.437600	0.000000
0.422392	3.650910	94235.636862	229363.859357	5.531457	684.345996	-0.000007	0.000548	1.216755	5.185376	-0.437599	0.000000
0.427871	3.650916	94235.462192	229363.850218	5.638120	703.510779	-0.000008	0.000548	1.216755	5.185375	-0.437598	0.000000
0.433350	3.650922	94235.297022	229363.840710	5.745963	723.839057	-0.000008	0.000548	1.216755	5.185374	-0.437598	0.000000
0.438828	3.650928	94235.140778	229363.830804	5.854995	745.401999	-0.000009	0.000548	1.216755	5.185374	-0.437597	0.000000
0.444307	3.650934	94234.992946	229363.820495	5.965215	768.106309	-0.000010	0.000548	1.216755	5.185373	-0.437596	0.000000
0.449786	3.650939	94234.853067	229363.809792	6.076612	791.724356	-0.000011	0.000548	1.216755	5.185372	-0.437596	0.000000
0.455264	3.650944	94234.720735	229363.798721	6.189166	815.946408	-0.000012	0.000548	1.216755	5.185372	-0.437595	0.000000
0.460743	3.650949	94234.595586	229363.787313	6.302872	840.448978	-0.000013	0.000548	1.216755	5.185371	-0.437594	0.000000
0.466221	3.650953	94234.477286	229363.775599	6.417712	864.959283	-0.000014	0.000548	1.216755	5.185371	-0.437594	0.000000
0.471700	3.650957	94234.365520	229363.763608	6.533659	889.296449	-0.000015	0.000548	1.216755	5.185370	-0.437593	0.000000
0.477179	3.650961	94234.259980	229363.751358	6.650691	913.389814	-0.000016	0.000548	1.216755	5.185370	-0.437593	0.000000
0.482657	3.650965	94234.160362	229363.738859	6.768764	937.267627	-0.000017	0.000548	1.216755	5.185369	-0.437593	0.000000
0.488136	3.650968	94234.066362	229363.726111	6.887833	961.027890	-0.000018	0.000548	1.216755	5.185369	-0.437592	0.000000
0.493614	3.650972	94233.977673	229363.713109	7.007845	984.800698	-0.000019	0.000548	1.216755	5.185368	-0.437592	0.000000
0.499093	3.650975	94233.893991	229363.699842	7.128707	1008.707756	-0.000020	0.000548	1.216755	5.185368	-0.437591	0.000000
0.504571	3.650977	94233.815020	229363.686299	7.250386	1032.845383	-0.000021	0.000548	1.216755	5.185367	-0.437591	0.000000
0.510050	3.650980	94233.740469	229363.672469	7.372829	1057.272072	-0.000023	0.000548	1.216755	5.185367	-0.437591	0.000000
0.515528	3.650983	94233.670062	229363.658344	7.495848	1081.986763	-0.000024	0.000548	1.216755	5.185367	-0.437590	0.000000
0.521007	3.650985	94233.603536	229363.643919	7.619540	1106.975120	-0.000025	0.000548	1.216755	5.185366	-0.437590	0.000000
0.526486	3.650987	94233.540644	229363.629189	7.743932	1132.226675	-0.000026	0.000548	1.216755	5.185366	-0.437590	0.000000
0.531964	3.650989	94233.481155	229363.614155	7.868388	1157.639692	-0.000028	0.000548	1.216755	5.185366	-0.437590	0.000000
0.537443	3.650991	94233.424853	229363.598818	7.993552	1183.187099	-0.000029	0.000548	1.216755	5.185366	-0.437589	0.000000
0.542921	3.650993	94233.371538	229363.583178	8.119856	1208.965272	-0.000030	0.000548	1.216755	5.185365	-0.437589	0.000000
0.548400	3.650995	94233.321023	229363.567239	8.244513	1234.688367	-0.000032	0.000548	1.216755	5.185365	-0.437589	0.000000
0.553878	3.650996	94233.273134	229363.551006	8.370536	1260.386084	-0.000033	0.000548	1.216755	5.185365	-0.437589	0.000000
0.559357	3.650998	94233.227709	229363.534472	8.500491	1286.679334	-0.000034	0.000548	1.216755	5.185365	-0.437589	0.000000
0.564835	3.650999	94233.184598	229363.517649	8.621501	1312.385257	-0.000036	0.000548	1.216755	5.185365	-0.437588	0.000000
0.570314	3.651001	94233.143663	229363.500549	8.746934	1337.616849	-0.000037	0.000548	1.216755	5.185364	-0.437588	0.000000
0.575792	3.651002	94233.104770	229363.483133	8.890704	1365.431746	-0.000039	0.000548	1.216755	5.185364	-0.437588	0.000000
0.581271	3.651003	94233.067796	229363.465443	8.992717	1390.517484	-0.000040	0.000548	1.216755	5.185364	-0.437588	0.000000
0.586749	3.651004	94233.032645	229363.447531	9.111395	1412.931816	-0.000042	0.000548	1.216755	5.185364	-0.437588	0.000000
0.592228	3.651005	94232.999193	229363.429204	9.319622	1447.392381	-0.000044	0.000548	1.216755	5.185364	-0.437588	0.000000
0.597706	3.651006	94232.967325	229363.410634	9.336968	1469.956882	-0.000045	0.000548	1.216755	5.185364	-0.437588	0.000000
0.603185	3.651007	94232.937027	229363.392074	9.416045	1478.596543	-0.000047	0.000548	1.216755	5.185363	-0.437588	0.000000
0.608663	3.651008	94232.908140	229363.372608	9.932017	1543.764377	-0.000049	0.000548	1.216755	5.185363	-0.437587	0.000000
0.614142	3.651008	94232.880486	229363.352954	9.578786	1557.834878	-0.000050	0.000548	1.216755	5.185363	-0.437587	0.000000
0.619620	3.651009	94232.854347	229363.334369	9.438658	1500.552515	-0.000052	0.000548	1.216755	5.185363	-0.437587	0.000000
0.625099	3.651010	94232.829333	229363.312562	11.420336	1707.933221	-0.000054	0.000548	1.216755	5.185363	-0.437587	0.000000
0.630577	3.651010	94232.804877	229363.290492	9.456615	1697.935338	-0.000056	0.000548	1.216755	5.185363	-0.437587	0.000000
0.636056	3.651011	94232.782568	229363.274398	8.138966	1326.172120	-0.000057	0.000548	1.216755	5.185363	-0.437587	0.000000
0.641534	3.651011	94232.760962	229363.244176	17.088445	2190.433907	-0.000060	0.000548	1.216755	5.185363	-0.437587	0.000000
0.647013	3.651012	94232.737457	229363.211749	8.201441	2141.377951	-0.000064	0.000548	1.216755	5.185362	-0.437587	0.000000
0.652491	3.651012	94232.719620	229363.207732	0.733716	277.133690	-0.000062	0.000548	1.216755	5.185362	-0.437587	0.000000
0.657970	3.651012	94232.701466	229363.137917	42.807886	4176.164526	-0.000067	0.000548	1.216755	5.185362	-0.437587	0.000000
0.663448	3.651012	94232.670032	229363.048442	4.635842	4305.721514	-0.000082	0.000548	1.216755	5.185362	-0.437587	0.000000
0.668927	3.651013	94232.660330	229363.087676	-34.133115	-4576.553543	-0.000065	0.000548	1.216755	5.185362	-0.437587	0.000000
0.674405	3.651010	94232.646992	229362.813211	165.627320	13397.433090	-0.000085	0.000548	1.216755	5.185362	-0.437587	0.000000
0.679884	3.651005	94232.564894	229362.391868	6.433657	16212.763880	-0.000150	0.000548	1.216755	5.185362	-0.437588	0.000000
0.685362	3.651007	94232.574375	229362.532516	-187.745834	-25239.716615	-0.000075	0.000548	1.216755	5.185362	-0.437588	0.000000
0.690841	3.650989	94232.567778	229361.149559	764.822007	58483.145051	-0.000164	0.000548	1.216755	5.185362	-0.437590	0.000000
0.696320	3.650963	94232.218270	229358.769349	123.247383	83575.129571	-0.000499	0.000548	1.216755	5.185360	-0.437593	0.000000
0.701798	3.650960	94232.254579	229358.721094	-821.944910	-106492.859790	-0.000200	0.000548	1.216755	5.185360	-0.437593	0.000000
0.707277	3.650860	94232.219459	229351.112496	3742.987994	287490.780257	-0.000657	0.000548	1.216755	5.185360	-0.437607	0.000000
0.712756	3.650697	94230.474365	229337.059398	1295.082164	468766.637225	-0.002419	0.000548	1.216755	5.185351	-0.437625	0.000000
0.718235	3.650622	94230.301160	229331.855863	-3161.209197	-384223.492437	-0.001386	0.000548	1.216755	5.185352	-0.437636	0.000000
0.723714	3.650047	94229.746736	229288.166629	18873.360693	1494421.429258	-0.003889	0.000548	1.216755	5.185346	-0.437713	0.000000
0.729194	3.649050	94220.584802	229203.883467	10460.969535	2695894.232897	-0.013378	0.000548	1.216755	5.185302	-0.437829	0.000000
0.734677	3.648295	94217.407036	229147.231598	-9734.715664	-1013695.474373	-0.010846	0.000548	1.216755	5.185293	-0.437927	0.000000
0.740159	3.644923	94211.762714	228889.369377	97674.068439	8107317.201055	-0.025291	0.000549	1.216755	5.185253	-0.438376	0.000000
0.745651	3.638801	94161.979080	228379.037385	75870.990004	15867259.395520	-0.077399	0.000550	1.216755	5.185012	-0.439104	0.000000
0.751153	3.632757	94131.351631	227910.469417	-11424.217713	681022.423970	-0.080072	0.000551	1.216755	5.184894	-0.439878	0.000000
0.756659	3.612911	94082.549740	226377.797413	516599.141805	46524904.011688	-0.165890	0.000554	1.216755	5.184597	-0.442512	0.000000
0.762221	3.575868	93794.888012	223298.560075	531230.082187	100655367.486754	-0.459223	0.000559	1.216755	5.183182	-0.447045	0.000000
0.767848	3.535001	93518.642456	220002.614110	143072.081845	50966944.040412	-0.565292	0.000566	1.216755	5.181979	-0.452299	0.000000
0.773521	3.430612	93075.208574	211662.236090	2686379.346641	309609975.807282	-1.047816	0.000583	1.216755	5.179506	-0.466611	0.000000
0.779495	3.238959	91071.007910	194974.813764	3814769.337771	799936914.318174	-2.744383	0.000617	1.216755	5.169249	-0.492019	0.000000
0.785912	3.071308	88254.111251	179295.143302	319203.798496	717426753.482659	-3.719215	0.000651	1.216755	5.155700	-0.514880	0.000000
0.792508	2.808889	84724.610493	155176.318744	8688061.688983	1787812630.321255	-4.885397	0.000712	1.216755	5.136060	-0.557983	0.000000
0.800199	2.225838	72242.927405	101207.419360	31191490.562665	5992182644.161033	-13.361396	0.000899	1.216755	5.057601	-0.665136	0.000000
0.811479	1.594212	44992.817780	43498.072328	35579623.697304	8225699209.791717	-29.821622	0.001255	1.216755	4.836589	-0.810867	0.000000
0.827214	1.212616	20334.146472	14856.357010	19954157.985593	4776203486.454253	-43.058346	0.001649	1.216755	4.483444	-0.924280	0.000000
0.845749	1.059783	9204.906005	6118.005582	7006380.522023	1436092784.948353	-49.213748	0.001887	1.216755	4.151641	-0.977780	0.000000
0.865387	1.013879	6541.002271	4361.438262	1648840.923248	225836315.099508	-51.074671	0.001973	1.216755	4.021705	-0.994823	0.000000
0.885318	1.002774	6169.701563	4116.795655	301426.699077	26990466.466276	-51.472339	0.001994	1.216755	4.000782	-0.998971	0.000000
0.905306	1.000548	6124.570871	4084.196368	46986.366020	3532335.863037	-51.541503	0.001999	1.216755	3.998152	-0.999793	0.000000
0.925305	1.000168	6118.470041	4079.506471	6175.820974	507346.075842	-51.551729	0.002000	1.216755	3.997791	-0.999932	0.000000
0.945305	1.000112	6117.587087	4078.826175	700.881622	73252.338258	-51.553016	0.002000	1.216755	3.997739	-0.999952	0.000000
0.965305	1.000105	6117.461258	4078.732675	68.806509	10036.862710	-51.553156	0.002000	1.216755	3.997732	-0.999955	0.000000
0.985305	1.000104	6117.444383	4078.720781	5.758987	1275.648112	-51.553169	0.002000	1.216755	3.997731	-0.999955	0.000000
1.005305	1.000104	6117.442288	4078.719388	0.413528	149.634475	-51.553170	0.002000	1.216755	3.997731	-0.999955	0.000000
1.025305	1.000104	6117.442048	4078.719237	0.029852	16.268112	-51.553170	0.002000	1.216755	3.997731	-0.999955	0.000000
1.045305	1.000104	6117.442022	4078.719221	0.003550	1.666102	-51.553170	0.002000	1.216755	3.997731	-0.999955	0.000000
1.065305	1.000104	6117.442020	4078.719220	0.000697	0.167021	-51.553170	0.002000	1.216755	3.997731	-0.999955	0.000000
1.085305	1.000104	6117.442019	4078.719220	0.000138	0.017541	-51.553170	0.002000	1.216755	3.997731	-0.999955	0.000000
1.105305	1.000104	6117.442019	4078.719220	0.000023	0.002070	-51.553170	0.002000	1.216755	3.997731	-0.999955	0.000000
1.125305	1.000104	6117.442019	4078.719219	0.000003	0.000276	-51.553170	0.002000	1.216755	3.997731	-0.999955	0.000000
1.145305	1.000104	6117.442019	4078.719219	0.000000	0.000039	-51.553170	0.002000	1.216755	3.997731	-0.999955	0.000000
1.165305	1.000104	6117.442019	4078.719219	0.000000	0.000004	-51.553170	0.002000	1.216755	3.997731	-0.999955	0.000000
1.185305	1.000104	6117.442019	4078.719219	0.000000	0.000001	-51.553170	0.002000	1.216755	3.997731	-0.999955	0.000000
1.205305	1.000104	6117.442019	4078.719219	-0.000000	0.000001	-51.553170	0.002000	1.216755	3.997731	-0.999955	0.000000
1.225305	1.000104	6117.442019	4078.719219	-0.000000	-0.000000	-51.553170	0.002000	1.216755	3.997731	-0.999955	0.000000
1.245305	1.000104	6117.442019	4078.719219	0.000000	-0.000000	-51.553170	0.002000	1.216755	3.997731	-0.999955	0.000000
1.265305	1.000104	6117.442019	4078.719219	-0.000000	0.000001	-51.553170	0.002000	1.216755	3.997731	-0.999955	0.000000
1.285305	1.000104	6117.442019	4078.719219	-0.000000	-0.000001	-51.553170	0.002000	1.216755	3.997731	-0.999955	0.000000
1.305305	1.000104	6117.442019	4078.719219	0.000000	-0.000000	-51.553170	0.002000	1.216755	3.997731	-0.999955	0.000000
1.325305	1.000104	6117.442019	4078.719219	-0.000000	0.000001	-51.553170	0.002000	1.216755	3.997731	-0.999955	0.000000
1.345305	1.000104	6117.442019	4078.719219	-0.000000	-0.000001	-51.553170	0.002000	1.216755	3.997731	-0.999955	0.000000
1.365305	1.000104	6117.442019	4078.719219	0.000000	0.000001	-51.553170	0.002000	1.216755	3.997731	-0.999955	0.000000
1.385305	1.000104	6117.442019	4078.719219	-0.000000	0.000001	-51.553170	0.002000	1.216755	3.997731	-0.999955	0.000000
1.405305	1.000104	6117.442019	4078.719219	-0.000000	0.000000	-51.553170	0.002000	1.216755	3.997731	-0.999955	0.000000
1.425305	1.000104	6117.442019	4078.719219	-0.000000	-0.000001	-51.553170	0.002000	1.216755	3.997731	-0.999955	0.000000
1.445305	1.000104	6117.442019	4078.719219	0.000000	-0.000001	-51.553170	0.002000	1.216755	3.997731	-0.999955	0.000000
1.465305	1.000104	6117.442019	4078.719219	0.000000	-0.000000	-51.553170	0.002000	1.216755	3.997731	-0.999955	0.000000
1.485305	1.000104	6117.442019	4078.719219	-0.000000	0.000001	-51.553170	0.002000	1.216755	3.997731	-0.999955	0.000000
1.505305	1.000104	6117.442019	4078.719219	-0.000000	-0.000001	-51.553170	0.002000	1.216755	3.997731	-0.999955	0.000000
1.525305	1.000104	6117.442019	4078.719219	0.000000	-0.000001	-51.553170	0.002000	1.216755	3.997731	-0.999955	0.000000
1.545305	1.000104	6117.442019	4078.719219	0.000000	0.000001	-51.553170	0.002000	1.216755	3.997731	-0.999955	0.000000
1.565305	1.000104	6117.442019	4078.719219	0.000000	-0.000001	-51.553170	0.002000	1.216755	3.997731	-0.999955	0.000000
1.585305	1.000104	6117.442019	4078.719219	0.000000	0.000001	-51.553170	0.002000	1.216755	3.997731	-0.999955	0.000000
1.605305	1.000104	6117.442019	4078.719219	-0.000000	0.000001	-51.553170	0.002000	1.216755	3.997731	-0.999955	0.000000
1.625305	1.000104	6117.442019	4078.719219	-0.000000	-0.000001	-51.553170	0.002000	1.216755	3.997731	-0.999955	0.000000
1.645305	1.000104	6117.442019	4078.719219	0.000000	-0.000001	-51.553170	0.002000	1.216755	3.997731	-0.999955	0.000000
1.665305	1.000104	6117.442019	4078.719219	0.000000	0.000000	-51.553170	0.002000	1.216755	3.997731	-0.999955	0.000000
1.685305	1.000104	6117.442019	4078.719219	-0.000000	0.000001	-51.553170	0.002000	1.216755	3.997731	-0.999955	0.000000
1.705305	1.000104	6117.442019	4078.719219	-0.000000	-0.000001	-51.553170	0.002000	1.216755	3.997731	-0.999955	0.000000
1.725305	1.000104	6117.442019	4078.719219	0.000000	-0.000001	-51.553170	0.002000	1.216755	3.997731	-0.999955	0.000000
1.745305	1.000104	6117.442019	4078.719219	0.000000	0.000001	-51.553170	0.002000	1.216755	3.997731	-0.999955	0.000000
1.765305	1.000104	6117.442019	4078.719219	-0.000000	0.000001	-51.553170	0.002000	1.216755	3.997731	-0.999955	0.000000
1.785305	1.000104	6117.442019	4078.719219	-0.000000	-0.000001	-51.553170	0.002000	1.216755	3.997731	-0.999955	0.000000
1.805305	1.000104	6117.442019	4078.719219	0.000000	-0.000001	-51.553170	0.002000	1.216755	3.997731	-0.999955	0.000000
1.825305	1.000104	6117.442019	4078.719219	0.000000	-0.000001	-51.553170	0.002000	1.216755	3.997731	-0.999955	0.000000
1.845305	1.000104	6117.442019	4078.719219	-0.000000	0.000001	-51.553170	0.002000	1.216755	3.997731	-0.999955	0.000000
1.865305	1.000104	6117.442019	4078.719219	0.000000	-0.000001	-51.553170	0.002000	1.216755	3.997731	-0.999955	0.000000
1.885305	1.000104	6117.442019	4078.719219	0.000000	0.000001	-51.553170	0.002000	1.216755	3.997731	-0.999955	0.000000
1.905305	1.000104	6117.442019	4078.719219	-0.000000	0.000001	-51.553170	0.002000	1.216755	3.997731	-0.999955	0.000000
1.925305	1.000104	6117.442019	4078.719219	-0.000000	0.000000	-51.553170	0.002000	1.216755	3.997731	-0.999955	0.000000
1.945305	1.000104	6117.442019	4078.719219	-0.000000	0.000000	-51.553170	0.002000	1.216755	3.997731	-0.999955	0.000000
1.965305	1.000104	6117.442019	4078.719219	0.000000	-0.000001	-51.553170	0.002000	1.216755	3.997731	-0.999955	0.000000
1.985305	1.000104	6117.442019	4078.719219	-0.000000	0.000001	-51.553170	0.002000	1.216755	3.997731	-0.999955	0.000000
2.005305	1.000104	6117.442019	4078.719219	-0.000000	-0.000001	-51.553170	0.002000	1.216755	3.997731	-0.999955	0.000000
2.025305	1.000104	6117.442019	4078.719219	0.000000	-0.000001	-51.553170	0.002000	1.216755	3.997731	-0.999955	0.000000
2.045305	1.000104	6117.442019	4078.719219	0.000000	-0.000000	-51.553170	0.002000	1.216755	3.997731	-0.999955	0.000000
2.065305	1.000104	6117.442019	4078.719219	0.000000	0.000000	-51.553170	0.002000	1.216755	3.997731	-0.999955	0.000000
2.085305	1.000104	6117.442019	4078.719219	0.000000	0.000001	-51.553170	0.002000	1.216755	3.997731	-0.999955	0.000000
2.105305	1.000104	6117.442019	4078.719219	-0.000000	0.000001	-51.553170	0.002000	1.216755	3.997731	-0.999955	0.000000
2.125305	1.000104	6117.442019	4078.719219	-0.000000	0.000000	-51.553170	0.002000	1.216755	3.997731	-0.999955	0.000000
2.145305	1.000104	6117.442019	4078.719219	-0.000000	-0.000000	-51.553170	0.002000	1.216755	3.997731	-0.999955	0.000000
2.165305	1.000104	6117.442019	4078.719219	-0.000000	-0.000001	-51.553170	0.002000	1.216755	3.997731	-0.999955	0.000000
2.185305	1.000104	6117.442019	4078.719219	0.000000	-0.000001	-51.553170	0.002000	1.216755	3.997731	-0.999955	0.000000
2.205305	1.000104	6117.442019	4078.719219	0.000000	0.000001	-51.553170	0.002000	1.216755	3.997731	-0.999955	0.000000
2.225305	1.000104	6117.442019	4078.719219	-0.000000	0.000001	-51.553170	0.002000	1.216755	3.997731	-0.999955	0.000000
2.245305	1.000104	6117.442019	4078.719219	-0.000000	-0.000000	-51.553170	0.002000	1.216755	3.997731	-0.999955	0.000000
2.265305	1.000104	6117.442019	4078.719219	-0.000000	0.000000	-51.553170	0.002000	1.216755	3.997731	-0.999955	0.000000
2.285305	1.000104	6117.442019	4078.719219	-0.000000	-0.000001	-51.553170	0.002000	1.216755	3.997731	-0.999955	0.000000
2.305305	1.000104	6117.442019	4078.719219	0.000000	-0.000001	-51.553170	0.002000	1.216755	3.997731	-0.999955	0.000000
2.325305	1.000104	6117.442019	4078.719219	0.000000	0.000000	-51.553170	0.002000	1.216755	3.997731	-0.999955	0.000000
2.345305	1.000104	6117.442019	4078.719219	-0.000000	0.000001	-51.553170	0.002000	1.216755	3.997731	-0.999955	0.000000
2.365305	1.000104	6117.442019	4078.719219	-0.000000	-0.000001	-51.553170	0.002000	1.216755	3.997731	-0.999955	0.000000
2.385305	1.000104	6117.442019	4078.719219	0.000000	-0.000002	-51.553170	0.002000	1.216755	3.997731	-0.999955	0.000000
2.405305	1.000104	6117.442019	4078.719219	0.000000	0.000000	-51.553170	0.002000	1.216755	3.997731	-0.999955	0.000000
2.425305	1.000104	6117.442019	4078.719219	0.000000	0.000004	-51.553170	0.002000	1.216755	3.997731	-0.999955	0.000000
2.445305	1.000104	6117.442019	4078.719219	-0.000000	0.000001	-51.553170	0.002000	1.216755	3.997731	-0.999955	0.000000
2.465305	1.000104	6117.442019	4078.719219	-0.000000	-0.000002	-51.553170	0.002000	1.216755	3.997731	-0.999955	0.000000
2.485305	1.000104	6117.442019	4078.719219	0.000000	0.000000	-51.553170	0.002000	1.216755	3.997731	-0.999955	0.000000
2.505305	1.000104	6117.442019	4078.719219	-0.000000	0.000000	-51.553170	0.002000	1.216755	3.997731	-0.999955	0.000000
2.525305	1.000104	6117.442019	4078.719219	-0.000000	-0.000000	-51.553170	0.002000	1.216755	3.997731	-0.999955	0.000000
2.545305	1.000104	6117.442019	4078.719219	0.000000	-0.000000	-51.553170	0.002000	1.216755	3.997731	-0.999955	0.000000
2.565305	1.000104	6117.442019	4078.719219	0.000000	0.000000	-51.553170	0.002000	1.216755	3.997731	-0.999955	0.000000
2.585305	1.000104	6117.442019	4078.719219	0.000000	0.000000	-51.553170	0.002000	1.216755	3.997731	-0.999955	0.000000
2.605305	1.000104	6117.442019	4078.719219	0.000000	0.000000	-51.553170	0.002000	1.216755	3.997731	-0.999955	0.000000
2.625305	1.000104	6117.442019	4078.719219	0.000000	0.000000	-51.553170	0.002000	1.216755	3.997731	-0.999955	0.000000
2.645305	1.000104	6117.442019	4078.719219	0.000000	0.000000	-51.553170	0.002000	1.216755	3.997731	-0.999955	0.000000
2.665305	1.000104	6117.442019	4078.719219	0.000000	0.000000	-51.553170	0.002000	1.216755	3.997731	-0.999955	0.000000
2.685305	1.000104	6117.442019	4078.719219	0.000000	0.000000	-51.553170	0.002000	1.216755	3.997731	-0.999955	0.000000
2.705305	1.000104	6117.442019	4078.719219	0.000000	0.000000	-51.553170	0.002000	1.216755	3.997731	-0.999955	0.000000
2.725305	1.000104	6117.442019	4078.719219	0.000000	-0.000000	-51.553170	0.002000	1.216755	3.997731	-0.999955	0.000000
2.745305	1.000104	6117.442019	4078.719219	0.000000	-0.000000	-51.553170	0.002000	1.216755	3.997731	-0.999955	0.000000
2.765305	1.000104	6117.442019	4078.719219	0.000000	-0.000000	-51.553170	0.002000	1.216755	3.997731	-0.999955	0.000000
2.785305	1.000104	6117.442019	4078.719219	0.000000	-0.000000	-51.553170	0.002000	1.216755	3.997731	-0.999955	0.000000
2.805305	1.000104	6117.442019	4078.719219	-0.000000	-0.000000	-51.553170	0.002000	1.216755	3.997731	-0.999955	0.000000
2.825305	1.000104	6117.442019	4078.719219	-0.000000	-0.000000	-51.553170	0.002000	1.216755	3.997731	-0.999955	0.000000
2.845305	1.000104	6117.442019	4078.719219	-0.000000	-0.000000	-51.553170	0.002000	1.216755	3.997731	-0.999955	0.000000
2.865305	1.000104	6117.442019	4078.719219	-0.000000	-0.000000	-51.553170	0.002000	1.216755	3.997731	-0.999955	0.000000
2.885305	1.000104	6117.442019	4078.719219	0.000000	-0.000001	-51.553170	0.002000	1.216755	3.997731	-0.999955	0.000000
2.905305	1.000104	6117.442019	4078.719219	0.000000	0.000001	-51.553170	0.002000	1.216755	3.997731	-0.999955	0.000000
2.925305	1.000104	6117.442019	4078.719219	-0.000000	0.000001	-51.553170	0.002000	1.216755	3.997731	-0.999955	0.000000
2.945305	1.000104	6117.442019	4078.719219	-0.000000	0.000000	-51.553170	0.002000	1.216755	3.997731	-0.999955	0.000000
2.965305	1.000104	6117.442019	4078.719219	-0.000000	-0.000001	-51.553170	0.002000	1.216755	3.997731	-0.999955	0.000000
2.985305	1.000104	6117.442019	4078.719219	0.000000	-0.000001	-51.553170	0.002000	1.216755	3.997731	-0.999955	0.000000
3.005305	1.000104	6117.442019	4078.719219	0.000000	0.000001	-51.553170	0.002000	1.216755	3.997731	-0.999955	0.000000
3.025305	1.000104	6117.442019	4078.719219	0.000000	0.000001	-51.553170	0.002000	1.216755	3.997731	-0.999955	0.000000
3.045305	1.000104	6117.442019	4078.719219	-0.000000	0.000000	-51.553170	0.002000	1.216755	3.997731	-0.999955	0.000000
3.065305	1.000104	6117.442019	4078.719219	-0.000000	0.000000	-51.553170	0.002000	1.216755	3.997731	-0.999955	0.000000
3.085305	1.000104	6117.442019	4078.719219	-0.000000	-0.000001	-51.553170	0.002000	1.216755	3.997731	-0.999955	0.000000
3.105305	1.000104	6117.442019	4078.719219	0.000000	-0.000001	-51.553170	0.002000	1.216755	3.997731	-0.999955	0.000000
3.125305	1.000104	6117.442019	4078.719219	0.000000	0.000001	-51.553170	0.002000	1.216755	3.997731	-0.999955	0.000000
3.145305	1.000104	6117.442019	4078.719219	0.000000	0.000001	-51.553170	0.002000	1.216755	3.997731	-0.999955	0.000000
3.165305	1.000104	6117.442019	4078.719219	-0.000000	0.000001	-51.553170	0.002000	1.216755	3.997731	-0.999955	0.000000
3.185305	1.000104	6117.442019	4078.719219	-0.000000	-0.000001	-51.553170	0.002000	1.216755	3.997731	-0.999955	0.000000
3.205305	1.000104	6117.442019	4078.719219	0.000000	-0.000001	-51.553170	0.002000	1.216755	3.997731	-0.999955	0.000000
3.225305	1.000104	6117.442019	4078.719219	0.000000	0.000000	-51.553170	0.002000	1.216755	3.997731	-0.999955	0.000000
3.245305	1.000104	6117.442019	4078.719219	0.000000	0.000001	-51.553170	0.002000	1.216755	3.997731	-0.999955	0.000000
3.265305	1.000104	6117.442019	4078.719219	-0.000000	0.000001	-51.553170	0.002000	1.216755	3.997731	-0.999955	0.000000
3.285305	1.000104	6117.442019	4078.719219	-0.000000	-0.000001	-51.553170	0.002000	1.216755	3.997731	-0.999955	0.000000
3.305305	1.000104	6117.442019	4078.719219	0.000000	-0.000001	-51.553170	0.002000	1.216755	3.997731	-0.999955	0.000000
3.325305	1.000104	6117.442019	4078.719219	0.000000	0.000001	-51.553170	0.002000	1.216755	3.997731	-0.999955	0.000000
3.345305	1.000104	6117.442019	4078.719219	-0.000000	0.000000	-51.553170	0.002000	1.216755	3.997731	-0.999955	0.000000
3.365305	1.000104	6117.442019	4078.719219	0.000000	-0.000001	-51.553170	0.002000	1.216755	3.997731	-0.999955	0.000000
3.385305	1.000104	6117.442019	4078.719219	0.000000	0.000001	-51.553170	0.002000	1.216755	3.997731	-0.999955	0.000000
3.405305	1.000104	6117.442019	4078.719219	-0.000000	0.000001	-51.553170	0.002000	1.216755	3.997731	-0.999955	0.000000
3.425305	1.000104	6117.442019	4078.719219	0.000000	-0.000001	-51.553170	0.002000	1.216755	3.997731	-0.999955	0.000000
3.445305	1.000104	6117.442019	4078.719219	0.000000	0.000001	-51.553170	0.002000	1.216755	3.997731	-0.999955	0.000000
3.465305	1.000104	6117.442019	4078.719219	-0.000000	0.000001	-51.553170	0.002000	1.216755	3.997731	-0.999955	0.000000
3.485305	1.000104	6117.442019	4078.719219	-0.000000	-0.000001	-51.553170	0.002000	1.216755	3.997731	-0.999955	0.000000
3.505305	1.000104	6117.442019	4078.719219	0.000000	-0.000001	-51.553170	0.002000	1.216755	3.997731	-0.999955	0.000000
3.525305	1.000104	6117.442019	4078.719219	0.000000	0.000001	-51.553170	0.002000	1.216755	3.997731	-0.999955	0.000000
3.545305	1.000104	6117.442019	4078.719219	-0.000000	0.000001	-51.553170	0.002000	1.216755	3.997731	-0.999955	0.000000
3.565305	1.000104	6117.442019	4078.719219	-0.000000	0.000000	-51.553170	0.002000	1.216755	3.997731	-0.999955	0.000000
3.585305	1.000104	6117.442019	4078.719219	-0.000000	0.000000	-51.553170	0.002000	1.216755	3.997731	-0.999955	0.000000
3.605305	1.000104	6117.442019	4078.719219	-0.000000	-0.000000	-51.553170	0.002000	1.216755	3.997731	-0.999955	0.000000
3.625305	1.000104	6117.442019	4078.719219	-0.000000	-0.000000	-51.553170	0.002000	1.216755	3.997731	-0.999955	0.000000
3.645305	1.000104	6117.442019	4078.719219	-0.000000	-0.000001	-51.553170	0.002000	1.216755	3.997731	-0.999955	0.000000
3.665305	1.000104	6117.442019	4078.719219	0.000000	0.000000	-51.553170	0.002000	1.216755	3.997731	-0.999955	0.000000
3.685305	1.000104	6117.442019	4078.719219	0.000000	-0.000000	-51.553170	0.002000	1.216755	3.997731	-0.999955	0.000000
3.705305	1.000104	6117.442019	4078.719219	0.000000	0.000001	-51.553170	0.002000	1.216755	3.997731	-0.999955	0.000000
3.725305	1.000104	6117.442019	4078.719219	-0.000000	0.000001	-51.553170	0.002000	1.216755	3.997731	-0.999955	0.000000
3.745305	1.000104	6117.442019	4078.719219	-0.000000	0.000000	-51.553170	0.002000	1.216755	3.997731	-0.999955	0.000000
3.765305	1.000104	6117.442019	4078.719219	-0.000000	-0.000001	-51.553170	0.002000	1.216755	3.997731	-0.999955	0.000000
3.785305	1.000104	6117.442019	4078.719219	0.000000	-0.000002	-51.553170	0.002000	1.216755	3.997731	-0.999955	0.000000
3.805305	1.000104	6117.442019	4078.719219	0.000000	0.000001	-51.553170	0.002000	1.216755	3.997731	-0.999955	0.000000
3.825305	1.000104	6117.442019	4078.719219	0.000000	-0.000000	-51.553170	0.002000	1.216755	3.997731	-0.999955	0.000000
3.845305	1.000104	6117.442019	4078.719219	0.000000	-0.000001	-51.553170	0.002000	1.216755	3.997731	-0.999955	0.000000
3.865305	1.000104	6117.442019	4078.719219	0.000000	0.000002	-51.553170	0.002000	1.216755	3.997731	-0.999955	0.000000
3.885305	1.000104	6117.442019	4078.719219	-0.000000	0.000001	-51.553170	0.002000	1.216755	3.997731	-0.999955	0.000000
3.905305	1.000104	6117.442019	4078.719219	-0.000000	-0.000001	-51.553170	0.002000	1.216755	3.997731	-0.999955	0.000000
3.925305	1.000104	6117.442019	4078.719219	-0.000000	-0.000000	-51.553170	0.002000	1.216755	3.997731	-0.999955	0.000000
3.945305	1.000104	6117.442019	4078.719219	-0.000000	-0.000001	-51.553170	0.002000	1.216755	3.997731	-0.999955	0.000000
3.965305	1.000104	6117.442019	4078.719219	-0.000000	0.000001	-51.553170	0.002000	1.216755	3.997731	-0.999955	0.000000
3.985305	1.000104	6117.442019	4078.719219	-0.000000	0.000001	-51.553170	0.002000	1.216755	3.997731	-0.999955	0.000000
4.005305	1.000104	6117.442019	4078.719219	-0.000000	-0.000001	-51.553170	0.002000	1.216755	3.997731	-0.999955	0.000000
4.025305	1.000104	6117.442019	4078.719219	-0.000000	-0.000002	-51.553170	0.002000	1.216755	3.997731	-0.999955	0.000000
4.045305	1.000104	6117.442019	4078.719219	0.000000	-0.000000	-51.553170	0.002000	1.216755	3.997731	-0.999955	0.000000
4.065305	1.000104	6117.442019	4078.719219	0.000000	0.000001	-51.553170	0.002000	1.216755	3.997731	-0.999955	0.000000
4.085305	1.000104	6117.442019	4078.719219	-0.000000	0.000000	-51.553170	0.002000	1.216755	3.997731	-0.999955	0.000000
4.105305	1.000104	6117.442019	4078.719219	0.000000	-0.000000	-51.553170	0.002000	1.216755	3.997731	-0.999955	0.000000
4.125305	1.000104	6117.442019	4078.719219	-0.000000	-0.000000	-51.553170	0.002000	1.216755	3.997731	-0.999955	0.000000
4.145305	1.000104	6117.442019	4078.719219	0.000000	-0.000001	-51.553170	0.002000	1.216755	3.997731	-0.999955	0.000000
4.165305	1.000104	6117.442019	4078.719219	0.000000	0.000000	-51.553170	0.002000	1.216755	3.997731	-0.999955	0.000000
4.185305	1.000104	6117.442019	4078.719219	0.000000	0.000002	-51.553170	0.002000	1.216755	3.997731	-0.999955	0.000000
4.205305	1.000104	6117.442019	4078.719219	-0.000000	0.000000	-51.553170	0.002000	1.216755	3.997731	-0.999955	0.000000
4.225305	1.000104	6117.442019	4078.719219	-0.000000	-0.000001	-51.553170	0.002000	1.216755	3.997731	-0.999955	0.000000
4.245305	1.000104	6117.442019	4078.719219	-0.000000	0.000001	-51.553170	0.002000	1.216755	3.997731	-0.999955	0.000000
4.265305	1.000104	6117.442019	4078.719219	-0.000000	0.000001	-51.553170	0.002000	1.216755	3.997731	-0.999955	0.000000
4.285305	1.000104	6117.442019	4078.719219	-0.000000	-0.000000	-51.553170	0.002000	1.216755	3.997731	-0.999955	0.000000
4.305305	1.000104	6117.442019	4078.719219	-0.000000	-0.000002	-51.553170	0.002000	1.216755	3.997731	-0.999955	0.000000
4.325305	1.000104	6117.442019	4078.719219	0.000000	-0.000001	-51.553170	0.002000	1.216755	3.997731	-0.999955	0.000000
4.345305	1.000104	6117.442019	4078.719219	0.000000	0.000001	-51.553170	0.002000	1.216755	3.997731	-0.999955	0.000000
4.365305	1.000104	6117.442019	4078.719219	-0.000000	0.000001	-51.553170	0.002000	1.216755	3.997731	-0.999955	0.000000
4.385305	1.000104	6117.442019	4078.719219	-0.000000	-0.000001	-51.553170	0.002000	1.216755	3.997731	-0.999955	0.000000
4.405305	1.000104	6117.442019	4078.719219	0.000000	-0.000001	-51.553170	0.002000	1.216755	3.997731	-0.999955	0.000000
4.425305	1.000104	6117.442019	4078.719219	0.000000	0.000002	-51.553170	0.002000	1.216755	3.997731	-0.999955	0.000000
4.445305	1.000104	6117.442019	4078.719219	-0.000000	0.000001	-51.553170	0.002000	1.216755	3.997731	-0.999955	0.000000
4.465305	1.000104	6117.442019	4078.719219	-0.000000	-0.000001	-51.553170	0.002000	1.216755	3.997731	-0.999955	0.000000
4.485305	1.000104	6117.442019	4078.719219	0.000000	-0.000000	-51.553170	0.002000	1.216755	3.997731	-0.999955	0.000000
4.505305	1.000104	6117.442019	4078.719219	0.000000	-0.000000	-51.553170	0.002000	1.216755	3.997731	-0.999955	0.000000
4.525305	1.000104	6117.442019	4078.719219	0.000000	0.000000	-51.553170	0.002000	1.216755	3.997731	-0.999955	0.000000
4.545305	1.000104	6117.442019	4078.719219	-0.000000	0.000001	-51.553170	0.002000	1.216755	3.997731	-0.999955	0.000000
4.565305	1.000104	6117.442019	4078.719219	-0.000000	-0.000001	-51.553170	0.002000	1.216755	3.997731	-0.999955	0.000000
4.585305	1.000104	6117.442019	4078.719219	0.000000	-0.000002	-51.553170	0.002000	1.216755	3.997731	-0.999955	0.000000
4.605305	1.000104	6117.442019	4078.719219	-0.000000	0.000000	-51.553170	0.002000	1.216755	3.997731	-0.999955	0.000000
4.625305	1.000104	6117.442019	4078.719219	-0.000000	-0.000002	-51.553170	0.002000	1.216755	3.997731	-0.999955	0.000000
4.645305	1.000104	6117.442019	4078.719219	0.000000	-0.000022	-51.553170	0.002000	1.216755	3.997731	-0.999955	0.000000
4.665305	1.000104	6117.442019	4078.719219	0.000001	-0.000089	-51.553170	0.002000	1.216755	3.997731	-0.999955	0.000000
4.685305	1.000104	6117.442019	4078.719219	0.000004	-0.000301	-51.553170	0.002000	1.216755	3.997731	-0.999955	0.000000
4.705305	1.000104	6117.442019	4078.719219	0.000011	-0.000929	-51.553170	0.002000	1.216755	3.997731	-0.999955	0.000000
4.725305	1.000104	6117.442019	4078.719219	0.000034	-0.002692	-51.553170	0.002000	1.216755	3.997731	-0.999955	0.000000
4.745305	1.000104	6117.442019	4078.719219	0.000098	-0.007499	-51.553170	0.002000	1.216755	3.997731	-0.999955	0.000000
4.765305	1.000104	6117.442019	4078.719219	0.000268	-0.020199	-51.553170	0.002000	1.216755	3.997731	-0.999955	0.000000
4.785305	1.000104	6117.442019	4078.719219	0.000715	-0.052786	-51.553170	0.002000	1.216755	3.997731	-0.999955	0.000000
4.805305	1.000104	6117.442017	4078.719217	0.001848	-0.134210	-51.553170	0.002000	1.216755	3.997731	-0.999955	0.000000
4.825305	1.000104	6117.442014	4078.719214	0.004653	-0.332769	-51.553170	0.002000	1.216755	3.997731	-0.999955	0.000000
4.845305	1.000104	6117.442006	4078.719205	0.011428	-0.805756	-51.553170	0.002000	1.216755	3.997731	-0.999955	0.000000
4.865305	1.000104	6117.441987	4078.719182	0.027417	-1.907019	-51.553170	0.002000	1.216755	3.997731	-0.999955	0.000000
4.885305	1.000104	6117.441942	4078.719129	0.064297	-4.414481	-51.553170	0.002000	1.216755	3.997731	-0.999955	0.000000
4.905305	1.000104	6117.441837	4078.719005	0.147480	-9.998454	-51.553170	0.002000	1.216755	3.997731	-0.999955	0.000000
4.925305	1.000104	6117.441598	4078.718721	0.330909	-22.165864	-51.553169	0.002000	1.216755	3.997731	-0.999955	0.000000
4.945305	1.000104	6117.441068	4078.718085	0.726537	-48.072070	-51.553168	0.002000	1.216755	3.997730	-0.999955	0.000000
4.965305	1.000104	6117.439918	4078.716692	1.560601	-102.012853	-51.553166	0.002000	1.216755	3.997730	-0.999955	0.000000
4.985305	1.000103	6117.437474	4078.713707	3.278992	-211.773466	-51.553161	0.002000	1.216755	3.997730	-0.999955	0.000000
5.005305	1.000103	6117.432394	4078.707447	6.737262	-429.935669	-51.553151	0.002000	1.216755	3.997730	-0.999956	0.000000
5.025305	1.000101	6117.422070	4078.694609	13.531901	-853.243345	-51.553131	0.002000	1.216755	3.997729	-0.999956	0.000000
5.045305	1.000098	6117.401559	4078.668873	26.556172	-1654.497889	-51.553089	0.002000	1.216755	3.997728	-0.999958	0.000000
5.065305	1.000092	6117.361748	4078.618457	50.893891	-3132.819642	-51.553008	0.002000	1.216755	3.997725	-0.999960	0.000000
5.085305	1.000081	6117.286298	4078.521998	95.188865	-5788.941468	-51.552852	0.002000	1.216755	3.997720	-0.999965	0.000000
5.105306	1.000059	6117.146763	4078.341869	173.627944	-10431.437493	-51.552559	0.002000	1.216755	3.997710	-0.999974	0.000000
5.125307	1.000018	6116.895130	4078.013773	308.621813	-18315.839325	-51.552026	0.002000	1.216755	3.997692	-0.999992	0.000000
5.145309	0.999946	6116.452977	4077.431317	534.119971	-31309.535546	-51.551076	0.002000	1.216755	3.997661	-1.000023	0.000000
5.165313	0.999821	6115.696592	4076.424341	899.217559	-52059.694849	-51.549432	0.002000	1.216755	3.997608	-1.000077	0.000000
5.185320	0.999607	6114.437936	4074.730420	1471.292902	-84119.657285	-51.546661	0.002001	1.216755	3.997519	-1.000169	0.000000
5.205333	0.999255	6112.402337	4071.960279	2337.418857	-131965.763332	-51.542124	0.002001	1.216755	3.997376	-1.000321	0.000000
5.225354	0.998689	6109.205360	4067.560191	3602.395102	-200821.739580	-51.534909	0.002003	1.216755	3.997150	-1.000564	0.000000
5.245388	0.997808	6104.333123	4060.777367	5381.747914	-296216.968266	-51.523773	0.002004	1.216755	3.996806	-1.000945	0.000000
5.265444	0.996476	6097.131914	4050.637499	7788.774926	-423253.495162	-51.507105	0.002007	1.216755	3.996296	-1.001521	0.000000
5.285532	0.994525	6086.813422	4035.945385	10916.334432	-585647.497597	-51.482918	0.002011	1.216755	3.995565	-1.002368	0.000000
5.305666	0.991752	6072.480324	4015.318667	14816.317051	-784724.629136	-51.448891	0.002017	1.216755	3.994546	-1.003574	0.000000
5.325865	0.987932	6053.173052	3987.259699	19481.765307	-1018634.692117	-51.402473	0.002024	1.216755	3.993168	-1.005242	0.000000
5.346154	0.982828	6027.933099	3950.261974	24837.243676	-1282050.423184	-51.341018	0.002035	1.216755	3.991360	-1.007483	0.000000
5.366564	0.976207	5995.872868	3902.937403	30741.368990	-1566520.672220	-51.261964	0.002049	1.216755	3.989051	-1.010408	0.000000
5.387129	0.967858	5956.239277	3844.143077	37002.082492	-1861419.472921	-51.162991	0.002066	1.216755	3.986179	-1.014127	0.000000
5.407891	0.957606	5908.459132	3773.084100	43401.184203	-2155241.849304	-51.042154	0.002089	1.216755	3.982688	-1.018740	0.000000
5.428900	0.945326	5852.159815	3689.375057	49720.088627	-2437129.186755	-50.897946	0.002116	1.216755	3.978538	-1.024333	0.000000
5.450206	0.930944	5787.163879	3593.052122	55764.993236	-2697726.782529	-50.729308	0.002148	1.216755	3.973695	-1.030980	0.000000
5.471869	0.914436	5713.462185	3484.539414	61381.088910	-2930009.848153	-50.535569	0.002187	1.216755	3.968135	-1.038738	0.000000
5.493954	0.895824	5631.174163	3364.583022	66459.284407	-3129416.149334	-50.316357	0.002233	1.216755	3.961841	-1.047658	0.000000
5.516529	0.875160	5540.504611	3234.167882	70935.071805	-3293653.867277	-50.071481	0.002285	1.216755	3.954797	-1.057783	0.000000
5.539671	0.852524	5441.701796	3094.433412	74782.061784	-3422281.504833	-49.800814	0.002346	1.216755	3.946988	-1.069155	0.000000
5.563464	0.828003	5335.026270	2946.600124	78003.701805	-3516215.780153	-49.504174	0.002415	1.216755	3.938394	-1.081821	0.000000
5.588002	0.801691	5220.721728	2791.910888	80624.118791	-3577235.153316	-49.181223	0.002495	1.216755	3.928992	-1.095839	0.000000
5.613387	0.773679	5098.986121	2631.594798	82680.028571	-3607721.280442	-48.831367	0.002585	1.216755	3.918748	-1.111278	0.000000
5.639739	0.744060	4969.909005	2466.829755	84214.731689	-3610418.542179	-48.453695	0.002688	1.216755	3.907616	-1.128225	0.000000
5.667193	0.712932	4833.316724	2298.710509	85270.451064	-3588702.008749	-48.046893	0.002805	1.216755	3.895515	-1.146779	0.000000
5.695905	0.680410	4688.511198	2128.154684	85888.318641	-3546584.827485	-47.609248	0.002939	1.216755	3.882307	-1.167052	0.000000
5.726056	0.646629	4533.754398	1955.764689	86098.031024	-3488750.271920	-47.138613	0.003093	1.216755	3.867732	-1.189163	0.000000
5.757859	0.611691	4365.924094	1781.628106	85927.377224	-3419630.868443	-46.632319	0.003270	1.216755	3.851352	-1.213283	0.000000
5.791569	0.575562	4180.401210	1605.179439	85392.415030	-3339828.946604	-46.087056	0.003475	1.216755	3.832496	-1.239721	0.000000
5.827507	0.537833	3973.218652	1425.634947	84513.233160	-3243572.736017	-45.497472	0.003719	1.216755	3.810423	-1.269163	0.000000
5.866136	0.497464	3745.322431	1243.012145	83328.700720	-3113096.278107	-44.855004	0.004020	1.216755	3.784772	-1.303045	0.000000
5.908192	0.452927	3509.114766	1060.364052	81850.329496	-2933271.493897	-44.141903	0.004416	1.216755	3.756481	-1.343774	0.000000
5.954905	0.402497	3290.412297	883.578793	80185.899374	-2697468.353835	-43.329092	0.004969	1.216755	3.728531	-1.395034	0.000000
6.008460	0.345781	3124.094898	720.708462	78225.613050	-2430842.360183	-42.361762	0.005784	1.216755	3.705999	-1.460988	0.000000
6.072420	0.283327	3047.243115	576.008351	76289.985600	-2159033.143751	-41.150302	0.007059	1.216755	3.695172	-1.547491	0.000000
6.153812	0.218684	3093.196819	451.293513	73902.267014	-1916955.036624	-39.530439	0.009146	1.216755	3.701659	-1.659948	0.000000
6.264698	0.148394	3307.624731	327.466019	72869.721181	-1665194.643452	-37.126927	0.013478	1.216755	3.730751	-1.828333	0.000000
6.468982	0.083268	4433.282848	246.273542	70735.477144	-1288709.014910	-32.340513	0.024019	1.216755	3.857929	-2.079259	0.000000
-0.002975	3.364027	102585.261740	230067.021596	8.302140	0.000000	0.000746	0.000595	0.000000	5.222249	-0.473143	0.000000
-0.008919	3.370952	102354.997484	230022.725633	23.853249	0.000000	0.002171	0.000593	0.000000	5.221273	-0.472250	0.000000
-0.014844	3.384407	101910.658224	229938.208604	36.394292	0.000000	0.003401	0.000591	0.000000	5.219383	-0.470520	0.000000
-0.020741	3.403656	101282.670334	229821.009630	44.402440	0.000000	0.004330	0.000588	0.000000	5.216697	-0.468056	0.000000
-0.026599	3.427656	100512.403355	229681.335639	46.989138	0.000000	0.004889	0.000583	0.000000	5.213381	-0.465004	0.000000
-0.032413	3.455125	99648.072030	229530.967877	44.015042	0.000000	0.005046	0.000579	0.000000	5.209629	-0.461536	0.000000
-0.038179	3.484635	98740.089252	229382.007472	36.083059	0.000000	0.004815	0.000574	0.000000	5.205653	-0.457842	0.000000
-0.043894	3.514719	97836.753631	229245.649296	24.428961	0.000000	0.004245	0.000569	0.000000	5.201661	-0.454108	0.000000
-0.049561	3.543977	96980.573610	229131.123363	10.722371	0.000000	0.003416	0.000564	0.000000	5.197843	-0.450507	0.000000
-0.055182	3.571180	96205.623793	229044.920217	-3.183710	0.000000	0.002425	0.000560	0.000000	5.194359	-0.447186	0.000000
-0.060762	3.595355	95535.994368	228990.372510	-15.519496	0.000000	0.001377	0.000556	0.000000	5.191325	-0.444256	0.000000
-0.066308	3.615838	94985.344178	228967.617389	-24.840397	0.000000	0.000370	0.000553	0.000000	5.188815	-0.441789	0.000000
-0.071825	3.632301	94557.405421	228973.915063	-30.211541	0.000000	-0.000512	0.000551	0.000000	5.186854	-0.439817	0.000000
-0.077320	3.644737	94247.260348	229004.256555	-31.308821	0.000000	-0.001210	0.000549	0.000000	5.185428	-0.438333	0.000000
-0.082800	3.653410	94043.156510	229052.161553	-28.424066	0.000000	-0.001690	0.000547	0.000000	5.184487	-0.437301	0.000000
-0.088269	3.658797	93928.628979	229110.550484	-22.375950	0.000000	-0.001944	0.000547	0.000000	5.183958	-0.436662	0.000000
-0.093733	3.661500	93884.693916	229172.574673	-14.344200	0.000000	-0.001991	0.000546	0.000000	5.183756	-0.436341	0.000000
