0.002975	3.364092	102583.016051	230066.437468	8.282005	-2212549.233243	-0.000745	0.000595	1.216755	5.222239	-0.473134	0.000000
0.008919	3.371011	102352.961108	230022.206195	23.795530	-2006365.481352	-0.002168	0.000593	1.216755	5.221264	-0.472242	0.000000
0.014844	3.384455	101909.014977	229937.810280	36.306761	-1619108.136007	-0.003396	0.000591	1.216755	5.219376	-0.470513	0.000000
0.020741	3.403690	101281.557303	229820.773717	44.296937	-1096803.409412	-0.004325	0.000588	1.216755	5.216693	-0.468052	0.000000
0.026599	3.427673	100511.896619	229681.283419	46.880039	-499539.398062	-0.004883	0.000583	1.216755	5.213379	-0.465002	0.000000
0.032413	3.455123	99648.180934	229531.098395	43.917251	106955.479310	-0.005041	0.000579	1.216755	5.209630	-0.461537	0.000000
0.038178	3.484616	98740.759609	229382.298292	36.009826	660101.193128	-0.004811	0.000574	1.216755	5.205656	-0.457845	0.000000
0.043894	3.514685	97837.878504	229246.060081	24.389815	1107939.994913	-0.004242	0.000569	1.216755	5.201666	-0.454112	0.000000
0.049560	3.543932	96982.009568	229131.601732	10.721527	1414515.947678	-0.003415	0.000564	1.216755	5.197850	-0.450513	0.000000
0.055182	3.571129	96207.209941	229045.408994	-3.148126	1562618.849763	-0.002425	0.000560	1.216755	5.194366	-0.447193	0.000000
0.060762	3.595302	95537.571563	228990.817313	-15.455216	1553959.477356	-0.001379	0.000556	1.216755	5.191333	-0.444263	0.000000
0.066308	3.615789	94986.772107	228967.973459	-24.759731	1407070.597172	-0.000373	0.000553	1.216755	5.188822	-0.441795	0.000000
0.071825	3.632260	94558.575791	228974.152375	-30.129234	1153474.586005	0.000508	0.000551	1.216755	5.186860	-0.439822	0.000000
0.077320	3.644706	94248.105029	229004.362536	-31.239437	832717.448888	0.001206	0.000549	1.216755	5.185432	-0.438337	0.000000
0.082800	3.653391	94043.650152	229052.141130	-28.379400	486930.877879	0.001686	0.000547	1.216755	5.184489	-0.437303	0.000000
0.088269	3.658789	93928.786299	229110.423626	-22.363012	155579.093135	0.001941	0.000547	1.216755	5.183959	-0.436663	0.000000
0.093733	3.661501	93884.562477	229172.371986	-14.364170	-128979.056983	0.001989	0.000546	1.216755	5.183755	-0.436341	0.000000
0.099194	3.662182	93891.551168	229232.062121	-5.705996	-344588.989585	0.001864	0.000546	1.216755	5.183788	-0.436261	0.000000
0.104656	3.661466	93931.578618	229284.960700	2.357453	-480720.492070	0.001614	0.000546	1.216755	5.183973	-0.436346	0.000000
0.110120	3.659919	93989.009185	229328.158940	8.828150	-538131.894460	0.001291	0.000546	1.216755	5.184239	-0.436529	0.000000
0.115586	3.658000	94051.520144	229360.369673	13.088622	-526988.895203	0.000942	0.000547	1.216755	5.184527	-0.436757	0.000000
0.121056	3.656053	94110.372570	229381.727125	14.947182	-463899.728816	0.000609	0.000547	1.216755	5.184799	-0.436988	0.000000
0.126528	3.654304	94160.245160	229393.451422	14.604219	-368477.318714	0.000321	0.000547	1.216755	5.185029	-0.437196	0.000000
0.132003	3.652874	94198.742927	229397.449106	12.555702	-260053.856937	0.000096	0.000548	1.216755	5.185206	-0.437366	0.000000
0.137480	3.651805	94225.714037	229395.917301	9.460707	-155058.869716	-0.000060	0.000548	1.216755	5.185330	-0.437493	0.000000
0.142958	3.651076	94242.505859	229391.005313	6.003272	-65370.148210	-0.000152	0.000548	1.216755	5.185408	-0.437579	0.000000
0.148437	3.650634	94251.269358	229384.567565	2.775312	2283.825033	-0.000190	0.000548	1.216755	5.185448	-0.437632	0.000000
0.153916	3.650409	94254.387320	229378.020546	0.198608	45994.899498	-0.000187	0.000548	1.216755	5.185462	-0.437659	0.000000
0.159396	3.650330	94254.064658	229372.297756	-1.507173	67682.996757	-0.000159	0.000548	1.216755	5.185461	-0.437668	0.000000
0.164875	3.650337	94252.085548	229367.883210	-2.313903	71762.024071	-0.000119	0.000548	1.216755	5.185452	-0.437667	0.000000
0.170355	3.650381	94249.716897	229364.896957	-2.343017	63769.927964	-0.000077	0.000548	1.216755	5.185441	-0.437662	0.000000
0.175834	3.650431	94247.722662	229363.205109	-1.807062	49200.047243	-0.000039	0.000548	1.216755	5.185431	-0.437656	0.000000
0.181313	3.650470	94246.448431	229362.530633	-0.949602	32675.101124	-0.000011	0.000548	1.216755	5.185426	-0.437651	0.000000
0.186793	3.650490	94245.938401	229362.547872	0.004843	17507.412690	0.000009	0.000548	1.216755	5.185423	-0.437649	0.000000
0.192272	3.650492	94246.054719	229362.951429	0.883975	5608.570097	0.000019	0.000548	1.216755	5.185424	-0.437649	0.000000
0.197751	3.650480	94246.579256	229363.497093	1.582189	-2340.317221	0.000023	0.000548	1.216755	5.185426	-0.437650	0.000000
0.203231	3.650461	94247.287834	229364.017832	2.058721	-6567.686475	0.000022	0.000548	1.216755	5.185430	-0.437653	0.000000
0.208710	3.650440	94247.995155	229364.421030	2.324477	-7844.182716	0.000018	0.000548	1.216755	5.185433	-0.437655	0.000000
0.214189	3.650421	94248.574278	229364.674246	2.423373	-7149.365993	0.000014	0.000548	1.216755	5.185435	-0.437657	0.000000
0.219669	3.650408	94248.957439	229364.786194	2.413447	-5420.896229	0.000010	0.000548	1.216755	5.185437	-0.437659	0.000000
0.225148	3.650402	94249.125645	229364.788079	2.351489	-3403.247456	0.000007	0.000548	1.216755	5.185438	-0.437660	0.000000
0.230628	3.650402	94249.093558	229364.718479	2.283059	-1588.408003	0.000005	0.000548	1.216755	5.185438	-0.437660	0.000000
0.236107	3.650408	94248.894414	229364.613103	2.238070	-226.070008	0.000004	0.000548	1.216755	5.185437	-0.437659	0.000000
0.241586	3.650419	94248.567800	229364.499355	2.230933	624.590572	0.000004	0.000548	1.216755	5.185435	-0.437657	0.000000
0.247066	3.650433	94248.151366	229364.394756	2.263655	1027.377963	0.000004	0.000548	1.216755	5.185434	-0.437656	0.000000
0.252545	3.650450	94247.676379	229364.307928	2.330220	1105.080138	0.000005	0.000548	1.216755	5.185431	-0.437654	0.000000
0.258025	3.650469	94247.166300	229364.240860	2.420894	990.247410	0.000005	0.000548	1.216755	5.185429	-0.437652	0.000000
0.263504	3.650489	94246.637318	229364.191470	2.525607	794.622525	0.000005	0.000548	1.216755	5.185427	-0.437649	0.000000
0.268983	3.650509	94246.099884	229364.155837	2.636079	595.756069	0.000006	0.000548	1.216755	5.185424	-0.437647	0.000000
0.274462	3.650529	94245.560477	229364.129775	2.746715	436.383393	0.000006	0.000548	1.216755	5.185422	-0.437644	0.000000
0.279942	3.650550	94245.023152	229364.109752	2.854585	331.284939	0.000006	0.000548	1.216755	5.185419	-0.437642	0.000000
0.285421	3.650570	94244.490679	229364.093234	2.958853	276.975682	0.000006	0.000548	1.216755	5.185417	-0.437639	0.000000
0.290900	3.650590	94243.965234	229364.078667	3.060002	260.928711	0.000006	0.000548	1.216755	5.185414	-0.437637	0.000000
0.296379	3.650610	94243.448737	229364.065257	3.159113	268.552820	0.000005	0.000548	1.216755	5.185412	-0.437635	0.000000
0.301858	3.650630	94242.942954	229364.052696	3.257324	287.410018	0.000005	0.000548	1.216755	5.185410	-0.437632	0.000000
0.307337	3.650649	94242.449480	229364.040918	3.355519	308.990289	0.000005	0.000548	1.216755	5.185407	-0.437630	0.000000
0.312816	3.650667	94241.969678	229364.029932	3.454217	328.763302	0.000005	0.000548	1.216755	5.185405	-0.437628	0.000000
0.318295	3.650685	94241.504634	229364.019725	3.553592	345.292143	0.000004	0.000548	1.216755	5.185403	-0.437626	0.000000
0.323774	3.650702	94241.055148	229364.010228	3.653567	359.047429	0.000004	0.000548	1.216755	5.185401	-0.437624	0.000000
0.329253	3.650719	94240.621748	229364.001322	3.753938	371.339782	0.000004	0.000548	1.216755	5.185399	-0.437622	0.000000
0.334732	3.650735	94240.204735	229363.992860	3.854459	383.560995	0.000003	0.000548	1.216755	5.185397	-0.437620	0.000000
0.340211	3.650750	94239.804234	229363.984696	3.954921	396.766598	0.000003	0.000548	1.216755	5.185395	-0.437618	0.000000
0.345690	3.650765	94239.420239	229363.976701	4.055182	411.539349	0.000002	0.000548	1.216755	5.185393	-0.437616	0.000000
0.351169	3.650779	94239.052661	229363.968778	4.155172	428.026844	0.000002	0.000548	1.216755	5.185392	-0.437615	0.000000
0.356648	3.650792	94238.701348	229363.960865	4.254886	446.059406	0.000001	0.000548	1.216755	5.185390	-0.437613	0.000000
0.362126	3.650805	94238.366105	229363.952931	4.354381	465.283177	0.000001	0.000548	1.216755	5.185388	-0.437612	0.000000
0.367605	3.650818	94238.046701	229363.944968	4.453738	485.269353	0.000000	0.000548	1.216755	5.185387	-0.437610	0.000000
0.373084	3.650829	94237.742863	229363.936985	4.553062	505.587175	-0.000000	0.000548	1.216755	5.185386	-0.437609	0.000000
0.378563	3.650840	94237.454272	229363.928996	4.652477	525.850535	-0.000001	0.000548	1.216755	5.185384	-0.437607	0.000000
0.384042	3.650851	94237.180557	229363.921012	4.752112	545.747001	-0.000001	0.000548	1.216755	5.185383	-0.437606	0.000000
0.389520	3.650861	94236.921287	229363.913036	4.852099	565.060514	-0.000002	0.000548	1.216755	5.185382	-0.437605	0.000000
0.394999	3.650870	94236.675965	229363.905057	4.952573	583.692663	-0.000003	0.000548	1.216755	5.185381	-0.437604	0.000000
0.400478	3.650879	94236.444036	229363.897046	5.053676	601.679471	-0.000003	0.000548	1.216755	5.185380	-0.437603	0.000000
0.405956	3.650887	94236.224890	229363.888959	5.155536	619.194783	-0.000004	0.000548	1.216755	5.185379	-0.437602	0.000000
0.411435	3.650895	94236.017876	229363.880738	5.258270	636.530942	-0.000005	0.000548	1.216755	5.185378	-0.437601	0.000000
0.416914	3.650903	94235.822321	229363.872318	5.361986	654.061037	-0.000005	0.000548	1.216755	5.185377	-0.437600	0.000000
0.422392	3.650910	94235.637548	229363.863634	5.466764	672.177530	-0.000006	0.000548	1.216755	5.185376	-0.437599	0.000000
0.427871	3.650916	94235.462897	229363.854626	5.572659	691.220631	-0.000007	0.000548	1.216755	5.185375	-0.437598	0.000000
0.433350	3.650923	94235.297748	229363.845250	5.679705	711.416823	-0.000008	0.000548	1.216755	5.185374	-0.437598	0.000000
0.438828	3.650928	94235.141526	229363.835479	5.787922	732.838388	-0.000009	0.000548	1.216755	5.185374	-0.437597	0.000000
0.444307	3.650934	94234.993717	229363.825307	5.897318	755.395098	-0.000009	0.000548	1.216755	5.185373	-0.437596	0.000000
0.449786	3.650939	94234.853862	229363.814743	6.007889	778.862864	-0.000010	0.000548	1.216755	5.185372	-0.437596	0.000000
0.455264	3.650944	94234.721554	229363.803812	6.119626	802.935545	-0.000011	0.000548	1.216755	5.185372	-0.437595	0.000000
0.460743	3.650949	94234.596430	229363.792546	6.232525	827.292830	-0.000012	0.000548	1.216755	5.185371	-0.437594	0.000000
0.466221	3.650953	94234.478155	229363.780975	6.346574	851.664181	-0.000013	0.000548	1.216755	5.185371	-0.437594	0.000000
0.471700	3.650957	94234.366413	229363.769128	6.461754	875.869830	-0.000014	0.000548	1.216755	5.185370	-0.437593	0.000000
0.477179	3.650961	94234.260897	229363.757024	6.578046	899.839164	-0.000015	0.000548	1.216755	5.185370	-0.437593	0.000000
0.482657	3.650965	94234.161304	229363.744671	6.695407	923.600049	-0.000016	0.000548	1.216755	5.185369	-0.437593	0.000000
0.488136	3.650968	94234.067327	229363.732072	6.813791	947.249118	-0.000017	0.000548	1.216755	5.185369	-0.437592	0.000000
0.493614	3.650972	94233.978662	229363.719219	6.933153	970.915985	-0.000018	0.000548	1.216755	5.185368	-0.437592	0.000000
0.499093	3.650975	94233.895005	229363.706102	7.053404	994.723170	-0.000019	0.000548	1.216755	5.185368	-0.437591	0.000000
0.504571	3.650978	94233.816058	229363.692711	7.174491	1018.764411	-0.000020	0.000548	1.216755	5.185367	-0.437591	0.000000
0.510050	3.650980	94233.741532	229363.679034	7.296394	1043.100139	-0.000022	0.000548	1.216755	5.185367	-0.437591	0.000000
0.515528	3.650983	94233.671150	229363.665063	7.418937	1067.734786	-0.000023	0.000548	1.216755	5.185367	-0.437590	0.000000
0.521007	3.650985	94233.604649	229363.650793	7.542109	1092.642847	-0.000024	0.000548	1.216755	5.185366	-0.437590	0.000000
0.526486	3.650987	94233.541783	229363.636219	7.666079	1117.818317	-0.000025	0.000548	1.216755	5.185366	-0.437590	0.000000
0.531964	3.650989	94233.482320	229363.621341	7.790298	1143.185135	-0.000027	0.000548	1.216755	5.185366	-0.437590	0.000000
0.537443	3.650991	94233.426044	229363.606162	7.914872	1168.664280	-0.000028	0.000548	1.216755	5.185366	-0.437589	0.000000
0.542921	3.650993	94233.372755	229363.590680	8.040861	1194.364604	-0.000029	0.000548	1.216755	5.185365	-0.437589	0.000000
0.548400	3.650995	94233.322266	229363.574899	8.165964	1220.125035	-0.000031	0.000548	1.216755	5.185365	-0.437589	0.000000
0.553878	3.650996	94233.274403	229363.558824	8.290648	1245.739097	-0.000032	0.000548	1.216755	5.185365	-0.437589	0.000000
0.559357	3.650998	94233.229005	229363.542451	8.420251	1271.865126	-0.000033	0.000548	1.216755	5.185365	-0.437589	0.000000
0.564835	3.650999	94233.185919	229363.525784	8.544478	1297.919124	-0.000035	0.000548	1.216755	5.185365	-0.437588	0.000000
0.570314	3.651001	94233.145010	229363.508843	8.664784	1322.941364	-0.000036	0.000548	1.216755	5.185364	-0.437588	0.000000
0.575792	3.651002	94233.106145	229363.491598	8.807174	1350.060021	-0.000038	0.000548	1.216755	5.185364	-0.437588	0.000000
0.581271	3.651003	94233.069198	229363.474053	8.925138	1376.838933	-0.000039	0.000548	1.216755	5.185364	-0.437588	0.000000
0.586749	3.651004	94233.034068	229363.456296	9.021332	1398.478508	-0.000041	0.000548	1.216755	5.185364	-0.437588	0.000000
0.592228	3.651005	94233.000649	229363.438182	9.221032	1429.546701	-0.000042	0.000548	1.216755	5.185364	-0.437588	0.000000
0.597706	3.651006	94232.968810	229363.419706	9.314136	1459.876425	-0.000044	0.000548	1.216755	5.185364	-0.437588	0.000000
0.603185	3.651007	94232.938518	229363.401276	9.292859	1465.518933	-0.000046	0.000548	1.216755	5.185363	-0.437588	0.000000
0.608663	3.651008	94232.909686	229363.382229	9.757564	1514.015114	-0.000047	0.000548	1.216755	5.185363	-0.437587	0.000000
0.614142	3.651008	94232.882071	229363.362451	9.761655	1563.468605	-0.000049	0.000548	1.216755	5.185363	-0.437587	0.000000
0.619620	3.651009	94232.855864	229363.343871	9.174790	1495.049318	-0.000051	0.000548	1.216755	5.185363	-0.437587	0.000000
0.625099	3.651010	94232.831006	229363.323469	10.864293	1620.924100	-0.000053	0.000548	1.216755	5.185363	-0.437587	0.000000
0.630577	3.651010	94232.806654	229363.300357	10.581575	1771.662018	-0.000055	0.000548	1.216755	5.185363	-0.437587	0.000000
0.636056	3.651011	94232.783928	229363.283620	7.285171	1361.243993	-0.000056	0.000548	1.216755	5.185363	-0.437587	0.000000
0.641534	3.651011	94232.762940	229363.259559	14.629264	1828.768543	-0.000058	0.000548	1.216755	5.185363	-0.437587	0.000000
0.647013	3.651012	94232.739899	229363.222321	13.627885	2507.132996	-0.000063	0.000548	1.216755	5.185363	-0.437587	0.000000
0.652491	3.651012	94232.720030	229363.214474	-2.564652	523.928668	-0.000062	0.000548	1.216755	5.185362	-0.437587	0.000000
0.657970	3.651012	94232.704563	229363.173822	30.897711	2498.830845	-0.000063	0.000548	1.216755	5.185362	-0.437587	0.000000
0.663448	3.651012	94232.675592	229363.064742	29.581458	5906.617392	-0.000079	0.000548	1.216755	5.185362	-0.437587	0.000000
0.668927	3.651013	94232.656412	229363.085208	-47.518699	-3248.697383	-0.000071	0.000548	1.216755	5.185362	-0.437587	0.000000
0.674405	3.651011	94232.655149	229362.952104	106.795074	5423.285253	-0.000068	0.000548	1.216755	5.185362	-0.437587	0.000000
0.679884	3.651006	94232.586408	229362.457799	119.103937	22939.344366	-0.000139	0.000548	1.216755	5.185362	-0.437588	0.000000
0.685362	3.651007	94232.552534	229362.514697	-242.995737	-18515.282320	-0.000106	0.000548	1.216755	5.185362	-0.437587	0.000000
0.690841	3.650998	94232.601019	229361.826825	472.618675	20324.897999	-0.000090	0.000548	1.216755	5.185362	-0.437589	0.000000
0.696320	3.650967	94232.323963	229359.214660	625.245973	110886.577679	-0.000437	0.000548	1.216755	5.185360	-0.437592	0.000000
0.701798	3.650963	94232.165205	229358.832681	-1053.877423	-73661.462382	-0.000332	0.000548	1.216755	5.185360	-0.437593	0.000000
0.707277	3.650905	94232.385133	229354.692676	2286.934688	103825.236604	-0.000295	0.000548	1.216755	5.185361	-0.437601	0.000000
0.712755	3.650732	94231.032427	229340.189759	3496.511017	573903.363333	-0.002053	0.000548	1.216755	5.185354	-0.437622	0.000000
0.718235	3.650657	94229.999588	229333.926875	-4164.651077	-230091.969660	-0.001909	0.000548	1.216755	5.185350	-0.437630	0.000000
0.723713	3.650295	94230.649549	229307.848594	11583.201009	603080.846524	-0.002063	0.000548	1.216755	5.185352	-0.437681	0.000000
0.729194	3.649296	94223.619284	229225.211012	19897.175074	3060430.391320	-0.011167	0.000548	1.216755	5.185316	-0.437802	0.000000
0.734676	3.648587	94216.770026	229167.334747	-14281.364629	-327613.264358	-0.012624	0.000548	1.216755	5.185289	-0.437885	0.000000
0.740157	3.646328	94216.961734	229000.563469	60909.620536	3723764.890752	-0.015778	0.000548	1.216755	5.185284	-0.438196	0.000000
0.745646	3.640470	94178.950373	228520.504074	114707.837322	16799610.194288	-0.064023	0.000549	1.216755	5.185088	-0.438911	0.000000
0.751147	3.634935	94133.618193	228070.418483	-33065.285953	3492100.397736	-0.084006	0.000550	1.216755	5.184900	-0.439579	0.000000
0.756649	3.620920	94114.272814	227012.873529	329127.616173	24200015.464695	-0.115098	0.000552	1.216755	5.184778	-0.441476	0.000000
0.762189	3.586653	93896.508047	224209.265409	676826.663754	98331610.888989	-0.376913	0.000558	1.216755	5.183656	-0.445751	0.000000
0.767804	3.548764	93574.554510	221074.623615	60482.631592	59348533.542161	-0.556496	0.000564	1.216755	5.182225	-0.450435	0.000000
0.773452	3.471484	93299.327418	215001.284129	1709560.544201	181019088.287664	-0.784962	0.000576	1.216755	5.180754	-0.461061	0.000000
0.779304	3.295239	91824.005177	200036.821424	4176758.032667	705773961.349999	-2.213727	0.000607	1.216755	5.172987	-0.484625	0.000000
0.785621	3.115367	89000.313539	183459.323286	1006633.542747	750604957.847424	-3.626764	0.000642	1.216755	5.159312	-0.508520	0.000000
0.792161	2.913252	86115.281190	164674.995110	4411983.246802	1194299137.292825	-4.143972	0.000687	1.216755	5.144199	-0.540320	0.000000
0.799326	2.413448	77359.436088	118869.834559	24691502.765998	4572110878.477737	-9.877360	0.000829	1.216755	5.090906	-0.628583	0.000000
0.809359	1.754567	53475.851472	57360.686931	37691632.025705	8360256350.525087	-25.018261	0.001140	1.216755	4.915729	-0.769863	0.000000
0.823942	1.291880	25971.639048	20178.295137	24702063.534196	5946336340.738007	-40.070181	0.001548	1.216755	4.590663	-0.898526	0.000000
0.841891	1.087402	11139.073733	7473.473480	9846199.839701	2163805683.400805	-48.069352	0.001839	1.216755	4.228501	-0.967727	0.000000
0.861337	1.021335	6881.786374	4580.700468	2566171.630798	401086217.051317	-50.785772	0.001958	1.216755	4.040217	-0.992033	0.000000
0.881224	1.004419	6210.985926	4145.235437	495018.981046	49039659.400498	-51.417540	0.001991	1.216755	4.003160	-0.998359	0.000000
0.901205	1.000852	6129.842977	4088.161824	80878.656613	6199471.754089	-51.532671	0.001998	1.216755	3.998461	-0.999682	0.000000
0.921203	1.000216	6119.217750	4080.086646	11128.898428	873986.697815	-51.550530	0.002000	1.216755	3.997836	-0.999914	0.000000
0.941202	1.000119	6117.695574	4078.908586	1314.674682	127007.542678	-51.552876	0.002000	1.216755	3.997746	-0.999950	0.000000
0.961202	1.000106	6117.476318	4078.743587	134.633048	17723.911855	-51.553142	0.002000	1.216755	3.997733	-0.999954	0.000000
0.981202	1.000104	6117.446328	4078.722112	11.803875	2303.297211	-51.553168	0.002000	1.216755	3.997731	-0.999955	0.000000
1.001202	1.000104	6117.442520	4078.719537	0.880660	276.351053	-51.553170	0.002000	1.216755	3.997731	-0.999955	0.000000
1.021202	1.000104	6117.442073	4078.719252	0.061175	30.666383	-51.553170	0.002000	1.216755	3.997731	-0.999955	0.000000
1.041202	1.000104	6117.442025	4078.719223	0.006025	3.185579	-51.553170	0.002000	1.216755	3.997731	-0.999955	0.000000
1.061202	1.000104	6117.442020	4078.719220	0.001087	0.319472	-51.553170	0.002000	1.216755	3.997731	-0.999955	0.000000
1.081202	1.000104	6117.442019	4078.719220	0.000221	0.032844	-51.553170	0.002000	1.216755	3.997731	-0.999955	0.000000
1.101202	1.000104	6117.442019	4078.719220	0.000039	0.003733	-51.553170	0.002000	1.216755	3.997731	-0.999955	0.000000
1.121202	1.000104	6117.442019	4078.719219	0.000006	0.000483	-51.553170	0.002000	1.216755	3.997731	-0.999955	0.000000
1.141202	1.000104	6117.442019	4078.719219	0.000001	0.000068	-51.553170	0.002000	1.216755	3.997731	-0.999955	0.000000
1.161202	1.000104	6117.442019	4078.719219	0.000000	0.000008	-51.553170	0.002000	1.216755	3.997731	-0.999955	0.000000
1.181202	1.000104	6117.442019	4078.719219	0.000000	0.000002	-51.553170	0.002000	1.216755	3.997731	-0.999955	0.000000
1.201202	1.000104	6117.442019	4078.719219	-0.000000	0.000001	-51.553170	0.002000	1.216755	3.997731	-0.999955	0.000000
1.221202	1.000104	6117.442019	4078.719219	-0.000000	0.000000	-51.553170	0.002000	1.216755	3.997731	-0.999955	0.000000
1.241202	1.000104	6117.442019	4078.719219	0.000000	-0.000000	-51.553170	0.002000	1.216755	3.997731	-0.999955	0.000000
1.261202	1.000104	6117.442019	4078.719219	-0.000000	0.000001	-51.553170	0.002000	1.216755	3.997731	-0.999955	0.000000
1.281202	1.000104	6117.442019	4078.719219	-0.000000	-0.000001	-51.553170	0.002000	1.216755	3.997731	-0.999955	0.000000
1.301202	1.000104	6117.442019	4078.719219	0.000000	-0.000000	-51.553170	0.002000	1.216755	3.997731	-0.999955	0.000000
1.321202	1.000104	6117.442019	4078.719219	-0.000000	0.000001	-51.553170	0.002000	1.216755	3.997731	-0.999955	0.000000
1.341202	1.000104	6117.442019	4078.719219	-0.000000	-0.000001	-51.553170	0.002000	1.216755	3.997731	-0.999955	0.000000
1.361202	1.000104	6117.442019	4078.719219	0.000000	0.000001	-51.553170	0.002000	1.216755	3.997731	-0.999955	0.000000
1.381202	1.000104	6117.442019	4078.719219	-0.000000	0.000001	-51.553170	0.002000	1.216755	3.997731	-0.999955	0.000000
1.401202	1.000104	6117.442019	4078.719219	-0.000000	0.000000	-51.553170	0.002000	1.216755	3.997731	-0.999955	0.000000
1.421202	1.000104	6117.442019	4078.719219	-0.000000	-0.000001	-51.553170	0.002000	1.216755	3.997731	-0.999955	0.000000
1.441202	1.000104	6117.442019	4078.719219	0.000000	-0.000001	-51.553170	0.002000	1.216755	3.997731	-0.999955	0.000000
1.461202	1.000104	6117.442019	4078.719219	0.000000	-0.000000	-51.553170	0.002000	1.216755	3.997731	-0.999955	0.000000
1.481202	1.000104	6117.442019	4078.719219	-0.000000	0.000001	-51.553170	0.002000	1.216755	3.997731	-0.999955	0.000000
1.501202	1.000104	6117.442019	4078.719219	-0.000000	-0.000001	-51.553170	0.002000	1.216755	3.997731	-0.999955	0.000000
1.521202	1.000104	6117.442019	4078.719219	0.000000	-0.000001	-51.553170	0.002000	1.216755	3.997731	-0.999955	0.000000
1.541202	1.000104	6117.442019	4078.719219	0.000000	0.000001	-51.553170	0.002000	1.216755	3.997731	-0.999955	0.000000
1.561202	1.000104	6117.442019	4078.719219	0.000000	-0.000001	-51.553170	0.002000	1.216755	3.997731	-0.999955	0.000000
1.581202	1.000104	6117.442019	4078.719219	0.000000	0.000001	-51.553170	0.002000	1.216755	3.997731	-0.999955	0.000000
1.601202	1.000104	6117.442019	4078.719219	-0.000000	0.000001	-51.553170	0.002000	1.216755	3.997731	-0.999955	0.000000
1.621202	1.000104	6117.442019	4078.719219	-0.000000	-0.000001	-51.553170	0.002000	1.216755	3.997731	-0.999955	0.000000
1.641202	1.000104	6117.442019	4078.719219	0.000000	-0.000001	-51.553170	0.002000	1.216755	3.997731	-0.999955	0.000000
1.661202	1.000104	6117.442019	4078.719219	0.000000	0.000000	-51.553170	0.002000	1.216755	3.997731	-0.999955	0.000000
1.681202	1.000104	6117.442019	4078.719219	-0.000000	0.000001	-51.553170	0.002000	1.216755	3.997731	-0.999955	0.000000
1.701202	1.000104	6117.442019	4078.719219	-0.000000	-0.000001	-51.553170	0.002000	1.216755	3.997731	-0.999955	0.000000
1.721202	1.000104	6117.442019	4078.719219	0.000000	-0.000001	-51.553170	0.002000	1.216755	3.997731	-0.999955	0.000000
1.741202	1.000104	6117.442019	4078.719219	0.000000	0.000001	-51.553170	0.002000	1.216755	3.997731	-0.999955	0.000000
1.761202	1.000104	6117.442019	4078.719219	-0.000000	0.000001	-51.553170	0.002000	1.216755	3.997731	-0.999955	0.000000
1.781202	1.000104	6117.442019	4078.719219	-0.000000	-0.000001	-51.553170	0.002000	1.216755	3.997731	-0.999955	0.000000
1.801202	1.000104	6117.442019	4078.719219	0.000000	-0.000001	-51.553170	0.002000	1.216755	3.997731	-0.999955	0.000000
1.821202	1.000104	6117.442019	4078.719219	0.000000	-0.000001	-51.553170	0.002000	1.216755	3.997731	-0.999955	0.000000
1.841202	1.000104	6117.442019	4078.719219	-0.000000	0.000001	-51.553170	0.002000	1.216755	3.997731	-0.999955	0.000000
1.861202	1.000104	6117.442019	4078.719219	0.000000	-0.000001	-51.553170	0.002000	1.216755	3.997731	-0.999955	0.000000
1.881202	1.000104	6117.442019	4078.719219	0.000000	0.000001	-51.553170	0.002000	1.216755	3.997731	-0.999955	0.000000
1.901202	1.000104	6117.442019	4078.719219	-0.000000	0.000001	-51.553170	0.002000	1.216755	3.997731	-0.999955	0.000000
1.921202	1.000104	6117.442019	4078.719219	-0.000000	0.000000	-51.553170	0.002000	1.216755	3.997731	-0.999955	0.000000
1.941202	1.000104	6117.442019	4078.719219	-0.000000	0.000000	-51.553170	0.002000	1.216755	3.997731	-0.999955	0.000000
1.961202	1.000104	6117.442019	4078.719219	0.000000	-0.000001	-51.553170	0.002000	1.216755	3.997731	-0.999955	0.000000
1.981202	1.000104	6117.442019	4078.719219	-0.000000	0.000001	-51.553170	0.002000	1.216755	3.997731	-0.999955	0.000000
2.001202	1.000104	6117.442019	4078.719219	-0.000000	-0.000001	-51.553170	0.002000	1.216755	3.997731	-0.999955	0.000000
2.021202	1.000104	6117.442019	4078.719219	0.000000	-0.000001	-51.553170	0.002000	1.216755	3.997731	-0.999955	0.000000
2.041202	1.000104	6117.442019	4078.719219	0.000000	-0.000000	-51.553170	0.002000	1.216755	3.997731	-0.999955	0.000000
2.061202	1.000104	6117.442019	4078.719219	0.000000	0.000000	-51.553170	0.002000	1.216755	3.997731	-0.999955	0.000000
2.081202	1.000104	6117.442019	4078.719219	0.000000	0.000001	-51.553170	0.002000	1.216755	3.997731	-0.999955	0.000000
2.101202	1.000104	6117.442019	4078.719219	-0.000000	0.000001	-51.553170	0.002000	1.216755	3.997731	-0.999955	0.000000
2.121202	1.000104	6117.442019	4078.719219	-0.000000	0.000000	-51.553170	0.002000	1.216755	3.997731	-0.999955	0.000000
2.141202	1.000104	6117.442019	4078.719219	-0.000000	-0.000000	-51.553170	0.002000	1.216755	3.997731	-0.999955	0.000000
2.161202	1.000104	6117.442019	4078.719219	-0.000000	-0.000001	-51.553170	0.002000	1.216755	3.997731	-0.999955	0.000000
2.181202	1.000104	6117.442019	4078.719219	0.000000	-0.000001	-51.553170	0.002000	1.216755	3.997731	-0.999955	0.000000
2.201202	1.000104	6117.442019	4078.719219	0.000000	0.000001	-51.553170	0.002000	1.216755	3.997731	-0.999955	0.000000
2.221202	1.000104	6117.442019	4078.719219	-0.000000	0.000001	-51.553170	0.002000	1.216755	3.997731	-0.999955	0.000000
2.241202	1.000104	6117.442019	4078.719219	-0.000000	-0.000000	-51.553170	0.002000	1.216755	3.997731	-0.999955	0.000000
2.261202	1.000104	6117.442019	4078.719219	-0.000000	0.000000	-51.553170	0.002000	1.216755	3.997731	-0.999955	0.000000
2.281202	1.000104	6117.442019	4078.719219	-0.000000	-0.000001	-51.553170	0.002000	1.216755	3.997731	-0.999955	0.000000
2.301202	1.000104	6117.442019	4078.719219	0.000000	-0.000001	-51.553170	0.002000	1.216755	3.997731	-0.999955	0.000000
2.321202	1.000104	6117.442019	4078.719219	0.000000	0.000000	-51.553170	0.002000	1.216755	3.997731	-0.999955	0.000000
2.341202	1.000104	6117.442019	4078.719219	-0.000000	0.000001	-51.553170	0.002000	1.216755	3.997731	-0.999955	0.000000
2.361202	1.000104	6117.442019	4078.719219	-0.000000	-0.000001	-51.553170	0.002000	1.216755	3.997731	-0.999955	0.000000
2.381202	1.000104	6117.442019	4078.719219	0.000000	-0.000002	-51.553170	0.002000	1.216755	3.997731	-0.999955	0.000000
2.401202	1.000104	6117.442019	4078.719219	0.000000	0.000000	-51.553170	0.002000	1.216755	3.997731	-0.999955	0.000000
2.421202	1.000104	6117.442019	4078.719219	0.000000	0.000003	-51.553170	0.002000	1.216755	3.997731	-0.999955	0.000000
2.441202	1.000104	6117.442019	4078.719219	-0.000000	0.000000	-51.553170	0.002000	1.216755	3.997731	-0.999955	0.000000
2.461202	1.000104	6117.442019	4078.719219	0.000000	-0.000002	-51.553170	0.002000	1.216755	3.997731	-0.999955	0.000000
2.481202	1.000104	6117.442019	4078.719219	0.000000	0.000000	-51.553170	0.002000	1.216755	3.997731	-0.999955	0.000000
2.501202	1.000104	6117.442019	4078.719219	-0.000000	0.000001	-51.553170	0.002000	1.216755	3.997731	-0.999955	0.000000
2.521202	1.000104	6117.442019	4078.719219	-0.000000	-0.000000	-51.553170	0.002000	1.216755	3.997731	-0.999955	0.000000
2.541202	1.000104	6117.442019	4078.719219	0.000000	-0.000000	-51.553170	0.002000	1.216755	3.997731	-0.999955	0.000000
2.561202	1.000104	6117.442019	4078.719219	0.000000	-0.000000	-51.553170	0.002000	1.216755	3.997731	-0.999955	0.000000
2.581202	1.000104	6117.442019	4078.719219	0.000000	-0.000000	-51.553170	0.002000	1.216755	3.997731	-0.999955	0.000000
2.601202	1.000104	6117.442019	4078.719219	0.000000	-0.000000	-51.553170	0.002000	1.216755	3.997731	-0.999955	0.000000
2.621202	1.000104	6117.442019	4078.719219	0.000000	-0.000000	-51.553170	0.002000	1.216755	3.997731	-0.999955	0.000000
2.641202	1.000104	6117.442019	4078.719219	0.000000	-0.000000	-51.553170	0.002000	1.216755	3.997731	-0.999955	0.000000
2.661202	1.000104	6117.442019	4078.719219	0.000000	-0.000000	-51.553170	0.002000	1.216755	3.997731	-0.999955	0.000000
2.681202	1.000104	6117.442019	4078.719219	0.000000	-0.000000	-51.553170	0.002000	1.216755	3.997731	-0.999955	0.000000
2.701202	1.000104	6117.442019	4078.719219	0.000000	-0.000000	-51.553170	0.002000	1.216755	3.997731	-0.999955	0.000000
2.721202	1.000104	6117.442019	4078.719219	0.000000	-0.000000	-51.553170	0.002000	1.216755	3.997731	-0.999955	0.000000
2.741202	1.000104	6117.442019	4078.719219	0.000000	-0.000000	-51.553170	0.002000	1.216755	3.997731	-0.999955	0.000000
2.761202	1.000104	6117.442019	4078.719219	0.000000	-0.000000	-51.553170	0.002000	1.216755	3.997731	-0.999955	0.000000
2.781202	1.000104	6117.442019	4078.719219	0.000000	-0.000000	-51.553170	0.002000	1.216755	3.997731	-0.999955	0.000000
2.801202	1.000104	6117.442019	4078.719219	-0.000000	-0.000000	-51.553170	0.002000	1.216755	3.997731	-0.999955	0.000000
2.821202	1.000104	6117.442019	4078.719219	-0.000000	-0.000000	-51.553170	0.002000	1.216755	3.997731	-0.999955	0.000000
2.841202	1.000104	6117.442019	4078.719219	-0.000000	-0.000000	-51.553170	0.002000	1.216755	3.997731	-0.999955	0.000000
2.861202	1.000104	6117.442019	4078.719219	-0.000000	-0.000000	-51.553170	0.002000	1.216755	3.997731	-0.999955	0.000000
2.881202	1.000104	6117.442019	4078.719219	0.000000	-0.000001	-51.553170	0.002000	1.216755	3.997731	-0.999955	0.000000
2.901202	1.000104	6117.442019	4078.719219	0.000000	0.000001	-51.553170	0.002000	1.216755	3.997731	-0.999955	0.000000
2.921202	1.000104	6117.442019	4078.719219	-0.000000	0.000001	-51.553170	0.002000	1.216755	3.997731	-0.999955	0.000000
2.941202	1.000104	6117.442019	4078.719219	-0.000000	0.000000	-51.553170	0.002000	1.216755	3.997731	-0.999955	0.000000
2.961202	1.000104	6117.442019	4078.719219	-0.000000	-0.000001	-51.553170	0.002000	1.216755	3.997731	-0.999955	0.000000
2.981202	1.000104	6117.442019	4078.719219	0.000000	-0.000001	-51.553170	0.002000	1.216755	3.997731	-0.999955	0.000000
3.001202	1.000104	6117.442019	4078.719219	0.000000	0.000001	-51.553170	0.002000	1.216755	3.997731	-0.999955	0.000000
3.021202	1.000104	6117.442019	4078.719219	0.000000	0.000001	-51.553170	0.002000	1.216755	3.997731	-0.999955	0.000000
3.041202	1.000104	6117.442019	4078.719219	-0.000000	0.000000	-51.553170	0.002000	1.216755	3.997731	-0.999955	0.000000
3.061202	1.000104	6117.442019	4078.719219	-0.000000	0.000000	-51.553170	0.002000	1.216755	3.997731	-0.999955	0.000000
3.081202	1.000104	6117.442019	4078.719219	-0.000000	-0.000001	-51.553170	0.002000	1.216755	3.997731	-0.999955	0.000000
3.101202	1.000104	6117.442019	4078.719219	0.000000	-0.000001	-51.553170	0.002000	1.216755	3.997731	-0.999955	0.000000
3.121202	1.000104	6117.442019	4078.719219	0.000000	0.000001	-51.553170	0.002000	1.216755	3.997731	-0.999955	0.000000
3.141202	1.000104	6117.442019	4078.719219	0.000000	0.000001	-51.553170	0.002000	1.216755	3.997731	-0.999955	0.000000
3.161202	1.000104	6117.442019	4078.719219	-0.000000	0.000001	-51.553170	0.002000	1.216755	3.997731	-0.999955	0.000000
3.181202	1.000104	6117.442019	4078.719219	-0.000000	-0.000001	-51.553170	0.002000	1.216755	3.997731	-0.999955	0.000000
3.201202	1.000104	6117.442019	4078.719219	0.000000	-0.000001	-51.553170	0.002000	1.216755	3.997731	-0.999955	0.000000
3.221202	1.000104	6117.442019	4078.719219	0.000000	0.000000	-51.553170	0.002000	1.216755	3.997731	-0.999955	0.000000
3.241202	1.000104	6117.442019	4078.719219	0.000000	0.000001	-51.553170	0.002000	1.216755	3.997731	-0.999955	0.000000
3.261202	1.000104	6117.442019	4078.719219	-0.000000	0.000001	-51.553170	0.002000	1.216755	3.997731	-0.999955	0.000000
3.281202	1.000104	6117.442019	4078.719219	-0.000000	-0.000001	-51.553170	0.002000	1.216755	3.997731	-0.999955	0.000000
3.301202	1.000104	6117.442019	4078.719219	0.000000	-0.000001	-51.553170	0.002000	1.216755	3.997731	-0.999955	0.000000
3.321202	1.000104	6117.442019	4078.719219	0.000000	0.000001	-51.553170	0.002000	1.216755	3.997731	-0.999955	0.000000
3.341202	1.000104	6117.442019	4078.719219	-0.000000	0.000000	-51.553170	0.002000	1.216755	3.997731	-0.999955	0.000000
3.361202	1.000104	6117.442019	4078.719219	0.000000	-0.000001	-51.553170	0.002000	1.216755	3.997731	-0.999955	0.000000
3.381202	1.000104	6117.442019	4078.719219	0.000000	0.000001	-51.553170	0.002000	1.216755	3.997731	-0.999955	0.000000
3.401202	1.000104	6117.442019	4078.719219	-0.000000	0.000001	-51.553170	0.002000	1.216755	3.997731	-0.999955	0.000000
3.421202	1.000104	6117.442019	4078.719219	0.000000	-0.000001	-51.553170	0.002000	1.216755	3.997731	-0.999955	0.000000
3.441202	1.000104	6117.442019	4078.719219	0.000000	0.000001	-51.553170	0.002000	1.216755	3.997731	-0.999955	0.000000
3.461202	1.000104	6117.442019	4078.719219	-0.000000	0.000001	-51.553170	0.002000	1.216755	3.997731	-0.999955	0.000000
3.481202	1.000104	6117.442019	4078.719219	-0.000000	-0.000001	-51.553170	0.002000	1.216755	3.997731	-0.999955	0.000000
3.501202	1.000104	6117.442019	4078.719219	0.000000	-0.000001	-51.553170	0.002000	1.216755	3.997731	-0.999955	0.000000
3.521202	1.000104	6117.442019	4078.719219	0.000000	0.000001	-51.553170	0.002000	1.216755	3.997731	-0.999955	0.000000
3.541202	1.000104	6117.442019	4078.719219	-0.000000	0.000001	-51.553170	0.002000	1.216755	3.997731	-0.999955	0.000000
3.561202	1.000104	6117.442019	4078.719219	-0.000000	0.000000	-51.553170	0.002000	1.216755	3.997731	-0.999955	0.000000
3.581202	1.000104	6117.442019	4078.719219	-0.000000	0.000000	-51.553170	0.002000	1.216755	3.997731	-0.999955	0.000000
3.601202	1.000104	6117.442019	4078.719219	-0.000000	-0.000000	-51.553170	0.002000	1.216755	3.997731	-0.999955	0.000000
3.621202	1.000104	6117.442019	4078.719219	-0.000000	-0.000000	-51.553170	0.002000	1.216755	3.997731	-0.999955	0.000000
3.641202	1.000104	6117.442019	4078.719219	-0.000000	-0.000001	-51.553170	0.002000	1.216755	3.997731	-0.999955	0.000000
3.661202	1.000104	6117.442019	4078.719219	0.000000	0.000000	-51.553170	0.002000	1.216755	3.997731	-0.999955	0.000000
3.681202	1.000104	6117.442019	4078.719219	0.000000	-0.000000	-51.553170	0.002000	1.216755	3.997731	-0.999955	0.000000
3.701202	1.000104	6117.442019	4078.719219	0.000000	0.000001	-51.553170	0.002000	1.216755	3.997731	-0.999955	0.000000
3.721202	1.000104	6117.442019	4078.719219	-0.000000	0.000001	-51.553170	0.002000	1.216755	3.997731	-0.999955	0.000000
3.741202	1.000104	6117.442019	4078.719219	-0.000000	0.000000	-51.553170	0.002000	1.216755	3.997731	-0.999955	0.000000
3.761202	1.000104	6117.442019	4078.719219	-0.000000	-0.000001	-51.553170	0.002000	1.216755	3.997731	-0.999955	0.000000
3.781202	1.000104	6117.442019	4078.719219	0.000000	-0.000002	-51.553170	0.002000	1.216755	3.997731	-0.999955	0.000000
3.801202	1.000104	6117.442019	4078.719219	0.000000	0.000001	-51.553170	0.002000	1.216755	3.997731	-0.999955	0.000000
3.821202	1.000104	6117.442019	4078.719219	0.000000	-0.000000	-51.553170	0.002000	1.216755	3.997731	-0.999955	0.000000
3.841202	1.000104	6117.442019	4078.719219	0.000000	-0.000001	-51.553170	0.002000	1.216755	3.997731	-0.999955	0.000000
3.861202	1.000104	6117.442019	4078.719219	0.000000	0.000002	-51.553170	0.002000	1.216755	3.997731	-0.999955	0.000000
3.881202	1.000104	6117.442019	4078.719219	-0.000000	0.000001	-51.553170	0.002000	1.216755	3.997731	-0.999955	0.000000
3.901202	1.000104	6117.442019	4078.719219	-0.000000	-0.000001	-51.553170	0.002000	1.216755	3.997731	-0.999955	0.000000
3.921202	1.000104	6117.442019	4078.719219	-0.000000	-0.000000	-51.553170	0.002000	1.216755	3.997731	-0.999955	0.000000
3.941202	1.000104	6117.442019	4078.719219	-0.000000	-0.000001	-51.553170	0.002000	1.216755	3.997731	-0.999955	0.000000
3.961202	1.000104	6117.442019	4078.719219	-0.000000	0.000001	-51.553170	0.002000	1.216755	3.997731	-0.999955	0.000000
3.981202	1.000104	6117.442019	4078.719219	-0.000000	0.000001	-51.553170	0.002000	1.216755	3.997731	-0.999955	0.000000
4.001202	1.000104	6117.442019	4078.719219	-0.000000	-0.000001	-51.553170	0.002000	1.216755	3.997731	-0.999955	0.000000
4.021202	1.000104	6117.442019	4078.719219	-0.000000	-0.000001	-51.553170	0.002000	1.216755	3.997731	-0.999955	0.000000
4.041202	1.000104	6117.442019	4078.719219	0.000000	-0.000000	-51.553170	0.002000	1.216755	3.997731	-0.999955	0.000000
4.061202	1.000104	6117.442019	4078.719219	0.000000	0.000001	-51.553170	0.002000	1.216755	3.997731	-0.999955	0.000000
4.081202	1.000104	6117.442019	4078.719219	-0.000000	0.000000	-51.553170	0.002000	1.216755	3.997731	-0.999955	0.000000
4.101202	1.000104	6117.442019	4078.719219	0.000000	-0.000000	-51.553170	0.002000	1.216755	3.997731	-0.999955	0.000000
4.121202	1.000104	6117.442019	4078.719219	-0.000000	-0.000000	-51.553170	0.002000	1.216755	3.997731	-0.999955	0.000000
4.141202	1.000104	6117.442019	4078.719219	0.000000	-0.000001	-51.553170	0.002000	1.216755	3.997731	-0.999955	0.000000
4.161202	1.000104	6117.442019	4078.719219	0.000000	0.000000	-51.553170	0.002000	1.216755	3.997731	-0.999955	0.000000
4.181202	1.000104	6117.442019	4078.719219	0.000000	0.000002	-51.553170	0.002000	1.216755	3.997731	-0.999955	0.000000
4.201202	1.000104	6117.442019	4078.719219	-0.000000	-0.000000	-51.553170	0.002000	1.216755	3.997731	-0.999955	0.000000
4.221202	1.000104	6117.442019	4078.719219	-0.000000	-0.000001	-51.553170	0.002000	1.216755	3.997731	-0.999955	0.000000
4.241202	1.000104	6117.442019	4078.719219	-0.000000	0.000001	-51.553170	0.002000	1.216755	3.997731	-0.999955	0.000000
4.261202	1.000104	6117.442019	4078.719219	-0.000000	0.000001	-51.553170	0.002000	1.216755	3.997731	-0.999955	0.000000
4.281202	1.000104	6117.442019	4078.719219	-0.000000	-0.000000	-51.553170	0.002000	1.216755	3.997731	-0.999955	0.000000
4.301202	1.000104	6117.442019	4078.719219	-0.000000	-0.000002	-51.553170	0.002000	1.216755	3.997731	-0.999955	0.000000
4.321202	1.000104	6117.442019	4078.719219	0.000000	-0.000001	-51.553170	0.002000	1.216755	3.997731	-0.999955	0.000000
4.341202	1.000104	6117.442019	4078.719219	0.000000	0.000001	-51.553170	0.002000	1.216755	3.997731	-0.999955	0.000000
4.361202	1.000104	6117.442019	4078.719219	-0.000000	0.000001	-51.553170	0.002000	1.216755	3.997731	-0.999955	0.000000
4.381202	1.000104	6117.442019	4078.719219	-0.000000	-0.000001	-51.553170	0.002000	1.216755	3.997731	-0.999955	0.000000
4.401202	1.000104	6117.442019	4078.719219	0.000000	-0.000001	-51.553170	0.002000	1.216755	3.997731	-0.999955	0.000000
4.421202	1.000104	6117.442019	4078.719219	0.000000	0.000001	-51.553170	0.002000	1.216755	3.997731	-0.999955	0.000000
4.441202	1.000104	6117.442019	4078.719219	-0.000000	0.000001	-51.553170	0.002000	1.216755	3.997731	-0.999955	0.000000
4.461202	1.000104	6117.442019	4078.719219	-0.000000	-0.000001	-51.553170	0.002000	1.216755	3.997731	-0.999955	0.000000
4.481202	1.000104	6117.442019	4078.719219	0.000000	-0.000000	-51.553170	0.002000	1.216755	3.997731	-0.999955	0.000000
4.501202	1.000104	6117.442019	4078.719219	0.000000	-0.000000	-51.553170	0.002000	1.216755	3.997731	-0.999955	0.000000
4.521202	1.000104	6117.442019	4078.719219	0.000000	0.000000	-51.553170	0.002000	1.216755	3.997731	-0.999955	0.000000
4.541202	1.000104	6117.442019	4078.719219	-0.000000	0.000001	-51.553170	0.002000	1.216755	3.997731	-0.999955	0.000000
4.561202	1.000104	6117.442019	4078.719219	-0.000000	-0.000001	-51.553170	0.002000	1.216755	3.997731	-0.999955	0.000000
4.581202	1.000104	6117.442019	4078.719219	0.000000	-0.000002	-51.553170	0.002000	1.216755	3.997731	-0.999955	0.000000
4.601202	1.000104	6117.442019	4078.719219	-0.000000	0.000000	-51.553170	0.002000	1.216755	3.997731	-0.999955	0.000000
4.621202	1.000104	6117.442019	4078.719219	-0.000000	-0.000003	-51.553170	0.002000	1.216755	3.997731	-0.999955	0.000000
4.641202	1.000104	6117.442019	4078.719219	0.000000	-0.000025	-51.553170	0.002000	1.216755	3.997731	-0.999955	0.000000
4.661202	1.000104	6117.442019	4078.719219	0.000001	-0.000099	-51.553170	0.002000	1.216755	3.997731	-0.999955	0.000000
4.681202	1.000104	6117.442019	4078.719219	0.000004	-0.000329	-51.553170	0.002000	1.216755	3.997731	-0.999955	0.000000
4.701202	1.000104	6117.442019	4078.719219	0.000012	-0.001009	-51.553170	0.002000	1.216755	3.997731	-0.999955	0.000000
4.721202	1.000104	6117.442019	4078.719219	0.000037	-0.002910	-51.553170	0.002000	1.216755	3.997731	-0.999955	0.000000
4.741202	1.000104	6117.442019	4078.719219	0.000105	-0.008070	-51.553170	0.002000	1.216755	3.997731	-0.999955	0.000000
4.761202	1.000104	6117.442019	4078.719219	0.000289	-0.021660	-51.553170	0.002000	1.216755	3.997731	-0.999955	0.000000
4.781202	1.000104	6117.442018	4078.719219	0.000766	-0.056421	-51.553170	0.002000	1.216755	3.997731	-0.999955	0.000000
4.801202	1.000104	6117.442017	4078.719217	0.001974	-0.143042	-51.553170	0.002000	1.216755	3.997731	-0.999955	0.000000
4.821202	1.000104	6117.442014	4078.719213	0.004954	-0.353733	-51.553170	0.002000	1.216755	3.997731	-0.999955	0.000000
4.841202	1.000104	6117.442005	4078.719204	0.012136	-0.854409	-51.553170	0.002000	1.216755	3.997731	-0.999955	0.000000
4.861202	1.000104	6117.441985	4078.719180	0.029044	-2.017445	-51.553170	0.002000	1.216755	3.997731	-0.999955	0.000000
4.881202	1.000104	6117.441937	4078.719124	0.067956	-4.659656	-51.553170	0.002000	1.216755	3.997731	-0.999955	0.000000
4.901202	1.000104	6117.441826	4078.718993	0.155525	-10.530938	-51.553170	0.002000	1.216755	3.997731	-0.999955	0.000000
4.921202	1.000104	6117.441575	4078.718693	0.348209	-23.297018	-51.553169	0.002000	1.216755	3.997731	-0.999955	0.000000
4.941202	1.000104	6117.441018	4078.718024	0.762910	-50.421147	-51.553168	0.002000	1.216755	3.997730	-0.999955	0.000000
4.961202	1.000104	6117.439811	4078.716562	1.635342	-106.780716	-51.553166	0.002000	1.216755	3.997730	-0.999955	0.000000
4.981202	1.000103	6117.437253	4078.713434	3.429031	-221.226917	-51.553161	0.002000	1.216755	3.997730	-0.999955	0.000000
5.001202	1.000103	6117.431946	4078.706888	7.031333	-448.235022	-51.553150	0.002000	1.216755	3.997730	-0.999956	0.000000
5.021202	1.000101	6117.421181	4078.693493	14.094262	-887.801523	-51.553129	0.002000	1.216755	3.997729	-0.999956	0.000000
5.041202	1.000098	6117.399838	4078.666691	27.604624	-1718.115722	-51.553086	0.002000	1.216755	3.997728	-0.999958	0.000000
5.061203	1.000092	6117.358493	4078.614292	52.797848	-3246.873936	-51.553001	0.002000	1.216755	3.997725	-0.999960	0.000000
5.081203	1.000080	6117.280291	4078.514237	98.553129	-5987.864869	-51.552839	0.002000	1.216755	3.997719	-0.999965	0.000000
5.101203	1.000057	6117.135953	4078.327762	179.405420	-10768.553298	-51.552536	0.002000	1.216755	3.997709	-0.999975	0.000000
5.121205	1.000015	6116.876175	4077.988782	318.251851	-18870.217024	-51.551985	0.002000	1.216755	3.997691	-0.999993	0.000000
5.141207	0.999941	6116.420618	4077.388200	549.676838	-32192.847847	-51.551006	0.002000	1.216755	3.997659	-1.000025	0.000000
5.161211	0.999812	6115.642860	4076.351960	923.535051	-53421.097968	-51.549313	0.002000	1.216755	3.997604	-1.000081	0.000000
5.181218	0.999592	6114.351231	4074.612303	1508.009038	-86145.671231	-51.546468	0.002001	1.216755	3.997513	-1.000175	0.000000
5.201231	0.999231	6112.266499	4071.773092	2390.866439	-134871.440737	-51.541817	0.002002	1.216755	3.997366	-1.000331	0.000000
5.221253	0.998652	6108.998925	4067.272372	3677.262863	-204829.772146	-51.534437	0.002003	1.216755	3.997136	-1.000581	0.000000
5.241288	0.997752	6104.029033	4060.348370	5482.468704	-301523.516452	-51.523068	0.002005	1.216755	3.996785	-1.000969	0.000000
5.261345	0.996394	6096.697985	4050.018125	7918.671235	-429983.689651	-51.506087	0.002007	1.216755	3.996266	-1.001557	0.000000
5.281435	0.994408	6086.213779	4035.079670	11076.657641	-593808.945046	-51.481492	0.002011	1.216755	3.995522	-1.002418	0.000000
5.301572	0.991593	6071.677852	4014.147563	15005.418079	-794171.662935	-51.446959	0.002017	1.216755	3.994489	-1.003644	0.000000
5.321775	0.987721	6052.132623	3985.726346	19694.671473	-1029056.958959	-51.399935	0.002025	1.216755	3.993094	-1.005335	0.000000
5.342069	0.982556	6026.625087	3948.317900	25065.858235	-1292992.713326	-51.337786	0.002036	1.216755	3.991266	-1.007603	0.000000
5.362485	0.975868	5994.276283	3900.548554	30975.302147	-1577435.974906	-51.257968	0.002049	1.216755	3.988936	-1.010559	0.000000
5.383058	0.967447	5954.343925	3841.294511	37229.962087	-1871739.100015	-51.158186	0.002067	1.216755	3.986041	-1.014311	0.000000
5.403830	0.957122	5906.266460	3769.782431	43612.134853	-2164441.935847	-51.036523	0.002090	1.216755	3.982528	-1.018959	0.000000
5.424849	0.944770	5849.682206	3685.648156	49904.854656	-2444803.480655	-50.891500	0.002117	1.216755	3.978354	-1.024589	0.000000
5.446169	0.930320	5784.423118	3588.946604	55916.827143	-2703599.137093	-50.722083	0.002150	1.216755	3.973489	-1.031271	0.000000
5.467848	0.913751	5710.487087	3480.116336	61495.954606	-2933948.395004	-50.527621	0.002189	1.216755	3.967909	-1.039064	0.000000
5.489950	0.895085	5627.998084	3359.912855	66535.696812	-3131416.098518	-50.307755	0.002234	1.216755	3.961596	-1.048017	0.000000
5.512545	0.874377	5537.163163	3229.325563	70973.650491	-3293810.254687	-50.062304	0.002287	1.216755	3.954535	-1.058172	0.000000
5.535709	0.851706	5438.230996	3089.494044	74784.976854	-3420758.330306	-49.791143	0.002348	1.216755	3.946711	-1.069572	0.000000
5.559525	0.827160	5331.461174	2941.635661	77974.125649	-3513217.813748	-49.494088	0.002418	1.216755	3.938104	-1.082263	0.000000
5.584088	0.800833	5217.095578	2786.987840	80565.767643	-3572984.993541	-49.170801	0.002497	1.216755	3.928690	-1.096303	0.000000
5.609502	0.772816	5095.329740	2626.772846	82596.799649	-3602442.703488	-48.820682	0.002588	1.216755	3.918437	-1.111763	0.000000
5.635884	0.743199	4966.250439	2462.161104	84110.459642	-3604326.065865	-48.442813	0.002691	1.216755	3.907296	-1.128728	0.000000
5.663370	0.712082	4829.680606	2294.239643	85148.751242	-3581992.548390	-48.035876	0.002809	1.216755	3.895188	-1.147297	0.000000
5.692117	0.679577	4684.918105	2123.918613	85752.489337	-3539434.404729	-47.598152	0.002943	1.216755	3.881974	-1.167584	0.000000
5.722306	0.645820	4530.220177	1951.793246	85951.064293	-3481305.495251	-47.127491	0.003097	1.216755	3.867393	-1.189707	0.000000
5.754149	0.610912	4362.460114	1777.945182	85771.889800	-3412008.458574	-46.621220	0.003274	1.216755	3.851007	-1.213837	0.000000
5.787902	0.574818	4177.018250	1601.804655	85230.799271	-3332114.488295	-46.076027	0.003479	1.216755	3.832144	-1.240283	0.000000
5.823887	0.537127	3969.933354	1422.586486	84347.511782	-3235839.181311	-45.486556	0.003724	1.216755	3.810064	-1.269733	0.000000
5.862567	0.496801	3742.169438	1240.308870	83160.706393	-3105452.506905	-44.844241	0.004026	1.216755	3.784406	-1.303624	0.000000
5.904680	0.452310	3506.144030	1058.021965	81681.568802	-2925880.113652	-44.131333	0.004422	1.216755	3.756113	-1.344367	0.000000
5.951458	0.401932	3287.680442	881.605177	80017.375996	-2690574.198043	-43.318737	0.004976	1.216755	3.728170	-1.395645	0.000000
6.005089	0.345276	3121.633076	719.088434	78058.683021	-2424617.585046	-42.351660	0.005792	1.216755	3.705657	-1.461623	0.000000
6.069146	0.282894	3045.056487	574.715234	76123.966314	-2153621.911225	-41.140450	0.007070	1.216755	3.694860	-1.548155	0.000000
6.150667	0.218329	3091.255253	450.278627	73739.943708	-1912312.865129	-39.520895	0.009160	1.216755	3.701386	-1.660653	0.000000
6.261744	0.148139	3305.938027	326.734415	72703.142673	-1661355.780622	-37.117518	0.013501	1.216755	3.730529	-1.829083	0.000000
6.466409	0.083118	4431.977226	245.757400	70573.878648	-1286131.326623	-32.331379	0.024062	1.216755	3.857801	-2.080042	0.000000
-0.002975	3.364092	102583.016051	230066.437468	8.282005	0.000000	0.000745	0.000595	0.000000	5.222239	-0.473134	0.000000
-0.008919	3.371011	102352.961108	230022.206195	23.795530	0.000000	0.002168	0.000593	0.000000	5.221264	-0.472242	0.000000
-0.014844	3.384455	101909.014977	229937.810280	36.306761	0.000000	0.003396	0.000591	0.000000	5.219376	-0.470513	0.000000
-0.020741	3.403690	101281.557303	229820.773717	44.296937	0.000000	0.004325	0.000588	0.000000	5.216693	-0.468052	0.000000
-0.026599	3.427673	100511.896619	229681.283419	46.880039	0.000000	0.004883	0.000583	0.000000	5.213379	-0.465002	0.000000
-0.032413	3.455123	99648.180934	229531.098395	43.917251	0.000000	0.005041	0.000579	0.000000	5.209630	-0.461537	0.000000
-0.038178	3.484616	98740.759609	229382.298292	36.009826	0.000000	0.004811	0.000574	0.000000	5.205656	-0.457845	0.000000
-0.043894	3.514685	97837.878504	229246.060081	24.389815	0.000000	0.004242	0.000569	0.000000	5.201666	-0.454112	0.000000
-0.049560	3.543932	96982.009568	229131.601732	10.721527	0.000000	0.003415	0.000564	0.000000	5.197850	-0.450513	0.000000
-0.055182	3.571129	96207.209941	229045.408994	-3.148126	0.000000	0.002425	0.000560	0.000000	5.194366	-0.447193	0.000000
-0.060762	3.595302	95537.571563	228990.817313	-15.455216	0.000000	0.001379	0.000556	0.000000	5.191333	-0.444263	0.000000
-0.066308	3.615789	94986.772107	228967.973459	-24.759731	0.000000	0.000373	0.000553	0.000000	5.188822	-0.441795	0.000000
-0.071825	3.632260	94558.575791	228974.152375	-30.129234	0.000000	-0.000508	0.000551	0.000000	5.186860	-0.439822	0.000000
-0.077320	3.644706	94248.105029	229004.362536	-31.239437	0.000000	-0.001206	0.000549	0.000000	5.185432	-0.438337	0.000000
-0.082800	3.653391	94043.650152	229052.141130	-28.379400	0.000000	-0.001686	0.000547	0.000000	5.184489	-0.437303	0.000000
-0.088269	3.658789	93928.786299	229110.423626	-22.363012	0.000000	-0.001941	0.000547	0.000000	5.183959	-0.436663	0.000000
-0.093733	3.661501	93884.562477	229172.371986	-14.364170	0.000000	-0.001989	0.000546	0.000000	5.183755	-0.436341	0.000000
