0.002975	3.364136	102581.520773	230066.048669	8.268610	-2210367.868816	-0.000745	0.000595	1.216755	5.222233	-0.473129	0.000000
0.008919	3.371051	102351.605132	230021.860437	23.757134	-2004466.604264	-0.002166	0.000593	1.216755	5.221258	-0.472237	0.000000
0.014844	3.384488	101907.920644	229937.545104	36.248542	-1617732.655273	-0.003393	0.000591	1.216755	5.219371	-0.470509	0.000000
0.020740	3.403713	101280.815864	229820.616601	44.226779	-1096116.457524	-0.004321	0.000588	1.216755	5.216689	-0.468049	0.000000
0.026599	3.427684	100511.558737	229681.248528	46.807507	-499608.527083	-0.004879	0.000583	1.216755	5.213377	-0.465000	0.000000
0.032413	3.455122	99648.252870	229531.185102	43.852256	106166.961872	-0.005037	0.000579	1.216755	5.209630	-0.461537	0.000000
0.038178	3.484603	98741.205349	229382.491680	35.961174	658725.082999	-0.004808	0.000574	1.216755	5.205658	-0.457846	0.000000
0.043894	3.514662	97838.626931	229246.333329	24.363829	1106180.722090	-0.004240	0.000569	1.216755	5.201669	-0.454115	0.000000
0.049560	3.543902	96982.965267	229131.920005	10.721001	1412618.741570	-0.003414	0.000564	1.216755	5.197854	-0.450517	0.000000
0.055182	3.571095	96208.265861	229045.734264	-3.124446	1560833.681909	-0.002426	0.000560	1.216755	5.194371	-0.447197	0.000000
0.060762	3.595267	95538.621795	228991.113405	-15.412470	1552506.001404	-0.001380	0.000556	1.216755	5.191337	-0.444267	0.000000
0.066308	3.615757	94987.723245	228968.210590	-24.706094	1406108.967167	-0.000376	0.000553	1.216755	5.188826	-0.441799	0.000000
0.071825	3.632233	94559.355709	228974.310551	-30.074493	1153086.085938	0.000506	0.000551	1.216755	5.186863	-0.439825	0.000000
0.077320	3.644685	94248.668302	229004.433362	-31.193260	832897.555090	0.001203	0.000549	1.216755	5.185435	-0.438339	0.000000
0.082800	3.653378	94043.979809	229052.127846	-28.349619	487595.598702	0.001683	0.000547	1.216755	5.184491	-0.437305	0.000000
0.088269	3.658783	93928.892030	229110.339477	-22.354283	156583.374733	0.001939	0.000547	1.216755	5.183960	-0.436663	0.000000
0.093733	3.661503	93884.475837	229172.237300	-14.377288	-127814.165199	0.001987	0.000546	1.216755	5.183755	-0.436341	0.000000
0.099195	3.662189	93891.318696	229231.900659	-5.737993	-343445.368819	0.001864	0.000546	1.216755	5.183787	-0.436260	0.000000
0.104656	3.661476	93931.253989	229284.795924	2.312464	-479753.891840	0.001614	0.000546	1.216755	5.183972	-0.436345	0.000000
0.110120	3.659930	93988.645583	229328.010815	8.777607	-537449.997500	0.001291	0.000546	1.216755	5.184237	-0.436528	0.000000
0.115587	3.658012	94051.163909	229360.252432	13.039947	-526640.065785	0.000943	0.000547	1.216755	5.184526	-0.436756	0.000000
0.121056	3.656064	94110.058839	229381.648253	14.906375	-463873.554939	0.000610	0.000547	1.216755	5.184797	-0.436987	0.000000
0.126528	3.654313	94159.995832	229393.411833	14.574900	-368715.498286	0.000322	0.000547	1.216755	5.185028	-0.437195	0.000000
0.132003	3.652881	94198.566838	229397.444293	12.538758	-260467.974901	0.000097	0.000548	1.216755	5.185205	-0.437365	0.000000
0.137480	3.651809	94225.608918	229395.939111	9.454539	-155550.628111	-0.000059	0.000548	1.216755	5.185330	-0.437492	0.000000
0.142958	3.651078	94242.461404	229391.043924	6.004514	-65849.764782	-0.000151	0.000548	1.216755	5.185407	-0.437579	0.000000
0.148437	3.650635	94251.270700	229384.613310	2.779784	1884.250927	-0.000189	0.000548	1.216755	5.185448	-0.437632	0.000000
0.153916	3.650409	94254.418285	229378.065306	0.202265	45714.653731	-0.000187	0.000548	1.216755	5.185462	-0.437659	0.000000
0.159396	3.650329	94254.110357	229372.335779	-1.507497	67532.600823	-0.000160	0.000548	1.216755	5.185461	-0.437668	0.000000
0.164875	3.650335	94252.134064	229367.911354	-2.320079	71728.303780	-0.000119	0.000548	1.216755	5.185452	-0.437667	0.000000
0.170355	3.650379	94249.760053	229364.914454	-2.355552	63824.176788	-0.000077	0.000548	1.216755	5.185441	-0.437662	0.000000
0.175834	3.650430	94247.755991	229363.213002	-1.825323	49307.011508	-0.000040	0.000548	1.216755	5.185432	-0.437656	0.000000
0.181313	3.650469	94246.470593	229362.531079	-0.972220	32800.871595	-0.000011	0.000548	1.216755	5.185426	-0.437652	0.000000
0.186793	3.650489	94245.950301	229362.543457	-0.020482	17624.983188	0.000009	0.000548	1.216755	5.185423	-0.437649	0.000000
0.192272	3.650491	94246.058559	229362.944620	0.857471	5700.600280	0.000019	0.000548	1.216755	5.185424	-0.437649	0.000000
0.197751	3.650480	94246.577703	229363.489873	1.555643	-2281.315024	0.000023	0.000548	1.216755	5.185426	-0.437650	0.000000
0.203231	3.650461	94247.283406	229364.011539	2.032759	-6541.053074	0.000022	0.000548	1.216755	5.185430	-0.437653	0.000000
0.208710	3.650440	94247.989850	229364.416358	2.299228	-7843.831820	0.000018	0.000548	1.216755	5.185433	-0.437655	0.000000
0.214189	3.650422	94248.569434	229364.671357	2.398591	-7166.680950	0.000014	0.000548	1.216755	5.185435	-0.437657	0.000000
0.219669	3.650408	94248.953759	229364.784886	2.388672	-5447.176198	0.000010	0.000548	1.216755	5.185437	-0.437659	0.000000
0.225148	3.650402	94249.123329	229364.787960	2.326201	-3431.360686	0.000007	0.000548	1.216755	5.185438	-0.437660	0.000000
0.230628	3.650402	94249.092471	229364.719112	2.256799	-1613.579490	0.000005	0.000548	1.216755	5.185438	-0.437659	0.000000
0.236107	3.650408	94248.894251	229364.614101	2.210518	-245.933288	0.000004	0.000548	1.216755	5.185437	-0.437659	0.000000
0.241586	3.650419	94248.568215	229364.500437	2.201923	610.434893	0.000004	0.000548	1.216755	5.185435	-0.437657	0.000000
0.247066	3.650433	94248.152056	229364.395756	2.233166	1018.033819	0.000004	0.000548	1.216755	5.185434	-0.437656	0.000000
0.252545	3.650450	94247.677124	229364.308779	2.298332	1099.037834	0.000005	0.000548	1.216755	5.185431	-0.437654	0.000000
0.258025	3.650469	94247.166967	229364.241566	2.387745	985.930369	0.000005	0.000548	1.216755	5.185429	-0.437652	0.000000
0.263504	3.650489	94246.637853	229364.192078	2.491355	790.735211	0.000006	0.000548	1.216755	5.185427	-0.437649	0.000000
0.268983	3.650509	94246.100285	229364.156404	2.600874	591.436556	0.000006	0.000548	1.216755	5.185424	-0.437647	0.000000
0.274462	3.650529	94245.560769	229364.130358	2.710689	431.204321	0.000006	0.000548	1.216755	5.185422	-0.437644	0.000000
0.279942	3.650550	94245.023373	229364.110392	2.817842	325.162347	0.000006	0.000548	1.216755	5.185419	-0.437642	0.000000
0.285421	3.650570	94244.490863	229364.093957	2.921479	270.042638	0.000006	0.000548	1.216755	5.185417	-0.437639	0.000000
0.290900	3.650590	94243.965407	229364.079487	3.022072	253.415715	0.000006	0.000548	1.216755	5.185414	-0.437637	0.000000
0.296379	3.650610	94243.448914	229364.066175	3.120696	260.698426	0.000006	0.000548	1.216755	5.185412	-0.437635	0.000000
0.301858	3.650630	94242.943144	229364.053709	3.218487	279.408092	0.000005	0.000548	1.216755	5.185410	-0.437632	0.000000
0.307337	3.650649	94242.449685	229364.042021	3.316333	300.970290	0.000005	0.000548	1.216755	5.185407	-0.437630	0.000000
0.312816	3.650667	94241.969896	229364.031120	3.414751	320.793690	0.000005	0.000548	1.216755	5.185405	-0.437628	0.000000
0.318295	3.650685	94241.504864	229364.020994	3.513914	337.395234	0.000005	0.000548	1.216755	5.185403	-0.437626	0.000000
0.323774	3.650702	94241.055387	229364.011575	3.613741	351.218348	0.000004	0.000548	1.216755	5.185401	-0.437624	0.000000
0.329253	3.650719	94240.621996	229364.002747	3.714014	363.561616	0.000004	0.000548	1.216755	5.185399	-0.437622	0.000000
0.334732	3.650735	94240.204991	229363.994363	3.814484	375.815374	0.000004	0.000548	1.216755	5.185397	-0.437620	0.000000
0.340211	3.650750	94239.804498	229363.986278	3.914929	389.040431	0.000003	0.000548	1.216755	5.185395	-0.437618	0.000000
0.345690	3.650765	94239.420514	229363.978362	4.015187	403.824966	0.000003	0.000548	1.216755	5.185393	-0.437616	0.000000
0.351169	3.650779	94239.052946	229363.970519	4.115177	420.320520	0.000002	0.000548	1.216755	5.185392	-0.437615	0.000000
0.356648	3.650793	94238.701645	229363.962686	4.214889	438.359681	0.000002	0.000548	1.216755	5.185390	-0.437613	0.000000
0.362126	3.650805	94238.366416	229363.954833	4.314362	457.588641	0.000001	0.000548	1.216755	5.185388	-0.437612	0.000000
0.367605	3.650818	94238.047025	229363.946951	4.413670	477.577244	0.000001	0.000548	1.216755	5.185387	-0.437610	0.000000
0.373084	3.650829	94237.743201	229363.939050	4.512909	497.892296	0.000000	0.000548	1.216755	5.185386	-0.437609	0.000000
0.378563	3.650840	94237.454624	229363.931142	4.612199	518.146011	-0.000000	0.000548	1.216755	5.185384	-0.437607	0.000000
0.384042	3.650851	94237.180923	229363.923239	4.711662	538.024679	-0.000001	0.000548	1.216755	5.185383	-0.437606	0.000000
0.389520	3.650861	94236.921665	229363.915345	4.811430	557.311681	-0.000001	0.000548	1.216755	5.185382	-0.437605	0.000000
0.394999	3.650870	94236.676356	229363.907448	4.911639	575.909135	-0.000002	0.000548	1.216755	5.185381	-0.437604	0.000000
0.400478	3.650879	94236.444439	229363.899519	5.012428	593.853731	-0.000003	0.000548	1.216755	5.185380	-0.437603	0.000000
0.405956	3.650887	94236.225305	229363.891515	5.113927	611.319529	-0.000003	0.000548	1.216755	5.185379	-0.437602	0.000000
0.411435	3.650895	94236.018303	229363.883378	5.216261	628.599232	-0.000004	0.000548	1.216755	5.185378	-0.437601	0.000000
0.416914	3.650903	94235.822760	229363.875042	5.319537	646.065914	-0.000005	0.000548	1.216755	5.185377	-0.437600	0.000000
0.422392	3.650910	94235.637998	229363.866444	5.423841	664.111361	-0.000006	0.000548	1.216755	5.185376	-0.437599	0.000000
0.427871	3.650916	94235.463361	229363.857522	5.529235	683.075679	-0.000006	0.000548	1.216755	5.185375	-0.437598	0.000000
0.433350	3.650923	94235.298225	229363.848234	5.635762	703.185637	-0.000007	0.000548	1.216755	5.185374	-0.437598	0.000000
0.438828	3.650928	94235.142018	229363.838553	5.743445	724.514540	-0.000008	0.000548	1.216755	5.185374	-0.437597	0.000000
0.444307	3.650934	94234.994223	229363.828471	5.852295	746.973895	-0.000009	0.000548	1.216755	5.185373	-0.437596	0.000000
0.449786	3.650939	94234.854384	229363.817999	5.962317	770.341780	-0.000010	0.000548	1.216755	5.185372	-0.437596	0.000000
0.455264	3.650944	94234.722093	229363.807162	6.073507	794.314607	-0.000011	0.000548	1.216755	5.185372	-0.437595	0.000000
0.460743	3.650949	94234.596985	229363.795989	6.185867	818.574520	-0.000012	0.000548	1.216755	5.185371	-0.437594	0.000000
0.466221	3.650953	94234.478726	229363.784514	6.299384	842.852336	-0.000012	0.000548	1.216755	5.185371	-0.437594	0.000000
0.471700	3.650957	94234.367001	229363.772762	6.414046	866.968981	-0.000013	0.000548	1.216755	5.185370	-0.437593	0.000000
0.477179	3.650961	94234.261501	229363.760754	6.529835	890.854119	-0.000014	0.000548	1.216755	5.185370	-0.437593	0.000000
0.482657	3.650965	94234.161924	229363.748499	6.646711	914.535278	-0.000015	0.000548	1.216755	5.185369	-0.437593	0.000000
0.488136	3.650968	94234.067963	229363.735998	6.764629	938.108245	-0.000017	0.000548	1.216755	5.185369	-0.437592	0.000000
0.493614	3.650972	94233.979314	229363.723244	6.883546	961.702389	-0.000018	0.000548	1.216755	5.185368	-0.437592	0.000000
0.499093	3.650975	94233.895673	229363.710228	7.003379	985.440806	-0.000019	0.000548	1.216755	5.185368	-0.437591	0.000000
0.504571	3.650978	94233.816742	229363.696937	7.124062	1009.415780	-0.000020	0.000548	1.216755	5.185367	-0.437591	0.000000
0.510050	3.650980	94233.742233	229363.683362	7.245588	1033.687963	-0.000021	0.000548	1.216755	5.185367	-0.437591	0.000000
0.515528	3.650983	94233.671867	229363.669493	7.367804	1058.266295	-0.000022	0.000548	1.216755	5.185367	-0.437590	0.000000
0.521007	3.650985	94233.605383	229363.655326	7.490633	1083.120123	-0.000023	0.000548	1.216755	5.185366	-0.437590	0.000000
0.526486	3.650987	94233.542534	229363.640856	7.614282	1108.240669	-0.000025	0.000548	1.216755	5.185366	-0.437590	0.000000
0.531964	3.650989	94233.483088	229363.626083	7.738335	1133.571303	-0.000026	0.000548	1.216755	5.185366	-0.437590	0.000000
0.537443	3.650991	94233.426829	229363.611008	7.862579	1159.011232	-0.000027	0.000548	1.216755	5.185366	-0.437589	0.000000
0.542921	3.650993	94233.373558	229363.595631	7.988217	1184.650443	-0.000028	0.000548	1.216755	5.185365	-0.437589	0.000000
0.548400	3.650995	94233.323086	229363.579955	8.113606	1210.419240	-0.000030	0.000548	1.216755	5.185365	-0.437589	0.000000
0.553878	3.650996	94233.275240	229363.563985	8.237747	1236.017080	-0.000031	0.000548	1.216755	5.185365	-0.437589	0.000000
0.559357	3.650998	94233.229860	229363.547720	8.366502	1262.000769	-0.000033	0.000548	1.216755	5.185365	-0.437589	0.000000
0.564835	3.650999	94233.186792	229363.531158	8.492819	1288.214089	-0.000034	0.000548	1.216755	5.185365	-0.437588	0.000000
0.570314	3.651001	94233.145900	229363.514321	8.611432	1313.289105	-0.000036	0.000548	1.216755	5.185364	-0.437588	0.000000
0.575792	3.651002	94233.107053	229363.497189	8.750170	1339.824156	-0.000037	0.000548	1.216755	5.185364	-0.437588	0.000000
0.581271	3.651003	94233.070124	229363.479746	8.878290	1367.379836	-0.000039	0.000548	1.216755	5.185364	-0.437588	0.000000
0.586749	3.651004	94233.035009	229363.462084	8.967789	1389.398815	-0.000040	0.000548	1.216755	5.185364	-0.437588	0.000000
0.592228	3.651005	94233.001610	229363.444111	9.149612	1417.734179	-0.000042	0.000548	1.216755	5.185364	-0.437588	0.000000
0.597706	3.651006	94232.969793	229363.425724	9.289762	1451.519052	-0.000043	0.000548	1.216755	5.185364	-0.437588	0.000000
0.603185	3.651007	94232.939506	229363.407344	9.241058	1459.297502	-0.000045	0.000548	1.216755	5.185363	-0.437588	0.000000
0.608663	3.651008	94232.910700	229363.388560	9.617173	1494.841743	-0.000047	0.000548	1.216755	5.185363	-0.437587	0.000000
0.614142	3.651009	94232.883127	229363.368827	9.837625	1559.455491	-0.000048	0.000548	1.216755	5.185363	-0.437587	0.000000
0.619620	3.651009	94232.856879	229363.350080	9.140231	1502.592538	-0.000050	0.000548	1.216755	5.185363	-0.437587	0.000000
0.625099	3.651010	94232.832075	229363.330520	10.393128	1567.203730	-0.000052	0.000548	1.216755	5.185363	-0.437587	0.000000
0.630577	3.651010	94232.807860	229363.307311	11.102849	1783.980154	-0.000054	0.000548	1.216755	5.185363	-0.437587	0.000000
0.636056	3.651011	94232.784885	229363.289384	7.373429	1434.650785	-0.000055	0.000548	1.216755	5.185363	-0.437587	0.000000
0.641534	3.651012	94232.764065	229363.268887	12.577946	1613.080280	-0.000057	0.000548	1.216755	5.185363	-0.437587	0.000000
0.647013	3.651012	94232.741636	229363.231234	16.115152	2576.784620	-0.000061	0.000548	1.216755	5.185363	-0.437587	0.000000
0.652491	3.651012	94232.720575	229363.217417	-1.712847	910.868599	-0.000062	0.000548	1.216755	5.185362	-0.437587	0.000000
0.657970	3.651013	94232.705750	229363.193196	21.305409	1524.963635	-0.000061	0.000548	1.216755	5.185362	-0.437587	0.000000
0.663448	3.651012	94232.679740	229363.084004	40.657521	6154.568346	-0.000075	0.000548	1.216755	5.185362	-0.437587	0.000000
0.668927	3.651013	94232.655143	229363.076657	-42.323275	-1375.203516	-0.000075	0.000548	1.216755	5.185362	-0.437587	0.000000
0.674405	3.651012	94232.656481	229363.021444	61.138321	905.983842	-0.000062	0.000548	1.216755	5.185362	-0.437587	0.000000
0.679884	3.651007	94232.602379	229362.538272	167.083448	23592.535990	-0.000126	0.000548	1.216755	5.185362	-0.437588	0.000000
0.685362	3.651007	94232.544419	229362.470639	-214.604903	-9643.518752	-0.000125	0.000548	1.216755	5.185362	-0.437588	0.000000
0.690841	3.651002	94232.603833	229362.158529	253.908961	-786.133145	-0.000063	0.000548	1.216755	5.185362	-0.437588	0.000000
0.696320	3.650972	94232.399726	229359.665096	828.282581	111268.788670	-0.000370	0.000548	1.216755	5.185361	-0.437592	0.000000
0.701798	3.650963	94232.135970	229358.750259	-907.370365	-32308.327559	-0.000415	0.000548	1.216755	5.185360	-0.437593	0.000000
0.707277	3.650928	94232.403829	229356.456148	1234.545444	4459.042457	-0.000166	0.000548	1.216755	5.185361	-0.437598	0.000000
0.712755	3.650763	94231.416918	229342.888617	4330.239189	561538.835254	-0.001694	0.000548	1.216755	5.185356	-0.437618	0.000000
0.718234	3.650667	94229.938210	229334.502347	-3443.273863	-41038.528456	-0.002226	0.000548	1.216755	5.185350	-0.437629	0.000000
0.723713	3.650424	94230.812147	229317.686993	6490.891941	130595.297017	-0.001395	0.000548	1.216755	5.185353	-0.437664	0.000000
0.729193	3.649488	94225.632155	229241.632953	23161.186757	2924764.708346	-0.009226	0.000548	1.216755	5.185325	-0.437780	0.000000
0.734675	3.648715	94216.968086	229176.380110	-10896.268138	513491.046703	-0.013658	0.000548	1.216755	5.185289	-0.437867	0.000000
0.740157	3.647065	94218.297249	229057.161321	36070.379701	1447370.885769	-0.012144	0.000548	1.216755	5.185294	-0.438098	0.000000
0.745643	3.641663	94189.807704	228621.041581	126278.354768	15700292.509304	-0.053317	0.000549	1.216755	5.185140	-0.438772	0.000000
0.751142	3.636027	94137.754889	228153.002016	-17923.674516	7048535.058276	-0.085980	0.000550	1.216755	5.184914	-0.439436	0.000000
0.756644	3.625168	94124.767407	227341.876889	207348.323660	12913956.398135	-0.094664	0.000552	1.216755	5.184844	-0.440913	0.000000
0.762171	3.593945	93958.667292	224821.105348	705873.021144	89326970.259891	-0.316367	0.000556	1.216755	5.183958	-0.444869	0.000000
0.767775	3.556331	93621.098720	221677.600538	132324.826411	72197438.906444	-0.547059	0.000562	1.216755	5.182421	-0.449448	0.000000
0.773415	3.493441	93389.701294	216756.469142	1123891.319103	119554404.436835	-0.675926	0.000573	1.216755	5.181272	-0.458048	0.000000
0.779201	3.333239	92254.080611	203381.455784	4069621.440829	611029707.414389	-1.859114	0.000600	1.216755	5.175172	-0.479609	0.000000
0.785434	3.144991	89527.027816	186258.396017	1794766.425665	788135742.486701	-3.489748	0.000636	1.216755	5.161820	-0.504452	0.000000
0.791952	2.966671	86793.685037	169568.357459	2375577.857371	948440119.660392	-3.898930	0.000674	1.216755	5.148041	-0.531444	0.000000
0.798876	2.531813	79998.178805	129864.492397	20052440.791460	3685052495.024838	-8.048632	0.000790	1.216755	5.107423	-0.606680	0.000000
0.808162	1.872072	59001.484153	67988.157715	37760646.661770	8081607867.126478	-21.757526	0.001068	1.216755	4.961427	-0.741742	0.000000
0.821909	1.356513	30375.051687	24793.102428	27891542.378566	6694822498.819754	-37.733880	0.001474	1.216755	4.660039	-0.878457	0.000000
0.839380	1.111592	12899.600491	8766.996635	12120329.157053	2756391106.121681	-47.075015	0.001799	1.216755	4.289164	-0.959062	0.000000
0.858653	1.028208	7239.975946	4811.859374	3400409.386747	577072196.254989	-50.511659	0.001945	1.216755	4.059031	-0.989467	0.000000
0.878499	1.006005	6256.059412	4175.580804	684745.693381	73338100.629228	-51.362907	0.001988	1.216755	4.005737	-0.997768	0.000000
0.898472	1.001156	6135.442459	4092.306570	115226.221048	9065759.294147	-51.523538	0.001998	1.216755	3.998790	-0.999570	0.000000
0.918468	1.000266	6119.997287	4080.690716	16371.446324	1257187.914121	-51.549242	0.001999	1.216755	3.997882	-0.999896	0.000000
0.938467	1.000126	6117.808992	4078.995437	1987.157078	182941.727196	-51.552720	0.002000	1.216755	3.997752	-0.999947	0.000000
0.958467	1.000107	6117.492281	4078.755293	209.168331	25810.005879	-51.553125	0.002000	1.216755	3.997734	-0.999954	0.000000
0.978467	1.000104	6117.448426	4078.723567	18.905670	3403.099524	-51.553166	0.002000	1.216755	3.997731	-0.999955	0.000000
0.998467	1.000104	6117.442775	4078.719704	1.451618	414.540119	-51.553170	0.002000	1.216755	3.997731	-0.999955	0.000000
1.018467	1.000104	6117.442102	4078.719270	0.100293	46.657995	-51.553170	0.002000	1.216755	3.997731	-0.999955	0.000000
1.038467	1.000104	6117.442028	4078.719225	0.008842	4.899445	-51.553170	0.002000	1.216755	3.997731	-0.999955	0.000000
1.058467	1.000104	6117.442020	4078.719220	0.001464	0.492826	-51.553170	0.002000	1.216755	3.997731	-0.999955	0.000000
1.078467	1.000104	6117.442019	4078.719220	0.000300	0.050133	-51.553170	0.002000	1.216755	3.997731	-0.999955	0.000000
1.098467	1.000104	6117.442019	4078.719220	0.000055	0.005566	-51.553170	0.002000	1.216755	3.997731	-0.999955	0.000000
1.118467	1.000104	6117.442019	4078.719219	0.000009	0.000705	-51.553170	0.002000	1.216755	3.997731	-0.999955	0.000000
1.138467	1.000104	6117.442019	4078.719219	0.000001	0.000098	-51.553170	0.002000	1.216755	3.997731	-0.999955	0.000000
1.158467	1.000104	6117.442019	4078.719219	0.000000	0.000013	-51.553170	0.002000	1.216755	3.997731	-0.999955	0.000000
1.178467	1.000104	6117.442019	4078.719219	0.000000	0.000002	-51.553170	0.002000	1.216755	3.997731	-0.999955	0.000000
1.198467	1.000104	6117.442019	4078.719219	-0.000000	0.000002	-51.553170	0.002000	1.216755	3.997731	-0.999955	0.000000
1.218467	1.000104	6117.442019	4078.719219	-0.000000	-0.000000	-51.553170	0.002000	1.216755	3.997731	-0.999955	0.000000
1.238467	1.000104	6117.442019	4078.719219	0.000000	-0.000001	-51.553170	0.002000	1.216755	3.997731	-0.999955	0.000000
1.258467	1.000104	6117.442019	4078.719219	-0.000000	0.000001	-51.553170	0.002000	1.216755	3.997731	-0.999955	0.000000
1.278467	1.000104	6117.442019	4078.719219	-0.000000	-0.000001	-51.553170	0.002000	1.216755	3.997731	-0.999955	0.000000
1.298467	1.000104	6117.442019	4078.719219	0.000000	-0.000000	-51.553170	0.002000	1.216755	3.997731	-0.999955	0.000000
1.318467	1.000104	6117.442019	4078.719219	-0.000000	0.000001	-51.553170	0.002000	1.216755	3.997731	-0.999955	0.000000
1.338467	1.000104	6117.442019	4078.719219	-0.000000	-0.000001	-51.553170	0.002000	1.216755	3.997731	-0.999955	0.000000
1.358467	1.000104	6117.442019	4078.719219	0.000000	0.000001	-51.553170	0.002000	1.216755	3.997731	-0.999955	0.000000
1.378467	1.000104	6117.442019	4078.719219	-0.000000	0.000001	-51.553170	0.002000	1.216755	3.997731	-0.999955	0.000000
1.398467	1.000104	6117.442019	4078.719219	-0.000000	0.000000	-51.553170	0.002000	1.216755	3.997731	-0.999955	0.000000
1.418467	1.000104	6117.442019	4078.719219	-0.000000	-0.000001	-51.553170	0.002000	1.216755	3.997731	-0.999955	0.000000
1.438467	1.000104	6117.442019	4078.719219	0.000000	-0.000001	-51.553170	0.002000	1.216755	3.997731	-0.999955	0.000000
1.458467	1.000104	6117.442019	4078.719219	0.000000	-0.000000	-51.553170	0.002000	1.216755	3.997731	-0.999955	0.000000
1.478467	1.000104	6117.442019	4078.719219	-0.000000	0.000001	-51.553170	0.002000	1.216755	3.997731	-0.999955	0.000000
1.498467	1.000104	6117.442019	4078.719219	-0.000000	-0.000001	-51.553170	0.002000	1.216755	3.997731	-0.999955	0.000000
1.518467	1.000104	6117.442019	4078.719219	0.000000	-0.000001	-51.553170	0.002000	1.216755	3.997731	-0.999955	0.000000
1.538467	1.000104	6117.442019	4078.719219	0.000000	0.000001	-51.553170	0.002000	1.216755	3.997731	-0.999955	0.000000
1.558467	1.000104	6117.442019	4078.719219	0.000000	-0.000001	-51.553170	0.002000	1.216755	3.997731	-0.999955	0.000000
1.578467	1.000104	6117.442019	4078.719219	0.000000	0.000001	-51.553170	0.002000	1.216755	3.997731	-0.999955	0.000000
1.598467	1.000104	6117.442019	4078.719219	-0.000000	0.000001	-51.553170	0.002000	1.216755	3.997731	-0.999955	0.000000
1.618467	1.000104	6117.442019	4078.719219	-0.000000	-0.000001	-51.553170	0.002000	1.216755	3.997731	-0.999955	0.000000
1.638467	1.000104	6117.442019	4078.719219	0.000000	-0.000001	-51.553170	0.002000	1.216755	3.997731	-0.999955	0.000000
1.658467	1.000104	6117.442019	4078.719219	0.000000	0.000000	-51.553170	0.002000	1.216755	3.997731	-0.999955	0.000000
1.678467	1.000104	6117.442019	4078.719219	-0.000000	0.000001	-51.553170	0.002000	1.216755	3.997731	-0.999955	0.000000
1.698467	1.000104	6117.442019	4078.719219	-0.000000	-0.000001	-51.553170	0.002000	1.216755	3.997731	-0.999955	0.000000
1.718467	1.000104	6117.442019	4078.719219	0.000000	-0.000001	-51.553170	0.002000	1.216755	3.997731	-0.999955	0.000000
1.738467	1.000104	6117.442019	4078.719219	0.000000	0.000001	-51.553170	0.002000	1.216755	3.997731	-0.999955	0.000000
1.758467	1.000104	6117.442019	4078.719219	-0.000000	0.000001	-51.553170	0.002000	1.216755	3.997731	-0.999955	0.000000
1.778467	1.000104	6117.442019	4078.719219	-0.000000	-0.000001	-51.553170	0.002000	1.216755	3.997731	-0.999955	0.000000
1.798467	1.000104	6117.442019	4078.719219	0.000000	-0.000001	-51.553170	0.002000	1.216755	3.997731	-0.999955	0.000000
1.818467	1.000104	6117.442019	4078.719219	0.000000	-0.000001	-51.553170	0.002000	1.216755	3.997731	-0.999955	0.000000
1.838467	1.000104	6117.442019	4078.719219	-0.000000	0.000001	-51.553170	0.002000	1.216755	3.997731	-0.999955	0.000000
1.858467	1.000104	6117.442019	4078.719219	0.000000	-0.000001	-51.553170	0.002000	1.216755	3.997731	-0.999955	0.000000
1.878467	1.000104	6117.442019	4078.719219	0.000000	0.000001	-51.553170	0.002000	1.216755	3.997731	-0.999955	0.000000
1.898467	1.000104	6117.442019	4078.719219	-0.000000	0.000001	-51.553170	0.002000	1.216755	3.997731	-0.999955	0.000000
1.918467	1.000104	6117.442019	4078.719219	-0.000000	0.000000	-51.553170	0.002000	1.216755	3.997731	-0.999955	0.000000
1.938467	1.000104	6117.442019	4078.719219	-0.000000	0.000000	-51.553170	0.002000	1.216755	3.997731	-0.999955	0.000000
1.958467	1.000104	6117.442019	4078.719219	0.000000	-0.000001	-51.553170	0.002000	1.216755	3.997731	-0.999955	0.000000
1.978467	1.000104	6117.442019	4078.719219	-0.000000	0.000001	-51.553170	0.002000	1.216755	3.997731	-0.999955	0.000000
1.998467	1.000104	6117.442019	4078.719219	-0.000000	-0.000001	-51.553170	0.002000	1.216755	3.997731	-0.999955	0.000000
2.018467	1.000104	6117.442019	4078.719219	0.000000	-0.000001	-51.553170	0.002000	1.216755	3.997731	-0.999955	0.000000
2.038467	1.000104	6117.442019	4078.719219	0.000000	-0.000000	-51.553170	0.002000	1.216755	3.997731	-0.999955	0.000000
2.058467	1.000104	6117.442019	4078.719219	0.000000	0.000000	-51.553170	0.002000	1.216755	3.997731	-0.999955	0.000000
2.078467	1.000104	6117.442019	4078.719219	0.000000	0.000001	-51.553170	0.002000	1.216755	3.997731	-0.999955	0.000000
2.098467	1.000104	6117.442019	4078.719219	-0.000000	0.000001	-51.553170	0.002000	1.216755	3.997731	-0.999955	0.000000
2.118467	1.000104	6117.442019	4078.719219	-0.000000	0.000000	-51.553170	0.002000	1.216755	3.997731	-0.999955	0.000000
2.138467	1.000104	6117.442019	4078.719219	-0.000000	-0.000000	-51.553170	0.002000	1.216755	3.997731	-0.999955	0.000000
2.158467	1.000104	6117.442019	4078.719219	-0.000000	-0.000001	-51.553170	0.002000	1.216755	3.997731	-0.999955	0.000000
2.178467	1.000104	6117.442019	4078.719219	0.000000	-0.000001	-51.553170	0.002000	1.216755	3.997731	-0.999955	0.000000
2.198467	1.000104	6117.442019	4078.719219	0.000000	0.000001	-51.553170	0.002000	1.216755	3.997731	-0.999955	0.000000
2.218467	1.000104	6117.442019	4078.719219	-0.000000	0.000001	-51.553170	0.002000	1.216755	3.997731	-0.999955	0.000000
2.238467	1.000104	6117.442019	4078.719219	-0.000000	-0.000000	-51.553170	0.002000	1.216755	3.997731	-0.999955	0.000000
2.258467	1.000104	6117.442019	4078.719219	-0.000000	0.000000	-51.553170	0.002000	1.216755	3.997731	-0.999955	0.000000
2.278467	1.000104	6117.442019	4078.719219	-0.000000	-0.000001	-51.553170	0.002000	1.216755	3.997731	-0.999955	0.000000
2.298467	1.000104	6117.442019	4078.719219	0.000000	-0.000001	-51.553170	0.002000	1.216755	3.997731	-0.999955	0.000000
2.318467	1.000104	6117.442019	4078.719219	0.000000	0.000000	-51.553170	0.002000	1.216755	3.997731	-0.999955	0.000000
2.338467	1.000104	6117.442019	4078.719219	-0.000000	0.000001	-51.553170	0.002000	1.216755	3.997731	-0.999955	0.000000
2.358467	1.000104	6117.442019	4078.719219	-0.000000	-0.000001	-51.553170	0.002000	1.216755	3.997731	-0.999955	0.000000
2.378467	1.000104	6117.442019	4078.719219	0.000000	-0.000002	-51.553170	0.002000	1.216755	3.997731	-0.999955	0.000000
2.398467	1.000104	6117.442019	4078.719219	0.000000	0.000000	-51.553170	0.002000	1.216755	3.997731	-0.999955	0.000000
2.418467	1.000104	6117.442019	4078.719219	0.000000	0.000003	-51.553170	0.002000	1.216755	3.997731	-0.999955	0.000000
2.438467	1.000104	6117.442019	4078.719219	-0.000000	0.000000	-51.553170	0.002000	1.216755	3.997731	-0.999955	0.000000
2.458467	1.000104	6117.442019	4078.719219	0.000000	-0.000002	-51.553170	0.002000	1.216755	3.997731	-0.999955	0.000000
2.478467	1.000104	6117.442019	4078.719219	0.000000	0.000001	-51.553170	0.002000	1.216755	3.997731	-0.999955	0.000000
2.498467	1.000104	6117.442019	4078.719219	-0.000000	0.000001	-51.553170	0.002000	1.216755	3.997731	-0.999955	0.000000
2.518467	1.000104	6117.442019	4078.719219	-0.000000	-0.000001	-51.553170	0.002000	1.216755	3.997731	-0.999955	0.000000
2.538467	1.000104	6117.442019	4078.719219	0.000000	-0.000000	-51.553170	0.002000	1.216755	3.997731	-0.999955	0.000000
2.558467	1.000104	6117.442019	4078.719219	0.000000	-0.000000	-51.553170	0.002000	1.216755	3.997731	-0.999955	0.000000
2.578467	1.000104	6117.442019	4078.719219	0.000000	-0.000000	-51.553170	0.002000	1.216755	3.997731	-0.999955	0.000000
2.598467	1.000104	6117.442019	4078.719219	0.000000	-0.000000	-51.553170	0.002000	1.216755	3.997731	-0.999955	0.000000
2.618467	1.000104	6117.442019	4078.719219	0.000000	-0.000000	-51.553170	0.002000	1.216755	3.997731	-0.999955	0.000000
2.638467	1.000104	6117.442019	4078.719219	0.000000	-0.000000	-51.553170	0.002000	1.216755	3.997731	-0.999955	0.000000
2.658467	1.000104	6117.442019	4078.719219	0.000000	0.000000	-51.553170	0.002000	1.216755	3.997731	-0.999955	0.000000
2.678467	1.000104	6117.442019	4078.719219	0.000000	-0.000000	-51.553170	0.002000	1.216755	3.997731	-0.999955	0.000000
2.698467	1.000104	6117.442019	4078.719219	0.000000	-0.000000	-51.553170	0.002000	1.216755	3.997731	-0.999955	0.000000
2.718467	1.000104	6117.442019	4078.719219	0.000000	-0.000000	-51.553170	0.002000	1.216755	3.997731	-0.999955	0.000000
2.738467	1.000104	6117.442019	4078.719219	0.000000	-0.000000	-51.553170	0.002000	1.216755	3.997731	-0.999955	0.000000
2.758467	1.000104	6117.442019	4078.719219	0.000000	-0.000000	-51.553170	0.002000	1.216755	3.997731	-0.999955	0.000000
2.778467	1.000104	6117.442019	4078.719219	0.000000	-0.000000	-51.553170	0.002000	1.216755	3.997731	-0.999955	0.000000
2.798467	1.000104	6117.442019	4078.719219	-0.000000	-0.000000	-51.553170	0.002000	1.216755	3.997731	-0.999955	0.000000
2.818467	1.000104	6117.442019	4078.719219	-0.000000	-0.000000	-51.553170	0.002000	1.216755	3.997731	-0.999955	0.000000
2.838467	1.000104	6117.442019	4078.719219	-0.000000	-0.000000	-51.553170	0.002000	1.216755	3.997731	-0.999955	0.000000
2.858467	1.000104	6117.442019	4078.719219	-0.000000	-0.000000	-51.553170	0.002000	1.216755	3.997731	-0.999955	0.000000
2.878467	1.000104	6117.442019	4078.719219	0.000000	-0.000001	-51.553170	0.002000	1.216755	3.997731	-0.999955	0.000000
2.898467	1.000104	6117.442019	4078.719219	0.000000	0.000001	-51.553170	0.002000	1.216755	3.997731	-0.999955	0.000000
2.918467	1.000104	6117.442019	4078.719219	-0.000000	0.000001	-51.553170	0.002000	1.216755	3.997731	-0.999955	0.000000
2.938467	1.000104	6117.442019	4078.719219	-0.000000	0.000000	-51.553170	0.002000	1.216755	3.997731	-0.999955	0.000000
2.958467	1.000104	6117.442019	4078.719219	-0.000000	-0.000001	-51.553170	0.002000	1.216755	3.997731	-0.999955	0.000000
2.978467	1.000104	6117.442019	4078.719219	0.000000	-0.000001	-51.553170	0.002000	1.216755	3.997731	-0.999955	0.000000
2.998467	1.000104	6117.442019	4078.719219	0.000000	0.000001	-51.553170	0.002000	1.216755	3.997731	-0.999955	0.000000
3.018467	1.000104	6117.442019	4078.719219	0.000000	0.000001	-51.553170	0.002000	1.216755	3.997731	-0.999955	0.000000
3.038467	1.000104	6117.442019	4078.719219	-0.000000	0.000000	-51.553170	0.002000	1.216755	3.997731	-0.999955	0.000000
3.058467	1.000104	6117.442019	4078.719219	-0.000000	0.000000	-51.553170	0.002000	1.216755	3.997731	-0.999955	0.000000
3.078467	1.000104	6117.442019	4078.719219	-0.000000	-0.000001	-51.553170	0.002000	1.216755	3.997731	-0.999955	0.000000
3.098467	1.000104	6117.442019	4078.719219	0.000000	-0.000001	-51.553170	0.002000	1.216755	3.997731	-0.999955	0.000000
3.118467	1.000104	6117.442019	4078.719219	0.000000	0.000001	-51.553170	0.002000	1.216755	3.997731	-0.999955	0.000000
3.138467	1.000104	6117.442019	4078.719219	0.000000	0.000001	-51.553170	0.002000	1.216755	3.997731	-0.999955	0.000000
3.158467	1.000104	6117.442019	4078.719219	-0.000000	0.000001	-51.553170	0.002000	1.216755	3.997731	-0.999955	0.000000
3.178467	1.000104	6117.442019	4078.719219	-0.000000	-0.000001	-51.553170	0.002000	1.216755	3.997731	-0.999955	0.000000
3.198467	1.000104	6117.442019	4078.719219	0.000000	-0.000001	-51.553170	0.002000	1.216755	3.997731	-0.999955	0.000000
3.218467	1.000104	6117.442019	4078.719219	0.000000	0.000000	-51.553170	0.002000	1.216755	3.997731	-0.999955	0.000000
3.238467	1.000104	6117.442019	4078.719219	0.000000	0.000001	-51.553170	0.002000	1.216755	3.997731	-0.999955	0.000000
3.258467	1.000104	6117.442019	4078.719219	-0.000000	0.000001	-51.553170	0.002000	1.216755	3.997731	-0.999955	0.000000
3.278467	1.000104	6117.442019	4078.719219	-0.000000	-0.000001	-51.553170	0.002000	1.216755	3.997731	-0.999955	0.000000
3.298467	1.000104	6117.442019	4078.719219	0.000000	-0.000001	-51.553170	0.002000	1.216755	3.997731	-0.999955	0.000000
3.318467	1.000104	6117.442019	4078.719219	0.000000	0.000001	-51.553170	0.002000	1.216755	3.997731	-0.999955	0.000000
3.338467	1.000104	6117.442019	4078.719219	-0.000000	0.000000	-51.553170	0.002000	1.216755	3.997731	-0.999955	0.000000
3.358467	1.000104	6117.442019	4078.719219	0.000000	-0.000001	-51.553170	0.002000	1.216755	3.997731	-0.999955	0.000000
3.378467	1.000104	6117.442019	4078.719219	0.000000	0.000001	-51.553170	0.002000	1.216755	3.997731	-0.999955	0.000000
3.398467	1.000104	6117.442019	4078.719219	-0.000000	0.000001	-51.553170	0.002000	1.216755	3.997731	-0.999955	0.000000
3.418467	1.000104	6117.442019	4078.719219	0.000000	-0.000001	-51.553170	0.002000	1.216755	3.997731	-0.999955	0.000000
3.438467	1.000104	6117.442019	4078.719219	0.000000	0.000001	-51.553170	0.002000	1.216755	3.997731	-0.999955	0.000000
3.458467	1.000104	6117.442019	4078.719219	-0.000000	0.000001	-51.553170	0.002000	1.216755	3.997731	-0.999955	0.000000
3.478467	1.000104	6117.442019	4078.719219	-0.000000	-0.000001	-51.553170	0.002000	1.216755	3.997731	-0.999955	0.000000
3.498467	1.000104	6117.442019	4078.719219	0.000000	-0.000001	-51.553170	0.002000	1.216755	3.997731	-0.999955	0.000000
3.518467	1.000104	6117.442019	4078.719219	0.000000	0.000001	-51.553170	0.002000	1.216755	3.997731	-0.999955	0.000000
3.538467	1.000104	6117.442019	4078.719219	-0.000000	0.000001	-51.553170	0.002000	1.216755	3.997731	-0.999955	0.000000
3.558467	1.000104	6117.442019	4078.719219	-0.000000	0.000000	-51.553170	0.002000	1.216755	3.997731	-0.999955	0.000000
3.578467	1.000104	6117.442019	4078.719219	-0.000000	0.000000	-51.553170	0.002000	1.216755	3.997731	-0.999955	0.000000
3.598467	1.000104	6117.442019	4078.719219	-0.000000	-0.000000	-51.553170	0.002000	1.216755	3.997731	-0.999955	0.000000
3.618467	1.000104	6117.442019	4078.719219	-0.000000	-0.000000	-51.553170	0.002000	1.216755	3.997731	-0.999955	0.000000
3.638467	1.000104	6117.442019	4078.719219	-0.000000	-0.000001	-51.553170	0.002000	1.216755	3.997731	-0.999955	0.000000
3.658467	1.000104	6117.442019	4078.719219	0.000000	0.000000	-51.553170	0.002000	1.216755	3.997731	-0.999955	0.000000
3.678467	1.000104	6117.442019	4078.719219	0.000000	-0.000000	-51.553170	0.002000	1.216755	3.997731	-0.999955	0.000000
3.698467	1.000104	6117.442019	4078.719219	0.000000	0.000001	-51.553170	0.002000	1.216755	3.997731	-0.999955	0.000000
3.718467	1.000104	6117.442019	4078.719219	-0.000000	0.000001	-51.553170	0.002000	1.216755	3.997731	-0.999955	0.000000
3.738467	1.000104	6117.442019	4078.719219	-0.000000	0.000000	-51.553170	0.002000	1.216755	3.997731	-0.999955	0.000000
3.758467	1.000104	6117.442019	4078.719219	-0.000000	-0.000001	-51.553170	0.002000	1.216755	3.997731	-0.999955	0.000000
3.778467	1.000104	6117.442019	4078.719219	0.000000	-0.000001	-51.553170	0.002000	1.216755	3.997731	-0.999955	0.000000
3.798467	1.000104	6117.442019	4078.719219	0.000000	0.000001	-51.553170	0.002000	1.216755	3.997731	-0.999955	0.000000
3.818467	1.000104	6117.442019	4078.719219	0.000000	-0.000000	-51.553170	0.002000	1.216755	3.997731	-0.999955	0.000000
3.838467	1.000104	6117.442019	4078.719219	0.000000	-0.000001	-51.553170	0.002000	1.216755	3.997731	-0.999955	0.000000
3.858467	1.000104	6117.442019	4078.719219	0.000000	0.000002	-51.553170	0.002000	1.216755	3.997731	-0.999955	0.000000
3.878467	1.000104	6117.442019	4078.719219	-0.000000	0.000001	-51.553170	0.002000	1.216755	3.997731	-0.999955	0.000000
3.898467	1.000104	6117.442019	4078.719219	-0.000000	-0.000001	-51.553170	0.002000	1.216755	3.997731	-0.999955	0.000000
3.918467	1.000104	6117.442019	4078.719219	-0.000000	-0.000000	-51.553170	0.002000	1.216755	3.997731	-0.999955	0.000000
3.938467	1.000104	6117.442019	4078.719219	-0.000000	-0.000001	-51.553170	0.002000	1.216755	3.997731	-0.999955	0.000000
3.958467	1.000104	6117.442019	4078.719219	-0.000000	0.000001	-51.553170	0.002000	1.216755	3.997731	-0.999955	0.000000
3.978467	1.000104	6117.442019	4078.719219	-0.000000	0.000001	-51.553170	0.002000	1.216755	3.997731	-0.999955	0.000000
3.998467	1.000104	6117.442019	4078.719219	-0.000000	-0.000001	-51.553170	0.002000	1.216755	3.997731	-0.999955	0.000000
4.018467	1.000104	6117.442019	4078.719219	-0.000000	-0.000001	-51.553170	0.002000	1.216755	3.997731	-0.999955	0.000000
4.038467	1.000104	6117.442019	4078.719219	0.000000	-0.000000	-51.553170	0.002000	1.216755	3.997731	-0.999955	0.000000
4.058467	1.000104	6117.442019	4078.719219	0.000000	0.000001	-51.553170	0.002000	1.216755	3.997731	-0.999955	0.000000
4.078467	1.000104	6117.442019	4078.719219	-0.000000	0.000000	-51.553170	0.002000	1.216755	3.997731	-0.999955	0.000000
4.098467	1.000104	6117.442019	4078.719219	0.000000	-0.000000	-51.553170	0.002000	1.216755	3.997731	-0.999955	0.000000
4.118467	1.000104	6117.442019	4078.719219	-0.000000	-0.000000	-51.553170	0.002000	1.216755	3.997731	-0.999955	0.000000
4.138467	1.000104	6117.442019	4078.719219	0.000000	-0.000001	-51.553170	0.002000	1.216755	3.997731	-0.999955	0.000000
4.158467	1.000104	6117.442019	4078.719219	0.000000	0.000000	-51.553170	0.002000	1.216755	3.997731	-0.999955	0.000000
4.178467	1.000104	6117.442019	4078.719219	0.000000	0.000002	-51.553170	0.002000	1.216755	3.997731	-0.999955	0.000000
4.198467	1.000104	6117.442019	4078.719219	-0.000000	-0.000000	-51.553170	0.002000	1.216755	3.997731	-0.999955	0.000000
4.218467	1.000104	6117.442019	4078.719219	-0.000000	-0.000001	-51.553170	0.002000	1.216755	3.997731	-0.999955	0.000000
4.238467	1.000104	6117.442019	4078.719219	-0.000000	0.000001	-51.553170	0.002000	1.216755	3.997731	-0.999955	0.000000
4.258467	1.000104	6117.442019	4078.719219	-0.000000	0.000001	-51.553170	0.002000	1.216755	3.997731	-0.999955	0.000000
4.278467	1.000104	6117.442019	4078.719219	-0.000000	-0.000000	-51.553170	0.002000	1.216755	3.997731	-0.999955	0.000000
4.298467	1.000104	6117.442019	4078.719219	-0.000000	-0.000002	-51.553170	0.002000	1.216755	3.997731	-0.999955	0.000000
4.318467	1.000104	6117.442019	4078.719219	0.000000	-0.000002	-51.553170	0.002000	1.216755	3.997731	-0.999955	0.000000
4.338467	1.000104	6117.442019	4078.719219	0.000000	0.000001	-51.553170	0.002000	1.216755	3.997731	-0.999955	0.000000
4.358467	1.000104	6117.442019	4078.719219	-0.000000	0.000001	-51.553170	0.002000	1.216755	3.997731	-0.999955	0.000000
4.378467	1.000104	6117.442019	4078.719219	-0.000000	-0.000001	-51.553170	0.002000	1.216755	3.997731	-0.999955	0.000000
4.398467	1.000104	6117.442019	4078.719219	0.000000	-0.000001	-51.553170	0.002000	1.216755	3.997731	-0.999955	0.000000
4.418467	1.000104	6117.442019	4078.719219	0.000000	0.000002	-51.553170	0.002000	1.216755	3.997731	-0.999955	0.000000
4.438467	1.000104	6117.442019	4078.719219	-0.000000	0.000001	-51.553170	0.002000	1.216755	3.997731	-0.999955	0.000000
4.458467	1.000104	6117.442019	4078.719219	-0.000000	-0.000001	-51.553170	0.002000	1.216755	3.997731	-0.999955	0.000000
4.478467	1.000104	6117.442019	4078.719219	0.000000	-0.000000	-51.553170	0.002000	1.216755	3.997731	-0.999955	0.000000
4.498467	1.000104	6117.442019	4078.719219	0.000000	-0.000000	-51.553170	0.002000	1.216755	3.997731	-0.999955	0.000000
4.518467	1.000104	6117.442019	4078.719219	0.000000	0.000000	-51.553170	0.002000	1.216755	3.997731	-0.999955	0.000000
4.538467	1.000104	6117.442019	4078.719219	-0.000000	0.000001	-51.553170	0.002000	1.216755	3.997731	-0.999955	0.000000
4.558467	1.000104	6117.442019	4078.719219	-0.000000	-0.000001	-51.553170	0.002000	1.216755	3.997731	-0.999955	0.000000
4.578467	1.000104	6117.442019	4078.719219	0.000000	-0.000001	-51.553170	0.002000	1.216755	3.997731	-0.999955	0.000000
4.598467	1.000104	6117.442019	4078.719219	-0.000000	0.000000	-51.553170	0.002000	1.216755	3.997731	-0.999955	0.000000
4.618467	1.000104	6117.442019	4078.719219	-0.000000	-0.000004	-51.553170	0.002000	1.216755	3.997731	-0.999955	0.000000
4.638467	1.000104	6117.442019	4078.719219	0.000000	-0.000027	-51.553170	0.002000	1.216755	3.997731	-0.999955	0.000000
4.658467	1.000104	6117.442019	4078.719219	0.000001	-0.000107	-51.553170	0.002000	1.216755	3.997731	-0.999955	0.000000
4.678467	1.000104	6117.442019	4078.719219	0.000004	-0.000350	-51.553170	0.002000	1.216755	3.997731	-0.999955	0.000000
4.698467	1.000104	6117.442019	4078.719219	0.000013	-0.001066	-51.553170	0.002000	1.216755	3.997731	-0.999955	0.000000
4.718467	1.000104	6117.442019	4078.719219	0.000039	-0.003064	-51.553170	0.002000	1.216755	3.997731	-0.999955	0.000000
4.738467	1.000104	6117.442019	4078.719219	0.000111	-0.008474	-51.553170	0.002000	1.216755	3.997731	-0.999955	0.000000
4.758467	1.000104	6117.442019	4078.719219	0.000303	-0.022686	-51.553170	0.002000	1.216755	3.997731	-0.999955	0.000000
4.778467	1.000104	6117.442018	4078.719219	0.000801	-0.058972	-51.553170	0.002000	1.216755	3.997731	-0.999955	0.000000
4.798467	1.000104	6117.442017	4078.719217	0.002061	-0.149226	-51.553170	0.002000	1.216755	3.997731	-0.999955	0.000000
4.818467	1.000104	6117.442014	4078.719213	0.005164	-0.368383	-51.553170	0.002000	1.216755	3.997731	-0.999955	0.000000
4.838467	1.000104	6117.442005	4078.719203	0.012630	-0.888341	-51.553170	0.002000	1.216755	3.997731	-0.999955	0.000000
4.858467	1.000104	6117.441984	4078.719178	0.030178	-2.094323	-51.553170	0.002000	1.216755	3.997731	-0.999955	0.000000
4.878467	1.000104	6117.441934	4078.719120	0.070501	-4.830040	-51.553170	0.002000	1.216755	3.997731	-0.999955	0.000000
4.898467	1.000104	6117.441819	4078.718984	0.161111	-10.900336	-51.553170	0.002000	1.216755	3.997731	-0.999955	0.000000
4.918467	1.000104	6117.441559	4078.718674	0.360201	-24.080370	-51.553169	0.002000	1.216755	3.997731	-0.999955	0.000000
4.938467	1.000104	6117.440983	4078.717982	0.788079	-52.045153	-51.553168	0.002000	1.216755	3.997730	-0.999955	0.000000
4.958467	1.000104	6117.439738	4078.716472	1.686972	-110.071314	-51.553166	0.002000	1.216755	3.997730	-0.999955	0.000000
4.978467	1.000103	6117.437100	4078.713245	3.532497	-227.740252	-51.553161	0.002000	1.216755	3.997730	-0.999955	0.000000
4.998467	1.000103	6117.431636	4078.706503	7.233775	-460.821660	-51.553150	0.002000	1.216755	3.997730	-0.999956	0.000000
5.018467	1.000101	6117.420569	4078.692723	14.480729	-911.530728	-51.553128	0.002000	1.216755	3.997729	-0.999956	0.000000
5.038467	1.000098	6117.398654	4078.665189	28.323895	-1761.723548	-51.553083	0.002000	1.216755	3.997728	-0.999958	0.000000
5.058467	1.000091	6117.356258	4078.611429	54.101740	-3324.918594	-51.552996	0.002000	1.216755	3.997725	-0.999960	0.000000
5.078468	1.000079	6117.276173	4078.508912	100.853018	-6123.744415	-51.552830	0.002000	1.216755	3.997719	-0.999966	0.000000
5.098468	1.000056	6117.128553	4078.318100	183.347955	-10998.418136	-51.552521	0.002000	1.216755	3.997709	-0.999976	0.000000
5.118470	1.000013	6116.863221	4077.971693	324.811390	-19247.537958	-51.551957	0.002000	1.216755	3.997690	-0.999994	0.000000
5.138472	0.999937	6116.398542	4077.358764	560.253787	-32792.936923	-51.550958	0.002000	1.216755	3.997657	-1.000027	0.000000
5.158476	0.999805	6115.606263	4076.302628	940.036933	-54344.237772	-51.549233	0.002000	1.216755	3.997602	-1.000083	0.000000
5.178484	0.999582	6114.292274	4074.531936	1532.876461	-87516.819521	-51.546336	0.002001	1.216755	3.997509	-1.000180	0.000000
5.198497	0.999214	6112.174288	4071.645941	2426.994419	-136834.043716	-51.541609	0.002002	1.216755	3.997360	-1.000338	0.000000
5.218518	0.998626	6108.859025	4067.077195	3727.768083	-207531.503826	-51.534116	0.002003	1.216755	3.997126	-1.000592	0.000000
5.238555	0.997714	6103.823298	4060.057946	5550.275503	-305093.238477	-51.522591	0.002005	1.216755	3.996770	-1.000986	0.000000
5.258613	0.996338	6096.404889	4049.599517	8005.939274	-434501.737008	-51.505398	0.002007	1.216755	3.996245	-1.001581	0.000000
5.278704	0.994330	6085.809404	4034.495533	11184.144917	-599276.414834	-51.480530	0.002011	1.216755	3.995494	-1.002453	0.000000
5.298842	0.991485	6071.137537	4013.358631	15131.938999	-800487.227631	-51.445657	0.002017	1.216755	3.994450	-1.003690	0.000000
5.319048	0.987578	6051.433127	3984.694977	19836.839963	-1036008.956708	-51.398228	0.002025	1.216755	3.993044	-1.005397	0.000000
5.339345	0.982374	6025.746918	3947.012194	25218.205199	-1300277.967719	-51.335615	0.002036	1.216755	3.991203	-1.007683	0.000000
5.359765	0.975640	5993.205756	3898.946338	31130.892599	-1584688.644682	-51.255287	0.002050	1.216755	3.988859	-1.010660	0.000000
5.380344	0.967172	5953.074563	3839.386397	37381.233441	-1878582.910953	-51.154966	0.002068	1.216755	3.985948	-1.014435	0.000000
5.401122	0.956798	5904.799521	3767.573373	43751.914681	-2170528.636091	-51.032753	0.002090	1.216755	3.982420	-1.019106	0.000000
5.422150	0.944398	5848.026173	3683.157181	50027.037815	-2449868.653702	-50.887190	0.002118	1.216755	3.978232	-1.024760	0.000000
5.443479	0.929903	5782.592666	3586.205094	56017.003538	-2707462.467620	-50.717255	0.002151	1.216755	3.973352	-1.031465	0.000000
5.465168	0.913293	5708.501498	3477.165141	61571.509480	-2936525.568064	-50.522314	0.002190	1.216755	3.967758	-1.039281	0.000000
5.487281	0.894591	5625.879597	3356.798952	66585.699288	-3132706.546845	-50.302015	0.002236	1.216755	3.961433	-1.048256	0.000000
5.509889	0.873855	5534.935467	3226.098784	70998.553259	-3293878.922252	-50.056183	0.002289	1.216755	3.954361	-1.058431	0.000000
5.533067	0.851161	5435.918006	3086.204243	74786.248054	-3419715.218202	-49.784695	0.002350	1.216755	3.946526	-1.069850	0.000000
5.556900	0.826599	5329.086147	2938.330541	77953.886804	-3511199.392586	-49.487367	0.002420	1.216755	3.937910	-1.082558	0.000000
5.581480	0.800262	5214.680550	2783.711448	80526.492072	-3570139.137192	-49.163858	0.002499	1.216755	3.928489	-1.096613	0.000000
5.606912	0.772241	5092.895133	2623.564678	82541.074446	-3598917.782162	-48.813564	0.002590	1.216755	3.918229	-1.112086	0.000000
5.633314	0.742626	4963.814831	2459.055690	84040.826290	-3600264.142889	-48.435566	0.002693	1.216755	3.907083	-1.129063	0.000000
5.660822	0.711516	4827.260309	2291.266390	85067.603553	-3577523.924736	-48.028540	0.002811	1.216755	3.894970	-1.147643	0.000000
5.689592	0.679023	4682.526739	2121.101975	85662.009700	-3534675.489021	-47.590765	0.002945	1.216755	3.881752	-1.167938	0.000000
5.719806	0.645282	4527.868222	1949.152930	85853.231840	-3476353.191019	-47.120087	0.003099	1.216755	3.867167	-1.190070	0.000000
5.751676	0.610394	4360.155085	1775.496963	85668.435083	-3406939.856138	-46.613832	0.003277	1.216755	3.850777	-1.214206	0.000000
5.785457	0.574323	4174.767285	1599.561493	85123.304416	-3326986.099907	-46.068686	0.003482	1.216755	3.831910	-1.240657	0.000000
5.821474	0.536658	3967.747508	1420.560400	84237.314897	-3230699.198954	-45.479291	0.003727	1.216755	3.809824	-1.270113	0.000000
5.860188	0.496360	3740.071744	1238.512346	83049.019431	-3100373.107384	-44.837079	0.004029	1.216755	3.784162	-1.304010	0.000000
5.902339	0.451900	3504.167699	1056.465585	81569.389248	-2920969.158268	-44.124297	0.004426	1.216755	3.755868	-1.344761	0.000000
5.949160	0.401556	3285.863084	880.293733	79905.366752	-2685994.088205	-43.311845	0.004981	1.216755	3.727930	-1.396051	0.000000
6.002843	0.344940	3119.995364	718.011990	77947.743037	-2420482.445742	-42.344937	0.005798	1.216755	3.705429	-1.462045	0.000000
6.066963	0.282606	3043.601779	573.856027	76013.641294	-2150027.149364	-41.133894	0.007077	1.216755	3.694652	-1.548598	0.000000
6.148571	0.218094	3089.963487	449.604306	73632.079439	-1909228.884474	-39.514545	0.009170	1.216755	3.701205	-1.661123	0.000000
6.259775	0.147969	3304.815717	326.248325	72592.467127	-1658805.189382	-37.111256	0.013516	1.216755	3.730382	-1.829582	0.000000
6.464694	0.083019	4431.108263	245.414438	70466.511577	-1284418.208280	-32.325301	0.024091	1.216755	3.857716	-2.080564	0.000000
-0.002975	3.364136	102581.520773	230066.048669	8.268610	0.000000	0.000745	0.000595	0.000000	5.222233	-0.473129	0.000000
-0.008919	3.371051	102351.605132	230021.860437	23.757134	0.000000	0.002166	0.000593	0.000000	5.221258	-0.472237	0.000000
-0.014844	3.384488	101907.920644	229937.545104	36.248542	0.000000	0.003393	0.000591	0.000000	5.219371	-0.470509	0.000000
-0.020740	3.403713	101280.815864	229820.616601	44.226779	0.000000	0.004321	0.000588	0.000000	5.216689	-0.468049	0.000000
-0.026599	3.427684	100511.558737	229681.248528	46.807507	0.000000	0.004879	0.000583	0.000000	5.213377	-0.465000	0.000000
-0.032413	3.455122	99648.252870	229531.185102	43.852256	0.000000	0.005037	0.000579	0.000000	5.209630	-0.461537	0.000000
-0.038178	3.484603	98741.205349	229382.491680	35.961174	0.000000	0.004808	0.000574	0.000000	5.205658	-0.457846	0.000000
-0.043894	3.514662	97838.626931	229246.333329	24.363829	0.000000	0.004240	0.000569	0.000000	5.201669	-0.454115	0.000000
-0.049560	3.543902	96982.965267	229131.920005	10.721001	0.000000	0.003414	0.000564	0.000000	5.197854	-0.450517	0.000000
-0.055182	3.571095	96208.265861	229045.734264	-3.124446	0.000000	0.002426	0.000560	0.000000	5.194371	-0.447197	0.000000
-0.060762	3.595267	95538.621795	228991.113405	-15.412470	0.000000	0.001380	0.000556	0.000000	5.191337	-0.444267	0.000000
-0.066308	3.615757	94987.723245	228968.210590	-24.706094	0.000000	0.000376	0.000553	0.000000	5.188826	-0.441799	0.000000
-0.071825	3.632233	94559.355709	228974.310551	-30.074493	0.000000	-0.000506	0.000551	0.000000	5.186863	-0.439825	0.000000
-0.077320	3.644685	94248.668302	229004.433362	-31.193260	0.000000	-0.001203	0.000549	0.000000	5.185435	-0.438339	0.000000
-0.082800	3.653378	94043.979809	229052.127846	-28.349619	0.000000	-0.001683	0.000547	0.000000	5.184491	-0.437305	0.000000
-0.088269	3.658783	93928.892030	229110.339477	-22.354283	0.000000	-0.001939	0.000547	0.000000	5.183960	-0.436663	0.000000
-0.093733	3.661503	93884.475837	229172.237300	-14.377288	0.000000	-0.001987	0.000546	0.000000	5.183755	-0.436341	0.000000
