0.002975	3.364503	102568.870222	230062.763798	8.155669	-2191966.007186	-0.000739	0.000594	1.216755	5.222179	-0.473081	0.000000
0.008918	3.371386	102340.130974	230018.938648	23.433485	-1988446.593803	-0.002149	0.000593	1.216755	5.221210	-0.472194	0.000000
0.014842	3.384763	101898.656232	229935.303106	35.758042	-1606125.256857	-0.003367	0.000591	1.216755	5.219331	-0.470474	0.000000
0.020738	3.403904	101274.532346	229819.286258	43.636101	-1090312.915473	-0.004289	0.000588	1.216755	5.216663	-0.468024	0.000000
0.026597	3.427777	100508.684906	229680.949482	46.197397	-500177.125779	-0.004845	0.000583	1.216755	5.213365	-0.464988	0.000000
0.032410	3.455112	99648.842948	229531.912315	43.306153	99536.251506	-0.005005	0.000579	1.216755	5.209633	-0.461538	0.000000
0.038176	3.484495	98744.956794	229384.119717	35.552999	647142.648853	-0.004781	0.000574	1.216755	5.205675	-0.457860	0.000000
0.043892	3.514470	97844.940795	229248.636423	24.146465	1091367.340039	-0.004222	0.000569	1.216755	5.201697	-0.454139	0.000000
0.049559	3.543648	96991.037184	229134.604819	10.717619	1396637.339019	-0.003406	0.000564	1.216755	5.197890	-0.450548	0.000000
0.055180	3.570806	96217.192675	229048.480443	-2.924592	1545786.287951	-0.002428	0.000560	1.216755	5.194411	-0.447232	0.000000
0.060761	3.594972	95547.509232	228993.615993	-15.052581	1540239.701926	-0.001391	0.000556	1.216755	5.191378	-0.444303	0.000000
0.066307	3.615482	94995.781704	228970.218205	-24.254651	1397971.587123	-0.000393	0.000553	1.216755	5.188863	-0.441832	0.000000
0.071825	3.632000	94565.974326	228975.653986	-29.613383	1149764.221478	0.000484	0.000551	1.216755	5.186894	-0.439853	0.000000
0.077321	3.644509	94253.460860	229005.040860	-30.803320	834358.561275	0.001181	0.000549	1.216755	5.185457	-0.438360	0.000000
0.082801	3.653267	94046.799799	229052.025522	-28.096393	493140.375871	0.001663	0.000547	1.216755	5.184504	-0.437318	0.000000
0.088270	3.658736	93929.817892	229109.637761	-22.276882	164999.789345	0.001923	0.000547	1.216755	5.183964	-0.436669	0.000000
0.093734	3.661512	93883.770965	229171.106514	-14.482652	-118024.700637	0.001977	0.000546	1.216755	5.183751	-0.436340	0.000000
0.099195	3.662243	93889.373741	229230.540458	-6.001678	-333809.313618	0.001859	0.000546	1.216755	5.183778	-0.436253	0.000000
0.104657	3.661561	93928.520950	229283.403992	1.939333	-471582.378383	0.001616	0.000546	1.216755	5.183959	-0.436335	0.000000
0.110121	3.660030	93985.573600	229326.755881	8.357002	-531654.511773	0.001298	0.000546	1.216755	5.184223	-0.436516	0.000000
0.115587	3.658114	94048.145538	229359.255417	12.633933	-523636.801345	0.000952	0.000547	1.216755	5.184512	-0.436744	0.000000
0.121056	3.656157	94107.393004	229380.973502	14.565382	-463586.027356	0.000621	0.000547	1.216755	5.184785	-0.436976	0.000000
0.126529	3.654390	94157.870214	229393.068373	14.329664	-370663.750535	0.000333	0.000547	1.216755	5.185018	-0.437186	0.000000
0.132003	3.652939	94197.058939	229397.395321	12.397264	-263915.958908	0.000107	0.000548	1.216755	5.185198	-0.437358	0.000000
0.137480	3.651847	94224.702110	229396.116732	9.403995	-159674.970219	-0.000052	0.000548	1.216755	5.185326	-0.437488	0.000000
0.142958	3.651098	94242.070519	229391.365753	6.017199	-69894.166865	-0.000147	0.000548	1.216755	5.185406	-0.437577	0.000000
0.148437	3.650641	94251.271213	229384.997816	2.820950	-1504.095520	-0.000187	0.000548	1.216755	5.185448	-0.437631	0.000000
0.153916	3.650405	94254.673807	229378.443615	0.238054	43320.217385	-0.000187	0.000548	1.216755	5.185464	-0.437659	0.000000
0.159396	3.650319	94254.494632	229372.658730	-1.503805	66228.627664	-0.000161	0.000548	1.216755	5.185463	-0.437669	0.000000
0.164875	3.650323	94252.545467	229368.151702	-2.364489	71411.011420	-0.000121	0.000548	1.216755	5.185454	-0.437669	0.000000
0.170355	3.650368	94250.128298	229365.065004	-2.452690	64256.920790	-0.000079	0.000548	1.216755	5.185443	-0.437664	0.000000
0.175834	3.650420	94248.042162	229363.282010	-1.970218	50195.331204	-0.000041	0.000548	1.216755	5.185433	-0.437657	0.000000
0.181313	3.650461	94246.662385	229362.536400	-1.153608	33859.002132	-0.000011	0.000548	1.216755	5.185427	-0.437652	0.000000
0.186793	3.650484	94246.054660	229362.506799	-0.224608	18623.260778	0.000009	0.000548	1.216755	5.185424	-0.437650	0.000000
0.192272	3.650489	94246.093725	229362.886855	0.643489	6489.621586	0.000020	0.000548	1.216755	5.185424	-0.437649	0.000000
0.197751	3.650479	94246.566140	229363.427936	1.341480	-1768.189911	0.000024	0.000548	1.216755	5.185426	-0.437650	0.000000
0.203231	3.650461	94247.246522	229363.956974	1.823837	-6301.314316	0.000023	0.000548	1.216755	5.185429	-0.437652	0.000000
0.208710	3.650441	94247.944795	229364.375264	2.096822	-7828.263939	0.000020	0.000548	1.216755	5.185433	-0.437655	0.000000
0.214189	3.650423	94248.527809	229364.645303	2.200747	-7303.625348	0.000016	0.000548	1.216755	5.185435	-0.437657	0.000000
0.219669	3.650409	94248.921781	229364.772303	2.191535	-5663.277973	0.000012	0.000548	1.216755	5.185437	-0.437659	0.000000
0.225148	3.650403	94249.102886	229364.785600	2.125343	-3665.798359	0.000009	0.000548	1.216755	5.185438	-0.437659	0.000000
0.230628	3.650402	94249.082549	229364.723278	2.048254	-1825.057612	0.000007	0.000548	1.216755	5.185438	-0.437659	0.000000
0.236107	3.650408	94248.892327	229364.621502	1.991407	-413.444617	0.000006	0.000548	1.216755	5.185437	-0.437659	0.000000
0.241586	3.650419	94248.571361	229364.508640	1.970667	491.105558	0.000006	0.000548	1.216755	5.185435	-0.437657	0.000000
0.247066	3.650433	94248.157669	229364.403299	1.989366	939.863501	0.000006	0.000548	1.216755	5.185434	-0.437656	0.000000
0.252545	3.650450	94247.683289	229364.315053	2.042465	1049.505045	0.000006	0.000548	1.216755	5.185431	-0.437654	0.000000
0.258025	3.650469	94247.172529	229364.246580	2.120790	951.687816	0.000007	0.000548	1.216755	5.185429	-0.437652	0.000000
0.263504	3.650489	94246.642305	229364.196197	2.214477	760.644751	0.000007	0.000548	1.216755	5.185427	-0.437649	0.000000
0.268983	3.650509	94246.103580	229364.160126	2.315191	557.954384	0.000008	0.000548	1.216755	5.185424	-0.437647	0.000000
0.274462	3.650529	94245.563121	229364.134157	2.417151	390.462987	0.000008	0.000548	1.216755	5.185422	-0.437644	0.000000
0.279942	3.650550	94245.025091	229364.114636	2.517220	276.249779	0.000008	0.000548	1.216755	5.185419	-0.437642	0.000000
0.285421	3.650570	94244.492242	229364.098882	2.614395	213.954593	0.000008	0.000548	1.216755	5.185417	-0.437639	0.000000
0.290900	3.650590	94243.966674	229364.085206	2.709065	192.040760	0.000008	0.000548	1.216755	5.185414	-0.437637	0.000000
0.296379	3.650610	94243.450214	229364.072717	2.802285	196.045282	0.000008	0.000548	1.216755	5.185412	-0.437635	0.000000
0.301858	3.650630	94242.944547	229364.061051	2.895215	213.141820	0.000008	0.000548	1.216755	5.185410	-0.437632	0.000000
0.307337	3.650649	94242.451211	229364.050121	2.988783	234.226494	0.000007	0.000548	1.216755	5.185407	-0.437630	0.000000
0.312816	3.650667	94241.971536	229364.039935	3.083546	254.193282	0.000007	0.000548	1.216755	5.185405	-0.437628	0.000000
0.318295	3.650685	94241.506601	229364.030492	3.179695	271.166875	0.000007	0.000548	1.216755	5.185403	-0.437626	0.000000
0.323774	3.650702	94241.057205	229364.021740	3.277136	285.351702	0.000007	0.000548	1.216755	5.185401	-0.437624	0.000000
0.329253	3.650719	94240.623885	229364.013572	3.375617	297.942687	0.000007	0.000548	1.216755	5.185399	-0.437622	0.000000
0.334732	3.650735	94240.206952	229364.005851	3.474820	310.320467	0.000006	0.000548	1.216755	5.185397	-0.437620	0.000000
0.340211	3.650750	94239.806535	229363.998435	3.574434	323.583888	0.000006	0.000548	1.216755	5.185395	-0.437618	0.000000
0.345690	3.650765	94239.422636	229363.991195	3.674203	338.370473	0.000006	0.000548	1.216755	5.185393	-0.437616	0.000000
0.351169	3.650779	94239.055163	229363.984034	3.773944	354.870691	0.000005	0.000548	1.216755	5.185392	-0.437615	0.000000
0.356648	3.650793	94238.703966	229363.976888	3.873540	372.936922	0.000005	0.000548	1.216755	5.185390	-0.437613	0.000000
0.362126	3.650806	94238.368847	229363.969724	3.972926	392.215439	0.000004	0.000548	1.216755	5.185388	-0.437611	0.000000
0.367605	3.650818	94238.049572	229363.962533	4.072083	412.261170	0.000004	0.000548	1.216755	5.185387	-0.437610	0.000000
0.373084	3.650829	94237.745864	229363.955322	4.171030	432.621018	0.000003	0.000548	1.216755	5.185386	-0.437609	0.000000
0.378563	3.650840	94237.457404	229363.948104	4.269805	452.887073	0.000003	0.000548	1.216755	5.185384	-0.437607	0.000000
0.384042	3.650851	94237.183817	229363.940893	4.368469	472.730288	0.000002	0.000548	1.216755	5.185383	-0.437606	0.000000
0.389520	3.650861	94236.924669	229363.933690	4.467107	491.925699	0.000002	0.000548	1.216755	5.185382	-0.437605	0.000000
0.394999	3.650870	94236.679466	229363.926484	4.565822	510.372042	0.000001	0.000548	1.216755	5.185381	-0.437604	0.000000
0.400478	3.650879	94236.447652	229363.919249	4.664729	528.104611	0.000001	0.000548	1.216755	5.185380	-0.437603	0.000000
0.405956	3.650888	94236.228617	229363.911942	4.763954	545.296308	0.000000	0.000548	1.216755	5.185379	-0.437602	0.000000
0.411435	3.650895	94236.021714	229363.904505	4.863623	562.238054	-0.000000	0.000548	1.216755	5.185378	-0.437601	0.000000
0.416914	3.650903	94235.826269	229363.896877	4.963862	579.296970	-0.000001	0.000548	1.216755	5.185377	-0.437600	0.000000
0.422392	3.650910	94235.641610	229363.888993	5.064787	596.858664	-0.000002	0.000548	1.216755	5.185376	-0.437599	0.000000
0.427871	3.650917	94235.467080	229363.880795	5.166491	615.258980	-0.000002	0.000548	1.216755	5.185375	-0.437598	0.000000
0.433350	3.650923	94235.302058	229363.872241	5.269065	634.725068	-0.000003	0.000548	1.216755	5.185374	-0.437598	0.000000
0.438828	3.650929	94235.145971	229363.863305	5.372577	655.338865	-0.000004	0.000548	1.216755	5.185374	-0.437597	0.000000
0.444307	3.650934	94234.998303	229363.853979	5.477082	677.026595	-0.000005	0.000548	1.216755	5.185373	-0.437596	0.000000
0.449786	3.650940	94234.858596	229363.844273	5.582633	699.584636	-0.000006	0.000548	1.216755	5.185372	-0.437596	0.000000
0.455264	3.650944	94234.726440	229363.834211	5.689277	722.731101	-0.000006	0.000548	1.216755	5.185372	-0.437595	0.000000
0.460743	3.650949	94234.601469	229363.823823	5.797055	746.168051	-0.000007	0.000548	1.216755	5.185371	-0.437594	0.000000
0.466221	3.650954	94234.483347	229363.813139	5.905996	769.640765	-0.000008	0.000548	1.216755	5.185371	-0.437594	0.000000
0.471700	3.650958	94234.371758	229363.802187	6.016123	792.978934	-0.000009	0.000548	1.216755	5.185370	-0.437593	0.000000
0.477179	3.650962	94234.266394	229363.790986	6.127445	816.113916	-0.000010	0.000548	1.216755	5.185370	-0.437593	0.000000
0.482657	3.650965	94234.166950	229363.779545	6.239959	839.071723	-0.000011	0.000548	1.216755	5.185369	-0.437592	0.000000
0.488136	3.650969	94234.073123	229363.767865	6.353649	861.946246	-0.000012	0.000548	1.216755	5.185369	-0.437592	0.000000
0.493614	3.650972	94233.984608	229363.755941	6.468476	884.862627	-0.000013	0.000548	1.216755	5.185368	-0.437592	0.000000
0.499093	3.650975	94233.901101	229363.743762	6.584401	907.944463	-0.000014	0.000548	1.216755	5.185368	-0.437591	0.000000
0.504571	3.650978	94233.822306	229363.731317	6.701384	931.289110	-0.000015	0.000548	1.216755	5.185367	-0.437591	0.000000
0.510050	3.650981	94233.747934	229363.718595	6.819349	954.951486	-0.000016	0.000548	1.216755	5.185367	-0.437591	0.000000
0.515528	3.650983	94233.677708	229363.705586	6.938268	978.949521	-0.000017	0.000548	1.216755	5.185367	-0.437590	0.000000
0.521007	3.650985	94233.611366	229363.692285	7.058115	1003.275229	-0.000018	0.000548	1.216755	5.185367	-0.437590	0.000000
0.526486	3.650988	94233.548659	229363.678687	7.178711	1027.883019	-0.000019	0.000548	1.216755	5.185366	-0.437590	0.000000
0.531964	3.650990	94233.489357	229363.664792	7.300127	1052.732062	-0.000020	0.000548	1.216755	5.185366	-0.437590	0.000000
0.537443	3.650992	94233.433244	229363.650599	7.422435	1077.811425	-0.000022	0.000548	1.216755	5.185366	-0.437589	0.000000
0.542921	3.650993	94233.380119	229363.636109	7.545001	1103.035616	-0.000023	0.000548	1.216755	5.185365	-0.437589	0.000000
0.548400	3.650995	94233.329794	229363.621324	7.668316	1128.379810	-0.000024	0.000548	1.216755	5.185365	-0.437589	0.000000
0.553878	3.650997	94233.282096	229363.606246	7.792997	1153.966663	-0.000025	0.000548	1.216755	5.185365	-0.437589	0.000000
0.559357	3.650998	94233.236863	229363.590877	7.916278	1179.555170	-0.000027	0.000548	1.216755	5.185365	-0.437589	0.000000
0.564835	3.651000	94233.193944	229363.575223	8.040491	1205.120561	-0.000028	0.000548	1.216755	5.185365	-0.437588	0.000000
0.570314	3.651001	94233.153201	229363.559276	8.169084	1231.334619	-0.000029	0.000548	1.216755	5.185364	-0.437588	0.000000
0.575792	3.651002	94233.114500	229363.543047	8.289398	1257.170097	-0.000031	0.000548	1.216755	5.185364	-0.437588	0.000000
0.581271	3.651003	94233.077726	229363.526549	8.411615	1282.451041	-0.000032	0.000548	1.216755	5.185364	-0.437588	0.000000
0.586749	3.651005	94233.042762	229363.509746	8.553591	1310.411377	-0.000034	0.000548	1.216755	5.185364	-0.437588	0.000000
0.592228	3.651006	94233.009499	229363.492669	8.656799	1336.464237	-0.000035	0.000548	1.216755	5.185364	-0.437588	0.000000
0.597706	3.651007	94232.977856	229363.475385	8.764741	1359.304046	-0.000037	0.000548	1.216755	5.185364	-0.437588	0.000000
0.603185	3.651007	94232.947728	229363.457709	8.968086	1394.255694	-0.000038	0.000548	1.216755	5.185363	-0.437587	0.000000
0.608663	3.651008	94232.919008	229363.439769	8.996438	1420.745110	-0.000040	0.000548	1.216755	5.185363	-0.437587	0.000000
0.614142	3.651009	94232.891691	229363.421877	9.033134	1430.258573	-0.000041	0.000548	1.216755	5.185363	-0.437587	0.000000
0.619620	3.651010	94232.865648	229363.403167	9.533698	1495.080869	-0.000043	0.000548	1.216755	5.185363	-0.437587	0.000000
0.625099	3.651010	94232.840691	229363.384140	9.251022	1523.306526	-0.000045	0.000548	1.216755	5.185363	-0.437587	0.000000
0.630577	3.651011	94232.817095	229363.366310	8.944980	1464.366493	-0.000046	0.000548	1.216755	5.185363	-0.437587	0.000000
0.636056	3.651012	94232.794569	229363.345616	10.881914	1659.146532	-0.000048	0.000548	1.216755	5.185363	-0.437587	0.000000
0.641534	3.651012	94232.772453	229363.323989	9.317399	1700.635731	-0.000050	0.000548	1.216755	5.185363	-0.437587	0.000000
0.647013	3.651013	94232.752262	229363.308758	7.331998	1306.141801	-0.000051	0.000548	1.216755	5.185363	-0.437587	0.000000
0.652491	3.651013	94232.732974	229363.281005	16.109610	2083.335564	-0.000054	0.000548	1.216755	5.185362	-0.437587	0.000000
0.657970	3.651013	94232.711541	229363.247800	9.241908	2245.082638	-0.000058	0.000548	1.216755	5.185362	-0.437587	0.000000
0.663448	3.651014	94232.695114	229363.244495	-1.107035	265.626959	-0.000056	0.000548	1.216755	5.185362	-0.437587	0.000000
0.668927	3.651014	94232.679652	229363.183081	39.942783	3713.245253	-0.000060	0.000548	1.216755	5.185362	-0.437587	0.000000
0.674405	3.651013	94232.650252	229363.087160	11.364505	4796.192670	-0.000076	0.000548	1.216755	5.185362	-0.437587	0.000000
0.679884	3.651014	94232.639737	229363.125798	-40.365277	-4540.161943	-0.000061	0.000548	1.216755	5.185362	-0.437587	0.000000
0.685362	3.651011	94232.631871	229362.888766	152.917240	11245.936633	-0.000074	0.000548	1.216755	5.185362	-0.437587	0.000000
0.690841	3.651007	94232.553185	229362.438743	38.568104	18450.852328	-0.000143	0.000548	1.216755	5.185362	-0.437588	0.000000
0.696319	3.651009	94232.552775	229362.574518	-214.072796	-24700.021118	-0.000076	0.000548	1.216755	5.185362	-0.437587	0.000000
0.701798	3.650993	94232.565753	229361.375525	700.426840	48385.306543	-0.000136	0.000548	1.216755	5.185362	-0.437590	0.000000
0.707277	3.650965	94232.229724	229358.888355	268.280874	93417.718266	-0.000483	0.000548	1.216755	5.185360	-0.437593	0.000000
0.712755	3.650963	94232.216299	229358.830854	-939.021087	-102985.848275	-0.000225	0.000548	1.216755	5.185360	-0.437593	0.000000
0.718234	3.650873	94232.268139	229352.150439	3412.815524	238918.181379	-0.000540	0.000548	1.216755	5.185360	-0.437605	0.000000
0.723713	3.650706	94230.597238	229337.764879	1939.944207	509677.278248	-0.002346	0.000548	1.216755	5.185352	-0.437625	0.000000
0.729192	3.650635	94230.198655	229332.644838	-3689.510673	-366471.220568	-0.001503	0.000548	1.216755	5.185351	-0.437634	0.000000
0.734671	3.650116	94230.052818	229293.711260	17179.525610	1256721.165625	-0.003327	0.000548	1.216755	5.185348	-0.437704	0.000000
0.740151	3.649108	94221.318534	229208.864715	13276.900025	2855116.352798	-0.012921	0.000548	1.216755	5.185305	-0.437822	0.000000
0.745633	3.648387	94217.162360	229153.553107	-12169.676777	-936422.258239	-0.011249	0.000548	1.216755	5.185292	-0.437914	0.000000
0.751115	3.645312	94213.491877	228920.469420	88937.423888	6925338.470421	-0.022409	0.000549	1.216755	5.185263	-0.438327	0.000000
0.756607	3.639209	94166.217239	228413.500551	87773.301525	16411350.160303	-0.074450	0.000550	1.216755	5.185030	-0.439057	0.000000
0.762108	3.633397	94131.604022	227957.312006	-22898.309781	958949.152117	-0.080868	0.000550	1.216755	5.184895	-0.439789	0.000000
0.767613	3.615123	94092.709185	226554.819847	470866.774692	40415493.488075	-0.150653	0.000553	1.216755	5.184654	-0.442229	0.000000
0.773169	3.578572	93821.029743	223526.951145	578258.385915	101431448.418014	-0.439989	0.000559	1.216755	5.183302	-0.446720	0.000000
0.778794	3.538881	93531.835451	220303.140810	95813.670548	51123945.360920	-0.562341	0.000565	1.216755	5.182040	-0.451767	0.000000
0.784459	3.441875	93144.188759	212591.104090	2436645.287077	273263776.041967	-0.969047	0.000581	1.216755	5.179885	-0.465089	0.000000
0.790399	3.253003	91271.928020	196249.697168	3966694.788904	782691421.782421	-2.613361	0.000615	1.216755	5.170237	-0.490176	0.000000
0.796795	3.082728	88439.894216	180371.982618	408802.002606	720216717.215006	-3.705180	0.000649	1.216755	5.156611	-0.513190	0.000000
0.803371	2.838381	85132.509001	157856.191644	7469437.455557	1609526383.221950	-4.646079	0.000705	1.216755	5.138471	-0.552957	0.000000
0.810908	2.274208	73679.414177	105781.628296	29656358.297630	5630878758.567269	-12.395198	0.000879	1.216755	5.067136	-0.655474	0.000000
0.821861	1.632894	47139.631882	46762.955962	36305704.467733	8318273411.122948	-28.625389	0.001225	1.216755	4.857827	-0.800673	0.000000
0.837317	1.230869	21653.624444	16045.625248	21140144.548736	5073564636.861731	-42.357719	0.001625	1.216755	4.510842	-0.918233	0.000000
0.855717	1.065934	9624.676444	6406.291674	7663183.271973	1602179522.183604	-48.958538	0.001876	1.216755	4.169385	-0.975526	0.000000
0.875313	1.015500	6610.058061	4405.924979	1848788.613364	262014910.908242	-51.012868	0.001969	1.216755	4.025505	-0.994216	0.000000
0.895234	1.003124	6177.976338	4122.565519	342272.100513	31382569.087029	-51.460875	0.001994	1.216755	4.001260	-0.998841	0.000000
0.915222	1.000612	6125.643057	4085.008733	54011.227125	4071556.625802	-51.539690	0.001999	1.216755	3.998215	-0.999770	0.000000
0.935220	1.000178	6118.623334	4079.625394	7180.390988	582476.640961	-51.551488	0.002000	1.216755	3.997800	-0.999928	0.000000
0.955220	1.000113	6117.609273	4078.842952	823.200803	84275.914671	-51.552988	0.002000	1.216755	3.997740	-0.999952	0.000000
0.975220	1.000105	6117.464314	4078.734876	81.697154	11603.302643	-51.553153	0.002000	1.216755	3.997732	-0.999955	0.000000
0.995220	1.000104	6117.444774	4078.721047	6.919439	1483.158656	-51.553169	0.002000	1.216755	3.997731	-0.999955	0.000000
1.015220	1.000104	6117.442334	4078.719417	0.501348	174.973055	-51.553170	0.002000	1.216755	3.997731	-0.999955	0.000000
1.035220	1.000104	6117.442053	4078.719240	0.035697	19.120210	-51.553170	0.002000	1.216755	3.997731	-0.999955	0.000000
1.055220	1.000104	6117.442023	4078.719222	0.004042	1.964770	-51.553170	0.002000	1.216755	3.997731	-0.999955	0.000000
1.075220	1.000104	6117.442020	4078.719220	0.000780	0.196881	-51.553170	0.002000	1.216755	3.997731	-0.999955	0.000000
1.095220	1.000104	6117.442019	4078.719220	0.000155	0.020551	-51.553170	0.002000	1.216755	3.997731	-0.999955	0.000000
1.115220	1.000104	6117.442019	4078.719220	0.000027	0.002403	-51.553170	0.002000	1.216755	3.997731	-0.999955	0.000000
1.135220	1.000104	6117.442019	4078.719219	0.000004	0.000317	-51.553170	0.002000	1.216755	3.997731	-0.999955	0.000000
1.155220	1.000104	6117.442019	4078.719219	0.000001	0.000046	-51.553170	0.002000	1.216755	3.997731	-0.999955	0.000000
1.175220	1.000104	6117.442019	4078.719219	0.000000	0.000008	-51.553170	0.002000	1.216755	3.997731	-0.999955	0.000000
1.195220	1.000104	6117.442019	4078.719219	-0.000000	0.000001	-51.553170	0.002000	1.216755	3.997731	-0.999955	0.000000
1.215220	1.000104	6117.442019	4078.719219	0.000000	-0.000001	-51.553170	0.002000	1.216755	3.997731	-0.999955	0.000000
1.235220	1.000104	6117.442019	4078.719219	0.000000	0.000001	-51.553170	0.002000	1.216755	3.997731	-0.999955	0.000000
1.255220	1.000104	6117.442019	4078.719219	-0.000000	-0.000000	-51.553170	0.002000	1.216755	3.997731	-0.999955	0.000000
1.275220	1.000104	6117.442019	4078.719219	0.000000	-0.000001	-51.553170	0.002000	1.216755	3.997731	-0.999955	0.000000
1.295220	1.000104	6117.442019	4078.719219	-0.000000	0.000001	-51.553170	0.002000	1.216755	3.997731	-0.999955	0.000000
1.315220	1.000104	6117.442019	4078.719219	-0.000000	-0.000001	-51.553170	0.002000	1.216755	3.997731	-0.999955	0.000000
1.335220	1.000104	6117.442019	4078.719219	0.000000	0.000001	-51.553170	0.002000	1.216755	3.997731	-0.999955	0.000000
1.355220	1.000104	6117.442019	4078.719219	-0.000000	0.000001	-51.553170	0.002000	1.216755	3.997731	-0.999955	0.000000
1.375220	1.000104	6117.442019	4078.719219	-0.000000	0.000000	-51.553170	0.002000	1.216755	3.997731	-0.999955	0.000000
1.395220	1.000104	6117.442019	4078.719219	-0.000000	-0.000001	-51.553170	0.002000	1.216755	3.997731	-0.999955	0.000000
1.415220	1.000104	6117.442019	4078.719219	0.000000	-0.000001	-51.553170	0.002000	1.216755	3.997731	-0.999955	0.000000
1.435220	1.000104	6117.442019	4078.719219	0.000000	-0.000000	-51.553170	0.002000	1.216755	3.997731	-0.999955	0.000000
1.455220	1.000104	6117.442019	4078.719219	-0.000000	0.000001	-51.553170	0.002000	1.216755	3.997731	-0.999955	0.000000
1.475220	1.000104	6117.442019	4078.719219	-0.000000	-0.000001	-51.553170	0.002000	1.216755	3.997731	-0.999955	0.000000
1.495220	1.000104	6117.442019	4078.719219	0.000000	-0.000001	-51.553170	0.002000	1.216755	3.997731	-0.999955	0.000000
1.515220	1.000104	6117.442019	4078.719219	0.000000	0.000001	-51.553170	0.002000	1.216755	3.997731	-0.999955	0.000000
1.535220	1.000104	6117.442019	4078.719219	0.000000	-0.000001	-51.553170	0.002000	1.216755	3.997731	-0.999955	0.000000
1.555220	1.000104	6117.442019	4078.719219	0.000000	0.000001	-51.553170	0.002000	1.216755	3.997731	-0.999955	0.000000
1.575220	1.000104	6117.442019	4078.719219	-0.000000	0.000001	-51.553170	0.002000	1.216755	3.997731	-0.999955	0.000000
1.595220	1.000104	6117.442019	4078.719219	-0.000000	-0.000001	-51.553170	0.002000	1.216755	3.997731	-0.999955	0.000000
1.615220	1.000104	6117.442019	4078.719219	0.000000	-0.000001	-51.553170	0.002000	1.216755	3.997731	-0.999955	0.000000
1.635220	1.000104	6117.442019	4078.719219	0.000000	0.000000	-51.553170	0.002000	1.216755	3.997731	-0.999955	0.000000
1.655220	1.000104	6117.442019	4078.719219	-0.000000	0.000001	-51.553170	0.002000	1.216755	3.997731	-0.999955	0.000000
1.675220	1.000104	6117.442019	4078.719219	-0.000000	-0.000001	-51.553170	0.002000	1.216755	3.997731	-0.999955	0.000000
1.695220	1.000104	6117.442019	4078.719219	0.000000	-0.000001	-51.553170	0.002000	1.216755	3.997731	-0.999955	0.000000
1.715220	1.000104	6117.442019	4078.719219	0.000000	0.000001	-51.553170	0.002000	1.216755	3.997731	-0.999955	0.000000
1.735220	1.000104	6117.442019	4078.719219	-0.000000	0.000001	-51.553170	0.002000	1.216755	3.997731	-0.999955	0.000000
1.755220	1.000104	6117.442019	4078.719219	0.000000	-0.000001	-51.553170	0.002000	1.216755	3.997731	-0.999955	0.000000
1.775220	1.000104	6117.442019	4078.719219	0.000000	-0.000000	-51.553170	0.002000	1.216755	3.997731	-0.999955	0.000000
1.795220	1.000104	6117.442019	4078.719219	-0.000000	-0.000001	-51.553170	0.002000	1.216755	3.997731	-0.999955	0.000000
1.815220	1.000104	6117.442019	4078.719219	-0.000000	0.000000	-51.553170	0.002000	1.216755	3.997731	-0.999955	0.000000
1.835220	1.000104	6117.442019	4078.719219	0.000000	-0.000000	-51.553170	0.002000	1.216755	3.997731	-0.999955	0.000000
1.855220	1.000104	6117.442019	4078.719219	0.000000	0.000001	-51.553170	0.002000	1.216755	3.997731	-0.999955	0.000000
1.875220	1.000104	6117.442019	4078.719219	-0.000000	0.000001	-51.553170	0.002000	1.216755	3.997731	-0.999955	0.000000
1.895220	1.000104	6117.442019	4078.719219	-0.000000	0.000000	-51.553170	0.002000	1.216755	3.997731	-0.999955	0.000000
1.915220	1.000104	6117.442019	4078.719219	-0.000000	0.000000	-51.553170	0.002000	1.216755	3.997731	-0.999955	0.000000
1.935220	1.000104	6117.442019	4078.719219	0.000000	-0.000001	-51.553170	0.002000	1.216755	3.997731	-0.999955	0.000000
1.955220	1.000104	6117.442019	4078.719219	-0.000000	0.000001	-51.553170	0.002000	1.216755	3.997731	-0.999955	0.000000
1.975220	1.000104	6117.442019	4078.719219	-0.000000	-0.000001	-51.553170	0.002000	1.216755	3.997731	-0.999955	0.000000
1.995220	1.000104	6117.442019	4078.719219	0.000000	-0.000001	-51.553170	0.002000	1.216755	3.997731	-0.999955	0.000000
2.015220	1.000104	6117.442019	4078.719219	0.000000	-0.000000	-51.553170	0.002000	1.216755	3.997731	-0.999955	0.000000
2.035220	1.000104	6117.442019	4078.719219	0.000000	0.000000	-51.553170	0.002000	1.216755	3.997731	-0.999955	0.000000
2.055220	1.000104	6117.442019	4078.719219	0.000000	0.000001	-51.553170	0.002000	1.216755	3.997731	-0.999955	0.000000
2.075220	1.000104	6117.442019	4078.719219	-0.000000	0.000001	-51.553170	0.002000	1.216755	3.997731	-0.999955	0.000000
2.095220	1.000104	6117.442019	4078.719219	-0.000000	0.000000	-51.553170	0.002000	1.216755	3.997731	-0.999955	0.000000
2.115220	1.000104	6117.442019	4078.719219	-0.000000	-0.000000	-51.553170	0.002000	1.216755	3.997731	-0.999955	0.000000
2.135220	1.000104	6117.442019	4078.719219	-0.000000	-0.000001	-51.553170	0.002000	1.216755	3.997731	-0.999955	0.000000
2.155220	1.000104	6117.442019	4078.719219	0.000000	-0.000001	-51.553170	0.002000	1.216755	3.997731	-0.999955	0.000000
2.175220	1.000104	6117.442019	4078.719219	0.000000	0.000001	-51.553170	0.002000	1.216755	3.997731	-0.999955	0.000000
2.195220	1.000104	6117.442019	4078.719219	-0.000000	0.000001	-51.553170	0.002000	1.216755	3.997731	-0.999955	0.000000
2.215220	1.000104	6117.442019	4078.719219	-0.000000	-0.000000	-51.553170	0.002000	1.216755	3.997731	-0.999955	0.000000
2.235220	1.000104	6117.442019	4078.719219	-0.000000	0.000000	-51.553170	0.002000	1.216755	3.997731	-0.999955	0.000000
2.255220	1.000104	6117.442019	4078.719219	-0.000000	-0.000001	-51.553170	0.002000	1.216755	3.997731	-0.999955	0.000000
2.275220	1.000104	6117.442019	4078.719219	0.000000	-0.000001	-51.553170	0.002000	1.216755	3.997731	-0.999955	0.000000
2.295220	1.000104	6117.442019	4078.719219	0.000000	0.000000	-51.553170	0.002000	1.216755	3.997731	-0.999955	0.000000
2.315220	1.000104	6117.442019	4078.719219	-0.000000	0.000001	-51.553170	0.002000	1.216755	3.997731	-0.999955	0.000000
2.335220	1.000104	6117.442019	4078.719219	-0.000000	-0.000001	-51.553170	0.002000	1.216755	3.997731	-0.999955	0.000000
2.355220	1.000104	6117.442019	4078.719219	0.000000	-0.000001	-51.553170	0.002000	1.216755	3.997731	-0.999955	0.000000
2.375220	1.000104	6117.442019	4078.719219	0.000000	0.000000	-51.553170	0.002000	1.216755	3.997731	-0.999955	0.000000
2.395220	1.000104	6117.442019	4078.719219	0.000000	0.000002	-51.553170	0.002000	1.216755	3.997731	-0.999955	0.000000
2.415220	1.000104	6117.442019	4078.719219	-0.000000	0.000000	-51.553170	0.002000	1.216755	3.997731	-0.999955	0.000000
2.435220	1.000104	6117.442019	4078.719219	0.000000	-0.000002	-51.553170	0.002000	1.216755	3.997731	-0.999955	0.000000
2.455220	1.000104	6117.442019	4078.719219	0.000000	0.000001	-51.553170	0.002000	1.216755	3.997731	-0.999955	0.000000
2.475220	1.000104	6117.442019	4078.719219	-0.000000	0.000001	-51.553170	0.002000	1.216755	3.997731	-0.999955	0.000000
2.495220	1.000104	6117.442019	4078.719219	-0.000000	-0.000000	-51.553170	0.002000	1.216755	3.997731	-0.999955	0.000000
2.515220	1.000104	6117.442019	4078.719219	0.000000	-0.000000	-51.553170	0.002000	1.216755	3.997731	-0.999955	0.000000
2.535220	1.000104	6117.442019	4078.719219	0.000000	-0.000000	-51.553170	0.002000	1.216755	3.997731	-0.999955	0.000000
2.555220	1.000104	6117.442019	4078.719219	0.000000	-0.000000	-51.553170	0.002000	1.216755	3.997731	-0.999955	0.000000
2.575220	1.000104	6117.442019	4078.719219	0.000000	-0.000000	-51.553170	0.002000	1.216755	3.997731	-0.999955	0.000000
2.595220	1.000104	6117.442019	4078.719219	0.000000	-0.000000	-51.553170	0.002000	1.216755	3.997731	-0.999955	0.000000
2.615220	1.000104	6117.442019	4078.719219	0.000000	-0.000000	-51.553170	0.002000	1.216755	3.997731	-0.999955	0.000000
2.635220	1.000104	6117.442019	4078.719219	0.000000	-0.000000	-51.553170	0.002000	1.216755	3.997731	-0.999955	0.000000
2.655220	1.000104	6117.442019	4078.719219	0.000000	-0.000000	-51.553170	0.002000	1.216755	3.997731	-0.999955	0.000000
2.675220	1.000104	6117.442019	4078.719219	0.000000	-0.000000	-51.553170	0.002000	1.216755	3.997731	-0.999955	0.000000
2.695220	1.000104	6117.442019	4078.719219	0.000000	-0.000000	-51.553170	0.002000	1.216755	3.997731	-0.999955	0.000000
2.715220	1.000104	6117.442019	4078.719219	0.000000	-0.000000	-51.553170	0.002000	1.216755	3.997731	-0.999955	0.000000
2.735220	1.000104	6117.442019	4078.719219	0.000000	-0.000000	-51.553170	0.002000	1.216755	3.997731	-0.999955	0.000000
2.755220	1.000104	6117.442019	4078.719219	0.000000	-0.000000	-51.553170	0.002000	1.216755	3.997731	-0.999955	0.000000
2.775220	1.000104	6117.442019	4078.719219	-0.000000	-0.000000	-51.553170	0.002000	1.216755	3.997731	-0.999955	0.000000
2.795220	1.000104	6117.442019	4078.719219	-0.000000	-0.000000	-51.553170	0.002000	1.216755	3.997731	-0.999955	0.000000
2.815220	1.000104	6117.442019	4078.719219	-0.000000	-0.000000	-51.553170	0.002000	1.216755	3.997731	-0.999955	0.000000
2.835220	1.000104	6117.442019	4078.719219	-0.000000	-0.000000	-51.553170	0.002000	1.216755	3.997731	-0.999955	0.000000
2.855220	1.000104	6117.442019	4078.719219	0.000000	-0.000001	-51.553170	0.002000	1.216755	3.997731	-0.999955	0.000000
2.875220	1.000104	6117.442019	4078.719219	0.000000	0.000001	-51.553170	0.002000	1.216755	3.997731	-0.999955	0.000000
2.895220	1.000104	6117.442019	4078.719219	-0.000000	0.000001	-51.553170	0.002000	1.216755	3.997731	-0.999955	0.000000
2.915220	1.000104	6117.442019	4078.719219	-0.000000	0.000000	-51.553170	0.002000	1.216755	3.997731	-0.999955	0.000000
2.935220	1.000104	6117.442019	4078.719219	-0.000000	-0.000001	-51.553170	0.002000	1.216755	3.997731	-0.999955	0.000000
2.955220	1.000104	6117.442019	4078.719219	0.000000	-0.000001	-51.553170	0.002000	1.216755	3.997731	-0.999955	0.000000
2.975220	1.000104	6117.442019	4078.719219	0.000000	0.000001	-51.553170	0.002000	1.216755	3.997731	-0.999955	0.000000
2.995220	1.000104	6117.442019	4078.719219	0.000000	0.000001	-51.553170	0.002000	1.216755	3.997731	-0.999955	0.000000
3.015220	1.000104	6117.442019	4078.719219	-0.000000	0.000000	-51.553170	0.002000	1.216755	3.997731	-0.999955	0.000000
3.035220	1.000104	6117.442019	4078.719219	-0.000000	0.000000	-51.553170	0.002000	1.216755	3.997731	-0.999955	0.000000
3.055220	1.000104	6117.442019	4078.719219	-0.000000	-0.000001	-51.553170	0.002000	1.216755	3.997731	-0.999955	0.000000
3.075220	1.000104	6117.442019	4078.719219	0.000000	-0.000001	-51.553170	0.002000	1.216755	3.997731	-0.999955	0.000000
3.095220	1.000104	6117.442019	4078.719219	0.000000	0.000001	-51.553170	0.002000	1.216755	3.997731	-0.999955	0.000000
3.115220	1.000104	6117.442019	4078.719219	0.000000	0.000001	-51.553170	0.002000	1.216755	3.997731	-0.999955	0.000000
3.135220	1.000104	6117.442019	4078.719219	-0.000000	0.000001	-51.553170	0.002000	1.216755	3.997731	-0.999955	0.000000
3.155220	1.000104	6117.442019	4078.719219	-0.000000	-0.000001	-51.553170	0.002000	1.216755	3.997731	-0.999955	0.000000
3.175220	1.000104	6117.442019	4078.719219	0.000000	-0.000001	-51.553170	0.002000	1.216755	3.997731	-0.999955	0.000000
3.195220	1.000104	6117.442019	4078.719219	0.000000	0.000000	-51.553170	0.002000	1.216755	3.997731	-0.999955	0.000000
3.215220	1.000104	6117.442019	4078.719219	0.000000	0.000001	-51.553170	0.002000	1.216755	3.997731	-0.999955	0.000000
3.235220	1.000104	6117.442019	4078.719219	-0.000000	0.000001	-51.553170	0.002000	1.216755	3.997731	-0.999955	0.000000
3.255220	1.000104	6117.442019	4078.719219	-0.000000	-0.000001	-51.553170	0.002000	1.216755	3.997731	-0.999955	0.000000
3.275220	1.000104	6117.442019	4078.719219	0.000000	-0.000001	-51.553170	0.002000	1.216755	3.997731	-0.999955	0.000000
3.295220	1.000104	6117.442019	4078.719219	0.000000	0.000001	-51.553170	0.002000	1.216755	3.997731	-0.999955	0.000000
3.315220	1.000104	6117.442019	4078.719219	-0.000000	0.000000	-51.553170	0.002000	1.216755	3.997731	-0.999955	0.000000
3.335220	1.000104	6117.442019	4078.719219	0.000000	-0.000001	-51.553170	0.002000	1.216755	3.997731	-0.999955	0.000000
3.355220	1.000104	6117.442019	4078.719219	0.000000	0.000001	-51.553170	0.002000	1.216755	3.997731	-0.999955	0.000000
3.375220	1.000104	6117.442019	4078.719219	-0.000000	0.000001	-51.553170	0.002000	1.216755	3.997731	-0.999955	0.000000
3.395220	1.000104	6117.442019	4078.719219	0.000000	-0.000001	-51.553170	0.002000	1.216755	3.997731	-0.999955	0.000000
3.415220	1.000104	6117.442019	4078.719219	0.000000	0.000001	-51.553170	0.002000	1.216755	3.997731	-0.999955	0.000000
3.435220	1.000104	6117.442019	4078.719219	-0.000000	0.000001	-51.553170	0.002000	1.216755	3.997731	-0.999955	0.000000
3.455220	1.000104	6117.442019	4078.719219	-0.000000	-0.000001	-51.553170	0.002000	1.216755	3.997731	-0.999955	0.000000
3.475220	1.000104	6117.442019	4078.719219	0.000000	-0.000001	-51.553170	0.002000	1.216755	3.997731	-0.999955	0.000000
3.495220	1.000104	6117.442019	4078.719219	0.000000	0.000001	-51.553170	0.002000	1.216755	3.997731	-0.999955	0.000000
3.515220	1.000104	6117.442019	4078.719219	-0.000000	0.000001	-51.553170	0.002000	1.216755	3.997731	-0.999955	0.000000
3.535220	1.000104	6117.442019	4078.719219	-0.000000	0.000000	-51.553170	0.002000	1.216755	3.997731	-0.999955	0.000000
3.555220	1.000104	6117.442019	4078.719219	-0.000000	0.000000	-51.553170	0.002000	1.216755	3.997731	-0.999955	0.000000
3.575220	1.000104	6117.442019	4078.719219	-0.000000	-0.000000	-51.553170	0.002000	1.216755	3.997731	-0.999955	0.000000
3.595220	1.000104	6117.442019	4078.719219	-0.000000	-0.000000	-51.553170	0.002000	1.216755	3.997731	-0.999955	0.000000
3.615220	1.000104	6117.442019	4078.719219	-0.000000	-0.000001	-51.553170	0.002000	1.216755	3.997731	-0.999955	0.000000
3.635220	1.000104	6117.442019	4078.719219	0.000000	0.000000	-51.553170	0.002000	1.216755	3.997731	-0.999955	0.000000
3.655220	1.000104	6117.442019	4078.719219	0.000000	-0.000000	-51.553170	0.002000	1.216755	3.997731	-0.999955	0.000000
3.675220	1.000104	6117.442019	4078.719219	0.000000	0.000001	-51.553170	0.002000	1.216755	3.997731	-0.999955	0.000000
3.695220	1.000104	6117.442019	4078.719219	-0.000000	0.000001	-51.553170	0.002000	1.216755	3.997731	-0.999955	0.000000
3.715220	1.000104	6117.442019	4078.719219	-0.000000	0.000000	-51.553170	0.002000	1.216755	3.997731	-0.999955	0.000000
3.735220	1.000104	6117.442019	4078.719219	-0.000000	-0.000001	-51.553170	0.002000	1.216755	3.997731	-0.999955	0.000000
3.755220	1.000104	6117.442019	4078.719219	0.000000	-0.000001	-51.553170	0.002000	1.216755	3.997731	-0.999955	0.000000
3.775220	1.000104	6117.442019	4078.719219	0.000000	0.000001	-51.553170	0.002000	1.216755	3.997731	-0.999955	0.000000
3.795220	1.000104	6117.442019	4078.719219	0.000000	-0.000000	-51.553170	0.002000	1.216755	3.997731	-0.999955	0.000000
3.815220	1.000104	6117.442019	4078.719219	0.000000	-0.000001	-51.553170	0.002000	1.216755	3.997731	-0.999955	0.000000
3.835220	1.000104	6117.442019	4078.719219	0.000000	0.000001	-51.553170	0.002000	1.216755	3.997731	-0.999955	0.000000
3.855220	1.000104	6117.442019	4078.719219	-0.000000	0.000001	-51.553170	0.002000	1.216755	3.997731	-0.999955	0.000000
3.875220	1.000104	6117.442019	4078.719219	-0.000000	-0.000001	-51.553170	0.002000	1.216755	3.997731	-0.999955	0.000000
3.895220	1.000104	6117.442019	4078.719219	-0.000000	-0.000000	-51.553170	0.002000	1.216755	3.997731	-0.999955	0.000000
3.915220	1.000104	6117.442019	4078.719219	-0.000000	-0.000001	-51.553170	0.002000	1.216755	3.997731	-0.999955	0.000000
3.935220	1.000104	6117.442019	4078.719219	-0.000000	0.000001	-51.553170	0.002000	1.216755	3.997731	-0.999955	0.000000
3.955220	1.000104	6117.442019	4078.719219	-0.000000	0.000001	-51.553170	0.002000	1.216755	3.997731	-0.999955	0.000000
3.975220	1.000104	6117.442019	4078.719219	-0.000000	-0.000001	-51.553170	0.002000	1.216755	3.997731	-0.999955	0.000000
3.995220	1.000104	6117.442019	4078.719219	-0.000000	-0.000001	-51.553170	0.002000	1.216755	3.997731	-0.999955	0.000000
4.015220	1.000104	6117.442019	4078.719219	0.000000	-0.000001	-51.553170	0.002000	1.216755	3.997731	-0.999955	0.000000
4.035220	1.000104	6117.442019	4078.719219	0.000000	0.000001	-51.553170	0.002000	1.216755	3.997731	-0.999955	0.000000
4.055220	1.000104	6117.442019	4078.719219	-0.000000	0.000000	-51.553170	0.002000	1.216755	3.997731	-0.999955	0.000000
4.075220	1.000104	6117.442019	4078.719219	0.000000	-0.000000	-51.553170	0.002000	1.216755	3.997731	-0.999955	0.000000
4.095220	1.000104	6117.442019	4078.719219	-0.000000	-0.000000	-51.553170	0.002000	1.216755	3.997731	-0.999955	0.000000
4.115220	1.000104	6117.442019	4078.719219	0.000000	-0.000001	-51.553170	0.002000	1.216755	3.997731	-0.999955	0.000000
4.135220	1.000104	6117.442019	4078.719219	0.000000	0.000000	-51.553170	0.002000	1.216755	3.997731	-0.999955	0.000000
4.155220	1.000104	6117.442019	4078.719219	0.000000	0.000002	-51.553170	0.002000	1.216755	3.997731	-0.999955	0.000000
4.175220	1.000104	6117.442019	4078.719219	-0.000000	-0.000000	-51.553170	0.002000	1.216755	3.997731	-0.999955	0.000000
4.195220	1.000104	6117.442019	4078.719219	-0.000000	-0.000001	-51.553170	0.002000	1.216755	3.997731	-0.999955	0.000000
4.215220	1.000104	6117.442019	4078.719219	-0.000000	0.000001	-51.553170	0.002000	1.216755	3.997731	-0.999955	0.000000
4.235220	1.000104	6117.442019	4078.719219	-0.000000	0.000001	-51.553170	0.002000	1.216755	3.997731	-0.999955	0.000000
4.255220	1.000104	6117.442019	4078.719219	-0.000000	-0.000000	-51.553170	0.002000	1.216755	3.997731	-0.999955	0.000000
4.275220	1.000104	6117.442019	4078.719219	-0.000000	-0.000002	-51.553170	0.002000	1.216755	3.997731	-0.999955	0.000000
4.295220	1.000104	6117.442019	4078.719219	0.000000	-0.000001	-51.553170	0.002000	1.216755	3.997731	-0.999955	0.000000
4.315220	1.000104	6117.442019	4078.719219	0.000000	0.000001	-51.553170	0.002000	1.216755	3.997731	-0.999955	0.000000
4.335220	1.000104	6117.442019	4078.719219	-0.000000	0.000001	-51.553170	0.002000	1.216755	3.997731	-0.999955	0.000000
4.355220	1.000104	6117.442019	4078.719219	-0.000000	-0.000001	-51.553170	0.002000	1.216755	3.997731	-0.999955	0.000000
4.375220	1.000104	6117.442019	4078.719219	0.000000	-0.000001	-51.553170	0.002000	1.216755	3.997731	-0.999955	0.000000
4.395220	1.000104	6117.442019	4078.719219	0.000000	0.000001	-51.553170	0.002000	1.216755	3.997731	-0.999955	0.000000
4.415220	1.000104	6117.442019	4078.719219	-0.000000	0.000001	-51.553170	0.002000	1.216755	3.997731	-0.999955	0.000000
4.435220	1.000104	6117.442019	4078.719219	-0.000000	-0.000001	-51.553170	0.002000	1.216755	3.997731	-0.999955	0.000000
4.455220	1.000104	6117.442019	4078.719219	0.000000	0.000000	-51.553170	0.002000	1.216755	3.997731	-0.999955	0.000000
4.475220	1.000104	6117.442019	4078.719219	0.000000	-0.000000	-51.553170	0.002000	1.216755	3.997731	-0.999955	0.000000
4.495220	1.000104	6117.442019	4078.719219	0.000000	0.000000	-51.553170	0.002000	1.216755	3.997731	-0.999955	0.000000
4.515220	1.000104	6117.442019	4078.719219	-0.000000	0.000001	-51.553170	0.002000	1.216755	3.997731	-0.999955	0.000000
4.535220	1.000104	6117.442019	4078.719219	-0.000000	-0.000001	-51.553170	0.002000	1.216755	3.997731	-0.999955	0.000000
4.555220	1.000104	6117.442019	4078.719219	0.000000	-0.000002	-51.553170	0.002000	1.216755	3.997731	-0.999955	0.000000
4.575220	1.000104	6117.442019	4078.719219	0.000000	-0.000002	-51.553170	0.002000	1.216755	3.997731	-0.999955	0.000000
4.595220	1.000104	6117.442019	4078.719219	0.000000	-0.000012	-51.553170	0.002000	1.216755	3.997731	-0.999955	0.000000
4.615220	1.000104	6117.442019	4078.719219	0.000001	-0.000052	-51.553170	0.002000	1.216755	3.997731	-0.999955	0.000000
4.635220	1.000104	6117.442019	4078.719219	0.000002	-0.000185	-51.553170	0.002000	1.216755	3.997731	-0.999955	0.000000
4.655220	1.000104	6117.442019	4078.719219	0.000007	-0.000577	-51.553170	0.002000	1.216755	3.997731	-0.999955	0.000000
4.675220	1.000104	6117.442019	4078.719219	0.000021	-0.001681	-51.553170	0.002000	1.216755	3.997731	-0.999955	0.000000
4.695220	1.000104	6117.442019	4078.719219	0.000061	-0.004703	-51.553170	0.002000	1.216755	3.997731	-0.999955	0.000000
4.715220	1.000104	6117.442019	4078.719219	0.000169	-0.012726	-51.553170	0.002000	1.216755	3.997731	-0.999955	0.000000
4.735220	1.000104	6117.442019	4078.719219	0.000451	-0.033416	-51.553170	0.002000	1.216755	3.997731	-0.999955	0.000000
4.755220	1.000104	6117.442018	4078.719218	0.001172	-0.085388	-51.553170	0.002000	1.216755	3.997731	-0.999955	0.000000
4.775220	1.000104	6117.442016	4078.719216	0.002966	-0.212739	-51.553170	0.002000	1.216755	3.997731	-0.999955	0.000000
4.795220	1.000104	6117.442011	4078.719210	0.007320	-0.517674	-51.553170	0.002000	1.216755	3.997731	-0.999955	0.000000
4.815220	1.000104	6117.441999	4078.719196	0.017650	-1.231574	-51.553170	0.002000	1.216755	3.997731	-0.999955	0.000000
4.835220	1.000104	6117.441969	4078.719162	0.041612	-2.866356	-51.553170	0.002000	1.216755	3.997731	-0.999955	0.000000
4.855220	1.000104	6117.441901	4078.719081	0.095978	-6.529116	-51.553170	0.002000	1.216755	3.997731	-0.999955	0.000000
4.875220	1.000104	6117.441745	4078.718896	0.216612	-14.563310	-51.553170	0.002000	1.216755	3.997731	-0.999955	0.000000
4.895220	1.000104	6117.441398	4078.718480	0.478591	-31.785916	-51.553169	0.002000	1.216755	3.997731	-0.999955	0.000000
4.915220	1.000104	6117.440637	4078.717562	1.034871	-67.912682	-51.553168	0.002000	1.216755	3.997730	-0.999955	0.000000
4.935220	1.000104	6117.439011	4078.715580	2.189815	-142.008476	-51.553164	0.002000	1.216755	3.997730	-0.999955	0.000000
4.955220	1.000103	6117.435606	4078.711397	4.533425	-290.536845	-51.553158	0.002000	1.216755	3.997730	-0.999955	0.000000
4.975220	1.000102	6117.428632	4078.702752	9.179073	-581.368089	-51.553144	0.002000	1.216755	3.997730	-0.999956	0.000000
4.995220	1.000100	6117.414663	4078.685282	18.169453	-1137.282732	-51.553116	0.002000	1.216755	3.997729	-0.999957	0.000000
5.015220	1.000096	6117.387308	4078.650763	35.142868	-2173.821590	-51.553060	0.002000	1.216755	3.997727	-0.999958	0.000000
5.035220	1.000088	6117.334975	4078.584111	66.379207	-4057.477817	-51.552952	0.002000	1.216755	3.997723	-0.999962	0.000000
5.055220	1.000073	6117.237212	4078.458415	122.360239	-7390.476559	-51.552748	0.002000	1.216755	3.997716	-0.999968	0.000000
5.075221	1.000045	6117.059003	4078.227051	219.960113	-13126.528917	-51.552372	0.002000	1.216755	3.997704	-0.999981	0.000000
5.095223	0.999993	6116.742245	4077.811686	385.296609	-22716.310519	-51.551696	0.002000	1.216755	3.997681	-1.000002	0.000000
5.115225	0.999903	6116.193684	4077.084928	657.083766	-38270.271013	-51.550510	0.002000	1.216755	3.997643	-1.000041	0.000000
5.135230	0.999748	6115.268848	4075.846655	1090.004888	-62708.921275	-51.548487	0.002001	1.216755	3.997578	-1.000108	0.000000
5.155239	0.999488	6113.752223	4073.793899	1757.187582	-99848.769362	-51.545127	0.002001	1.216755	3.997471	-1.000220	0.000000
5.175255	0.999065	6111.335079	4070.485847	2750.408819	-154351.952901	-51.539707	0.002002	1.216755	3.997300	-1.000402	0.000000
5.195280	0.998396	6107.593994	4065.307968	4176.404445	-231461.184386	-51.531212	0.002003	1.216755	3.997036	-1.000691	0.000000
5.215322	0.997369	6101.974819	4057.442290	6147.906642	-336464.162303	-51.518294	0.002005	1.216755	3.996639	-1.001135	0.000000
5.235388	0.995839	6093.788032	4045.853444	8769.063456	-473894.120802	-51.499237	0.002008	1.216755	3.996059	-1.001798	0.000000
5.255491	0.993629	6082.221113	4029.300899	12116.712694	-646570.720212	-51.471974	0.002013	1.216755	3.995239	-1.002757	0.000000
5.275646	0.990533	6066.371267	4006.385546	16221.123680	-854688.813355	-51.434147	0.002019	1.216755	3.994110	-1.004106	0.000000
5.295874	0.986324	6045.297328	3975.632484	21051.338902	-1095217.966125	-51.383220	0.002028	1.216755	3.992605	-1.005947	0.000000
5.316200	0.980773	6018.084361	3935.602931	26510.061674	-1361839.370797	-51.316633	0.002039	1.216755	3.990652	-1.008389	0.000000
5.336657	0.973657	5983.910092	3885.018988	32440.735881	-1645506.686422	-51.231963	0.002054	1.216755	3.988186	-1.011541	0.000000
5.357282	0.964783	5942.100893	3822.879497	38645.809496	-1935516.591735	-51.127079	0.002073	1.216755	3.985149	-1.015506	0.000000
5.378117	0.953999	5892.167568	3748.546143	44911.515750	-2220835.149998	-51.000237	0.002096	1.216755	3.981491	-1.020377	0.000000
5.399211	0.941198	5833.815251	3661.785212	51033.508162	-2491283.300498	-50.850134	0.002125	1.216755	3.977176	-1.026231	0.000000
5.420618	0.926327	5766.932028	3562.764270	56835.028735	-2738657.073007	-50.675883	0.002159	1.216755	3.972175	-1.033136	0.000000
5.442396	0.909379	5691.557092	3452.006831	62181.235146	-2956894.570150	-50.476952	0.002199	1.216755	3.966468	-1.041145	0.000000
5.464609	0.890387	5607.840290	3330.321918	66981.029103	-3142325.434725	-50.253062	0.002246	1.216755	3.960039	-1.050301	0.000000
5.487329	0.869411	5516.000726	3198.722236	71184.534568	-3293347.102842	-50.004077	0.002300	1.216755	3.952873	-1.060644	0.000000
5.510630	0.846533	5416.288079	3058.344898	74775.990275	-3409986.504226	-49.729890	0.002363	1.216755	3.944955	-1.072217	0.000000
5.534597	0.821842	5308.954989	2910.385228	77765.595588	-3493430.746054	-49.430310	0.002434	1.216755	3.936266	-1.085064	0.000000
5.559324	0.795429	5194.231460	2756.045286	80181.033958	-3545569.782700	-49.104977	0.002514	1.216755	3.926782	-1.099244	0.000000
5.584914	0.767381	5072.297718	2596.504141	82060.074680	-3568782.504782	-48.753260	0.002606	1.216755	3.916469	-1.114828	0.000000
5.611487	0.737785	4943.223181	2432.885580	83445.406384	-3565740.194655	-48.374208	0.002711	1.216755	3.905277	-1.131903	0.000000
5.639178	0.706738	4806.809587	2266.228821	84377.587871	-3539687.937272	-47.966467	0.002830	1.216755	3.893126	-1.150570	0.000000
5.668146	0.674346	4662.329594	2097.397958	84895.427253	-3494487.298238	-47.528286	0.002966	1.216755	3.879874	-1.170941	0.000000
5.698572	0.640743	4508.011159	1926.944199	85026.413993	-3434610.187349	-47.057491	0.003121	1.216755	3.865258	-1.193137	0.000000
5.730670	0.606025	4340.699919	1754.912843	84795.652955	-3364274.595340	-46.551390	0.003300	1.216755	3.848834	-1.217327	0.000000
5.764698	0.570151	4155.773184	1580.708346	84217.604450	-3283861.856466	-46.006656	0.003508	1.216755	3.829929	-1.243825	0.000000
5.800980	0.532706	3949.307151	1403.537188	83309.744737	-3187511.800308	-45.417919	0.003754	1.216755	3.807800	-1.273324	0.000000
5.839984	0.492647	3722.378972	1223.422365	82109.572404	-3057723.126399	-44.776582	0.004060	1.216755	3.782102	-1.307274	0.000000
5.882456	0.448445	3487.501888	1043.396151	80626.318441	-2879756.921247	-44.064887	0.004460	1.216755	3.753796	-1.348095	0.000000
5.929643	0.398395	3270.539557	869.283472	78964.128607	-2647572.681768	-43.253653	0.005020	1.216755	3.725899	-1.399486	0.000000
5.983761	0.342116	3106.186754	708.976122	77015.809995	-2385802.188458	-42.288176	0.005846	1.216755	3.703501	-1.465618	0.000000
6.048427	0.280186	3031.334088	566.644220	75087.178926	-2119876.865942	-41.078549	0.007138	1.216755	3.692897	-1.552335	0.000000
6.130765	0.216112	3079.066987	443.944870	72726.426394	-1883358.904237	-39.460937	0.009254	1.216755	3.699670	-1.665089	0.000000
6.243052	0.146539	3295.345172	322.168966	71663.724907	-1637400.700850	-37.058419	0.013648	1.216755	3.729135	-1.833799	0.000000
6.450130	0.082182	4423.768498	242.535341	69566.072375	-1270035.363270	-32.274011	0.024336	1.216755	3.856995	-2.084968	0.000000
-0.002975	3.364503	102568.870222	230062.763798	8.155669	0.000000	0.000739	0.000594	0.000000	5.222179	-0.473081	0.000000
-0.008918	3.371386	102340.130974	230018.938648	23.433485	0.000000	0.002149	0.000593	0.000000	5.221210	-0.472194	0.000000
-0.014842	3.384763	101898.656232	229935.303106	35.758042	0.000000	0.003367	0.000591	0.000000	5.219331	-0.470474	0.000000
-0.020738	3.403904	101274.532346	229819.286258	43.636101	0.000000	0.004289	0.000588	0.000000	5.216663	-0.468024	0.000000
-0.026597	3.427777	100508.684906	229680.949482	46.197397	0.000000	0.004845	0.000583	0.000000	5.213365	-0.464988	0.000000
-0.032410	3.455112	99648.842948	229531.912315	43.306153	0.000000	0.005005	0.000579	0.000000	5.209633	-0.461538	0.000000
-0.038176	3.484495	98744.956794	229384.119717	35.552999	0.000000	0.004781	0.000574	0.000000	5.205675	-0.457860	0.000000
-0.043892	3.514470	97844.940795	229248.636423	24.146465	0.000000	0.004222	0.000569	0.000000	5.201697	-0.454139	0.000000
-0.049559	3.543648	96991.037184	229134.604819	10.717619	0.000000	0.003406	0.000564	0.000000	5.197890	-0.450548	0.000000
-0.055180	3.570806	96217.192675	229048.480443	-2.924592	0.000000	0.002428	0.000560	0.000000	5.194411	-0.447232	0.000000
-0.060761	3.594972	95547.509232	228993.615993	-15.052581	0.000000	0.001391	0.000556	0.000000	5.191378	-0.444303	0.000000
-0.066307	3.615482	94995.781704	228970.218205	-24.254651	0.000000	0.000393	0.000553	0.000000	5.188863	-0.441832	0.000000
-0.071825	3.632000	94565.974326	228975.653986	-29.613383	0.000000	-0.000484	0.000551	0.000000	5.186894	-0.439853	0.000000
-0.077321	3.644509	94253.460860	229005.040860	-30.803320	0.000000	-0.001181	0.000549	0.000000	5.185457	-0.438360	0.000000
-0.082801	3.653267	94046.799799	229052.025522	-28.096393	0.000000	-0.001663	0.000547	0.000000	5.184504	-0.437318	0.000000
-0.088270	3.658736	93929.817892	229109.637761	-22.276882	0.000000	-0.001923	0.000547	0.000000	5.183964	-0.436669	0.000000
-0.093734	3.661512	93883.770965	229171.106514	-14.482652	0.000000	-0.001977	0.000546	0.000000	5.183751	-0.436340	0.000000
