0.002973	3.365901	102520.739888	230050.341597	7.732922	-2122845.656559	-0.000716	0.000594	1.216755	5.221975	-0.472901	0.000000
0.008914	3.372664	102296.440743	230007.880184	22.223214	-1928248.197234	-0.002084	0.000593	1.216755	5.221024	-0.472030	0.000000
0.014837	3.385812	101863.309662	229926.798347	33.927176	-1562449.394585	-0.003268	0.000591	1.216755	5.219181	-0.470339	0.000000
0.020731	3.404639	101250.449202	229814.207410	41.437073	-1068357.962294	-0.004168	0.000587	1.216755	5.216559	-0.467931	0.000000
0.026588	3.428141	100497.499720	229679.748697	43.933552	-502057.775480	-0.004716	0.000583	1.216755	5.213317	-0.464942	0.000000
0.032402	3.455085	99650.782795	229534.575335	41.288081	74985.052938	-0.004885	0.000579	1.216755	5.209641	-0.461541	0.000000
0.038168	3.484095	98758.906171	229390.182012	34.052838	604062.244129	-0.004682	0.000574	1.216755	5.205736	-0.457909	0.000000
0.043884	3.513751	97868.665756	229257.258041	23.356195	1036157.497255	-0.004155	0.000569	1.216755	5.201803	-0.454228	0.000000
0.049553	3.542691	97021.524307	229144.692177	10.718739	1336955.118367	-0.003375	0.000565	1.216755	5.198027	-0.450665	0.000000
0.055176	3.569712	96251.047006	229058.836800	-2.174543	1489425.368903	-0.002435	0.000560	1.216755	5.194564	-0.447365	0.000000
0.060759	3.593848	95581.356816	229003.098686	-13.713198	1494051.620213	-0.001432	0.000557	1.216755	5.191532	-0.444438	0.000000
0.066307	3.614429	95026.628664	228977.880253	-22.575798	1366975.223653	-0.000460	0.000553	1.216755	5.189004	-0.441959	0.000000
0.071826	3.631103	94591.485942	228980.850591	-27.892255	1136558.036815	0.000402	0.000551	1.216755	5.187011	-0.439960	0.000000
0.077323	3.643826	94272.136763	229007.487193	-29.332940	838909.427116	0.001095	0.000549	1.216755	5.185543	-0.438441	0.000000
0.082804	3.652827	94058.035166	229051.800137	-27.115194	512970.650245	0.001584	0.000548	1.216755	5.184556	-0.437370	0.000000
0.088274	3.658539	93933.854092	229107.134716	-21.929255	195735.307695	0.001860	0.000547	1.216755	5.183983	-0.436692	0.000000
0.093737	3.661532	93881.552031	229166.947306	-14.798348	-81842.773868	0.001935	0.000546	1.216755	5.183741	-0.436337	0.000000
0.099199	3.662436	93882.335853	229225.462668	-6.897958	-297793.324143	0.001841	0.000546	1.216755	5.183745	-0.436230	0.000000
0.104660	3.661873	93918.349254	229278.146149	0.633967	-440614.644160	0.001620	0.000546	1.216755	5.183912	-0.436297	0.000000
0.110123	3.660406	93973.962693	229321.956943	6.863429	-509206.234949	0.001319	0.000546	1.216755	5.184169	-0.436472	0.000000
0.115589	3.658501	94036.596099	229355.382963	11.176656	-511398.084214	0.000986	0.000547	1.216755	5.184458	-0.436698	0.000000
0.121057	3.656515	94097.068077	229378.288224	13.330544	-461446.095357	0.000660	0.000547	1.216755	5.184738	-0.436933	0.000000
0.126529	3.654691	94149.522437	229391.625252	13.435349	-377005.862913	0.000372	0.000547	1.216755	5.184979	-0.437150	0.000000
0.132004	3.653168	94191.027135	229397.075513	11.880999	-276131.042963	0.000141	0.000547	1.216755	5.185171	-0.437331	0.000000
0.137480	3.652001	94220.964863	229396.679802	9.227949	-174765.671435	-0.000026	0.000548	1.216755	5.185309	-0.437470	0.000000
0.142958	3.651184	94240.337391	229392.510091	6.087531	-85041.338008	-0.000130	0.000548	1.216755	5.185398	-0.437567	0.000000
0.148436	3.650670	94251.089946	229386.417830	3.015116	-14495.974408	-0.000179	0.000548	1.216755	5.185447	-0.437628	0.000000
0.153916	3.650394	94255.533806	229379.874982	0.433053	33850.951526	-0.000186	0.000548	1.216755	5.185467	-0.437660	0.000000
0.159395	3.650284	94255.911962	229373.906846	-1.408300	60766.314354	-0.000165	0.000548	1.216755	5.185469	-0.437673	0.000000
0.164875	3.650277	94254.121060	229369.102386	-2.432008	69682.933383	-0.000128	0.000548	1.216755	5.185461	-0.437674	0.000000
0.170355	3.650321	94251.577436	229365.679858	-2.706026	65464.387389	-0.000086	0.000548	1.216755	5.185449	-0.437669	0.000000
0.175834	3.650380	94249.198468	229363.582952	-2.396426	53282.845923	-0.000047	0.000548	1.216755	5.185438	-0.437662	0.000000
0.181313	3.650431	94247.462896	229362.584746	-1.714998	37762.084971	-0.000016	0.000548	1.216755	5.185430	-0.437656	0.000000
0.186793	3.650465	94246.513859	229362.381872	-0.872097	22453.601526	0.000007	0.000548	1.216755	5.185426	-0.437652	0.000000
0.192272	3.650479	94246.274025	229362.667910	-0.042017	9638.613400	0.000020	0.000548	1.216755	5.185425	-0.437650	0.000000
0.197751	3.650476	94246.550714	229363.181562	0.655967	394.414647	0.000027	0.000548	1.216755	5.185426	-0.437651	0.000000
0.203231	3.650463	94247.118187	229363.730542	1.161544	-5165.112778	0.000027	0.000548	1.216755	5.185429	-0.437652	0.000000
0.208710	3.650445	94247.772455	229364.195740	1.465726	-7569.372081	0.000025	0.000548	1.216755	5.185432	-0.437654	0.000000
0.214189	3.650427	94248.360172	229364.521936	1.596299	-7671.574282	0.000021	0.000548	1.216755	5.185435	-0.437657	0.000000
0.219669	3.650414	94248.786875	229364.701472	1.601118	-6385.216975	0.000017	0.000548	1.216755	5.185436	-0.437658	0.000000
0.225148	3.650406	94249.011373	229364.756219	1.533033	-4504.063950	0.000014	0.000548	1.216755	5.185438	-0.437659	0.000000
0.230628	3.650404	94249.032838	229364.721585	1.438801	-2608.862701	0.000012	0.000548	1.216755	5.185438	-0.437659	0.000000
0.236107	3.650409	94248.875886	229364.634573	1.352833	-1046.915963	0.000011	0.000548	1.216755	5.185437	-0.437659	0.000000
0.241586	3.650419	94248.577174	229364.526424	1.295361	38.187615	0.000010	0.000548	1.216755	5.185435	-0.437657	0.000000
0.247066	3.650433	94248.175345	229364.419341	1.273923	650.810934	0.000010	0.000548	1.216755	5.185434	-0.437656	0.000000
0.252545	3.650450	94247.704757	229364.326254	1.286735	881.833827	0.000011	0.000548	1.216755	5.185431	-0.437654	0.000000
0.258025	3.650468	94247.192586	229364.252408	1.326599	855.457763	0.000012	0.000548	1.216755	5.185429	-0.437652	0.000000
0.263504	3.650488	94246.658369	229364.197727	1.384406	691.295460	0.000012	0.000548	1.216755	5.185427	-0.437649	0.000000
0.268983	3.650508	94246.115031	229364.159155	1.451675	483.059341	0.000013	0.000548	1.216755	5.185424	-0.437647	0.000000
0.274462	3.650529	94245.570544	229364.132547	1.521980	291.328079	0.000013	0.000548	1.216755	5.185422	-0.437644	0.000000
0.279942	3.650550	94245.029605	229364.113924	1.591399	146.032025	0.000014	0.000548	1.216755	5.185419	-0.437642	0.000000
0.285421	3.650570	94244.495031	229364.100123	1.658276	54.080780	0.000014	0.000548	1.216755	5.185417	-0.437639	0.000000
0.290900	3.650590	94243.968710	229364.088986	1.722613	8.378210	0.000014	0.000548	1.216755	5.185414	-0.437637	0.000000
0.296379	3.650610	94243.452157	229364.079257	1.785376	-4.250375	0.000014	0.000548	1.216755	5.185412	-0.437635	0.000000
0.301858	3.650630	94242.946763	229364.070339	1.847884	2.585358	0.000014	0.000548	1.216755	5.185410	-0.437632	0.000000
0.307337	3.650649	94242.453840	229364.062037	1.911388	18.004471	0.000014	0.000548	1.216755	5.185407	-0.437630	0.000000
0.312816	3.650667	94241.974584	229364.054343	1.976838	34.965888	0.000014	0.000548	1.216755	5.185405	-0.437628	0.000000
0.318295	3.650685	94241.510013	229364.047287	2.044812	50.010215	0.000014	0.000548	1.216755	5.185403	-0.437626	0.000000
0.323774	3.650702	94241.060919	229364.040870	2.115563	62.313650	0.000014	0.000548	1.216755	5.185401	-0.437624	0.000000
0.329253	3.650719	94240.627862	229364.035034	2.189109	72.586858	0.000014	0.000548	1.216755	5.185399	-0.437622	0.000000
0.334732	3.650735	94240.211180	229364.029679	2.265316	82.135814	0.000014	0.000548	1.216755	5.185397	-0.437620	0.000000
0.340211	3.650751	94239.811033	229364.024681	2.343992	92.223767	0.000014	0.000548	1.216755	5.185395	-0.437618	0.000000
0.345690	3.650765	94239.427437	229364.019918	2.424942	103.744608	0.000014	0.000548	1.216755	5.185393	-0.437616	0.000000
0.351169	3.650779	94239.060308	229364.015289	2.507975	117.129518	0.000014	0.000548	1.216755	5.185392	-0.437615	0.000000
0.356648	3.650793	94238.709493	229364.010720	2.592933	132.400433	0.000014	0.000548	1.216755	5.185390	-0.437613	0.000000
0.362126	3.650806	94238.374788	229364.006168	2.679670	149.292038	0.000014	0.000548	1.216755	5.185388	-0.437611	0.000000
0.367605	3.650818	94238.055947	229364.001615	2.768040	167.377607	0.000014	0.000548	1.216755	5.185387	-0.437610	0.000000
0.373084	3.650830	94237.752685	229363.997059	2.857908	186.177031	0.000013	0.000548	1.216755	5.185386	-0.437609	0.000000
0.378563	3.650841	94237.464672	229363.992506	2.949127	205.234427	0.000013	0.000548	1.216755	5.185384	-0.437607	0.000000
0.384042	3.650851	94237.191524	229363.987965	3.041541	224.168680	0.000013	0.000548	1.216755	5.185383	-0.437606	0.000000
0.389520	3.650861	94236.932803	229363.983433	3.134996	242.707995	0.000013	0.000548	1.216755	5.185382	-0.437605	0.000000
0.394999	3.650871	94236.688011	229363.978899	3.229339	260.708304	0.000012	0.000548	1.216755	5.185381	-0.437604	0.000000
0.400478	3.650880	94236.456593	229363.974334	3.324425	278.161612	0.000012	0.000548	1.216755	5.185380	-0.437603	0.000000
0.405956	3.650888	94236.237941	229363.969697	3.420112	295.188577	0.000012	0.000548	1.216755	5.185379	-0.437602	0.000000
0.411435	3.650896	94236.031415	229363.964934	3.516271	312.014582	0.000011	0.000548	1.216755	5.185378	-0.437601	0.000000
0.416914	3.650903	94235.836349	229363.959986	3.612786	328.931938	0.000011	0.000548	1.216755	5.185377	-0.437600	0.000000
0.422392	3.650911	94235.652076	229363.954794	3.709555	346.246736	0.000011	0.000548	1.216755	5.185376	-0.437599	0.000000
0.427871	3.650917	94235.477949	229363.949306	3.806488	364.222375	0.000010	0.000548	1.216755	5.185375	-0.437598	0.000000
0.433350	3.650923	94235.313349	229363.943481	3.903517	383.032135	0.000010	0.000548	1.216755	5.185374	-0.437597	0.000000
0.438828	3.650929	94235.157707	229363.937296	4.000587	402.728506	0.000009	0.000548	1.216755	5.185374	-0.437597	0.000000
0.444307	3.650935	94235.010505	229363.930745	4.097672	423.236920	0.000009	0.000548	1.216755	5.185373	-0.437596	0.000000
0.449786	3.650940	94234.871280	229363.923836	4.194771	444.376721	0.000008	0.000548	1.216755	5.185372	-0.437595	0.000000
0.455264	3.650945	94234.739616	229363.916592	4.291901	465.901211	0.000008	0.000548	1.216755	5.185372	-0.437595	0.000000
0.460743	3.650950	94234.615142	229363.909041	4.389112	487.550800	0.000007	0.000548	1.216755	5.185371	-0.437594	0.000000
0.466221	3.650954	94234.497518	229363.901215	4.486460	509.102882	0.000007	0.000548	1.216755	5.185371	-0.437594	0.000000
0.471700	3.650959	94234.386421	229363.893140	4.584009	530.407497	0.000006	0.000548	1.216755	5.185370	-0.437593	0.000000
0.477179	3.650963	94234.281544	229363.884837	4.681826	551.407148	0.000005	0.000548	1.216755	5.185370	-0.437593	0.000000
0.482657	3.650966	94234.182584	229363.876318	4.779966	572.134229	0.000005	0.000548	1.216755	5.185369	-0.437592	0.000000
0.488136	3.650970	94234.089236	229363.867588	4.878457	592.693134	0.000004	0.000548	1.216755	5.185369	-0.437592	0.000000
0.493614	3.650973	94234.001201	229363.858645	4.977295	613.232144	0.000004	0.000548	1.216755	5.185368	-0.437592	0.000000
0.499093	3.650976	94233.918179	229363.849480	5.076437	633.914784	0.000003	0.000548	1.216755	5.185368	-0.437591	0.000000
0.504571	3.650979	94233.839874	229363.840085	5.175786	654.896259	0.000002	0.000548	1.216755	5.185368	-0.437591	0.000000
0.510050	3.650982	94233.765999	229363.830450	5.275195	676.309165	0.000001	0.000548	1.216755	5.185367	-0.437591	0.000000
0.515528	3.650984	94233.696280	229363.820568	5.374469	698.258558	0.000001	0.000548	1.216755	5.185367	-0.437590	0.000000
0.521007	3.650987	94233.630453	229363.810432	5.473363	720.821743	-0.000000	0.000548	1.216755	5.185367	-0.437590	0.000000
0.526486	3.650989	94233.568272	229363.800042	5.571615	744.050664	-0.000001	0.000548	1.216755	5.185366	-0.437590	0.000000
0.531964	3.650991	94233.509504	229363.789398	5.669003	767.974495	-0.000002	0.000548	1.216755	5.185366	-0.437589	0.000000
0.537443	3.650993	94233.453934	229363.778501	5.765392	792.596944	-0.000003	0.000548	1.216755	5.185366	-0.437589	0.000000
0.542921	3.650995	94233.401361	229363.767356	5.860780	817.880985	-0.000004	0.000548	1.216755	5.185366	-0.437589	0.000000
0.548400	3.650996	94233.351598	229363.755969	5.955464	843.741526	-0.000005	0.000548	1.216755	5.185365	-0.437589	0.000000
0.553878	3.650998	94233.304471	229363.744342	6.050107	870.036766	-0.000006	0.000548	1.216755	5.185365	-0.437589	0.000000
0.559357	3.651000	94233.259818	229363.732480	6.145626	896.535755	-0.000007	0.000548	1.216755	5.185365	-0.437588	0.000000
0.564835	3.651001	94233.217488	229363.720384	6.243501	922.932349	-0.000008	0.000548	1.216755	5.185365	-0.437588	0.000000
0.570314	3.651002	94233.177341	229363.708052	6.345763	948.893374	-0.000009	0.000548	1.216755	5.185365	-0.437588	0.000000
0.575792	3.651004	94233.139245	229363.695480	6.453948	973.988680	-0.000010	0.000548	1.216755	5.185364	-0.437588	0.000000
0.581271	3.651005	94233.103077	229363.682660	6.570240	997.787333	-0.000011	0.000548	1.216755	5.185364	-0.437588	0.000000
0.586749	3.651006	94233.068722	229363.669577	6.697536	1020.097726	-0.000012	0.000548	1.216755	5.185364	-0.437588	0.000000
0.592228	3.651007	94233.036070	229363.656215	6.834829	1040.564293	-0.000013	0.000548	1.216755	5.185364	-0.437588	0.000000
0.597706	3.651008	94233.005022	229363.642560	6.983036	1058.928187	-0.000014	0.000548	1.216755	5.185364	-0.437587	0.000000
0.603185	3.651009	94232.975482	229363.628583	7.147068	1075.972187	-0.000016	0.000548	1.216755	5.185364	-0.437587	0.000000
0.608663	3.651010	94232.947360	229363.614265	7.315278	1091.424094	-0.000017	0.000548	1.216755	5.185363	-0.437587	0.000000
0.614142	3.651011	94232.920577	229363.599609	7.486705	1104.759386	-0.000018	0.000548	1.216755	5.185363	-0.437587	0.000000
0.619620	3.651011	94232.895056	229363.584566	7.684664	1119.642337	-0.000019	0.000548	1.216755	5.185363	-0.437587	0.000000
0.625099	3.651012	94232.870718	229363.569130	7.859970	1134.259884	-0.000021	0.000548	1.216755	5.185363	-0.437587	0.000000
0.630577	3.651013	94232.847511	229363.553384	8.011627	1144.294839	-0.000022	0.000548	1.216755	5.185363	-0.437587	0.000000
0.636056	3.651013	94232.825371	229363.537183	8.262923	1164.717556	-0.000023	0.000548	1.216755	5.185363	-0.437587	0.000000
0.641534	3.651014	94232.804209	229363.520523	8.403652	1185.900199	-0.000025	0.000548	1.216755	5.185363	-0.437587	0.000000
0.647013	3.651014	94232.784030	229363.503824	8.421432	1183.817923	-0.000026	0.000548	1.216755	5.185363	-0.437587	0.000000
0.652491	3.651015	94232.764784	229363.486436	8.918000	1225.805354	-0.000027	0.000548	1.216755	5.185363	-0.437587	0.000000
0.657970	3.651015	94232.746261	229363.468245	8.955101	1270.912461	-0.000029	0.000548	1.216755	5.185363	-0.437587	0.000000
0.663448	3.651016	94232.728678	229363.451196	8.386632	1199.022388	-0.000030	0.000548	1.216755	5.185362	-0.437586	0.000000
0.668927	3.651016	94232.712013	229363.432304	10.087109	1320.780066	-0.000031	0.000548	1.216755	5.185362	-0.437586	0.000000
0.674405	3.651016	94232.695443	229363.410633	9.847839	1471.323203	-0.000034	0.000548	1.216755	5.185362	-0.437586	0.000000
0.679884	3.651017	94232.680105	229363.395286	6.552292	1059.599760	-0.000034	0.000548	1.216755	5.185362	-0.437586	0.000000
0.685362	3.651017	94232.666149	229363.372687	13.876032	1518.029305	-0.000036	0.000548	1.216755	5.185362	-0.437586	0.000000
0.690841	3.651017	94232.649804	229363.336739	13.019038	2202.285892	-0.000040	0.000548	1.216755	5.185362	-0.437586	0.000000
0.696319	3.651017	94232.636260	229363.330044	-3.215044	219.965304	-0.000039	0.000548	1.216755	5.185362	-0.437586	0.000000
0.701798	3.651017	94232.626869	229363.291024	30.076481	2158.765653	-0.000040	0.000548	1.216755	5.185362	-0.437586	0.000000
0.707276	3.651016	94232.603727	229363.182970	29.345547	5601.338550	-0.000055	0.000548	1.216755	5.185362	-0.437586	0.000000
0.712755	3.651017	94232.589913	229363.203986	-48.018264	-3532.390350	-0.000047	0.000548	1.216755	5.185362	-0.437586	0.000000
0.718233	3.651016	94232.594021	229363.073997	105.284779	4985.613909	-0.000044	0.000548	1.216755	5.185362	-0.437587	0.000000
0.723712	3.651010	94232.530594	229362.580548	120.089833	22670.625053	-0.000114	0.000548	1.216755	5.185362	-0.437587	0.000000
0.729190	3.651011	94232.500799	229362.636194	-243.273697	-18650.223100	-0.000081	0.000548	1.216755	5.185361	-0.437587	0.000000
0.734669	3.651002	94232.554073	229361.959502	467.096641	19468.746112	-0.000064	0.000548	1.216755	5.185362	-0.437588	0.000000
0.740147	3.650971	94232.282287	229359.349136	630.906278	110758.902258	-0.000411	0.000548	1.216755	5.185360	-0.437592	0.000000
0.745626	3.650967	94232.123644	229358.958065	-1053.404961	-73100.685426	-0.000308	0.000548	1.216755	5.185360	-0.437592	0.000000
0.751104	3.650909	94232.347641	229354.867945	2261.505202	100949.723839	-0.000264	0.000548	1.216755	5.185361	-0.437601	0.000000
0.756583	3.650736	94231.003546	229340.377251	3521.842381	574102.554911	-0.002019	0.000548	1.216755	5.185354	-0.437621	0.000000
0.762062	3.650660	94229.958081	229334.074181	-4159.628509	-226412.568285	-0.001890	0.000548	1.216755	5.185350	-0.437630	0.000000
0.767541	3.650302	94230.616720	229308.240898	11460.887044	590387.378098	-0.002016	0.000548	1.216755	5.185352	-0.437680	0.000000
0.773021	3.649304	94223.624958	229225.710825	20003.348471	3060400.641107	-0.011098	0.000548	1.216755	5.185316	-0.437801	0.000000
0.778503	3.648594	94216.722296	229167.701993	-14253.647387	-310356.217010	-0.012624	0.000548	1.216755	5.185289	-0.437884	0.000000
0.783985	3.646352	94216.961369	229002.186416	60309.636286	3662956.448428	-0.015641	0.000548	1.216755	5.185284	-0.438193	0.000000
0.789473	3.640502	94179.162312	228522.956131	115120.659925	16788590.981308	-0.063755	0.000549	1.216755	5.185089	-0.438908	0.000000
0.794974	3.634967	94133.632900	228072.632310	-32942.183429	3565608.616049	-0.084042	0.000550	1.216755	5.184900	-0.439575	0.000000
0.800477	3.621034	94114.548880	227021.591779	326153.572525	23896511.915591	-0.114472	0.000552	1.216755	5.184780	-0.441461	0.000000
0.806016	3.586828	93897.983664	224223.801203	678169.607765	98183297.842676	-0.375490	0.000558	1.216755	5.183663	-0.445730	0.000000
0.811631	3.548956	93575.490475	221089.596186	61196.388992	59610473.395856	-0.556324	0.000564	1.216755	5.182229	-0.450409	0.000000
0.817279	3.472051	93301.858572	215046.840758	1694884.327954	179341268.220099	-0.781806	0.000576	1.216755	5.180769	-0.460984	0.000000
0.823129	3.296136	91834.791398	200116.322853	4177345.177818	703789468.434662	-2.205254	0.000607	1.216755	5.173041	-0.484507	0.000000
0.829444	3.116053	89012.329169	183524.112499	1023206.402938	751456835.316263	-3.624313	0.000642	1.216755	5.159369	-0.508424	0.000000
0.835984	2.914645	86132.981531	164802.108111	4356502.915996	1187244347.436329	-4.136245	0.000686	1.216755	5.144301	-0.540087	0.000000
0.843142	2.416303	77428.118562	119136.736756	24583064.159539	4550419098.959218	-9.829864	0.000828	1.216755	5.091342	-0.628044	0.000000
0.853157	1.757236	53607.842817	57598.469231	37706903.063550	8357181310.888770	-24.941717	0.001138	1.216755	4.916870	-0.769207	0.000000
0.867721	1.293283	26069.195944	20276.126770	24777365.566312	5964407922.627245	-40.018501	0.001546	1.216755	4.592318	-0.898082	0.000000
0.885659	1.087912	11175.740588	7499.858177	9896113.521434	2176761000.180994	-48.048287	0.001838	1.216755	4.229848	-0.967543	0.000000
0.905102	1.021477	6888.793200	4585.213523	2583528.438306	404606687.146760	-50.780179	0.001958	1.216755	4.040592	-0.991980	0.000000
0.924988	1.004451	6211.849492	4145.822958	498835.404725	49503863.780535	-51.416450	0.001991	1.216755	4.003210	-0.998347	0.000000
0.944969	1.000858	6129.951541	4088.242838	81560.196898	6254776.438693	-51.532491	0.001998	1.216755	3.998468	-0.999679	0.000000
0.964966	1.000217	6119.233000	4080.098485	11231.019330	881474.142932	-51.550506	0.002000	1.216755	3.997837	-0.999914	0.000000
0.984966	1.000119	6117.697792	4078.910280	1327.585114	128103.766741	-51.552873	0.002000	1.216755	3.997746	-0.999950	0.000000
1.004966	1.000106	6117.476629	4078.743814	136.045020	17881.764523	-51.553141	0.002000	1.216755	3.997733	-0.999954	0.000000
1.024966	1.000104	6117.446368	4078.722140	11.936475	2324.619445	-51.553168	0.002000	1.216755	3.997731	-0.999955	0.000000
1.044966	1.000104	6117.442525	4078.719540	0.891166	279.009958	-51.553170	0.002000	1.216755	3.997731	-0.999955	0.000000
1.064966	1.000104	6117.442074	4078.719253	0.061891	30.971862	-51.553170	0.002000	1.216755	3.997731	-0.999955	0.000000
1.084966	1.000104	6117.442025	4078.719223	0.006079	3.218127	-51.553170	0.002000	1.216755	3.997731	-0.999955	0.000000
1.104966	1.000104	6117.442020	4078.719220	0.001094	0.322754	-51.553170	0.002000	1.216755	3.997731	-0.999955	0.000000
1.124966	1.000104	6117.442019	4078.719220	0.000222	0.033172	-51.553170	0.002000	1.216755	3.997731	-0.999955	0.000000
1.144966	1.000104	6117.442019	4078.719220	0.000040	0.003771	-51.553170	0.002000	1.216755	3.997731	-0.999955	0.000000
1.164966	1.000104	6117.442019	4078.719219	0.000006	0.000488	-51.553170	0.002000	1.216755	3.997731	-0.999955	0.000000
1.184966	1.000104	6117.442019	4078.719219	0.000001	0.000068	-51.553170	0.002000	1.216755	3.997731	-0.999955	0.000000
1.204966	1.000104	6117.442019	4078.719219	0.000000	0.000011	-51.553170	0.002000	1.216755	3.997731	-0.999955	0.000000
1.224966	1.000104	6117.442019	4078.719219	-0.000000	0.000001	-51.553170	0.002000	1.216755	3.997731	-0.999955	0.000000
1.244966	1.000104	6117.442019	4078.719219	0.000000	0.000001	-51.553170	0.002000	1.216755	3.997731	-0.999955	0.000000
1.264966	1.000104	6117.442019	4078.719219	-0.000000	0.000001	-51.553170	0.002000	1.216755	3.997731	-0.999955	0.000000
1.284966	1.000104	6117.442019	4078.719219	-0.000000	0.000000	-51.553170	0.002000	1.216755	3.997731	-0.999955	0.000000
1.304966	1.000104	6117.442019	4078.719219	-0.000000	-0.000001	-51.553170	0.002000	1.216755	3.997731	-0.999955	0.000000
1.324966	1.000104	6117.442019	4078.719219	0.000000	-0.000001	-51.553170	0.002000	1.216755	3.997731	-0.999955	0.000000
1.344966	1.000104	6117.442019	4078.719219	0.000000	-0.000000	-51.553170	0.002000	1.216755	3.997731	-0.999955	0.000000
1.364966	1.000104	6117.442019	4078.719219	-0.000000	0.000001	-51.553170	0.002000	1.216755	3.997731	-0.999955	0.000000
1.384966	1.000104	6117.442019	4078.719219	-0.000000	-0.000001	-51.553170	0.002000	1.216755	3.997731	-0.999955	0.000000
1.404966	1.000104	6117.442019	4078.719219	0.000000	-0.000001	-51.553170	0.002000	1.216755	3.997731	-0.999955	0.000000
1.424966	1.000104	6117.442019	4078.719219	0.000000	0.000001	-51.553170	0.002000	1.216755	3.997731	-0.999955	0.000000
1.444966	1.000104	6117.442019	4078.719219	0.000000	-0.000001	-51.553170	0.002000	1.216755	3.997731	-0.999955	0.000000
1.464966	1.000104	6117.442019	4078.719219	0.000000	0.000001	-51.553170	0.002000	1.216755	3.997731	-0.999955	0.000000
1.484966	1.000104	6117.442019	4078.719219	-0.000000	0.000001	-51.553170	0.002000	1.216755	3.997731	-0.999955	0.000000
1.504966	1.000104	6117.442019	4078.719219	-0.000000	-0.000001	-51.553170	0.002000	1.216755	3.997731	-0.999955	0.000000
1.524966	1.000104	6117.442019	4078.719219	0.000000	-0.000001	-51.553170	0.002000	1.216755	3.997731	-0.999955	0.000000
1.544966	1.000104	6117.442019	4078.719219	0.000000	0.000000	-51.553170	0.002000	1.216755	3.997731	-0.999955	0.000000
1.564966	1.000104	6117.442019	4078.719219	-0.000000	0.000001	-51.553170	0.002000	1.216755	3.997731	-0.999955	0.000000
1.584966	1.000104	6117.442019	4078.719219	-0.000000	-0.000001	-51.553170	0.002000	1.216755	3.997731	-0.999955	0.000000
1.604966	1.000104	6117.442019	4078.719219	0.000000	-0.000001	-51.553170	0.002000	1.216755	3.997731	-0.999955	0.000000
1.624966	1.000104	6117.442019	4078.719219	0.000000	0.000001	-51.553170	0.002000	1.216755	3.997731	-0.999955	0.000000
1.644966	1.000104	6117.442019	4078.719219	-0.000000	0.000000	-51.553170	0.002000	1.216755	3.997731	-0.999955	0.000000
1.664966	1.000104	6117.442019	4078.719219	0.000000	-0.000001	-51.553170	0.002000	1.216755	3.997731	-0.999955	0.000000
1.684966	1.000104	6117.442019	4078.719219	0.000000	0.000001	-51.553170	0.002000	1.216755	3.997731	-0.999955	0.000000
1.704966	1.000104	6117.442019	4078.719219	-0.000000	-0.000001	-51.553170	0.002000	1.216755	3.997731	-0.999955	0.000000
1.724966	1.000104	6117.442019	4078.719219	-0.000000	-0.000000	-51.553170	0.002000	1.216755	3.997731	-0.999955	0.000000
1.744966	1.000104	6117.442019	4078.719219	0.000000	-0.000001	-51.553170	0.002000	1.216755	3.997731	-0.999955	0.000000
1.764966	1.000104	6117.442019	4078.719219	0.000000	0.000001	-51.553170	0.002000	1.216755	3.997731	-0.999955	0.000000
1.784966	1.000104	6117.442019	4078.719219	-0.000000	0.000001	-51.553170	0.002000	1.216755	3.997731	-0.999955	0.000000
1.804966	1.000104	6117.442019	4078.719219	-0.000000	0.000000	-51.553170	0.002000	1.216755	3.997731	-0.999955	0.000000
1.824966	1.000104	6117.442019	4078.719219	-0.000000	0.000000	-51.553170	0.002000	1.216755	3.997731	-0.999955	0.000000
1.844966	1.000104	6117.442019	4078.719219	0.000000	-0.000001	-51.553170	0.002000	1.216755	3.997731	-0.999955	0.000000
1.864966	1.000104	6117.442019	4078.719219	-0.000000	0.000001	-51.553170	0.002000	1.216755	3.997731	-0.999955	0.000000
1.884966	1.000104	6117.442019	4078.719219	-0.000000	-0.000001	-51.553170	0.002000	1.216755	3.997731	-0.999955	0.000000
1.904966	1.000104	6117.442019	4078.719219	0.000000	-0.000001	-51.553170	0.002000	1.216755	3.997731	-0.999955	0.000000
1.924966	1.000104	6117.442019	4078.719219	0.000000	-0.000000	-51.553170	0.002000	1.216755	3.997731	-0.999955	0.000000
1.944966	1.000104	6117.442019	4078.719219	0.000000	0.000000	-51.553170	0.002000	1.216755	3.997731	-0.999955	0.000000
1.964966	1.000104	6117.442019	4078.719219	0.000000	0.000001	-51.553170	0.002000	1.216755	3.997731	-0.999955	0.000000
1.984966	1.000104	6117.442019	4078.719219	-0.000000	0.000001	-51.553170	0.002000	1.216755	3.997731	-0.999955	0.000000
2.004966	1.000104	6117.442019	4078.719219	-0.000000	0.000000	-51.553170	0.002000	1.216755	3.997731	-0.999955	0.000000
2.024966	1.000104	6117.442019	4078.719219	-0.000000	-0.000000	-51.553170	0.002000	1.216755	3.997731	-0.999955	0.000000
2.044966	1.000104	6117.442019	4078.719219	-0.000000	-0.000001	-51.553170	0.002000	1.216755	3.997731	-0.999955	0.000000
2.064966	1.000104	6117.442019	4078.719219	0.000000	-0.000001	-51.553170	0.002000	1.216755	3.997731	-0.999955	0.000000
2.084966	1.000104	6117.442019	4078.719219	0.000000	0.000001	-51.553170	0.002000	1.216755	3.997731	-0.999955	0.000000
2.104966	1.000104	6117.442019	4078.719219	-0.000000	0.000001	-51.553170	0.002000	1.216755	3.997731	-0.999955	0.000000
2.124966	1.000104	6117.442019	4078.719219	-0.000000	-0.000000	-51.553170	0.002000	1.216755	3.997731	-0.999955	0.000000
2.144966	1.000104	6117.442019	4078.719219	-0.000000	0.000000	-51.553170	0.002000	1.216755	3.997731	-0.999955	0.000000
2.164966	1.000104	6117.442019	4078.719219	-0.000000	-0.000001	-51.553170	0.002000	1.216755	3.997731	-0.999955	0.000000
2.184966	1.000104	6117.442019	4078.719219	0.000000	-0.000001	-51.553170	0.002000	1.216755	3.997731	-0.999955	0.000000
2.204966	1.000104	6117.442019	4078.719219	0.000000	0.000000	-51.553170	0.002000	1.216755	3.997731	-0.999955	0.000000
2.224966	1.000104	6117.442019	4078.719219	-0.000000	0.000001	-51.553170	0.002000	1.216755	3.997731	-0.999955	0.000000
2.244966	1.000104	6117.442019	4078.719219	-0.000000	-0.000001	-51.553170	0.002000	1.216755	3.997731	-0.999955	0.000000
2.264966	1.000104	6117.442019	4078.719219	0.000000	-0.000001	-51.553170	0.002000	1.216755	3.997731	-0.999955	0.000000
2.284966	1.000104	6117.442019	4078.719219	-0.000000	0.000001	-51.553170	0.002000	1.216755	3.997731	-0.999955	0.000000
2.304966	1.000104	6117.442019	4078.719219	0.000000	0.000001	-51.553170	0.002000	1.216755	3.997731	-0.999955	0.000000
2.324966	1.000104	6117.442019	4078.719219	0.000000	0.000000	-51.553170	0.002000	1.216755	3.997731	-0.999955	0.000000
2.344966	1.000104	6117.442019	4078.719219	0.000000	-0.000001	-51.553170	0.002000	1.216755	3.997731	-0.999955	0.000000
2.364966	1.000104	6117.442019	4078.719219	0.000000	0.000001	-51.553170	0.002000	1.216755	3.997731	-0.999955	0.000000
2.384966	1.000104	6117.442019	4078.719219	-0.000000	0.000001	-51.553170	0.002000	1.216755	3.997731	-0.999955	0.000000
2.404966	1.000104	6117.442019	4078.719219	-0.000000	-0.000001	-51.553170	0.002000	1.216755	3.997731	-0.999955	0.000000
2.424966	1.000104	6117.442019	4078.719219	0.000000	-0.000001	-51.553170	0.002000	1.216755	3.997731	-0.999955	0.000000
2.444966	1.000104	6117.442019	4078.719219	0.000000	-0.000000	-51.553170	0.002000	1.216755	3.997731	-0.999955	0.000000
2.464966	1.000104	6117.442019	4078.719219	0.000000	0.000001	-51.553170	0.002000	1.216755	3.997731	-0.999955	0.000000
2.484966	1.000104	6117.442019	4078.719219	-0.000000	-0.000000	-51.553170	0.002000	1.216755	3.997731	-0.999955	0.000000
2.504966	1.000104	6117.442019	4078.719219	0.000000	-0.000000	-51.553170	0.002000	1.216755	3.997731	-0.999955	0.000000
2.524966	1.000104	6117.442019	4078.719219	0.000000	0.000000	-51.553170	0.002000	1.216755	3.997731	-0.999955	0.000000
2.544966	1.000104	6117.442019	4078.719219	-0.000000	0.000000	-51.553170	0.002000	1.216755	3.997731	-0.999955	0.000000
2.564966	1.000104	6117.442019	4078.719219	-0.000000	0.000000	-51.553170	0.002000	1.216755	3.997731	-0.999955	0.000000
2.584966	1.000104	6117.442019	4078.719219	-0.000000	0.000000	-51.553170	0.002000	1.216755	3.997731	-0.999955	0.000000
2.604966	1.000104	6117.442019	4078.719219	0.000000	0.000000	-51.553170	0.002000	1.216755	3.997731	-0.999955	0.000000
2.624966	1.000104	6117.442019	4078.719219	0.000000	0.000000	-51.553170	0.002000	1.216755	3.997731	-0.999955	0.000000
2.644966	1.000104	6117.442019	4078.719219	0.000000	-0.000000	-51.553170	0.002000	1.216755	3.997731	-0.999955	0.000000
2.664966	1.000104	6117.442019	4078.719219	0.000000	-0.000000	-51.553170	0.002000	1.216755	3.997731	-0.999955	0.000000
2.684966	1.000104	6117.442019	4078.719219	-0.000000	-0.000000	-51.553170	0.002000	1.216755	3.997731	-0.999955	0.000000
2.704966	1.000104	6117.442019	4078.719219	-0.000000	-0.000000	-51.553170	0.002000	1.216755	3.997731	-0.999955	0.000000
2.724966	1.000104	6117.442019	4078.719219	-0.000000	-0.000000	-51.553170	0.002000	1.216755	3.997731	-0.999955	0.000000
2.744966	1.000104	6117.442019	4078.719219	-0.000000	-0.000000	-51.553170	0.002000	1.216755	3.997731	-0.999955	0.000000
2.764966	1.000104	6117.442019	4078.719219	0.000000	-0.000001	-51.553170	0.002000	1.216755	3.997731	-0.999955	0.000000
2.784966	1.000104	6117.442019	4078.719219	0.000000	0.000001	-51.553170	0.002000	1.216755	3.997731	-0.999955	0.000000
2.804966	1.000104	6117.442019	4078.719219	-0.000000	0.000001	-51.553170	0.002000	1.216755	3.997731	-0.999955	0.000000
2.824966	1.000104	6117.442019	4078.719219	-0.000000	0.000000	-51.553170	0.002000	1.216755	3.997731	-0.999955	0.000000
2.844966	1.000104	6117.442019	4078.719219	-0.000000	-0.000001	-51.553170	0.002000	1.216755	3.997731	-0.999955	0.000000
2.864966	1.000104	6117.442019	4078.719219	0.000000	-0.000001	-51.553170	0.002000	1.216755	3.997731	-0.999955	0.000000
2.884966	1.000104	6117.442019	4078.719219	0.000000	0.000001	-51.553170	0.002000	1.216755	3.997731	-0.999955	0.000000
2.904966	1.000104	6117.442019	4078.719219	0.000000	0.000001	-51.553170	0.002000	1.216755	3.997731	-0.999955	0.000000
2.924966	1.000104	6117.442019	4078.719219	-0.000000	0.000000	-51.553170	0.002000	1.216755	3.997731	-0.999955	0.000000
2.944966	1.000104	6117.442019	4078.719219	-0.000000	0.000000	-51.553170	0.002000	1.216755	3.997731	-0.999955	0.000000
2.964966	1.000104	6117.442019	4078.719219	-0.000000	-0.000001	-51.553170	0.002000	1.216755	3.997731	-0.999955	0.000000
2.984966	1.000104	6117.442019	4078.719219	0.000000	-0.000001	-51.553170	0.002000	1.216755	3.997731	-0.999955	0.000000
3.004966	1.000104	6117.442019	4078.719219	0.000000	0.000001	-51.553170	0.002000	1.216755	3.997731	-0.999955	0.000000
3.024966	1.000104	6117.442019	4078.719219	0.000000	0.000001	-51.553170	0.002000	1.216755	3.997731	-0.999955	0.000000
3.044966	1.000104	6117.442019	4078.719219	-0.000000	0.000001	-51.553170	0.002000	1.216755	3.997731	-0.999955	0.000000
3.064966	1.000104	6117.442019	4078.719219	-0.000000	-0.000001	-51.553170	0.002000	1.216755	3.997731	-0.999955	0.000000
3.084966	1.000104	6117.442019	4078.719219	0.000000	-0.000001	-51.553170	0.002000	1.216755	3.997731	-0.999955	0.000000
3.104966	1.000104	6117.442019	4078.719219	0.000000	0.000000	-51.553170	0.002000	1.216755	3.997731	-0.999955	0.000000
3.124966	1.000104	6117.442019	4078.719219	0.000000	0.000001	-51.553170	0.002000	1.216755	3.997731	-0.999955	0.000000
3.144966	1.000104	6117.442019	4078.719219	-0.000000	0.000001	-51.553170	0.002000	1.216755	3.997731	-0.999955	0.000000
3.164966	1.000104	6117.442019	4078.719219	-0.000000	-0.000001	-51.553170	0.002000	1.216755	3.997731	-0.999955	0.000000
3.184966	1.000104	6117.442019	4078.719219	0.000000	-0.000001	-51.553170	0.002000	1.216755	3.997731	-0.999955	0.000000
3.204966	1.000104	6117.442019	4078.719219	0.000000	0.000001	-51.553170	0.002000	1.216755	3.997731	-0.999955	0.000000
3.224966	1.000104	6117.442019	4078.719219	-0.000000	0.000000	-51.553170	0.002000	1.216755	3.997731	-0.999955	0.000000
3.244966	1.000104	6117.442019	4078.719219	0.000000	-0.000001	-51.553170	0.002000	1.216755	3.997731	-0.999955	0.000000
3.264966	1.000104	6117.442019	4078.719219	0.000000	0.000001	-51.553170	0.002000	1.216755	3.997731	-0.999955	0.000000
3.284966	1.000104	6117.442019	4078.719219	-0.000000	0.000001	-51.553170	0.002000	1.216755	3.997731	-0.999955	0.000000
3.304966	1.000104	6117.442019	4078.719219	0.000000	-0.000001	-51.553170	0.002000	1.216755	3.997731	-0.999955	0.000000
3.324966	1.000104	6117.442019	4078.719219	0.000000	0.000001	-51.553170	0.002000	1.216755	3.997731	-0.999955	0.000000
3.344966	1.000104	6117.442019	4078.719219	-0.000000	0.000001	-51.553170	0.002000	1.216755	3.997731	-0.999955	0.000000
3.364966	1.000104	6117.442019	4078.719219	-0.000000	-0.000001	-51.553170	0.002000	1.216755	3.997731	-0.999955	0.000000
3.384966	1.000104	6117.442019	4078.719219	0.000000	-0.000001	-51.553170	0.002000	1.216755	3.997731	-0.999955	0.000000
3.404966	1.000104	6117.442019	4078.719219	0.000000	0.000001	-51.553170	0.002000	1.216755	3.997731	-0.999955	0.000000
3.424966	1.000104	6117.442019	4078.719219	-0.000000	0.000001	-51.553170	0.002000	1.216755	3.997731	-0.999955	0.000000
3.444966	1.000104	6117.442019	4078.719219	-0.000000	0.000000	-51.553170	0.002000	1.216755	3.997731	-0.999955	0.000000
3.464966	1.000104	6117.442019	4078.719219	-0.000000	0.000000	-51.553170	0.002000	1.216755	3.997731	-0.999955	0.000000
3.484966	1.000104	6117.442019	4078.719219	-0.000000	-0.000000	-51.553170	0.002000	1.216755	3.997731	-0.999955	0.000000
3.504966	1.000104	6117.442019	4078.719219	-0.000000	-0.000000	-51.553170	0.002000	1.216755	3.997731	-0.999955	0.000000
3.524966	1.000104	6117.442019	4078.719219	-0.000000	-0.000001	-51.553170	0.002000	1.216755	3.997731	-0.999955	0.000000
3.544966	1.000104	6117.442019	4078.719219	0.000000	0.000000	-51.553170	0.002000	1.216755	3.997731	-0.999955	0.000000
3.564966	1.000104	6117.442019	4078.719219	0.000000	-0.000000	-51.553170	0.002000	1.216755	3.997731	-0.999955	0.000000
3.584966	1.000104	6117.442019	4078.719219	0.000000	0.000001	-51.553170	0.002000	1.216755	3.997731	-0.999955	0.000000
3.604966	1.000104	6117.442019	4078.719219	-0.000000	0.000001	-51.553170	0.002000	1.216755	3.997731	-0.999955	0.000000
3.624966	1.000104	6117.442019	4078.719219	-0.000000	0.000000	-51.553170	0.002000	1.216755	3.997731	-0.999955	0.000000
3.644966	1.000104	6117.442019	4078.719219	-0.000000	-0.000001	-51.553170	0.002000	1.216755	3.997731	-0.999955	0.000000
3.664966	1.000104	6117.442019	4078.719219	0.000000	-0.000001	-51.553170	0.002000	1.216755	3.997731	-0.999955	0.000000
3.684966	1.000104	6117.442019	4078.719219	0.000000	0.000001	-51.553170	0.002000	1.216755	3.997731	-0.999955	0.000000
3.704966	1.000104	6117.442019	4078.719219	0.000000	-0.000000	-51.553170	0.002000	1.216755	3.997731	-0.999955	0.000000
3.724966	1.000104	6117.442019	4078.719219	0.000000	-0.000001	-51.553170	0.002000	1.216755	3.997731	-0.999955	0.000000
3.744966	1.000104	6117.442019	4078.719219	0.000000	0.000001	-51.553170	0.002000	1.216755	3.997731	-0.999955	0.000000
3.764966	1.000104	6117.442019	4078.719219	-0.000000	0.000001	-51.553170	0.002000	1.216755	3.997731	-0.999955	0.000000
3.784966	1.000104	6117.442019	4078.719219	-0.000000	-0.000001	-51.553170	0.002000	1.216755	3.997731	-0.999955	0.000000
3.804966	1.000104	6117.442019	4078.719219	-0.000000	-0.000000	-51.553170	0.002000	1.216755	3.997731	-0.999955	0.000000
3.824966	1.000104	6117.442019	4078.719219	-0.000000	-0.000001	-51.553170	0.002000	1.216755	3.997731	-0.999955	0.000000
3.844966	1.000104	6117.442019	4078.719219	-0.000000	0.000001	-51.553170	0.002000	1.216755	3.997731	-0.999955	0.000000
3.864966	1.000104	6117.442019	4078.719219	-0.000000	0.000000	-51.553170	0.002000	1.216755	3.997731	-0.999955	0.000000
3.884966	1.000104	6117.442019	4078.719219	0.000000	-0.000001	-51.553170	0.002000	1.216755	3.997731	-0.999955	0.000000
3.904966	1.000104	6117.442019	4078.719219	-0.000000	-0.000001	-51.553170	0.002000	1.216755	3.997731	-0.999955	0.000000
3.924966	1.000104	6117.442019	4078.719219	-0.000000	-0.000001	-51.553170	0.002000	1.216755	3.997731	-0.999955	0.000000
3.944966	1.000104	6117.442019	4078.719219	0.000000	0.000001	-51.553170	0.002000	1.216755	3.997731	-0.999955	0.000000
3.964966	1.000104	6117.442019	4078.719219	-0.000000	0.000000	-51.553170	0.002000	1.216755	3.997731	-0.999955	0.000000
3.984966	1.000104	6117.442019	4078.719219	0.000000	-0.000000	-51.553170	0.002000	1.216755	3.997731	-0.999955	0.000000
4.004966	1.000104	6117.442019	4078.719219	-0.000000	-0.000000	-51.553170	0.002000	1.216755	3.997731	-0.999955	0.000000
4.024966	1.000104	6117.442019	4078.719219	0.000000	-0.000001	-51.553170	0.002000	1.216755	3.997731	-0.999955	0.000000
4.044966	1.000104	6117.442019	4078.719219	0.000000	0.000001	-51.553170	0.002000	1.216755	3.997731	-0.999955	0.000000
4.064966	1.000104	6117.442019	4078.719219	0.000000	0.000001	-51.553170	0.002000	1.216755	3.997731	-0.999955	0.000000
4.084966	1.000104	6117.442019	4078.719219	-0.000000	-0.000000	-51.553170	0.002000	1.216755	3.997731	-0.999955	0.000000
4.104966	1.000104	6117.442019	4078.719219	-0.000000	0.000000	-51.553170	0.002000	1.216755	3.997731	-0.999955	0.000000
4.124966	1.000104	6117.442019	4078.719219	-0.000000	0.000001	-51.553170	0.002000	1.216755	3.997731	-0.999955	0.000000
4.144966	1.000104	6117.442019	4078.719219	-0.000000	0.000000	-51.553170	0.002000	1.216755	3.997731	-0.999955	0.000000
4.164966	1.000104	6117.442019	4078.719219	-0.000000	-0.000000	-51.553170	0.002000	1.216755	3.997731	-0.999955	0.000000
4.184966	1.000104	6117.442019	4078.719219	-0.000000	-0.000001	-51.553170	0.002000	1.216755	3.997731	-0.999955	0.000000
4.204966	1.000104	6117.442019	4078.719219	0.000000	-0.000001	-51.553170	0.002000	1.216755	3.997731	-0.999955	0.000000
4.224966	1.000104	6117.442019	4078.719219	0.000000	0.000001	-51.553170	0.002000	1.216755	3.997731	-0.999955	0.000000
4.244966	1.000104	6117.442019	4078.719219	-0.000000	0.000001	-51.553170	0.002000	1.216755	3.997731	-0.999955	0.000000
4.264966	1.000104	6117.442019	4078.719219	-0.000000	-0.000001	-51.553170	0.002000	1.216755	3.997731	-0.999955	0.000000
4.284966	1.000104	6117.442019	4078.719219	0.000000	-0.000001	-51.553170	0.002000	1.216755	3.997731	-0.999955	0.000000
4.304966	1.000104	6117.442019	4078.719219	0.000000	0.000001	-51.553170	0.002000	1.216755	3.997731	-0.999955	0.000000
4.324966	1.000104	6117.442019	4078.719219	-0.000000	0.000001	-51.553170	0.002000	1.216755	3.997731	-0.999955	0.000000
4.344966	1.000104	6117.442019	4078.719219	-0.000000	-0.000000	-51.553170	0.002000	1.216755	3.997731	-0.999955	0.000000
4.364966	1.000104	6117.442019	4078.719219	0.000000	0.000000	-51.553170	0.002000	1.216755	3.997731	-0.999955	0.000000
4.384966	1.000104	6117.442019	4078.719219	0.000000	-0.000002	-51.553170	0.002000	1.216755	3.997731	-0.999955	0.000000
4.404966	1.000104	6117.442019	4078.719219	0.000000	-0.000000	-51.553170	0.002000	1.216755	3.997731	-0.999955	0.000000
4.424966	1.000104	6117.442019	4078.719219	0.000000	0.000001	-51.553170	0.002000	1.216755	3.997731	-0.999955	0.000000
4.444966	1.000104	6117.442019	4078.719219	-0.000000	-0.000005	-51.553170	0.002000	1.216755	3.997731	-0.999955	0.000000
4.464966	1.000104	6117.442019	4078.719219	0.000000	-0.000012	-51.553170	0.002000	1.216755	3.997731	-0.999955	0.000000
4.484966	1.000104	6117.442019	4078.719219	0.000000	-0.000040	-51.553170	0.002000	1.216755	3.997731	-0.999955	0.000000
4.504966	1.000104	6117.442019	4078.719219	0.000002	-0.000135	-51.553170	0.002000	1.216755	3.997731	-0.999955	0.000000
4.524966	1.000104	6117.442019	4078.719219	0.000005	-0.000402	-51.553170	0.002000	1.216755	3.997731	-0.999955	0.000000
4.544966	1.000104	6117.442019	4078.719219	0.000015	-0.001160	-51.553170	0.002000	1.216755	3.997731	-0.999955	0.000000
4.564966	1.000104	6117.442019	4078.719219	0.000042	-0.003182	-51.553170	0.002000	1.216755	3.997731	-0.999955	0.000000
4.584966	1.000104	6117.442019	4078.719219	0.000113	-0.008449	-51.553170	0.002000	1.216755	3.997731	-0.999955	0.000000
4.604966	1.000104	6117.442019	4078.719219	0.000298	-0.021895	-51.553170	0.002000	1.216755	3.997731	-0.999955	0.000000
4.624966	1.000104	6117.442018	4078.719219	0.000764	-0.055319	-51.553170	0.002000	1.216755	3.997731	-0.999955	0.000000
4.644966	1.000104	6117.442017	4078.719217	0.001913	-0.136546	-51.553170	0.002000	1.216755	3.997731	-0.999955	0.000000
4.664966	1.000104	6117.442014	4078.719213	0.004681	-0.329672	-51.553170	0.002000	1.216755	3.997731	-0.999955	0.000000
4.684966	1.000104	6117.442006	4078.719204	0.011205	-0.779124	-51.553170	0.002000	1.216755	3.997731	-0.999955	0.000000
4.704966	1.000104	6117.441988	4078.719183	0.026255	-1.803461	-51.553170	0.002000	1.216755	3.997731	-0.999955	0.000000
4.724966	1.000104	6117.441945	4078.719132	0.060254	-4.090040	-51.553170	0.002000	1.216755	3.997731	-0.999955	0.000000
4.744966	1.000104	6117.441847	4078.719016	0.135468	-9.089468	-51.553170	0.002000	1.216755	3.997731	-0.999955	0.000000
4.764966	1.000104	6117.441630	4078.718755	0.298377	-19.799818	-51.553169	0.002000	1.216755	3.997731	-0.999955	0.000000
4.784966	1.000104	6117.441156	4078.718183	0.643980	-42.246254	-51.553169	0.002000	1.216755	3.997730	-0.999955	0.000000
4.804966	1.000104	6117.440145	4078.716950	1.361474	-88.309137	-51.553167	0.002000	1.216755	3.997730	-0.999955	0.000000
4.824966	1.000104	6117.438028	4078.714349	2.818965	-180.797354	-51.553162	0.002000	1.216755	3.997730	-0.999955	0.000000
4.844966	1.000103	6117.433689	4078.708972	5.714540	-362.408587	-51.553154	0.002000	1.216755	3.997730	-0.999955	0.000000
4.864966	1.000102	6117.424982	4078.698093	11.337501	-710.961558	-51.553136	0.002000	1.216755	3.997729	-0.999956	0.000000
4.884966	1.000099	6117.407886	4078.676546	22.003884	-1364.353192	-51.553102	0.002000	1.216755	3.997728	-0.999957	0.000000
4.904966	1.000094	6117.375050	4078.634796	41.754048	-2559.785923	-51.553034	0.002000	1.216755	3.997726	-0.999959	0.000000
4.924966	1.000085	6117.313392	4078.555693	77.420592	-4692.579246	-51.552906	0.002000	1.216755	3.997722	-0.999963	0.000000
4.944967	1.000067	6117.200278	4078.409229	140.179828	-8399.593115	-51.552668	0.002000	1.216755	3.997714	-0.999971	0.000000
4.964968	1.000034	6116.997664	4078.144382	247.668273	-14669.821939	-51.552237	0.002000	1.216755	3.997699	-0.999985	0.000000
4.984969	0.999976	6116.643566	4077.676988	426.648581	-24978.640912	-51.551475	0.002000	1.216755	3.997674	-1.000010	0.000000
5.004973	0.999876	6116.040242	4076.872606	716.017097	-41431.234145	-51.550162	0.002000	1.216755	3.997632	-1.000053	0.000000
5.024978	0.999706	6115.038852	4075.523681	1169.643780	-66884.749129	-51.547956	0.002001	1.216755	3.997562	-1.000126	0.000000
5.044988	0.999425	6113.421025	4073.321253	1858.154430	-105000.080164	-51.544351	0.002001	1.216755	3.997448	-1.000247	0.000000
5.065005	0.998976	6110.878908	4069.823055	2868.410225	-160159.321805	-51.538618	0.002002	1.216755	3.997268	-1.000441	0.000000
5.085033	0.998275	6106.996686	4064.422101	4299.310419	-237184.318057	-51.529758	0.002003	1.216755	3.996994	-1.000744	0.000000
5.105077	0.997213	6101.237987	4056.322416	6252.889124	-340817.847784	-51.516458	0.002006	1.216755	3.996587	-1.001203	0.000000
5.125147	0.995651	6092.944354	4044.530512	8820.693177	-474988.072320	-51.497073	0.002009	1.216755	3.995999	-1.001879	0.000000
5.145254	0.993420	6081.349425	4027.871484	12067.039830	-641961.953777	-51.469645	0.002013	1.216755	3.995176	-1.002849	0.000000
5.165413	0.990325	6065.611089	4005.035934	16012.509530	-841574.671453	-51.431968	0.002020	1.216755	3.994056	-1.004197	0.000000
5.185645	0.986157	6044.859906	3974.658191	20622.088546	-1070758.914980	-51.381692	0.002028	1.216755	3.992573	-1.006021	0.000000
5.205975	0.980703	6018.257544	3935.418417	25801.970492	-1323552.167048	-51.316465	0.002039	1.216755	3.990664	-1.008421	0.000000
5.226432	0.973761	5985.055567	3886.153741	31406.884313	-1591635.865683	-51.234079	0.002054	1.216755	3.988268	-1.011496	0.000000
5.247052	0.965156	5944.644126	3825.959544	37256.680581	-1865300.722944	-51.132599	0.002072	1.216755	3.985333	-1.015340	0.000000
5.267876	0.954749	5896.582349	3754.263241	43158.211960	-2134587.810897	-51.010455	0.002095	1.216755	3.981814	-1.020038	0.000000
5.288949	0.942447	5840.606941	3670.859567	48926.882409	-2390384.876724	-50.866475	0.002122	1.216755	3.977679	-1.025659	0.000000
5.310320	0.928200	5776.620278	3575.905066	54404.018208	-2625190.978080	-50.699871	0.002155	1.216755	3.972901	-1.032264	0.000000
5.332046	0.912005	5704.662142	3469.877481	59467.708276	-2833442.903934	-50.510181	0.002193	1.216755	3.967464	-1.039898	0.000000
5.354185	0.893891	5624.874471	3353.513348	64033.063732	-3011911.011615	-50.297179	0.002237	1.216755	3.961352	-1.048600	0.000000
5.376802	0.873917	5537.464300	3227.736152	68053.635509	-3158940.930552	-50.060780	0.002289	1.216755	3.954555	-1.058406	0.000000
5.399967	0.852158	5442.667721	3093.583814	71513.144660	-3274471.558772	-49.800937	0.002347	1.216755	3.947061	-1.069347	0.000000
5.423757	0.828698	5340.721818	2952.147431	74418.751944	-3359490.307034	-49.517550	0.002413	1.216755	3.938853	-1.081463	0.000000
5.448256	0.803623	5231.846462	2804.525337	76793.944281	-3415667.838066	-49.210379	0.002489	1.216755	3.929912	-1.094800	0.000000
5.473558	0.777013	5116.227588	2651.790381	78672.208186	-3445016.871757	-48.878976	0.002574	1.216755	3.920209	-1.109418	0.000000
5.499768	0.748944	4993.993501	2494.975419	80091.512367	-3449789.366963	-48.522601	0.002670	1.216755	3.909710	-1.125392	0.000000
5.527008	0.719488	4865.156933	2335.052947	81091.157112	-3432389.568399	-48.140185	0.002780	1.216755	3.898361	-1.142813	0.000000
5.555415	0.688730	4729.451627	2172.910852	81706.262576	-3395673.681805	-47.730267	0.002904	1.216755	3.886077	-1.161783	0.000000
5.585150	0.656765	4586.068978	2009.269761	81968.860861	-3343076.587739	-47.290996	0.003045	1.216755	3.872708	-1.182418	0.000000
5.616401	0.623714	4433.143816	1844.545553	81900.403674	-3278495.139741	-46.820129	0.003207	1.216755	3.857981	-1.204840	0.000000
5.649385	0.589662	4267.434398	1678.673384	81518.867321	-3205565.430140	-46.314912	0.003392	1.216755	3.841438	-1.229220	0.000000
5.684364	0.554548	4084.316224	1510.983285	80834.539100	-3124099.193323	-45.771983	0.003607	1.216755	3.822392	-1.255881	0.000000
5.721675	0.517944	3879.998813	1340.662068	79858.308278	-3028024.343827	-45.185934	0.003861	1.216755	3.800107	-1.285536	0.000000
5.761798	0.478787	3655.940835	1167.754703	78623.874207	-2900642.073042	-44.548066	0.004177	1.216755	3.774276	-1.319673	0.000000
5.805512	0.435566	3424.971871	995.234467	77135.072008	-2728309.882149	-43.840601	0.004592	1.216755	3.745935	-1.360758	0.000000
5.854115	0.386619	3213.071600	828.745852	75485.529980	-2506607.814883	-43.034081	0.005173	1.216755	3.718196	-1.412523	0.000000
5.909919	0.331610	3054.402133	675.729484	73576.388269	-2258687.000390	-42.074091	0.006031	1.216755	3.696195	-1.479171	0.000000
5.976698	0.271195	2985.293757	540.116883	71672.608729	-2009330.158445	-40.869916	0.007375	1.216755	3.686247	-1.566507	0.000000
6.061862	0.208764	3038.125342	423.135475	69390.693054	-1788444.247216	-39.258906	0.009580	1.216755	3.693853	-1.680122	0.000000
6.178353	0.141250	3259.705653	307.173801	68250.963109	-1558732.491527	-36.859528	0.014159	1.216755	3.724409	-1.849773	0.000000
6.393801	0.079089	4396.033086	231.937685	66258.573454	-1216969.814140	-32.080934	0.025288	1.216755	3.854262	-2.101639	0.000000
-0.002973	3.365901	102520.739888	230050.341597	7.732922	0.000000	0.000716	0.000594	0.000000	5.221975	-0.472901	0.000000
-0.008914	3.372664	102296.440743	230007.880184	22.223214	0.000000	0.002084	0.000593	0.000000	5.221024	-0.472030	0.000000
-0.014837	3.385812	101863.309662	229926.798347	33.927176	0.000000	0.003268	0.000591	0.000000	5.219181	-0.470339	0.000000
-0.020731	3.404639	101250.449202	229814.207410	41.437073	0.000000	0.004168	0.000587	0.000000	5.216559	-0.467931	0.000000
-0.026588	3.428141	100497.499720	229679.748697	43.933552	0.000000	0.004716	0.000583	0.000000	5.213317	-0.464942	0.000000
-0.032402	3.455085	99650.782795	229534.575335	41.288081	0.000000	0.004885	0.000579	0.000000	5.209641	-0.461541	0.000000
-0.038168	3.484095	98758.906171	229390.182012	34.052838	0.000000	0.004682	0.000574	0.000000	5.205736	-0.457909	0.000000
-0.043884	3.513751	97868.665756	229257.258041	23.356195	0.000000	0.004155	0.000569	0.000000	5.201803	-0.454228	0.000000
-0.049553	3.542691	97021.524307	229144.692177	10.718739	0.000000	0.003375	0.000565	0.000000	5.198027	-0.450665	0.000000
-0.055176	3.569712	96251.047006	229058.836800	-2.174543	0.000000	0.002435	0.000560	0.000000	5.194564	-0.447365	0.000000
-0.060759	3.593848	95581.356816	229003.098686	-13.713198	0.000000	0.001432	0.000557	0.000000	5.191532	-0.444438	0.000000
-0.066307	3.614429	95026.628664	228977.880253	-22.575798	0.000000	0.000460	0.000553	0.000000	5.189004	-0.441959	0.000000
-0.071826	3.631103	94591.485942	228980.850591	-27.892255	0.000000	-0.000402	0.000551	0.000000	5.187011	-0.439960	0.000000
-0.077323	3.643826	94272.136763	229007.487193	-29.332940	0.000000	-0.001095	0.000549	0.000000	5.185543	-0.438441	0.000000
-0.082804	3.652827	94058.035166	229051.800137	-27.115194	0.000000	-0.001584	0.000548	0.000000	5.184556	-0.437370	0.000000
-0.088274	3.658539	93933.854092	229107.134716	-21.929255	0.000000	-0.001860	0.000547	0.000000	5.183983	-0.436692	0.000000
-0.093737	3.661532	93881.552031	229166.947306	-14.798348	0.000000	-0.001935	0.000546	0.000000	5.183741	-0.436337	0.000000
