0.002973	3.366482	102500.779740	230045.226114	7.561149	-2094606.445873	-0.000707	0.000594	1.216755	5.221891	-0.472826	0.000000
0.008912	3.373195	102278.305171	230003.321858	21.731892	-1903639.801283	-0.002058	0.000593	1.216755	5.220947	-0.471961	0.000000
0.014834	3.386249	101848.604381	229923.283591	33.185148	-1544563.084424	-0.003227	0.000591	1.216755	5.219118	-0.470283	0.000000
0.020728	3.404946	101240.378489	229812.093325	40.547953	-1059305.837019	-0.004118	0.000587	1.216755	5.216516	-0.467891	0.000000
0.026585	3.428295	100492.743025	229679.221509	43.020976	-502697.644399	-0.004664	0.000583	1.216755	5.213296	-0.464923	0.000000
0.032398	3.455078	99651.444156	229535.631600	40.477551	65125.429290	-0.004835	0.000579	1.216755	5.209644	-0.461542	0.000000
0.038164	3.483933	98764.539700	229392.635164	33.453194	586657.812211	-0.004642	0.000574	1.216755	5.205761	-0.457930	0.000000
0.043881	3.513456	97878.365957	229260.768656	23.043199	1013792.014244	-0.004127	0.000569	1.216755	5.201846	-0.454264	0.000000
0.049550	3.542297	97034.063263	229148.817122	10.723598	1312715.755593	-0.003362	0.000565	1.216755	5.198083	-0.450714	0.000000
0.055174	3.569259	96265.035827	229063.089880	-1.869806	1466452.726296	-0.002438	0.000560	1.216755	5.194627	-0.447420	0.000000
0.060758	3.593381	95595.409330	229007.013982	-13.172443	1475109.772288	-0.001449	0.000557	1.216755	5.191595	-0.444495	0.000000
0.066306	3.613989	95039.507929	228981.069243	-21.897878	1354098.928952	-0.000487	0.000553	1.216755	5.189063	-0.442011	0.000000
0.071826	3.630725	94602.218803	228983.045329	-27.194177	1130820.694291	0.000369	0.000551	1.216755	5.187060	-0.440005	0.000000
0.077324	3.643536	94280.086791	229008.564153	-28.729983	840339.056816	0.001060	0.000549	1.216755	5.185579	-0.438476	0.000000
0.082805	3.652636	94062.929825	229051.782464	-26.701561	520621.149153	0.001552	0.000548	1.216755	5.184578	-0.437393	0.000000
0.088275	3.658449	93935.767343	229106.174029	-21.762949	207898.111072	0.001834	0.000547	1.216755	5.183991	-0.436703	0.000000
0.093739	3.661533	93880.848707	229165.289318	-14.893151	-67323.732777	0.001917	0.000546	1.216755	5.183738	-0.436337	0.000000
0.099200	3.662511	93879.588396	229223.403208	-7.223959	-283158.256828	0.001832	0.000546	1.216755	5.183732	-0.436222	0.000000
0.104661	3.661999	93914.240320	229275.985177	0.141642	-427839.744109	0.001620	0.000546	1.216755	5.183893	-0.436282	0.000000
0.110124	3.660560	93969.188018	229319.957849	6.289873	-499730.344091	0.001327	0.000546	1.216755	5.184147	-0.436453	0.000000
0.115589	3.658662	94031.780710	229353.742799	10.609788	-505967.129884	0.000999	0.000547	1.216755	5.184436	-0.436679	0.000000
0.121058	3.656666	94092.705547	229377.122069	12.844859	-460092.468981	0.000676	0.000547	1.216755	5.184717	-0.436916	0.000000
0.126529	3.654819	94145.942182	229390.965126	13.080054	-379151.654865	0.000388	0.000547	1.216755	5.184963	-0.437135	0.000000
0.132004	3.653267	94188.389689	229396.881743	11.674521	-280780.464500	0.000155	0.000547	1.216755	5.185159	-0.437319	0.000000
0.137480	3.652069	94219.280699	229396.860944	9.159148	-180738.505706	-0.000015	0.000548	1.216755	5.185301	-0.437462	0.000000
0.142958	3.651223	94239.501906	229392.946723	6.122494	-91197.955232	-0.000122	0.000548	1.216755	5.185394	-0.437562	0.000000
0.148436	3.650686	94250.926085	229386.985657	3.107279	-19913.936104	-0.000175	0.000548	1.216755	5.185446	-0.437626	0.000000
0.153916	3.650392	94255.834331	229380.463694	0.534067	29772.302904	-0.000186	0.000548	1.216755	5.185469	-0.437661	0.000000
0.159395	3.650271	94256.475173	229374.432570	-1.339323	58278.506968	-0.000166	0.000548	1.216755	5.185472	-0.437675	0.000000
0.164875	3.650258	94254.776233	229369.513137	-2.422464	68727.502367	-0.000131	0.000548	1.216755	5.185464	-0.437676	0.000000
0.170354	3.650302	94252.198788	229365.954700	-2.767627	65757.105308	-0.000090	0.000548	1.216755	5.185452	-0.437671	0.000000
0.175834	3.650362	94249.708596	229363.726540	-2.526518	54417.525070	-0.000050	0.000548	1.216755	5.185441	-0.437664	0.000000
0.181313	3.650418	94247.828072	229362.619291	-1.900400	39310.313439	-0.000018	0.000548	1.216755	5.185432	-0.437658	0.000000
0.186793	3.650455	94246.734263	229362.338550	-1.094114	24042.987372	0.000006	0.000548	1.216755	5.185427	-0.437653	0.000000
0.192272	3.650473	94246.371952	229362.579299	-0.281347	11000.417863	0.000020	0.000548	1.216755	5.185425	-0.437651	0.000000
0.197751	3.650474	94246.559252	229363.076101	0.415417	1379.647573	0.000027	0.000548	1.216755	5.185426	-0.437651	0.000000
0.203231	3.650463	94247.072038	229363.629370	0.930458	-4595.677851	0.000029	0.000548	1.216755	5.185429	-0.437652	0.000000
0.208710	3.650446	94247.701716	229364.111749	1.248820	-7372.136914	0.000027	0.000548	1.216755	5.185431	-0.437654	0.000000
0.214189	3.650429	94248.287099	229364.460517	1.393095	-7754.049730	0.000023	0.000548	1.216755	5.185434	-0.437656	0.000000
0.219669	3.650415	94248.725154	229364.662288	1.407525	-6638.419160	0.000019	0.000548	1.216755	5.185436	-0.437658	0.000000
0.225148	3.650407	94248.967128	229364.735353	1.343186	-4827.632750	0.000016	0.000548	1.216755	5.185437	-0.437659	0.000000
0.230628	3.650405	94249.006574	229364.713556	1.246702	-2926.341325	0.000013	0.000548	1.216755	5.185437	-0.437659	0.000000
0.236107	3.650409	94248.864676	229364.633899	1.153500	-1311.393079	0.000012	0.000548	1.216755	5.185437	-0.437659	0.000000
0.241586	3.650419	94248.576595	229364.528604	1.085410	-154.008946	0.000012	0.000548	1.216755	5.185435	-0.437657	0.000000
0.247066	3.650433	94248.180911	229364.421292	1.051635	529.078244	0.000012	0.000548	1.216755	5.185434	-0.437656	0.000000
0.252545	3.650449	94247.712783	229364.326309	1.051750	815.913615	0.000012	0.000548	1.216755	5.185432	-0.437654	0.000000
0.258025	3.650468	94247.200536	229364.250060	1.079437	825.589628	0.000013	0.000548	1.216755	5.185429	-0.437652	0.000000
0.263504	3.650488	94246.664845	229364.193242	1.125965	678.440159	0.000014	0.000548	1.216755	5.185427	-0.437649	0.000000
0.268983	3.650508	94246.119545	229364.153204	1.182827	472.350291	0.000015	0.000548	1.216755	5.185424	-0.437647	0.000000
0.274462	3.650529	94245.573205	229364.125905	1.243318	273.335354	0.000015	0.000548	1.216755	5.185422	-0.437644	0.000000
0.279942	3.650550	94245.030833	229364.107275	1.303132	116.417975	0.000016	0.000548	1.216755	5.185419	-0.437642	0.000000
0.285421	3.650570	94244.495328	229364.093968	1.360242	12.347056	0.000016	0.000548	1.216755	5.185417	-0.437639	0.000000
0.290900	3.650590	94243.968523	229364.083628	1.414371	-43.671331	0.000016	0.000548	1.216755	5.185414	-0.437637	0.000000
0.296379	3.650610	94243.451814	229364.074831	1.466320	-63.890341	0.000016	0.000548	1.216755	5.185412	-0.437635	0.000000
0.301858	3.650630	94242.946461	229364.066867	1.517363	-61.990546	0.000016	0.000548	1.216755	5.185410	-0.437632	0.000000
0.307337	3.650649	94242.453669	229364.059483	1.568783	-49.475003	0.000016	0.000548	1.216755	5.185407	-0.437630	0.000000
0.312816	3.650667	94241.974566	229364.052649	1.621615	-34.183658	0.000017	0.000548	1.216755	5.185405	-0.437628	0.000000
0.318295	3.650685	94241.510131	229364.046406	1.676553	-20.297413	0.000017	0.000548	1.216755	5.185403	-0.437626	0.000000
0.323774	3.650702	94241.061147	229364.040775	1.733970	-9.154473	0.000017	0.000548	1.216755	5.185401	-0.437624	0.000000
0.329253	3.650719	94240.628180	229364.035723	1.793994	-0.328088	0.000017	0.000548	1.216755	5.185399	-0.437622	0.000000
0.334732	3.650735	94240.211580	229364.031167	1.856597	7.398128	0.000017	0.000548	1.216755	5.185397	-0.437620	0.000000
0.340211	3.650751	94239.811518	229364.026998	1.921683	15.329213	0.000017	0.000548	1.216755	5.185395	-0.437618	0.000000
0.345690	3.650765	94239.428019	229364.023099	1.989149	24.463048	0.000017	0.000548	1.216755	5.185393	-0.437616	0.000000
0.351169	3.650779	94239.061004	229364.019369	2.058906	35.350301	0.000017	0.000548	1.216755	5.185392	-0.437615	0.000000
0.356648	3.650793	94238.710322	229364.015734	2.130884	48.116719	0.000017	0.000548	1.216755	5.185390	-0.437613	0.000000
0.362126	3.650806	94238.375765	229364.012146	2.205039	62.572140	0.000017	0.000548	1.216755	5.185388	-0.437611	0.000000
0.367605	3.650818	94238.057085	229364.008582	2.281330	78.337394	0.000017	0.000548	1.216755	5.185387	-0.437610	0.000000
0.373084	3.650830	94237.753991	229364.005038	2.359713	94.959661	0.000017	0.000548	1.216755	5.185386	-0.437609	0.000000
0.378563	3.650841	94237.466148	229364.001518	2.440127	111.998638	0.000016	0.000548	1.216755	5.185384	-0.437607	0.000000
0.384042	3.650851	94237.193171	229363.998026	2.522503	129.084119	0.000016	0.000548	1.216755	5.185383	-0.437606	0.000000
0.389520	3.650861	94236.934619	229363.994557	2.606745	145.954443	0.000016	0.000548	1.216755	5.185382	-0.437605	0.000000
0.394999	3.650871	94236.689991	229363.991098	2.692746	162.473885	0.000016	0.000548	1.216755	5.185381	-0.437604	0.000000
0.400478	3.650880	94236.458732	229363.987620	2.780389	178.639194	0.000016	0.000548	1.216755	5.185380	-0.437603	0.000000
0.405956	3.650888	94236.240237	229363.984078	2.869537	194.570053	0.000016	0.000548	1.216755	5.185379	-0.437602	0.000000
0.411435	3.650896	94236.033866	229363.980421	2.960038	210.483755	0.000015	0.000548	1.216755	5.185378	-0.437601	0.000000
0.416914	3.650904	94235.838957	229363.976587	3.051740	226.655551	0.000015	0.000548	1.216755	5.185377	-0.437600	0.000000
0.422392	3.650911	94235.654847	229363.972518	3.144475	243.369423	0.000015	0.000548	1.216755	5.185376	-0.437599	0.000000
0.427871	3.650917	94235.480888	229363.968162	3.238067	260.866392	0.000014	0.000548	1.216755	5.185375	-0.437598	0.000000
0.433350	3.650924	94235.316465	229363.963477	3.332339	279.298882	0.000014	0.000548	1.216755	5.185374	-0.437597	0.000000
0.438828	3.650930	94235.161008	229363.958440	3.427116	298.704865	0.000014	0.000548	1.216755	5.185374	-0.437597	0.000000
0.444307	3.650935	94235.014000	229363.953043	3.522219	319.003227	0.000013	0.000548	1.216755	5.185373	-0.437596	0.000000
0.449786	3.650941	94234.874973	229363.947295	3.617478	340.013529	0.000013	0.000548	1.216755	5.185372	-0.437595	0.000000
0.455264	3.650946	94234.743513	229363.941215	3.712721	361.496446	0.000013	0.000548	1.216755	5.185372	-0.437595	0.000000
0.460743	3.650950	94234.619245	229363.934831	3.807781	383.201173	0.000012	0.000548	1.216755	5.185371	-0.437594	0.000000
0.466221	3.650955	94234.501824	229363.928175	3.902491	404.915409	0.000012	0.000548	1.216755	5.185371	-0.437594	0.000000
0.471700	3.650959	94234.390930	229363.921273	3.996672	426.499877	0.000011	0.000548	1.216755	5.185370	-0.437593	0.000000
0.477179	3.650963	94234.286253	229363.914149	4.090135	447.905594	0.000011	0.000548	1.216755	5.185370	-0.437593	0.000000
0.482657	3.650967	94234.187490	229363.906816	4.182685	469.172737	0.000010	0.000548	1.216755	5.185369	-0.437592	0.000000
0.488136	3.650970	94234.094339	229363.899283	4.274140	490.409725	0.000010	0.000548	1.216755	5.185369	-0.437592	0.000000
0.493614	3.650973	94234.006501	229363.891551	4.364348	511.762301	0.000009	0.000548	1.216755	5.185368	-0.437592	0.000000
0.499093	3.650976	94233.923678	229363.883615	4.453217	533.376831	0.000009	0.000548	1.216755	5.185368	-0.437591	0.000000
0.504571	3.650979	94233.845575	229363.875471	4.540782	555.367831	0.000008	0.000548	1.216755	5.185368	-0.437591	0.000000
0.510050	3.650982	94233.771908	229363.867111	4.627236	577.792076	0.000007	0.000548	1.216755	5.185367	-0.437591	0.000000
0.515528	3.650985	94233.702401	229363.858531	4.712997	600.631898	0.000007	0.000548	1.216755	5.185367	-0.437590	0.000000
0.521007	3.650987	94233.636792	229363.849727	4.798750	623.788496	0.000006	0.000548	1.216755	5.185367	-0.437590	0.000000
0.526486	3.650989	94233.574834	229363.840695	4.885474	647.085742	0.000005	0.000548	1.216755	5.185366	-0.437590	0.000000
0.531964	3.650991	94233.516294	229363.831433	4.974425	670.283552	0.000004	0.000548	1.216755	5.185366	-0.437589	0.000000
0.537443	3.650993	94233.460954	229363.821937	5.067088	693.096937	0.000004	0.000548	1.216755	5.185366	-0.437589	0.000000
0.542921	3.650995	94233.408612	229363.812202	5.165059	715.222290	0.000003	0.000548	1.216755	5.185366	-0.437589	0.000000
0.548400	3.650997	94233.359078	229363.802223	5.269929	736.370007	0.000002	0.000548	1.216755	5.185365	-0.437589	0.000000
0.553878	3.650999	94233.312176	229363.791987	5.383079	756.298833	0.000001	0.000548	1.216755	5.185365	-0.437589	0.000000
0.559357	3.651000	94233.267741	229363.781483	5.505480	774.845218	0.000000	0.000548	1.216755	5.185365	-0.437588	0.000000
0.564835	3.651002	94233.225621	229363.770697	5.637624	791.956647	-0.000001	0.000548	1.216755	5.185365	-0.437588	0.000000
0.570314	3.651003	94233.185671	229363.759612	5.779326	807.706102	-0.000001	0.000548	1.216755	5.185365	-0.437588	0.000000
0.575792	3.651004	94233.147759	229363.748212	5.929599	822.272606	-0.000002	0.000548	1.216755	5.185364	-0.437588	0.000000
0.581271	3.651005	94233.111762	229363.736483	6.087152	835.964409	-0.000003	0.000548	1.216755	5.185364	-0.437588	0.000000
0.586749	3.651007	94233.077565	229363.724412	6.250065	849.185695	-0.000004	0.000548	1.216755	5.185364	-0.437588	0.000000
0.592228	3.651008	94233.045061	229363.711990	6.415544	862.296296	-0.000005	0.000548	1.216755	5.185364	-0.437587	0.000000
0.597706	3.651009	94233.014152	229363.699213	6.582160	875.748195	-0.000006	0.000548	1.216755	5.185364	-0.437587	0.000000
0.603185	3.651010	94232.984746	229363.686079	6.748058	890.037538	-0.000007	0.000548	1.216755	5.185364	-0.437587	0.000000
0.608663	3.651010	94232.956760	229363.672592	6.908799	905.187167	-0.000008	0.000548	1.216755	5.185364	-0.437587	0.000000
0.614142	3.651011	94232.930115	229363.658761	7.066839	921.539345	-0.000009	0.000548	1.216755	5.185363	-0.437587	0.000000
0.619620	3.651012	94232.904736	229363.644586	7.222919	939.790004	-0.000010	0.000548	1.216755	5.185363	-0.437587	0.000000
0.625099	3.651013	94232.880557	229363.630089	7.363950	958.669161	-0.000011	0.000548	1.216755	5.185363	-0.437587	0.000000
0.630577	3.651013	94232.857515	229363.615288	7.506672	978.607547	-0.000013	0.000548	1.216755	5.185363	-0.437587	0.000000
0.636056	3.651014	94232.835547	229363.600151	7.660425	1002.326603	-0.000014	0.000548	1.216755	5.185363	-0.437587	0.000000
0.641534	3.651015	94232.814594	229363.584740	7.765351	1023.757051	-0.000015	0.000548	1.216755	5.185363	-0.437587	0.000000
0.647013	3.651015	94232.794618	229363.569097	7.895826	1044.465292	-0.000016	0.000548	1.216755	5.185363	-0.437587	0.000000
0.652491	3.651016	94232.775549	229363.553031	8.102605	1078.046533	-0.000017	0.000548	1.216755	5.185363	-0.437587	0.000000
0.657970	3.651016	94232.757327	229363.536766	8.101363	1097.337223	-0.000018	0.000548	1.216755	5.185363	-0.437586	0.000000
0.663448	3.651016	94232.739984	229363.520486	8.217432	1107.836628	-0.000020	0.000548	1.216755	5.185363	-0.437586	0.000000
0.668927	3.651017	94232.723383	229363.503251	8.723588	1176.014451	-0.000021	0.000548	1.216755	5.185362	-0.437586	0.000000
0.674405	3.651017	94232.707416	229363.486013	8.281396	1179.026531	-0.000022	0.000548	1.216755	5.185362	-0.437586	0.000000
0.679884	3.651017	94232.692405	229363.469703	8.315449	1131.776054	-0.000023	0.000548	1.216755	5.185362	-0.437586	0.000000
0.685362	3.651018	94232.677902	229363.449880	10.275024	1355.259367	-0.000025	0.000548	1.216755	5.185362	-0.437586	0.000000
0.690841	3.651018	94232.663502	229363.430601	7.889797	1293.562819	-0.000027	0.000548	1.216755	5.185362	-0.437586	0.000000
0.696319	3.651018	94232.650871	229363.416673	7.369781	964.034555	-0.000027	0.000548	1.216755	5.185362	-0.437586	0.000000
0.701798	3.651018	94232.638159	229363.387141	16.292846	1909.051209	-0.000030	0.000548	1.216755	5.185362	-0.437586	0.000000
0.707276	3.651018	94232.623373	229363.359133	5.375950	1619.896584	-0.000033	0.000548	1.216755	5.185362	-0.437586	0.000000
0.712755	3.651019	94232.614381	229363.356925	1.514087	-65.726934	-0.000030	0.000548	1.216755	5.185362	-0.437586	0.000000
0.718233	3.651018	94232.603129	229363.281589	43.793835	4238.637721	-0.000037	0.000548	1.216755	5.185362	-0.437586	0.000000
0.723712	3.651018	94232.579201	229363.203651	-4.127705	3258.953621	-0.000050	0.000548	1.216755	5.185362	-0.437586	0.000000
0.729190	3.651018	94232.579091	229363.243300	-26.628753	-4872.662557	-0.000031	0.000548	1.216755	5.185362	-0.437586	0.000000
0.734669	3.651015	94232.567462	229362.932277	175.698554	15133.662443	-0.000057	0.000548	1.216755	5.185362	-0.437587	0.000000
0.740147	3.651011	94232.490267	229362.551075	-29.969678	12868.745136	-0.000117	0.000548	1.216755	5.185361	-0.437587	0.000000
0.745626	3.651012	94232.516087	229362.683760	-150.655479	-25420.312059	-0.000035	0.000548	1.216755	5.185362	-0.437587	0.000000
0.751104	3.650992	94232.490597	229361.106734	821.975191	68488.453873	-0.000157	0.000548	1.216755	5.185361	-0.437590	0.000000
0.756583	3.650967	94232.135952	229358.874693	-39.350483	70454.136710	-0.000469	0.000548	1.216755	5.185360	-0.437592	0.000000
0.762061	3.650963	94232.225945	229358.765919	-651.926360	-106407.489458	-0.000136	0.000548	1.216755	5.185360	-0.437593	0.000000
0.767540	3.650851	94232.084470	229350.161323	4046.712655	338311.787298	-0.000751	0.000548	1.216755	5.185359	-0.437608	0.000000
0.773019	3.650696	94230.285496	229336.617045	566.991093	414801.453529	-0.002432	0.000548	1.216755	5.185351	-0.437625	0.000000
0.778498	3.650611	94230.346076	229330.992684	-2382.221951	-383535.016942	-0.001237	0.000548	1.216755	5.185352	-0.437638	0.000000
0.783977	3.649976	94229.282503	229282.153976	20474.247069	1747471.621822	-0.004506	0.000548	1.216755	5.185344	-0.437722	0.000000
0.789458	3.648999	94219.773987	229199.175613	7251.776501	2478756.317316	-0.013720	0.000548	1.216755	5.185299	-0.437834	0.000000
0.794940	3.648188	94217.616749	229139.525829	-6112.733880	-1004293.534753	-0.010455	0.000548	1.216755	5.185294	-0.437943	0.000000
0.800423	3.644495	94209.509149	228854.605646	106134.012798	9380114.167073	-0.028634	0.000549	1.216755	5.185241	-0.438429	0.000000
0.805916	3.638386	94157.530773	228343.832488	62125.718757	15066924.049464	-0.080069	0.000550	1.216755	5.184992	-0.439151	0.000000
0.811418	3.632000	94131.089357	227854.701977	5657.824656	806434.109536	-0.079573	0.000551	1.216755	5.184893	-0.439983	0.000000
0.816926	3.610444	94069.924750	226178.700823	562096.114075	53197100.071060	-0.183726	0.000554	1.216755	5.184528	-0.442825	0.000000
0.822494	3.573027	93767.157191	223058.716985	475549.697293	98823277.223979	-0.477981	0.000560	1.216755	5.183057	-0.447386	0.000000
0.828124	3.530512	93504.624039	219655.047747	215305.011043	52765867.416889	-0.569996	0.000566	1.216755	5.181911	-0.452918	0.000000
0.833806	3.418015	92991.498081	210615.616198	2945919.191233	350532822.680069	-1.140647	0.000585	1.216755	5.179050	-0.468308	0.000000
0.839817	3.224302	90852.001104	193635.820629	3610968.182888	812873845.614992	-2.878507	0.000620	1.216755	5.168179	-0.493942	0.000000
0.846256	3.058767	88057.288617	178115.702072	305506.557293	720734124.287010	-3.730524	0.000654	1.216755	5.154722	-0.516768	0.000000
0.852875	2.775225	84240.650186	152118.314194	10079978.109758	1998828201.307418	-5.183644	0.000721	1.216755	5.133184	-0.563751	0.000000
0.860747	2.174103	70611.419386	96308.324736	32695383.709877	6368677063.837743	-14.445719	0.000920	1.216755	5.046584	-0.675669	0.000000
0.872380	1.554683	42732.650153	40220.209501	34692835.983554	8088854473.287741	-31.069160	0.001286	1.216755	4.813193	-0.821497	0.000000
0.888402	1.194504	19014.039904	13700.017700	18715941.914564	4462709897.983572	-43.761143	0.001674	1.216755	4.454323	-0.930350	0.000000
0.907070	1.053808	8805.639670	5846.873975	6354387.994224	1273218106.340692	-49.461455	0.001898	1.216755	4.134151	-0.979976	0.000000
0.926749	1.012329	6477.935853	4320.721446	1457671.792789	192497955.141390	-51.133133	0.001976	1.216755	4.018211	-0.995403	0.000000
0.946688	1.002444	6162.163772	4111.500491	263082.140776	23006387.011315	-51.483042	0.001995	1.216755	4.000345	-0.999093	0.000000
0.966679	1.000489	6123.585386	4083.446744	40470.616831	3038479.035270	-51.543173	0.001999	1.216755	3.998094	-0.999815	0.000000
0.986677	1.000159	6118.328559	4079.396783	5256.364905	438002.647541	-51.551949	0.002000	1.216755	3.997783	-0.999935	0.000000
1.006677	1.000111	6117.566655	4078.810773	590.138146	63080.834915	-51.553041	0.002000	1.216755	3.997738	-0.999953	0.000000
1.026677	1.000105	6117.458456	4078.730667	57.264647	8597.810774	-51.553158	0.002000	1.216755	3.997732	-0.999955	0.000000
1.046677	1.000104	6117.444027	4078.720540	4.732974	1086.127100	-51.553169	0.002000	1.216755	3.997731	-0.999955	0.000000
1.066677	1.000104	6117.442246	4078.719361	0.336877	126.634817	-51.553170	0.002000	1.216755	3.997731	-0.999955	0.000000
1.086677	1.000104	6117.442043	4078.719234	0.024762	13.694450	-51.553170	0.002000	1.216755	3.997731	-0.999955	0.000000
1.106677	1.000104	6117.442022	4078.719221	0.003103	1.397852	-51.553170	0.002000	1.216755	3.997731	-0.999955	0.000000
1.126677	1.000104	6117.442020	4078.719220	0.000618	0.140245	-51.553170	0.002000	1.216755	3.997731	-0.999955	0.000000
1.146677	1.000104	6117.442019	4078.719220	0.000121	0.014829	-51.553170	0.002000	1.216755	3.997731	-0.999955	0.000000
1.166677	1.000104	6117.442019	4078.719220	0.000020	0.001770	-51.553170	0.002000	1.216755	3.997731	-0.999955	0.000000
1.186677	1.000104	6117.442019	4078.719219	0.000003	0.000238	-51.553170	0.002000	1.216755	3.997731	-0.999955	0.000000
1.206677	1.000104	6117.442019	4078.719219	0.000000	0.000034	-51.553170	0.002000	1.216755	3.997731	-0.999955	0.000000
1.226677	1.000104	6117.442019	4078.719219	0.000000	0.000005	-51.553170	0.002000	1.216755	3.997731	-0.999955	0.000000
1.246677	1.000104	6117.442019	4078.719219	-0.000000	0.000001	-51.553170	0.002000	1.216755	3.997731	-0.999955	0.000000
1.266677	1.000104	6117.442019	4078.719219	-0.000000	-0.000000	-51.553170	0.002000	1.216755	3.997731	-0.999955	0.000000
1.286677	1.000104	6117.442019	4078.719219	0.000000	-0.000001	-51.553170	0.002000	1.216755	3.997731	-0.999955	0.000000
1.306677	1.000104	6117.442019	4078.719219	0.000000	-0.000000	-51.553170	0.002000	1.216755	3.997731	-0.999955	0.000000
1.326677	1.000104	6117.442019	4078.719219	-0.000000	0.000001	-51.553170	0.002000	1.216755	3.997731	-0.999955	0.000000
1.346677	1.000104	6117.442019	4078.719219	-0.000000	-0.000001	-51.553170	0.002000	1.216755	3.997731	-0.999955	0.000000
1.366677	1.000104	6117.442019	4078.719219	0.000000	-0.000001	-51.553170	0.002000	1.216755	3.997731	-0.999955	0.000000
1.386677	1.000104	6117.442019	4078.719219	0.000000	0.000001	-51.553170	0.002000	1.216755	3.997731	-0.999955	0.000000
1.406677	1.000104	6117.442019	4078.719219	0.000000	-0.000001	-51.553170	0.002000	1.216755	3.997731	-0.999955	0.000000
1.426677	1.000104	6117.442019	4078.719219	0.000000	0.000001	-51.553170	0.002000	1.216755	3.997731	-0.999955	0.000000
1.446677	1.000104	6117.442019	4078.719219	-0.000000	0.000001	-51.553170	0.002000	1.216755	3.997731	-0.999955	0.000000
1.466677	1.000104	6117.442019	4078.719219	-0.000000	-0.000001	-51.553170	0.002000	1.216755	3.997731	-0.999955	0.000000
1.486677	1.000104	6117.442019	4078.719219	0.000000	-0.000001	-51.553170	0.002000	1.216755	3.997731	-0.999955	0.000000
1.506677	1.000104	6117.442019	4078.719219	0.000000	0.000000	-51.553170	0.002000	1.216755	3.997731	-0.999955	0.000000
1.526677	1.000104	6117.442019	4078.719219	-0.000000	0.000001	-51.553170	0.002000	1.216755	3.997731	-0.999955	0.000000
1.546677	1.000104	6117.442019	4078.719219	-0.000000	-0.000001	-51.553170	0.002000	1.216755	3.997731	-0.999955	0.000000
1.566677	1.000104	6117.442019	4078.719219	0.000000	-0.000001	-51.553170	0.002000	1.216755	3.997731	-0.999955	0.000000
1.586677	1.000104	6117.442019	4078.719219	0.000000	0.000001	-51.553170	0.002000	1.216755	3.997731	-0.999955	0.000000
1.606677	1.000104	6117.442019	4078.719219	-0.000000	0.000000	-51.553170	0.002000	1.216755	3.997731	-0.999955	0.000000
1.626677	1.000104	6117.442019	4078.719219	0.000000	-0.000001	-51.553170	0.002000	1.216755	3.997731	-0.999955	0.000000
1.646677	1.000104	6117.442019	4078.719219	0.000000	0.000001	-51.553170	0.002000	1.216755	3.997731	-0.999955	0.000000
1.666677	1.000104	6117.442019	4078.719219	-0.000000	-0.000001	-51.553170	0.002000	1.216755	3.997731	-0.999955	0.000000
1.686677	1.000104	6117.442019	4078.719219	-0.000000	-0.000000	-51.553170	0.002000	1.216755	3.997731	-0.999955	0.000000
1.706677	1.000104	6117.442019	4078.719219	0.000000	-0.000001	-51.553170	0.002000	1.216755	3.997731	-0.999955	0.000000
1.726677	1.000104	6117.442019	4078.719219	0.000000	0.000001	-51.553170	0.002000	1.216755	3.997731	-0.999955	0.000000
1.746677	1.000104	6117.442019	4078.719219	-0.000000	0.000001	-51.553170	0.002000	1.216755	3.997731	-0.999955	0.000000
1.766677	1.000104	6117.442019	4078.719219	-0.000000	0.000000	-51.553170	0.002000	1.216755	3.997731	-0.999955	0.000000
1.786677	1.000104	6117.442019	4078.719219	-0.000000	0.000000	-51.553170	0.002000	1.216755	3.997731	-0.999955	0.000000
1.806677	1.000104	6117.442019	4078.719219	0.000000	-0.000001	-51.553170	0.002000	1.216755	3.997731	-0.999955	0.000000
1.826677	1.000104	6117.442019	4078.719219	-0.000000	0.000001	-51.553170	0.002000	1.216755	3.997731	-0.999955	0.000000
1.846677	1.000104	6117.442019	4078.719219	-0.000000	-0.000001	-51.553170	0.002000	1.216755	3.997731	-0.999955	0.000000
1.866677	1.000104	6117.442019	4078.719219	0.000000	-0.000001	-51.553170	0.002000	1.216755	3.997731	-0.999955	0.000000
1.886677	1.000104	6117.442019	4078.719219	0.000000	-0.000000	-51.553170	0.002000	1.216755	3.997731	-0.999955	0.000000
1.906677	1.000104	6117.442019	4078.719219	0.000000	0.000000	-51.553170	0.002000	1.216755	3.997731	-0.999955	0.000000
1.926677	1.000104	6117.442019	4078.719219	0.000000	0.000001	-51.553170	0.002000	1.216755	3.997731	-0.999955	0.000000
1.946677	1.000104	6117.442019	4078.719219	-0.000000	0.000001	-51.553170	0.002000	1.216755	3.997731	-0.999955	0.000000
1.966677	1.000104	6117.442019	4078.719219	-0.000000	0.000000	-51.553170	0.002000	1.216755	3.997731	-0.999955	0.000000
1.986677	1.000104	6117.442019	4078.719219	-0.000000	-0.000000	-51.553170	0.002000	1.216755	3.997731	-0.999955	0.000000
2.006677	1.000104	6117.442019	4078.719219	-0.000000	-0.000001	-51.553170	0.002000	1.216755	3.997731	-0.999955	0.000000
2.026677	1.000104	6117.442019	4078.719219	0.000000	-0.000001	-51.553170	0.002000	1.216755	3.997731	-0.999955	0.000000
2.046677	1.000104	6117.442019	4078.719219	0.000000	0.000001	-51.553170	0.002000	1.216755	3.997731	-0.999955	0.000000
2.066677	1.000104	6117.442019	4078.719219	-0.000000	0.000001	-51.553170	0.002000	1.216755	3.997731	-0.999955	0.000000
2.086677	1.000104	6117.442019	4078.719219	-0.000000	-0.000000	-51.553170	0.002000	1.216755	3.997731	-0.999955	0.000000
2.106677	1.000104	6117.442019	4078.719219	-0.000000	0.000000	-51.553170	0.002000	1.216755	3.997731	-0.999955	0.000000
2.126677	1.000104	6117.442019	4078.719219	-0.000000	-0.000001	-51.553170	0.002000	1.216755	3.997731	-0.999955	0.000000
2.146677	1.000104	6117.442019	4078.719219	0.000000	-0.000001	-51.553170	0.002000	1.216755	3.997731	-0.999955	0.000000
2.166677	1.000104	6117.442019	4078.719219	0.000000	0.000000	-51.553170	0.002000	1.216755	3.997731	-0.999955	0.000000
2.186677	1.000104	6117.442019	4078.719219	-0.000000	0.000001	-51.553170	0.002000	1.216755	3.997731	-0.999955	0.000000
2.206677	1.000104	6117.442019	4078.719219	-0.000000	-0.000001	-51.553170	0.002000	1.216755	3.997731	-0.999955	0.000000
2.226677	1.000104	6117.442019	4078.719219	0.000000	-0.000000	-51.553170	0.002000	1.216755	3.997731	-0.999955	0.000000
2.246677	1.000104	6117.442019	4078.719219	-0.000000	0.000001	-51.553170	0.002000	1.216755	3.997731	-0.999955	0.000000
2.266677	1.000104	6117.442019	4078.719219	0.000000	0.000000	-51.553170	0.002000	1.216755	3.997731	-0.999955	0.000000
2.286677	1.000104	6117.442019	4078.719219	0.000000	0.000000	-51.553170	0.002000	1.216755	3.997731	-0.999955	0.000000
2.306677	1.000104	6117.442019	4078.719219	0.000000	-0.000001	-51.553170	0.002000	1.216755	3.997731	-0.999955	0.000000
2.326677	1.000104	6117.442019	4078.719219	0.000000	0.000001	-51.553170	0.002000	1.216755	3.997731	-0.999955	0.000000
2.346677	1.000104	6117.442019	4078.719219	-0.000000	0.000001	-51.553170	0.002000	1.216755	3.997731	-0.999955	0.000000
2.366677	1.000104	6117.442019	4078.719219	-0.000000	-0.000001	-51.553170	0.002000	1.216755	3.997731	-0.999955	0.000000
2.386677	1.000104	6117.442019	4078.719219	0.000000	-0.000001	-51.553170	0.002000	1.216755	3.997731	-0.999955	0.000000
2.406677	1.000104	6117.442019	4078.719219	0.000000	-0.000000	-51.553170	0.002000	1.216755	3.997731	-0.999955	0.000000
2.426677	1.000104	6117.442019	4078.719219	0.000000	0.000000	-51.553170	0.002000	1.216755	3.997731	-0.999955	0.000000
2.446677	1.000104	6117.442019	4078.719219	-0.000000	-0.000001	-51.553170	0.002000	1.216755	3.997731	-0.999955	0.000000
2.466677	1.000104	6117.442019	4078.719219	0.000000	-0.000001	-51.553170	0.002000	1.216755	3.997731	-0.999955	0.000000
2.486677	1.000104	6117.442019	4078.719219	0.000000	0.000002	-51.553170	0.002000	1.216755	3.997731	-0.999955	0.000000
2.506677	1.000104	6117.442019	4078.719219	-0.000000	0.000002	-51.553170	0.002000	1.216755	3.997731	-0.999955	0.000000
2.526677	1.000104	6117.442019	4078.719219	-0.000000	-0.000001	-51.553170	0.002000	1.216755	3.997731	-0.999955	0.000000
2.546677	1.000104	6117.442019	4078.719219	0.000000	-0.000001	-51.553170	0.002000	1.216755	3.997731	-0.999955	0.000000
2.566677	1.000104	6117.442019	4078.719219	0.000000	-0.000000	-51.553170	0.002000	1.216755	3.997731	-0.999955	0.000000
2.586677	1.000104	6117.442019	4078.719219	0.000000	-0.000000	-51.553170	0.002000	1.216755	3.997731	-0.999955	0.000000
2.606677	1.000104	6117.442019	4078.719219	0.000000	-0.000000	-51.553170	0.002000	1.216755	3.997731	-0.999955	0.000000
2.626677	1.000104	6117.442019	4078.719219	0.000000	-0.000000	-51.553170	0.002000	1.216755	3.997731	-0.999955	0.000000
2.646677	1.000104	6117.442019	4078.719219	-0.000000	-0.000000	-51.553170	0.002000	1.216755	3.997731	-0.999955	0.000000
2.666677	1.000104	6117.442019	4078.719219	-0.000000	-0.000000	-51.553170	0.002000	1.216755	3.997731	-0.999955	0.000000
2.686677	1.000104	6117.442019	4078.719219	-0.000000	-0.000000	-51.553170	0.002000	1.216755	3.997731	-0.999955	0.000000
2.706677	1.000104	6117.442019	4078.719219	-0.000000	-0.000000	-51.553170	0.002000	1.216755	3.997731	-0.999955	0.000000
2.726677	1.000104	6117.442019	4078.719219	0.000000	-0.000001	-51.553170	0.002000	1.216755	3.997731	-0.999955	0.000000
2.746677	1.000104	6117.442019	4078.719219	0.000000	0.000001	-51.553170	0.002000	1.216755	3.997731	-0.999955	0.000000
2.766677	1.000104	6117.442019	4078.719219	-0.000000	0.000001	-51.553170	0.002000	1.216755	3.997731	-0.999955	0.000000
2.786677	1.000104	6117.442019	4078.719219	-0.000000	0.000000	-51.553170	0.002000	1.216755	3.997731	-0.999955	0.000000
2.806677	1.000104	6117.442019	4078.719219	-0.000000	-0.000001	-51.553170	0.002000	1.216755	3.997731	-0.999955	0.000000
2.826677	1.000104	6117.442019	4078.719219	0.000000	-0.000001	-51.553170	0.002000	1.216755	3.997731	-0.999955	0.000000
2.846677	1.000104	6117.442019	4078.719219	0.000000	0.000001	-51.553170	0.002000	1.216755	3.997731	-0.999955	0.000000
2.866677	1.000104	6117.442019	4078.719219	0.000000	0.000001	-51.553170	0.002000	1.216755	3.997731	-0.999955	0.000000
2.886677	1.000104	6117.442019	4078.719219	-0.000000	0.000000	-51.553170	0.002000	1.216755	3.997731	-0.999955	0.000000
2.906677	1.000104	6117.442019	4078.719219	-0.000000	0.000000	-51.553170	0.002000	1.216755	3.997731	-0.999955	0.000000
2.926677	1.000104	6117.442019	4078.719219	-0.000000	-0.000001	-51.553170	0.002000	1.216755	3.997731	-0.999955	0.000000
2.946677	1.000104	6117.442019	4078.719219	0.000000	-0.000001	-51.553170	0.002000	1.216755	3.997731	-0.999955	0.000000
2.966677	1.000104	6117.442019	4078.719219	0.000000	0.000001	-51.553170	0.002000	1.216755	3.997731	-0.999955	0.000000
2.986677	1.000104	6117.442019	4078.719219	0.000000	0.000001	-51.553170	0.002000	1.216755	3.997731	-0.999955	0.000000
3.006677	1.000104	6117.442019	4078.719219	-0.000000	0.000001	-51.553170	0.002000	1.216755	3.997731	-0.999955	0.000000
3.026677	1.000104	6117.442019	4078.719219	-0.000000	-0.000001	-51.553170	0.002000	1.216755	3.997731	-0.999955	0.000000
3.046677	1.000104	6117.442019	4078.719219	0.000000	-0.000001	-51.553170	0.002000	1.216755	3.997731	-0.999955	0.000000
3.066677	1.000104	6117.442019	4078.719219	0.000000	0.000000	-51.553170	0.002000	1.216755	3.997731	-0.999955	0.000000
3.086677	1.000104	6117.442019	4078.719219	0.000000	0.000001	-51.553170	0.002000	1.216755	3.997731	-0.999955	0.000000
3.106677	1.000104	6117.442019	4078.719219	-0.000000	0.000001	-51.553170	0.002000	1.216755	3.997731	-0.999955	0.000000
3.126677	1.000104	6117.442019	4078.719219	-0.000000	-0.000001	-51.553170	0.002000	1.216755	3.997731	-0.999955	0.000000
3.146677	1.000104	6117.442019	4078.719219	0.000000	-0.000001	-51.553170	0.002000	1.216755	3.997731	-0.999955	0.000000
3.166677	1.000104	6117.442019	4078.719219	0.000000	0.000001	-51.553170	0.002000	1.216755	3.997731	-0.999955	0.000000
3.186677	1.000104	6117.442019	4078.719219	-0.000000	0.000000	-51.553170	0.002000	1.216755	3.997731	-0.999955	0.000000
3.206677	1.000104	6117.442019	4078.719219	0.000000	-0.000001	-51.553170	0.002000	1.216755	3.997731	-0.999955	0.000000
3.226677	1.000104	6117.442019	4078.719219	0.000000	0.000001	-51.553170	0.002000	1.216755	3.997731	-0.999955	0.000000
3.246677	1.000104	6117.442019	4078.719219	-0.000000	0.000001	-51.553170	0.002000	1.216755	3.997731	-0.999955	0.000000
3.266677	1.000104	6117.442019	4078.719219	0.000000	-0.000001	-51.553170	0.002000	1.216755	3.997731	-0.999955	0.000000
3.286677	1.000104	6117.442019	4078.719219	0.000000	0.000001	-51.553170	0.002000	1.216755	3.997731	-0.999955	0.000000
3.306677	1.000104	6117.442019	4078.719219	-0.000000	0.000001	-51.553170	0.002000	1.216755	3.997731	-0.999955	0.000000
3.326677	1.000104	6117.442019	4078.719219	-0.000000	-0.000001	-51.553170	0.002000	1.216755	3.997731	-0.999955	0.000000
3.346677	1.000104	6117.442019	4078.719219	0.000000	-0.000001	-51.553170	0.002000	1.216755	3.997731	-0.999955	0.000000
3.366677	1.000104	6117.442019	4078.719219	0.000000	0.000001	-51.553170	0.002000	1.216755	3.997731	-0.999955	0.000000
3.386677	1.000104	6117.442019	4078.719219	-0.000000	0.000001	-51.553170	0.002000	1.216755	3.997731	-0.999955	0.000000
3.406677	1.000104	6117.442019	4078.719219	-0.000000	0.000000	-51.553170	0.002000	1.216755	3.997731	-0.999955	0.000000
3.426677	1.000104	6117.442019	4078.719219	-0.000000	0.000000	-51.553170	0.002000	1.216755	3.997731	-0.999955	0.000000
3.446677	1.000104	6117.442019	4078.719219	-0.000000	-0.000000	-51.553170	0.002000	1.216755	3.997731	-0.999955	0.000000
3.466677	1.000104	6117.442019	4078.719219	-0.000000	-0.000000	-51.553170	0.002000	1.216755	3.997731	-0.999955	0.000000
3.486677	1.000104	6117.442019	4078.719219	-0.000000	-0.000001	-51.553170	0.002000	1.216755	3.997731	-0.999955	0.000000
3.506677	1.000104	6117.442019	4078.719219	0.000000	0.000000	-51.553170	0.002000	1.216755	3.997731	-0.999955	0.000000
3.526677	1.000104	6117.442019	4078.719219	0.000000	-0.000000	-51.553170	0.002000	1.216755	3.997731	-0.999955	0.000000
3.546677	1.000104	6117.442019	4078.719219	0.000000	0.000001	-51.553170	0.002000	1.216755	3.997731	-0.999955	0.000000
3.566677	1.000104	6117.442019	4078.719219	-0.000000	0.000001	-51.553170	0.002000	1.216755	3.997731	-0.999955	0.000000
3.586677	1.000104	6117.442019	4078.719219	-0.000000	0.000000	-51.553170	0.002000	1.216755	3.997731	-0.999955	0.000000
3.606677	1.000104	6117.442019	4078.719219	-0.000000	-0.000001	-51.553170	0.002000	1.216755	3.997731	-0.999955	0.000000
3.626677	1.000104	6117.442019	4078.719219	0.000000	-0.000001	-51.553170	0.002000	1.216755	3.997731	-0.999955	0.000000
3.646677	1.000104	6117.442019	4078.719219	0.000000	0.000001	-51.553170	0.002000	1.216755	3.997731	-0.999955	0.000000
3.666677	1.000104	6117.442019	4078.719219	0.000000	-0.000000	-51.553170	0.002000	1.216755	3.997731	-0.999955	0.000000
3.686677	1.000104	6117.442019	4078.719219	0.000000	-0.000001	-51.553170	0.002000	1.216755	3.997731	-0.999955	0.000000
3.706677	1.000104	6117.442019	4078.719219	0.000000	0.000001	-51.553170	0.002000	1.216755	3.997731	-0.999955	0.000000
3.726677	1.000104	6117.442019	4078.719219	-0.000000	0.000001	-51.553170	0.002000	1.216755	3.997731	-0.999955	0.000000
3.746677	1.000104	6117.442019	4078.719219	-0.000000	-0.000001	-51.553170	0.002000	1.216755	3.997731	-0.999955	0.000000
3.766677	1.000104	6117.442019	4078.719219	-0.000000	-0.000000	-51.553170	0.002000	1.216755	3.997731	-0.999955	0.000000
3.786677	1.000104	6117.442019	4078.719219	-0.000000	-0.000001	-51.553170	0.002000	1.216755	3.997731	-0.999955	0.000000
3.806677	1.000104	6117.442019	4078.719219	-0.000000	0.000001	-51.553170	0.002000	1.216755	3.997731	-0.999955	0.000000
3.826677	1.000104	6117.442019	4078.719219	-0.000000	0.000000	-51.553170	0.002000	1.216755	3.997731	-0.999955	0.000000
3.846677	1.000104	6117.442019	4078.719219	0.000000	-0.000001	-51.553170	0.002000	1.216755	3.997731	-0.999955	0.000000
3.866677	1.000104	6117.442019	4078.719219	-0.000000	-0.000001	-51.553170	0.002000	1.216755	3.997731	-0.999955	0.000000
3.886677	1.000104	6117.442019	4078.719219	-0.000000	-0.000001	-51.553170	0.002000	1.216755	3.997731	-0.999955	0.000000
3.906677	1.000104	6117.442019	4078.719219	0.000000	0.000001	-51.553170	0.002000	1.216755	3.997731	-0.999955	0.000000
3.926677	1.000104	6117.442019	4078.719219	-0.000000	0.000000	-51.553170	0.002000	1.216755	3.997731	-0.999955	0.000000
3.946677	1.000104	6117.442019	4078.719219	0.000000	-0.000000	-51.553170	0.002000	1.216755	3.997731	-0.999955	0.000000
3.966677	1.000104	6117.442019	4078.719219	-0.000000	-0.000000	-51.553170	0.002000	1.216755	3.997731	-0.999955	0.000000
3.986677	1.000104	6117.442019	4078.719219	0.000000	-0.000001	-51.553170	0.002000	1.216755	3.997731	-0.999955	0.000000
4.006677	1.000104	6117.442019	4078.719219	0.000000	0.000001	-51.553170	0.002000	1.216755	3.997731	-0.999955	0.000000
4.026677	1.000104	6117.442019	4078.719219	0.000000	0.000001	-51.553170	0.002000	1.216755	3.997731	-0.999955	0.000000
4.046677	1.000104	6117.442019	4078.719219	-0.000000	-0.000000	-51.553170	0.002000	1.216755	3.997731	-0.999955	0.000000
4.066677	1.000104	6117.442019	4078.719219	-0.000000	0.000000	-51.553170	0.002000	1.216755	3.997731	-0.999955	0.000000
4.086677	1.000104	6117.442019	4078.719219	-0.000000	0.000001	-51.553170	0.002000	1.216755	3.997731	-0.999955	0.000000
4.106677	1.000104	6117.442019	4078.719219	-0.000000	0.000000	-51.553170	0.002000	1.216755	3.997731	-0.999955	0.000000
4.126677	1.000104	6117.442019	4078.719219	-0.000000	-0.000000	-51.553170	0.002000	1.216755	3.997731	-0.999955	0.000000
4.146677	1.000104	6117.442019	4078.719219	-0.000000	-0.000001	-51.553170	0.002000	1.216755	3.997731	-0.999955	0.000000
4.166677	1.000104	6117.442019	4078.719219	0.000000	-0.000001	-51.553170	0.002000	1.216755	3.997731	-0.999955	0.000000
4.186677	1.000104	6117.442019	4078.719219	0.000000	0.000001	-51.553170	0.002000	1.216755	3.997731	-0.999955	0.000000
4.206677	1.000104	6117.442019	4078.719219	-0.000000	0.000001	-51.553170	0.002000	1.216755	3.997731	-0.999955	0.000000
4.226677	1.000104	6117.442019	4078.719219	-0.000000	-0.000001	-51.553170	0.002000	1.216755	3.997731	-0.999955	0.000000
4.246677	1.000104	6117.442019	4078.719219	0.000000	-0.000001	-51.553170	0.002000	1.216755	3.997731	-0.999955	0.000000
4.266677	1.000104	6117.442019	4078.719219	0.000000	0.000001	-51.553170	0.002000	1.216755	3.997731	-0.999955	0.000000
4.286677	1.000104	6117.442019	4078.719219	-0.000000	0.000001	-51.553170	0.002000	1.216755	3.997731	-0.999955	0.000000
4.306677	1.000104	6117.442019	4078.719219	-0.000000	-0.000000	-51.553170	0.002000	1.216755	3.997731	-0.999955	0.000000
4.326677	1.000104	6117.442019	4078.719219	0.000000	-0.000000	-51.553170	0.002000	1.216755	3.997731	-0.999955	0.000000
4.346677	1.000104	6117.442019	4078.719219	0.000000	-0.000002	-51.553170	0.002000	1.216755	3.997731	-0.999955	0.000000
4.366677	1.000104	6117.442019	4078.719219	0.000000	-0.000001	-51.553170	0.002000	1.216755	3.997731	-0.999955	0.000000
4.386677	1.000104	6117.442019	4078.719219	0.000000	0.000000	-51.553170	0.002000	1.216755	3.997731	-0.999955	0.000000
4.406677	1.000104	6117.442019	4078.719219	0.000000	-0.000009	-51.553170	0.002000	1.216755	3.997731	-0.999955	0.000000
4.426677	1.000104	6117.442019	4078.719219	0.000000	-0.000031	-51.553170	0.002000	1.216755	3.997731	-0.999955	0.000000
4.446677	1.000104	6117.442019	4078.719219	0.000001	-0.000100	-51.553170	0.002000	1.216755	3.997731	-0.999955	0.000000
4.466677	1.000104	6117.442019	4078.719219	0.000004	-0.000297	-51.553170	0.002000	1.216755	3.997731	-0.999955	0.000000
4.486677	1.000104	6117.442019	4078.719219	0.000011	-0.000837	-51.553170	0.002000	1.216755	3.997731	-0.999955	0.000000
4.506677	1.000104	6117.442019	4078.719219	0.000030	-0.002313	-51.553170	0.002000	1.216755	3.997731	-0.999955	0.000000
4.526677	1.000104	6117.442019	4078.719219	0.000082	-0.006139	-51.553170	0.002000	1.216755	3.997731	-0.999955	0.000000
4.546677	1.000104	6117.442019	4078.719219	0.000216	-0.015857	-51.553170	0.002000	1.216755	3.997731	-0.999955	0.000000
4.566677	1.000104	6117.442019	4078.719219	0.000553	-0.040047	-51.553170	0.002000	1.216755	3.997731	-0.999955	0.000000
4.586677	1.000104	6117.442018	4078.719218	0.001385	-0.098807	-51.553170	0.002000	1.216755	3.997731	-0.999955	0.000000
4.606677	1.000104	6117.442015	4078.719215	0.003387	-0.238567	-51.553170	0.002000	1.216755	3.997731	-0.999955	0.000000
4.626677	1.000104	6117.442010	4078.719208	0.008109	-0.564115	-51.553170	0.002000	1.216755	3.997731	-0.999955	0.000000
4.646677	1.000104	6117.441996	4078.719193	0.019014	-1.306930	-51.553170	0.002000	1.216755	3.997731	-0.999955	0.000000
4.666677	1.000104	6117.441965	4078.719156	0.043682	-2.967734	-51.553170	0.002000	1.216755	3.997731	-0.999955	0.000000
4.686677	1.000104	6117.441894	4078.719072	0.098353	-6.606318	-51.553170	0.002000	1.216755	3.997731	-0.999955	0.000000
4.706677	1.000104	6117.441737	4078.718883	0.217055	-14.416857	-51.553170	0.002000	1.216755	3.997731	-0.999955	0.000000
4.726677	1.000104	6117.441392	4078.718466	0.469475	-30.846566	-51.553169	0.002000	1.216755	3.997731	-0.999955	0.000000
4.746677	1.000104	6117.440653	4078.717567	0.995248	-64.668517	-51.553168	0.002000	1.216755	3.997730	-0.999955	0.000000
4.766677	1.000104	6117.439103	4078.715665	2.067214	-132.844741	-51.553164	0.002000	1.216755	3.997730	-0.999955	0.000000
4.786677	1.000103	6117.435916	4078.711721	4.205853	-267.313815	-51.553158	0.002000	1.216755	3.997730	-0.999955	0.000000
4.806677	1.000102	6117.429496	4078.703711	8.378794	-526.690917	-51.553145	0.002000	1.216755	3.997730	-0.999956	0.000000
4.826677	1.000100	6117.416834	4078.687781	16.337342	-1015.667620	-51.553120	0.002000	1.216755	3.997729	-0.999957	0.000000
4.846677	1.000097	6117.392395	4078.656770	31.162943	-1915.955515	-51.553070	0.002000	1.216755	3.997727	-0.999958	0.000000
4.866678	1.000090	6117.346257	4078.597708	58.117797	-3533.515713	-51.552974	0.002000	1.216755	3.997724	-0.999961	0.000000
4.886678	1.000076	6117.261102	4078.487715	105.906331	-6367.072186	-51.552795	0.002000	1.216755	3.997718	-0.999967	0.000000
4.906679	1.000052	6117.107555	4078.287542	188.442253	-11201.634545	-51.552470	0.002000	1.216755	3.997707	-0.999977	0.000000
4.926680	1.000008	6116.837242	4077.931785	327.155563	-19226.741632	-51.551890	0.002000	1.216755	3.997688	-0.999996	0.000000
4.946682	0.999931	6116.372978	4077.314777	553.737331	-32171.078187	-51.550884	0.002000	1.216755	3.997655	-1.000029	0.000000
4.966687	0.999800	6115.595658	4076.271293	912.985241	-52432.277167	-51.549178	0.002000	1.216755	3.997601	-1.000086	0.000000
4.986694	0.999582	6114.327915	4074.551835	1465.085698	-83164.064064	-51.546365	0.002001	1.216755	3.997511	-1.000180	0.000000
5.006707	0.999228	6112.315497	4071.793448	2286.310372	-128266.476551	-51.541847	0.002002	1.216755	3.997370	-1.000332	0.000000
5.026729	0.998672	6109.208512	4067.488870	3466.860165	-192216.715199	-51.534790	0.002003	1.216755	3.997150	-1.000572	0.000000
5.046763	0.997820	6104.546107	4060.959148	5104.671876	-279689.316512	-51.524075	0.002004	1.216755	3.996821	-1.000940	0.000000
5.066819	0.996551	6097.749204	4051.337061	7294.636175	-394954.232851	-51.508270	0.002007	1.216755	3.996340	-1.001490	0.000000
5.086904	0.994716	6088.126118	4037.569849	10113.927468	-541110.538045	-51.485627	0.002011	1.216755	3.995657	-1.002286	0.000000
5.107033	0.992139	6074.894519	4018.448702	13605.788809	-719295.033319	-51.454126	0.002016	1.216755	3.994717	-1.003407	0.000000
5.127222	0.988623	6057.220154	3992.668496	17765.524134	-928064.726284	-51.411550	0.002023	1.216755	3.993457	-1.004942	0.000000
5.147494	0.983962	6034.268633	3958.914717	22532.829826	-1163152.010057	-51.355608	0.002033	1.216755	3.991814	-1.006986	0.000000
5.167874	0.977954	6005.262598	3915.966977	27793.426521	-1417710.196510	-51.284074	0.002045	1.216755	3.989727	-1.009637	0.000000
5.188395	0.970413	5969.534501	3862.802809	33390.389669	-1683029.086231	-51.194924	0.002061	1.216755	3.987143	-1.012988	0.000000
5.209094	0.961186	5926.565820	3798.683927	39142.676023	-1949557.166123	-51.086442	0.002081	1.216755	3.984012	-1.017127	0.000000
5.230011	0.950156	5876.006901	3723.210729	44866.271187	-2207989.976704	-50.957283	0.002105	1.216755	3.980298	-1.022129	0.000000
5.251193	0.937253	5817.676048	3636.338280	50393.319038	-2450167.989879	-50.806490	0.002134	1.216755	3.975972	-1.028056	0.000000
5.272691	0.922450	5751.541228	3538.355727	55585.329610	-2669703.026687	-50.633454	0.002168	1.216755	3.971013	-1.034960	0.000000
5.294560	0.905756	5677.689970	3429.837508	60342.024880	-2861938.865923	-50.437844	0.002208	1.216755	3.965406	-1.042881	0.000000
5.316859	0.887216	5596.289423	3311.575494	64593.928468	-3024930.391102	-50.219529	0.002254	1.216755	3.959140	-1.051854	0.000000
5.339654	0.866893	5507.559738	3184.514714	68311.682506	-3157318.995543	-49.978468	0.002307	1.216755	3.952204	-1.061909	0.000000
5.363013	0.844865	5411.735069	3049.683531	71488.356689	-3259606.399026	-49.714628	0.002367	1.216755	3.944586	-1.073079	0.000000
5.387015	0.821216	5309.041867	2908.141106	74137.554710	-3333029.191856	-49.427896	0.002435	1.216755	3.936269	-1.085402	0.000000
5.411743	0.796028	5199.683682	2760.938913	76285.964883	-3379352.536746	-49.118003	0.002512	1.216755	3.927233	-1.098924	0.000000
5.437292	0.769377	5083.827443	2609.094524	77967.920020	-3400573.887235	-48.784457	0.002600	1.216755	3.917450	-1.113708	0.000000
5.463767	0.741333	4961.580554	2453.581950	79220.557150	-3398857.295205	-48.426474	0.002698	1.216755	3.906881	-1.129829	0.000000
5.491291	0.711963	4832.933586	2295.314999	80081.316897	-3376483.782930	-48.042940	0.002809	1.216755	3.895474	-1.147380	0.000000
5.520003	0.681347	4697.594019	2135.124143	80582.965195	-3336151.164366	-47.632352	0.002935	1.216755	3.883140	-1.166466	0.000000
5.550065	0.649576	4554.721552	1973.676347	80754.824949	-3281128.159529	-47.192822	0.003079	1.216755	3.869728	-1.187201	0.000000
5.581665	0.616765	4402.415200	1811.337562	80616.067567	-3215092.799258	-46.722082	0.003243	1.216755	3.854959	-1.209708	0.000000
5.615024	0.582996	4237.399889	1648.002921	80182.038819	-3141460.730482	-46.217358	0.003431	1.216755	3.838369	-1.234159	0.000000
5.650407	0.548202	4055.053918	1482.977073	79461.510856	-3059839.089959	-45.675279	0.003648	1.216755	3.819268	-1.260882	0.000000
5.688152	0.511946	3851.644645	1315.442199	78463.075707	-2964087.014132	-45.090423	0.003907	1.216755	3.796920	-1.290596	0.000000
5.728749	0.473163	3628.787167	1145.454515	77218.939189	-2837847.414642	-44.454050	0.004227	1.216755	3.771037	-1.324807	0.000000
5.772987	0.430345	3399.438090	975.963540	75731.215707	-2667911.412261	-43.748382	0.004647	1.216755	3.742683	-1.365998	0.000000
5.822189	0.381851	3189.615858	812.540927	74089.263016	-2450484.047513	-42.943848	0.005238	1.216755	3.715012	-1.417915	0.000000
5.878705	0.327361	3033.266272	662.448406	72197.856029	-2208129.719999	-41.986152	0.006109	1.216755	3.693178	-1.484774	0.000000
5.946377	0.267565	2966.486381	529.523181	70306.065680	-1965344.565476	-40.784267	0.007475	1.216755	3.683500	-1.572364	0.000000
6.032736	0.205802	3021.378765	414.828585	68056.593380	-1750649.027949	-39.175991	0.009718	1.216755	3.691451	-1.686331	0.000000
6.151008	0.139123	3245.102351	301.189698	66889.619297	-1527345.714834	-36.778006	0.014376	1.216755	3.722458	-1.856366	0.000000
6.370005	0.077847	4384.615671	227.701740	64938.824436	-1195685.090434	-32.001791	0.025691	1.216755	3.853132	-2.108514	0.000000
-0.002973	3.366482	102500.779740	230045.226114	7.561149	0.000000	0.000707	0.000594	0.000000	5.221891	-0.472826	0.000000
-0.008912	3.373195	102278.305171	230003.321858	21.731892	0.000000	0.002058	0.000593	0.000000	5.220947	-0.471961	0.000000
-0.014834	3.386249	101848.604381	229923.283591	33.185148	0.000000	0.003227	0.000591	0.000000	5.219118	-0.470283	0.000000
-0.020728	3.404946	101240.378489	229812.093325	40.547953	0.000000	0.004118	0.000587	0.000000	5.216516	-0.467891	0.000000
-0.026585	3.428295	100492.743025	229679.221509	43.020976	0.000000	0.004664	0.000583	0.000000	5.213296	-0.464923	0.000000
-0.032398	3.455078	99651.444156	229535.631600	40.477551	0.000000	0.004835	0.000579	0.000000	5.209644	-0.461542	0.000000
-0.038164	3.483933	98764.539700	229392.635164	33.453194	0.000000	0.004642	0.000574	0.000000	5.205761	-0.457930	0.000000
-0.043881	3.513456	97878.365957	229260.768656	23.043199	0.000000	0.004127	0.000569	0.000000	5.201846	-0.454264	0.000000
-0.049550	3.542297	97034.063263	229148.817122	10.723598	0.000000	0.003362	0.000565	0.000000	5.198083	-0.450714	0.000000
-0.055174	3.569259	96265.035827	229063.089880	-1.869806	0.000000	0.002438	0.000560	0.000000	5.194627	-0.447420	0.000000
-0.060758	3.593381	95595.409330	229007.013982	-13.172443	0.000000	0.001449	0.000557	0.000000	5.191595	-0.444495	0.000000
-0.066306	3.613989	95039.507929	228981.069243	-21.897878	0.000000	0.000487	0.000553	0.000000	5.189063	-0.442011	0.000000
-0.071826	3.630725	94602.218803	228983.045329	-27.194177	0.000000	-0.000369	0.000551	0.000000	5.187060	-0.440005	0.000000
-0.077324	3.643536	94280.086791	229008.564153	-28.729983	0.000000	-0.001060	0.000549	0.000000	5.185579	-0.438476	0.000000
-0.082805	3.652636	94062.929825	229051.782464	-26.701561	0.000000	-0.001552	0.000548	0.000000	5.184578	-0.437393	0.000000
-0.088275	3.658449	93935.767343	229106.174029	-21.762949	0.000000	-0.001834	0.000547	0.000000	5.183991	-0.436703	0.000000
-0.093739	3.661533	93880.848707	229165.289318	-14.893151	0.000000	-0.001917	0.000546	0.000000	5.183738	-0.436337	0.000000
