0.002972	3.366974	102483.881813	230040.912460	7.417475	-2070899.441207	-0.000699	0.000594	1.216755	5.221819	-0.472762	0.000000
0.008911	3.373646	102262.944107	229999.475955	21.321100	-1882973.176024	-0.002035	0.000593	1.216755	5.220882	-0.471903	0.000000
0.014832	3.386620	101836.133473	229920.313935	32.565174	-1529525.041074	-0.003193	0.000591	1.216755	5.219065	-0.470236	0.000000
0.020725	3.405208	101231.814235	229810.300119	39.805820	-1051664.539870	-0.004077	0.000587	1.216755	5.216479	-0.467858	0.000000
0.026582	3.428428	100488.661414	229678.761871	42.260203	-503171.686528	-0.004620	0.000583	1.216755	5.213278	-0.464906	0.000000
0.032395	3.455074	99651.937870	229536.503823	39.802835	56929.112812	-0.004794	0.000579	1.216755	5.209646	-0.461543	0.000000
0.038161	3.483799	98769.239003	229394.684159	32.954922	572136.154107	-0.004607	0.000574	1.216755	5.205782	-0.457946	0.000000
0.043879	3.513209	97886.513919	229263.711188	22.783928	995099.387651	-0.004103	0.000569	1.216755	5.201882	-0.454295	0.000000
0.049548	3.541965	97044.630335	229152.282784	10.728769	1292425.574936	-0.003351	0.000565	1.216755	5.198130	-0.450754	0.000000
0.055173	3.568877	96276.854880	229066.671631	-1.615422	1447183.162833	-0.002439	0.000560	1.216755	5.194680	-0.447467	0.000000
0.060757	3.592985	95607.312779	229010.320943	-12.721797	1459167.264766	-0.001462	0.000557	1.216755	5.191650	-0.444543	0.000000
0.066306	3.613616	95050.450697	228983.774352	-21.332554	1343186.403131	-0.000509	0.000553	1.216755	5.189113	-0.442056	0.000000
0.071826	3.630404	94611.374801	228984.921478	-26.610554	1125845.842905	0.000341	0.000551	1.216755	5.187102	-0.440044	0.000000
0.077324	3.643287	94286.910809	229009.504336	-28.223003	841344.463130	0.001031	0.000549	1.216755	5.185611	-0.438506	0.000000
0.082806	3.652472	94067.181339	229051.802063	-26.349008	526841.735816	0.001524	0.000548	1.216755	5.184598	-0.437413	0.000000
0.088276	3.658369	93937.497161	229105.396130	-21.613142	217933.607466	0.001811	0.000547	1.216755	5.183999	-0.436712	0.000000
0.093740	3.661531	93880.353607	229163.916560	-14.958361	-55251.418783	0.001902	0.000546	1.216755	5.183735	-0.436337	0.000000
0.099201	3.662571	93877.342434	229221.681501	-7.480729	-270907.158021	0.001825	0.000546	1.216755	5.183722	-0.436214	0.000000
0.104662	3.662104	93910.813922	229274.165565	-0.254417	-417060.941610	0.001620	0.000546	1.216755	5.183877	-0.436270	0.000000
0.110125	3.660689	93965.166753	229318.262489	5.823771	-491640.623343	0.001333	0.000546	1.216755	5.184128	-0.436438	0.000000
0.115590	3.658799	94027.694639	229352.339789	10.145811	-501216.600951	0.001010	0.000547	1.216755	5.184417	-0.436662	0.000000
0.121058	3.656795	94088.977336	229376.111835	12.444835	-458742.020206	0.000689	0.000547	1.216755	5.184700	-0.436900	0.000000
0.126530	3.654930	94142.858328	229390.378830	12.785646	-380752.318561	0.000402	0.000547	1.216755	5.184949	-0.437122	0.000000
0.132004	3.653353	94186.095078	229396.690092	11.502459	-284527.470273	0.000167	0.000547	1.216755	5.185148	-0.437309	0.000000
0.137480	3.652129	94217.793016	229396.990293	9.101895	-185661.398106	-0.000005	0.000548	1.216755	5.185294	-0.437454	0.000000
0.142957	3.651258	94238.739962	229393.298630	6.153473	-96346.490416	-0.000116	0.000548	1.216755	5.185390	-0.437558	0.000000
0.148436	3.650700	94250.745032	229387.456150	3.188941	-24506.602587	-0.000172	0.000548	1.216755	5.185446	-0.437624	0.000000
0.153915	3.650391	94256.061097	229380.959239	0.626700	26257.389054	-0.000185	0.000548	1.216755	5.185470	-0.437661	0.000000
0.159395	3.650260	94256.938854	229374.880876	-1.269937	56075.771406	-0.000168	0.000548	1.216755	5.185474	-0.437676	0.000000
0.164875	3.650243	94255.330166	229369.868191	-2.399900	67811.438788	-0.000133	0.000548	1.216755	5.185467	-0.437678	0.000000
0.170354	3.650285	94252.733130	229366.196543	-2.802740	65908.430002	-0.000092	0.000548	1.216755	5.185455	-0.437673	0.000000
0.175834	3.650347	94250.154025	229363.857074	-2.618253	55307.395468	-0.000053	0.000548	1.216755	5.185443	-0.437666	0.000000
0.181313	3.650406	94248.152502	229362.655784	-2.038729	40583.113506	-0.000020	0.000548	1.216755	5.185433	-0.437659	0.000000
0.186793	3.650447	94246.935059	229362.306513	-1.264044	25382.891702	0.000004	0.000548	1.216755	5.185428	-0.437654	0.000000
0.192272	3.650468	94246.466180	229362.506076	-0.466944	12173.541417	0.000020	0.000548	1.216755	5.185426	-0.437652	0.000000
0.197751	3.650472	94246.574113	229362.986058	0.227798	2250.281676	0.000028	0.000548	1.216755	5.185426	-0.437651	0.000000
0.203231	3.650463	94247.036939	229363.541031	0.750214	-4070.859574	0.000030	0.000548	1.216755	5.185428	-0.437652	0.000000
0.208710	3.650447	94247.642742	229364.036787	1.080485	-7164.764679	0.000028	0.000548	1.216755	5.185431	-0.437654	0.000000
0.214189	3.650431	94248.223994	229364.404218	1.236836	-7791.525041	0.000024	0.000548	1.216755	5.185434	-0.437656	0.000000
0.219669	3.650417	94248.670452	229364.624932	1.260366	-6830.996248	0.000021	0.000548	1.216755	5.185436	-0.437658	0.000000
0.225148	3.650408	94248.926831	229364.713978	1.200498	-5090.089527	0.000017	0.000548	1.216755	5.185437	-0.437659	0.000000
0.230628	3.650406	94248.981700	229364.703668	1.103570	-3191.778330	0.000015	0.000548	1.216755	5.185437	-0.437659	0.000000
0.236107	3.650410	94248.853079	229364.630835	1.005730	-1537.018752	0.000013	0.000548	1.216755	5.185437	-0.437659	0.000000
0.241586	3.650419	94248.574643	229364.528423	0.930078	-320.412641	0.000013	0.000548	1.216755	5.185435	-0.437657	0.000000
0.247066	3.650432	94248.184757	229364.421205	0.887196	422.838947	0.000013	0.000548	1.216755	5.185434	-0.437656	0.000000
0.252545	3.650449	94247.719164	229364.324731	0.877834	759.010578	0.000013	0.000548	1.216755	5.185432	-0.437654	0.000000
0.258025	3.650468	94247.207135	229364.246417	0.896465	801.954260	0.000014	0.000548	1.216755	5.185429	-0.437652	0.000000
0.263504	3.650487	94246.670321	229364.187669	0.934742	671.884496	0.000015	0.000548	1.216755	5.185427	-0.437649	0.000000
0.268983	3.650508	94246.123364	229364.146222	0.984186	469.765714	0.000016	0.000548	1.216755	5.185424	-0.437647	0.000000
0.274462	3.650529	94245.575388	229364.118161	1.037887	266.038231	0.000016	0.000548	1.216755	5.185422	-0.437644	0.000000
0.279942	3.650549	94245.031703	229364.099366	1.091220	100.072521	0.000017	0.000548	1.216755	5.185419	-0.437642	0.000000
0.285421	3.650570	94244.495312	229364.086345	1.141837	-13.967668	0.000017	0.000548	1.216755	5.185417	-0.437640	0.000000
0.290900	3.650590	94243.968015	229364.076574	1.189196	-78.718365	0.000017	0.000548	1.216755	5.185414	-0.437637	0.000000
0.296379	3.650610	94243.451115	229364.068481	1.233924	-105.462412	0.000018	0.000548	1.216755	5.185412	-0.437635	0.000000
0.301858	3.650630	94242.945759	229364.061253	1.277210	-107.805636	0.000018	0.000548	1.216755	5.185410	-0.437632	0.000000
0.307337	3.650649	94242.453059	229364.054575	1.320323	-97.707117	0.000018	0.000548	1.216755	5.185407	-0.437630	0.000000
0.312816	3.650667	94241.974074	229364.048397	1.364328	-83.668581	0.000018	0.000548	1.216755	5.185405	-0.437628	0.000000
0.318295	3.650685	94241.509748	229364.042764	1.409975	-70.504342	0.000018	0.000548	1.216755	5.185403	-0.437626	0.000000
0.323774	3.650702	94241.060852	229364.037713	1.457687	-60.032147	0.000018	0.000548	1.216755	5.185401	-0.437624	0.000000
0.329253	3.650719	94240.627952	229364.033233	1.507645	-52.111929	0.000018	0.000548	1.216755	5.185399	-0.437622	0.000000
0.334732	3.650735	94240.211410	229364.029257	1.559868	-45.642880	0.000019	0.000548	1.216755	5.185397	-0.437620	0.000000
0.340211	3.650750	94239.811405	229364.025688	1.614295	-39.315392	0.000019	0.000548	1.216755	5.185395	-0.437618	0.000000
0.345690	3.650765	94239.427972	229364.022417	1.670861	-32.060049	0.000019	0.000548	1.216755	5.185393	-0.437616	0.000000
0.351169	3.650779	94239.061037	229364.019346	1.729519	-23.234348	0.000019	0.000548	1.216755	5.185392	-0.437615	0.000000
0.356648	3.650793	94238.710449	229364.016400	1.790255	-12.627108	0.000019	0.000548	1.216755	5.185390	-0.437613	0.000000
0.362126	3.650806	94238.376000	229364.013528	1.853078	-0.364971	0.000019	0.000548	1.216755	5.185388	-0.437611	0.000000
0.367605	3.650818	94238.057438	229364.010706	1.918016	13.215743	0.000019	0.000548	1.216755	5.185387	-0.437610	0.000000
0.373084	3.650830	94237.754470	229364.007927	1.985104	27.688711	0.000019	0.000548	1.216755	5.185386	-0.437609	0.000000
0.378563	3.650841	94237.466757	229364.005193	2.054362	42.630323	0.000019	0.000548	1.216755	5.185384	-0.437607	0.000000
0.384042	3.650852	94237.193910	229364.002505	2.125801	57.685856	0.000019	0.000548	1.216755	5.185383	-0.437606	0.000000
0.389520	3.650862	94236.935486	229363.999859	2.199409	72.608270	0.000019	0.000548	1.216755	5.185382	-0.437605	0.000000
0.394999	3.650871	94236.690985	229363.997239	2.275154	87.278127	0.000019	0.000548	1.216755	5.185381	-0.437604	0.000000
0.400478	3.650880	94236.459850	229363.994616	2.352985	101.709920	0.000018	0.000548	1.216755	5.185380	-0.437603	0.000000
0.405956	3.650888	94236.241478	229363.991946	2.432809	116.038652	0.000018	0.000548	1.216755	5.185379	-0.437602	0.000000
0.411435	3.650896	94236.035230	229363.989175	2.514512	130.493744	0.000018	0.000548	1.216755	5.185378	-0.437601	0.000000
0.416914	3.650904	94235.840448	229363.986244	2.597951	145.360467	0.000018	0.000548	1.216755	5.185377	-0.437600	0.000000
0.422392	3.650911	94235.656468	229363.983093	2.682940	160.931497	0.000018	0.000548	1.216755	5.185376	-0.437599	0.000000
0.427871	3.650917	94235.482647	229363.979670	2.769257	177.456794	0.000018	0.000548	1.216755	5.185375	-0.437598	0.000000
0.433350	3.650924	94235.318371	229363.975935	2.856652	195.102078	0.000017	0.000548	1.216755	5.185374	-0.437597	0.000000
0.438828	3.650930	94235.163069	229363.971862	2.944835	213.922958	0.000017	0.000548	1.216755	5.185374	-0.437597	0.000000
0.444307	3.650935	94235.016224	229363.967442	3.033495	233.858983	0.000017	0.000548	1.216755	5.185373	-0.437596	0.000000
0.449786	3.650941	94234.877368	229363.962683	3.122313	254.752643	0.000017	0.000548	1.216755	5.185372	-0.437595	0.000000
0.455264	3.650946	94234.746083	229363.957605	3.210965	276.381946	0.000016	0.000548	1.216755	5.185372	-0.437595	0.000000
0.460743	3.650950	94234.621992	229363.952234	3.299158	298.502699	0.000016	0.000548	1.216755	5.185371	-0.437594	0.000000
0.466221	3.650955	94234.504750	229363.946602	3.386646	320.888756	0.000016	0.000548	1.216755	5.185371	-0.437594	0.000000
0.471700	3.650959	94234.394035	229363.940735	3.473269	343.360315	0.000015	0.000548	1.216755	5.185370	-0.437593	0.000000
0.477179	3.650963	94234.289536	229363.934658	3.558986	365.795678	0.000015	0.000548	1.216755	5.185370	-0.437593	0.000000
0.482657	3.650967	94234.190950	229363.928387	3.643922	388.124331	0.000014	0.000548	1.216755	5.185369	-0.437592	0.000000
0.488136	3.650970	94234.097977	229363.921928	3.728395	410.306615	0.000014	0.000548	1.216755	5.185369	-0.437592	0.000000
0.493614	3.650973	94234.010317	229363.915283	3.812955	432.306269	0.000013	0.000548	1.216755	5.185368	-0.437592	0.000000
0.499093	3.650977	94233.927671	229363.908447	3.898378	454.063270	0.000013	0.000548	1.216755	5.185368	-0.437591	0.000000
0.504571	3.650979	94233.849747	229363.901411	3.985660	475.476277	0.000012	0.000548	1.216755	5.185368	-0.437591	0.000000
0.510050	3.650982	94233.776259	229363.894162	4.075964	496.397770	0.000012	0.000548	1.216755	5.185367	-0.437590	0.000000
0.515528	3.650985	94233.706930	229363.886689	4.170540	516.643682	0.000011	0.000548	1.216755	5.185367	-0.437590	0.000000
0.521007	3.650987	94233.641497	229363.878977	4.270609	536.017265	0.000011	0.000548	1.216755	5.185367	-0.437590	0.000000
0.526486	3.650989	94233.579710	229363.871013	4.377238	554.337680	0.000010	0.000548	1.216755	5.185366	-0.437590	0.000000
0.531964	3.650992	94233.521335	229363.862784	4.491217	571.472190	0.000009	0.000548	1.216755	5.185366	-0.437589	0.000000
0.537443	3.650994	94233.466153	229363.854276	4.612932	587.364801	0.000009	0.000548	1.216755	5.185366	-0.437589	0.000000
0.542921	3.650995	94233.413958	229363.845475	4.742300	602.053586	0.000008	0.000548	1.216755	5.185366	-0.437589	0.000000
0.548400	3.650997	94233.364563	229363.836371	4.878745	615.675922	0.000007	0.000548	1.216755	5.185365	-0.437589	0.000000
0.553878	3.650999	94233.317789	229363.826950	5.021224	628.461007	0.000007	0.000548	1.216755	5.185365	-0.437588	0.000000
0.559357	3.651000	94233.273473	229363.817205	5.168327	640.710027	0.000006	0.000548	1.216755	5.185365	-0.437588	0.000000
0.564835	3.651002	94233.231465	229363.807127	5.318401	652.769579	0.000005	0.000548	1.216755	5.185365	-0.437588	0.000000
0.570314	3.651003	94233.191622	229363.796714	5.469685	664.994432	0.000004	0.000548	1.216755	5.185365	-0.437588	0.000000
0.575792	3.651005	94233.153815	229363.785963	5.620534	677.720850	0.000004	0.000548	1.216755	5.185364	-0.437588	0.000000
0.581271	3.651006	94233.117923	229363.774878	5.769529	691.246257	0.000003	0.000548	1.216755	5.185364	-0.437588	0.000000
0.586749	3.651007	94233.083834	229363.763463	5.915413	705.786157	0.000002	0.000548	1.216755	5.185364	-0.437588	0.000000
0.592228	3.651008	94233.051445	229363.751726	6.057495	721.487508	0.000001	0.000548	1.216755	5.185364	-0.437587	0.000000
0.597706	3.651009	94233.020658	229363.739675	6.195571	738.455281	0.000000	0.000548	1.216755	5.185364	-0.437587	0.000000
0.603185	3.651010	94232.991384	229363.727321	6.329051	756.653800	-0.000001	0.000548	1.216755	5.185364	-0.437587	0.000000
0.608663	3.651011	94232.963540	229363.714673	6.458521	776.011830	-0.000001	0.000548	1.216755	5.185364	-0.437587	0.000000
0.614142	3.651012	94232.937047	229363.701740	6.585385	796.582165	-0.000002	0.000548	1.216755	5.185363	-0.437587	0.000000
0.619620	3.651012	94232.911831	229363.688530	6.707727	818.063378	-0.000003	0.000548	1.216755	5.185363	-0.437587	0.000000
0.625099	3.651013	94232.887824	229363.675057	6.827605	840.208886	-0.000004	0.000548	1.216755	5.185363	-0.437587	0.000000
0.630577	3.651014	94232.864960	229363.661316	6.950365	863.574612	-0.000005	0.000548	1.216755	5.185363	-0.437587	0.000000
0.636056	3.651014	94232.843178	229363.647317	7.065085	887.237550	-0.000006	0.000548	1.216755	5.185363	-0.437587	0.000000
0.641534	3.651015	94232.822423	229363.633080	7.177884	910.455934	-0.000007	0.000548	1.216755	5.185363	-0.437587	0.000000
0.647013	3.651016	94232.802639	229363.618570	7.312340	936.380202	-0.000008	0.000548	1.216755	5.185363	-0.437587	0.000000
0.652491	3.651016	94232.783768	229363.603803	7.415845	961.433499	-0.000009	0.000548	1.216755	5.185363	-0.437586	0.000000
0.657970	3.651017	94232.765776	229363.588856	7.510226	982.182421	-0.000010	0.000548	1.216755	5.185363	-0.437586	0.000000
0.663448	3.651017	94232.748611	229363.573559	7.708783	1013.813081	-0.000011	0.000548	1.216755	5.185363	-0.437586	0.000000
0.668927	3.651017	94232.732199	229363.557963	7.769126	1041.060643	-0.000013	0.000548	1.216755	5.185362	-0.437586	0.000000
0.674405	3.651018	94232.716566	229363.542435	7.770718	1046.279426	-0.000014	0.000548	1.216755	5.185362	-0.437586	0.000000
0.679884	3.651018	94232.701646	229363.526196	8.264098	1100.838574	-0.000015	0.000548	1.216755	5.185362	-0.437586	0.000000
0.685362	3.651018	94232.687256	229363.509400	8.142068	1139.016516	-0.000016	0.000548	1.216755	5.185362	-0.437586	0.000000
0.690841	3.651019	94232.673671	229363.493830	7.675849	1070.036638	-0.000017	0.000548	1.216755	5.185362	-0.437586	0.000000
0.696319	3.651019	94232.660763	229363.475912	9.533356	1227.369789	-0.000019	0.000548	1.216755	5.185362	-0.437586	0.000000
0.701798	3.651019	94232.647792	229363.456022	8.675540	1329.461850	-0.000021	0.000548	1.216755	5.185362	-0.437586	0.000000
0.707276	3.651019	94232.636127	229363.442701	5.906325	913.258751	-0.000021	0.000548	1.216755	5.185362	-0.437586	0.000000
0.712755	3.651019	94232.625402	229363.419564	14.106433	1531.580339	-0.000023	0.000548	1.216755	5.185362	-0.437586	0.000000
0.718233	3.651019	94232.612087	229363.386543	10.421564	1990.448814	-0.000027	0.000548	1.216755	5.185362	-0.437586	0.000000
0.723712	3.651020	94232.602407	229363.384105	-3.535103	-45.532102	-0.000025	0.000548	1.216755	5.185362	-0.437586	0.000000
0.729190	3.651019	94232.595174	229363.336821	34.215141	2643.811167	-0.000027	0.000548	1.216755	5.185362	-0.437586	0.000000
0.734669	3.651018	94232.573279	229363.235223	20.408944	5072.025778	-0.000042	0.000548	1.216755	5.185362	-0.437586	0.000000
0.740147	3.651019	94232.564800	229363.269504	-47.277929	-4419.904082	-0.000031	0.000548	1.216755	5.185362	-0.437586	0.000000
0.745626	3.651017	94232.566841	229363.091960	128.480037	7679.565988	-0.000034	0.000548	1.216755	5.185362	-0.437586	0.000000
0.751104	3.651012	94232.497117	229362.613485	83.060419	20908.376700	-0.000106	0.000548	1.216755	5.185361	-0.437587	0.000000
0.756583	3.651013	94232.481886	229362.720380	-239.496226	-22481.831651	-0.000055	0.000548	1.216755	5.185361	-0.437587	0.000000
0.762061	3.651001	94232.519014	229361.803174	583.373639	32747.304323	-0.000071	0.000548	1.216755	5.185361	-0.437589	0.000000
0.767540	3.650971	94232.211309	229359.216478	471.147015	104605.600238	-0.000425	0.000548	1.216755	5.185360	-0.437592	0.000000
0.773018	3.650969	94232.118601	229359.036882	-1042.324187	-90751.306668	-0.000244	0.000548	1.216755	5.185360	-0.437592	0.000000
0.778497	3.650896	94232.274395	229353.753598	2834.041878	164800.705975	-0.000357	0.000548	1.216755	5.185360	-0.437602	0.000000
0.783976	3.650724	94230.754293	229339.147580	2836.651983	554064.400826	-0.002169	0.000548	1.216755	5.185352	-0.437623	0.000000
0.789455	3.650654	94230.006219	229333.644877	-4133.656529	-307836.501337	-0.001678	0.000548	1.216755	5.185350	-0.437631	0.000000
0.794934	3.650221	94230.355249	229301.796052	14282.870489	897750.906387	-0.002548	0.000548	1.216755	5.185350	-0.437691	0.000000
0.800414	3.649210	94222.452521	229217.405794	17137.350229	3012865.681191	-0.012023	0.000548	1.216755	5.185310	-0.437811	0.000000
0.805896	3.648510	94216.807635	229161.766512	-14177.360170	-674220.730083	-0.011933	0.000548	1.216755	5.185290	-0.437896	0.000000
0.811378	3.645882	94215.542959	228965.312777	74312.684445	5159914.113544	-0.018508	0.000549	1.216755	5.185275	-0.438254	0.000000
0.816868	3.639872	94172.895086	228469.483434	103736.722610	16841822.887169	-0.069163	0.000549	1.216755	5.185060	-0.438980	0.000000
0.822369	3.634274	94132.304105	228021.312140	-32405.439274	2033435.095954	-0.082463	0.000550	1.216755	5.184896	-0.439669	0.000000
0.827872	3.618339	94105.530594	226809.824928	396172.185904	31419864.915845	-0.130030	0.000553	1.216755	5.184727	-0.441813	0.000000
0.833419	3.582844	93861.468288	223887.616766	638652.280975	100773481.430606	-0.407481	0.000558	1.216755	5.183490	-0.446209	0.000000
0.839039	3.544373	93553.439710	220730.051503	59209.629986	54294751.489775	-0.559176	0.000564	1.216755	5.182135	-0.451022	0.000000
0.844694	3.458250	93234.623967	213929.732091	2046129.445509	221414357.513584	-0.862690	0.000578	1.216755	5.180389	-0.462866	0.000000
0.850586	3.275288	91572.873015	198256.632070	4122626.945420	746435089.169784	-2.402782	0.000611	1.216755	5.171729	-0.487249	0.000000
0.856942	3.100116	88733.792902	182015.600279	673389.493297	733242252.958993	-3.671905	0.000645	1.216755	5.158035	-0.510674	0.000000
0.863497	2.880244	85689.618299	161664.834270	5748084.869192	1369558220.127546	-4.345093	0.000694	1.216755	5.141735	-0.545868	0.000000
0.870822	2.348759	75731.238578	112807.466511	27084478.924303	5064843102.409132	-10.998004	0.000852	1.216755	5.080502	-0.640912	0.000000
0.881277	1.696026	50505.910378	52203.622673	37193717.443791	8385492072.794990	-26.724480	0.001179	1.216755	4.889410	-0.784458	0.000000
0.896280	1.261822	23863.049652	18113.436411	23020513.543399	5538435747.036289	-41.186831	0.001585	1.216755	4.553392	-0.908139	0.000000
0.914451	1.076655	10372.959662	6928.332881	8773992.158017	1886515195.189858	-48.513976	0.001858	1.216755	4.199499	-0.971619	0.000000
0.933972	1.018381	6739.977621	4489.496269	2203685.447732	329151892.890143	-50.901552	0.001964	1.216755	4.032588	-0.993138	0.000000
0.953877	1.003756	6193.653142	4133.393239	416628.796816	39745740.344300	-51.439863	0.001993	1.216755	4.002164	-0.998606	0.000000
0.973861	1.000728	6127.651252	4086.521885	66985.586631	5086200.349872	-51.536317	0.001999	1.216755	3.998333	-0.999727	0.000000
0.993859	1.000197	6118.908718	4079.846871	9067.742732	722383.095580	-51.551032	0.002000	1.216755	3.997817	-0.999922	0.000000
1.013859	1.000116	6117.650668	4078.874371	1056.202728	104797.681446	-51.552935	0.002000	1.216755	3.997743	-0.999951	0.000000
1.033859	1.000105	6117.470052	4078.739028	106.592862	14534.530297	-51.553148	0.002000	1.216755	3.997732	-0.999955	0.000000
1.053859	1.000104	6117.445514	4078.721552	9.195851	1874.294946	-51.553168	0.002000	1.216755	3.997731	-0.999955	0.000000
1.073859	1.000104	6117.442422	4078.719474	0.676441	223.104027	-51.553170	0.002000	1.216755	3.997731	-0.999955	0.000000
1.093859	1.000104	6117.442063	4078.719246	0.047411	24.578093	-51.553170	0.002000	1.216755	3.997731	-0.999955	0.000000
1.113859	1.000104	6117.442024	4078.719222	0.004978	2.539770	-51.553170	0.002000	1.216755	3.997731	-0.999955	0.000000
1.133859	1.000104	6117.442020	4078.719220	0.000930	0.254526	-51.553170	0.002000	1.216755	3.997731	-0.999955	0.000000
1.153859	1.000104	6117.442019	4078.719220	0.000187	0.026343	-51.553170	0.002000	1.216755	3.997731	-0.999955	0.000000
1.173859	1.000104	6117.442019	4078.719220	0.000033	0.003035	-51.553170	0.002000	1.216755	3.997731	-0.999955	0.000000
1.193859	1.000104	6117.442019	4078.719219	0.000005	0.000399	-51.553170	0.002000	1.216755	3.997731	-0.999955	0.000000
1.213859	1.000104	6117.442019	4078.719219	0.000001	0.000056	-51.553170	0.002000	1.216755	3.997731	-0.999955	0.000000
1.233859	1.000104	6117.442019	4078.719219	0.000000	0.000007	-51.553170	0.002000	1.216755	3.997731	-0.999955	0.000000
1.253859	1.000104	6117.442019	4078.719219	0.000000	0.000000	-51.553170	0.002000	1.216755	3.997731	-0.999955	0.000000
1.273859	1.000104	6117.442019	4078.719219	0.000000	0.000000	-51.553170	0.002000	1.216755	3.997731	-0.999955	0.000000
1.293859	1.000104	6117.442019	4078.719219	-0.000000	0.000001	-51.553170	0.002000	1.216755	3.997731	-0.999955	0.000000
1.313859	1.000104	6117.442019	4078.719219	-0.000000	-0.000001	-51.553170	0.002000	1.216755	3.997731	-0.999955	0.000000
1.333859	1.000104	6117.442019	4078.719219	0.000000	-0.000001	-51.553170	0.002000	1.216755	3.997731	-0.999955	0.000000
1.353859	1.000104	6117.442019	4078.719219	0.000000	0.000001	-51.553170	0.002000	1.216755	3.997731	-0.999955	0.000000
1.373859	1.000104	6117.442019	4078.719219	0.000000	-0.000001	-51.553170	0.002000	1.216755	3.997731	-0.999955	0.000000
1.393859	1.000104	6117.442019	4078.719219	0.000000	0.000001	-51.553170	0.002000	1.216755	3.997731	-0.999955	0.000000
1.413859	1.000104	6117.442019	4078.719219	-0.000000	0.000001	-51.553170	0.002000	1.216755	3.997731	-0.999955	0.000000
1.433859	1.000104	6117.442019	4078.719219	-0.000000	-0.000001	-51.553170	0.002000	1.216755	3.997731	-0.999955	0.000000
1.453859	1.000104	6117.442019	4078.719219	0.000000	-0.000001	-51.553170	0.002000	1.216755	3.997731	-0.999955	0.000000
1.473859	1.000104	6117.442019	4078.719219	0.000000	0.000000	-51.553170	0.002000	1.216755	3.997731	-0.999955	0.000000
1.493859	1.000104	6117.442019	4078.719219	-0.000000	0.000001	-51.553170	0.002000	1.216755	3.997731	-0.999955	0.000000
1.513859	1.000104	6117.442019	4078.719219	-0.000000	-0.000001	-51.553170	0.002000	1.216755	3.997731	-0.999955	0.000000
1.533859	1.000104	6117.442019	4078.719219	0.000000	-0.000001	-51.553170	0.002000	1.216755	3.997731	-0.999955	0.000000
1.553859	1.000104	6117.442019	4078.719219	0.000000	0.000001	-51.553170	0.002000	1.216755	3.997731	-0.999955	0.000000
1.573859	1.000104	6117.442019	4078.719219	-0.000000	0.000000	-51.553170	0.002000	1.216755	3.997731	-0.999955	0.000000
1.593859	1.000104	6117.442019	4078.719219	0.000000	-0.000001	-51.553170	0.002000	1.216755	3.997731	-0.999955	0.000000
1.613859	1.000104	6117.442019	4078.719219	0.000000	0.000001	-51.553170	0.002000	1.216755	3.997731	-0.999955	0.000000
1.633859	1.000104	6117.442019	4078.719219	-0.000000	-0.000001	-51.553170	0.002000	1.216755	3.997731	-0.999955	0.000000
1.653859	1.000104	6117.442019	4078.719219	-0.000000	-0.000000	-51.553170	0.002000	1.216755	3.997731	-0.999955	0.000000
1.673859	1.000104	6117.442019	4078.719219	0.000000	-0.000001	-51.553170	0.002000	1.216755	3.997731	-0.999955	0.000000
1.693859	1.000104	6117.442019	4078.719219	0.000000	0.000001	-51.553170	0.002000	1.216755	3.997731	-0.999955	0.000000
1.713859	1.000104	6117.442019	4078.719219	-0.000000	0.000001	-51.553170	0.002000	1.216755	3.997731	-0.999955	0.000000
1.733859	1.000104	6117.442019	4078.719219	-0.000000	0.000000	-51.553170	0.002000	1.216755	3.997731	-0.999955	0.000000
1.753859	1.000104	6117.442019	4078.719219	-0.000000	0.000000	-51.553170	0.002000	1.216755	3.997731	-0.999955	0.000000
1.773859	1.000104	6117.442019	4078.719219	0.000000	-0.000001	-51.553170	0.002000	1.216755	3.997731	-0.999955	0.000000
1.793859	1.000104	6117.442019	4078.719219	-0.000000	0.000001	-51.553170	0.002000	1.216755	3.997731	-0.999955	0.000000
1.813859	1.000104	6117.442019	4078.719219	-0.000000	-0.000001	-51.553170	0.002000	1.216755	3.997731	-0.999955	0.000000
1.833859	1.000104	6117.442019	4078.719219	0.000000	-0.000001	-51.553170	0.002000	1.216755	3.997731	-0.999955	0.000000
1.853859	1.000104	6117.442019	4078.719219	0.000000	-0.000000	-51.553170	0.002000	1.216755	3.997731	-0.999955	0.000000
1.873859	1.000104	6117.442019	4078.719219	0.000000	0.000000	-51.553170	0.002000	1.216755	3.997731	-0.999955	0.000000
1.893859	1.000104	6117.442019	4078.719219	0.000000	0.000001	-51.553170	0.002000	1.216755	3.997731	-0.999955	0.000000
1.913859	1.000104	6117.442019	4078.719219	-0.000000	0.000001	-51.553170	0.002000	1.216755	3.997731	-0.999955	0.000000
1.933859	1.000104	6117.442019	4078.719219	-0.000000	0.000000	-51.553170	0.002000	1.216755	3.997731	-0.999955	0.000000
1.953859	1.000104	6117.442019	4078.719219	-0.000000	-0.000000	-51.553170	0.002000	1.216755	3.997731	-0.999955	0.000000
1.973859	1.000104	6117.442019	4078.719219	-0.000000	-0.000001	-51.553170	0.002000	1.216755	3.997731	-0.999955	0.000000
1.993859	1.000104	6117.442019	4078.719219	0.000000	-0.000001	-51.553170	0.002000	1.216755	3.997731	-0.999955	0.000000
2.013859	1.000104	6117.442019	4078.719219	0.000000	0.000001	-51.553170	0.002000	1.216755	3.997731	-0.999955	0.000000
2.033859	1.000104	6117.442019	4078.719219	-0.000000	0.000001	-51.553170	0.002000	1.216755	3.997731	-0.999955	0.000000
2.053859	1.000104	6117.442019	4078.719219	-0.000000	-0.000000	-51.553170	0.002000	1.216755	3.997731	-0.999955	0.000000
2.073859	1.000104	6117.442019	4078.719219	-0.000000	0.000000	-51.553170	0.002000	1.216755	3.997731	-0.999955	0.000000
2.093859	1.000104	6117.442019	4078.719219	-0.000000	-0.000001	-51.553170	0.002000	1.216755	3.997731	-0.999955	0.000000
2.113859	1.000104	6117.442019	4078.719219	0.000000	-0.000001	-51.553170	0.002000	1.216755	3.997731	-0.999955	0.000000
2.133859	1.000104	6117.442019	4078.719219	0.000000	0.000000	-51.553170	0.002000	1.216755	3.997731	-0.999955	0.000000
2.153859	1.000104	6117.442019	4078.719219	-0.000000	0.000001	-51.553170	0.002000	1.216755	3.997731	-0.999955	0.000000
2.173859	1.000104	6117.442019	4078.719219	0.000000	-0.000001	-51.553170	0.002000	1.216755	3.997731	-0.999955	0.000000
2.193859	1.000104	6117.442019	4078.719219	0.000000	0.000001	-51.553170	0.002000	1.216755	3.997731	-0.999955	0.000000
2.213859	1.000104	6117.442019	4078.719219	-0.000000	0.000001	-51.553170	0.002000	1.216755	3.997731	-0.999955	0.000000
2.233859	1.000104	6117.442019	4078.719219	0.000000	-0.000001	-51.553170	0.002000	1.216755	3.997731	-0.999955	0.000000
2.253859	1.000104	6117.442019	4078.719219	0.000000	0.000001	-51.553170	0.002000	1.216755	3.997731	-0.999955	0.000000
2.273859	1.000104	6117.442019	4078.719219	0.000000	-0.000000	-51.553170	0.002000	1.216755	3.997731	-0.999955	0.000000
2.293859	1.000104	6117.442019	4078.719219	0.000000	0.000001	-51.553170	0.002000	1.216755	3.997731	-0.999955	0.000000
2.313859	1.000104	6117.442019	4078.719219	-0.000000	0.000001	-51.553170	0.002000	1.216755	3.997731	-0.999955	0.000000
2.333859	1.000104	6117.442019	4078.719219	-0.000000	-0.000001	-51.553170	0.002000	1.216755	3.997731	-0.999955	0.000000
2.353859	1.000104	6117.442019	4078.719219	0.000000	-0.000001	-51.553170	0.002000	1.216755	3.997731	-0.999955	0.000000
2.373859	1.000104	6117.442019	4078.719219	0.000000	-0.000000	-51.553170	0.002000	1.216755	3.997731	-0.999955	0.000000
2.393859	1.000104	6117.442019	4078.719219	0.000000	-0.000000	-51.553170	0.002000	1.216755	3.997731	-0.999955	0.000000
2.413859	1.000104	6117.442019	4078.719219	0.000000	-0.000001	-51.553170	0.002000	1.216755	3.997731	-0.999955	0.000000
2.433859	1.000104	6117.442019	4078.719219	0.000000	-0.000001	-51.553170	0.002000	1.216755	3.997731	-0.999955	0.000000
2.453859	1.000104	6117.442019	4078.719219	0.000000	0.000004	-51.553170	0.002000	1.216755	3.997731	-0.999955	0.000000
2.473859	1.000104	6117.442019	4078.719219	-0.000000	0.000003	-51.553170	0.002000	1.216755	3.997731	-0.999955	0.000000
2.493859	1.000104	6117.442019	4078.719219	-0.000000	-0.000003	-51.553170	0.002000	1.216755	3.997731	-0.999955	0.000000
2.513859	1.000104	6117.442019	4078.719219	0.000000	-0.000002	-51.553170	0.002000	1.216755	3.997731	-0.999955	0.000000
2.533859	1.000104	6117.442019	4078.719219	0.000000	-0.000000	-51.553170	0.002000	1.216755	3.997731	-0.999955	0.000000
2.553859	1.000104	6117.442019	4078.719219	-0.000000	0.000000	-51.553170	0.002000	1.216755	3.997731	-0.999955	0.000000
2.573859	1.000104	6117.442019	4078.719219	-0.000000	0.000000	-51.553170	0.002000	1.216755	3.997731	-0.999955	0.000000
2.593859	1.000104	6117.442019	4078.719219	-0.000000	0.000000	-51.553170	0.002000	1.216755	3.997731	-0.999955	0.000000
2.613859	1.000104	6117.442019	4078.719219	-0.000000	0.000000	-51.553170	0.002000	1.216755	3.997731	-0.999955	0.000000
2.633859	1.000104	6117.442019	4078.719219	-0.000000	-0.000000	-51.553170	0.002000	1.216755	3.997731	-0.999955	0.000000
2.653859	1.000104	6117.442019	4078.719219	-0.000000	-0.000000	-51.553170	0.002000	1.216755	3.997731	-0.999955	0.000000
2.673859	1.000104	6117.442019	4078.719219	-0.000000	-0.000000	-51.553170	0.002000	1.216755	3.997731	-0.999955	0.000000
2.693859	1.000104	6117.442019	4078.719219	0.000000	-0.000001	-51.553170	0.002000	1.216755	3.997731	-0.999955	0.000000
2.713859	1.000104	6117.442019	4078.719219	0.000000	0.000001	-51.553170	0.002000	1.216755	3.997731	-0.999955	0.000000
2.733859	1.000104	6117.442019	4078.719219	-0.000000	0.000001	-51.553170	0.002000	1.216755	3.997731	-0.999955	0.000000
2.753859	1.000104	6117.442019	4078.719219	-0.000000	0.000000	-51.553170	0.002000	1.216755	3.997731	-0.999955	0.000000
2.773859	1.000104	6117.442019	4078.719219	-0.000000	-0.000001	-51.553170	0.002000	1.216755	3.997731	-0.999955	0.000000
2.793859	1.000104	6117.442019	4078.719219	0.000000	-0.000001	-51.553170	0.002000	1.216755	3.997731	-0.999955	0.000000
2.813859	1.000104	6117.442019	4078.719219	0.000000	0.000001	-51.553170	0.002000	1.216755	3.997731	-0.999955	0.000000
2.833859	1.000104	6117.442019	4078.719219	0.000000	0.000001	-51.553170	0.002000	1.216755	3.997731	-0.999955	0.000000
2.853859	1.000104	6117.442019	4078.719219	-0.000000	0.000000	-51.553170	0.002000	1.216755	3.997731	-0.999955	0.000000
2.873859	1.000104	6117.442019	4078.719219	-0.000000	0.000000	-51.553170	0.002000	1.216755	3.997731	-0.999955	0.000000
2.893859	1.000104	6117.442019	4078.719219	-0.000000	-0.000001	-51.553170	0.002000	1.216755	3.997731	-0.999955	0.000000
2.913859	1.000104	6117.442019	4078.719219	0.000000	-0.000001	-51.553170	0.002000	1.216755	3.997731	-0.999955	0.000000
2.933859	1.000104	6117.442019	4078.719219	0.000000	0.000001	-51.553170	0.002000	1.216755	3.997731	-0.999955	0.000000
2.953859	1.000104	6117.442019	4078.719219	0.000000	0.000001	-51.553170	0.002000	1.216755	3.997731	-0.999955	0.000000
2.973859	1.000104	6117.442019	4078.719219	-0.000000	0.000001	-51.553170	0.002000	1.216755	3.997731	-0.999955	0.000000
2.993859	1.000104	6117.442019	4078.719219	-0.000000	-0.000001	-51.553170	0.002000	1.216755	3.997731	-0.999955	0.000000
3.013859	1.000104	6117.442019	4078.719219	0.000000	-0.000001	-51.553170	0.002000	1.216755	3.997731	-0.999955	0.000000
3.033859	1.000104	6117.442019	4078.719219	0.000000	0.000000	-51.553170	0.002000	1.216755	3.997731	-0.999955	0.000000
3.053859	1.000104	6117.442019	4078.719219	0.000000	0.000001	-51.553170	0.002000	1.216755	3.997731	-0.999955	0.000000
3.073859	1.000104	6117.442019	4078.719219	-0.000000	0.000001	-51.553170	0.002000	1.216755	3.997731	-0.999955	0.000000
3.093859	1.000104	6117.442019	4078.719219	-0.000000	-0.000001	-51.553170	0.002000	1.216755	3.997731	-0.999955	0.000000
3.113859	1.000104	6117.442019	4078.719219	0.000000	-0.000001	-51.553170	0.002000	1.216755	3.997731	-0.999955	0.000000
3.133859	1.000104	6117.442019	4078.719219	0.000000	0.000001	-51.553170	0.002000	1.216755	3.997731	-0.999955	0.000000
3.153859	1.000104	6117.442019	4078.719219	-0.000000	0.000000	-51.553170	0.002000	1.216755	3.997731	-0.999955	0.000000
3.173859	1.000104	6117.442019	4078.719219	0.000000	-0.000001	-51.553170	0.002000	1.216755	3.997731	-0.999955	0.000000
3.193859	1.000104	6117.442019	4078.719219	0.000000	0.000001	-51.553170	0.002000	1.216755	3.997731	-0.999955	0.000000
3.213859	1.000104	6117.442019	4078.719219	-0.000000	0.000001	-51.553170	0.002000	1.216755	3.997731	-0.999955	0.000000
3.233859	1.000104	6117.442019	4078.719219	0.000000	-0.000001	-51.553170	0.002000	1.216755	3.997731	-0.999955	0.000000
3.253859	1.000104	6117.442019	4078.719219	0.000000	0.000001	-51.553170	0.002000	1.216755	3.997731	-0.999955	0.000000
3.273859	1.000104	6117.442019	4078.719219	-0.000000	0.000001	-51.553170	0.002000	1.216755	3.997731	-0.999955	0.000000
3.293859	1.000104	6117.442019	4078.719219	-0.000000	-0.000001	-51.553170	0.002000	1.216755	3.997731	-0.999955	0.000000
3.313859	1.000104	6117.442019	4078.719219	0.000000	-0.000001	-51.553170	0.002000	1.216755	3.997731	-0.999955	0.000000
3.333859	1.000104	6117.442019	4078.719219	0.000000	0.000001	-51.553170	0.002000	1.216755	3.997731	-0.999955	0.000000
3.353859	1.000104	6117.442019	4078.719219	-0.000000	0.000001	-51.553170	0.002000	1.216755	3.997731	-0.999955	0.000000
3.373859	1.000104	6117.442019	4078.719219	-0.000000	0.000000	-51.553170	0.002000	1.216755	3.997731	-0.999955	0.000000
3.393859	1.000104	6117.442019	4078.719219	-0.000000	0.000000	-51.553170	0.002000	1.216755	3.997731	-0.999955	0.000000
3.413859	1.000104	6117.442019	4078.719219	-0.000000	-0.000000	-51.553170	0.002000	1.216755	3.997731	-0.999955	0.000000
3.433859	1.000104	6117.442019	4078.719219	-0.000000	-0.000000	-51.553170	0.002000	1.216755	3.997731	-0.999955	0.000000
3.453859	1.000104	6117.442019	4078.719219	-0.000000	-0.000001	-51.553170	0.002000	1.216755	3.997731	-0.999955	0.000000
3.473859	1.000104	6117.442019	4078.719219	0.000000	0.000000	-51.553170	0.002000	1.216755	3.997731	-0.999955	0.000000
3.493859	1.000104	6117.442019	4078.719219	0.000000	-0.000000	-51.553170	0.002000	1.216755	3.997731	-0.999955	0.000000
3.513859	1.000104	6117.442019	4078.719219	0.000000	0.000001	-51.553170	0.002000	1.216755	3.997731	-0.999955	0.000000
3.533859	1.000104	6117.442019	4078.719219	-0.000000	0.000001	-51.553170	0.002000	1.216755	3.997731	-0.999955	0.000000
3.553859	1.000104	6117.442019	4078.719219	-0.000000	0.000000	-51.553170	0.002000	1.216755	3.997731	-0.999955	0.000000
3.573859	1.000104	6117.442019	4078.719219	-0.000000	-0.000001	-51.553170	0.002000	1.216755	3.997731	-0.999955	0.000000
3.593859	1.000104	6117.442019	4078.719219	0.000000	-0.000001	-51.553170	0.002000	1.216755	3.997731	-0.999955	0.000000
3.613859	1.000104	6117.442019	4078.719219	0.000000	0.000001	-51.553170	0.002000	1.216755	3.997731	-0.999955	0.000000
3.633859	1.000104	6117.442019	4078.719219	0.000000	-0.000000	-51.553170	0.002000	1.216755	3.997731	-0.999955	0.000000
3.653859	1.000104	6117.442019	4078.719219	0.000000	-0.000001	-51.553170	0.002000	1.216755	3.997731	-0.999955	0.000000
3.673859	1.000104	6117.442019	4078.719219	0.000000	0.000001	-51.553170	0.002000	1.216755	3.997731	-0.999955	0.000000
3.693859	1.000104	6117.442019	4078.719219	-0.000000	0.000001	-51.553170	0.002000	1.216755	3.997731	-0.999955	0.000000
3.713859	1.000104	6117.442019	4078.719219	-0.000000	-0.000001	-51.553170	0.002000	1.216755	3.997731	-0.999955	0.000000
3.733859	1.000104	6117.442019	4078.719219	-0.000000	-0.000000	-51.553170	0.002000	1.216755	3.997731	-0.999955	0.000000
3.753859	1.000104	6117.442019	4078.719219	-0.000000	-0.000001	-51.553170	0.002000	1.216755	3.997731	-0.999955	0.000000
3.773859	1.000104	6117.442019	4078.719219	-0.000000	0.000001	-51.553170	0.002000	1.216755	3.997731	-0.999955	0.000000
3.793859	1.000104	6117.442019	4078.719219	-0.000000	0.000000	-51.553170	0.002000	1.216755	3.997731	-0.999955	0.000000
3.813859	1.000104	6117.442019	4078.719219	0.000000	-0.000001	-51.553170	0.002000	1.216755	3.997731	-0.999955	0.000000
3.833859	1.000104	6117.442019	4078.719219	-0.000000	-0.000001	-51.553170	0.002000	1.216755	3.997731	-0.999955	0.000000
3.853859	1.000104	6117.442019	4078.719219	-0.000000	-0.000001	-51.553170	0.002000	1.216755	3.997731	-0.999955	0.000000
3.873859	1.000104	6117.442019	4078.719219	0.000000	0.000001	-51.553170	0.002000	1.216755	3.997731	-0.999955	0.000000
3.893859	1.000104	6117.442019	4078.719219	-0.000000	0.000000	-51.553170	0.002000	1.216755	3.997731	-0.999955	0.000000
3.913859	1.000104	6117.442019	4078.719219	0.000000	-0.000000	-51.553170	0.002000	1.216755	3.997731	-0.999955	0.000000
3.933859	1.000104	6117.442019	4078.719219	-0.000000	-0.000000	-51.553170	0.002000	1.216755	3.997731	-0.999955	0.000000
3.953859	1.000104	6117.442019	4078.719219	0.000000	-0.000001	-51.553170	0.002000	1.216755	3.997731	-0.999955	0.000000
3.973859	1.000104	6117.442019	4078.719219	0.000000	0.000001	-51.553170	0.002000	1.216755	3.997731	-0.999955	0.000000
3.993859	1.000104	6117.442019	4078.719219	0.000000	0.000001	-51.553170	0.002000	1.216755	3.997731	-0.999955	0.000000
4.013859	1.000104	6117.442019	4078.719219	-0.000000	-0.000000	-51.553170	0.002000	1.216755	3.997731	-0.999955	0.000000
4.033859	1.000104	6117.442019	4078.719219	-0.000000	0.000000	-51.553170	0.002000	1.216755	3.997731	-0.999955	0.000000
4.053859	1.000104	6117.442019	4078.719219	-0.000000	0.000001	-51.553170	0.002000	1.216755	3.997731	-0.999955	0.000000
4.073859	1.000104	6117.442019	4078.719219	-0.000000	0.000000	-51.553170	0.002000	1.216755	3.997731	-0.999955	0.000000
4.093859	1.000104	6117.442019	4078.719219	-0.000000	-0.000000	-51.553170	0.002000	1.216755	3.997731	-0.999955	0.000000
4.113859	1.000104	6117.442019	4078.719219	-0.000000	-0.000001	-51.553170	0.002000	1.216755	3.997731	-0.999955	0.000000
4.133859	1.000104	6117.442019	4078.719219	0.000000	-0.000001	-51.553170	0.002000	1.216755	3.997731	-0.999955	0.000000
4.153859	1.000104	6117.442019	4078.719219	0.000000	0.000001	-51.553170	0.002000	1.216755	3.997731	-0.999955	0.000000
4.173859	1.000104	6117.442019	4078.719219	-0.000000	0.000001	-51.553170	0.002000	1.216755	3.997731	-0.999955	0.000000
4.193859	1.000104	6117.442019	4078.719219	-0.000000	-0.000001	-51.553170	0.002000	1.216755	3.997731	-0.999955	0.000000
4.213859	1.000104	6117.442019	4078.719219	0.000000	-0.000001	-51.553170	0.002000	1.216755	3.997731	-0.999955	0.000000
4.233859	1.000104	6117.442019	4078.719219	0.000000	0.000001	-51.553170	0.002000	1.216755	3.997731	-0.999955	0.000000
4.253859	1.000104	6117.442019	4078.719219	-0.000000	0.000001	-51.553170	0.002000	1.216755	3.997731	-0.999955	0.000000
4.273859	1.000104	6117.442019	4078.719219	-0.000000	-0.000000	-51.553170	0.002000	1.216755	3.997731	-0.999955	0.000000
4.293859	1.000104	6117.442019	4078.719219	0.000000	-0.000000	-51.553170	0.002000	1.216755	3.997731	-0.999955	0.000000
4.313859	1.000104	6117.442019	4078.719219	0.000000	-0.000002	-51.553170	0.002000	1.216755	3.997731	-0.999955	0.000000
4.333859	1.000104	6117.442019	4078.719219	0.000000	-0.000001	-51.553170	0.002000	1.216755	3.997731	-0.999955	0.000000
4.353859	1.000104	6117.442019	4078.719219	0.000000	-0.000004	-51.553170	0.002000	1.216755	3.997731	-0.999955	0.000000
4.373859	1.000104	6117.442019	4078.719219	0.000000	-0.000021	-51.553170	0.002000	1.216755	3.997731	-0.999955	0.000000
4.393859	1.000104	6117.442019	4078.719219	0.000001	-0.000065	-51.553170	0.002000	1.216755	3.997731	-0.999955	0.000000
4.413859	1.000104	6117.442019	4078.719219	0.000002	-0.000193	-51.553170	0.002000	1.216755	3.997731	-0.999955	0.000000
4.433859	1.000104	6117.442019	4078.719219	0.000007	-0.000556	-51.553170	0.002000	1.216755	3.997731	-0.999955	0.000000
4.453859	1.000104	6117.442019	4078.719219	0.000020	-0.001522	-51.553170	0.002000	1.216755	3.997731	-0.999955	0.000000
4.473859	1.000104	6117.442019	4078.719219	0.000054	-0.004064	-51.553170	0.002000	1.216755	3.997731	-0.999955	0.000000
4.493859	1.000104	6117.442019	4078.719219	0.000143	-0.010532	-51.553170	0.002000	1.216755	3.997731	-0.999955	0.000000
4.513859	1.000104	6117.442019	4078.719219	0.000368	-0.026635	-51.553170	0.002000	1.216755	3.997731	-0.999955	0.000000
4.533859	1.000104	6117.442018	4078.719218	0.000922	-0.065919	-51.553170	0.002000	1.216755	3.997731	-0.999955	0.000000
4.553859	1.000104	6117.442017	4078.719217	0.002262	-0.159650	-51.553170	0.002000	1.216755	3.997731	-0.999955	0.000000
4.573859	1.000104	6117.442013	4078.719212	0.005433	-0.378750	-51.553170	0.002000	1.216755	3.997731	-0.999955	0.000000
4.593859	1.000104	6117.442004	4078.719202	0.012783	-0.880630	-51.553170	0.002000	1.216755	3.997731	-0.999955	0.000000
4.613859	1.000104	6117.441983	4078.719177	0.029478	-2.007429	-51.553170	0.002000	1.216755	3.997731	-0.999955	0.000000
4.633859	1.000104	6117.441935	4078.719120	0.066639	-4.487268	-51.553170	0.002000	1.216755	3.997731	-0.999955	0.000000
4.653859	1.000104	6117.441828	4078.718992	0.147705	-9.836593	-51.553170	0.002000	1.216755	3.997731	-0.999955	0.000000
4.673859	1.000104	6117.441593	4078.718708	0.320966	-21.150343	-51.553169	0.002000	1.216755	3.997731	-0.999955	0.000000
4.693859	1.000104	6117.441087	4078.718093	0.683908	-44.572945	-51.553168	0.002000	1.216755	3.997730	-0.999955	0.000000
4.713859	1.000104	6117.440019	4078.716786	1.428348	-92.082190	-51.553166	0.002000	1.216755	3.997730	-0.999955	0.000000
4.733859	1.000104	6117.437810	4078.714059	2.923271	-186.421177	-51.553162	0.002000	1.216755	3.997730	-0.999955	0.000000
4.753859	1.000103	6117.433334	4078.708489	5.860868	-369.721197	-51.553153	0.002000	1.216755	3.997730	-0.999956	0.000000
4.773859	1.000102	6117.424449	4078.697339	11.506409	-718.009697	-51.553135	0.002000	1.216755	3.997729	-0.999956	0.000000
4.793859	1.000099	6117.407178	4078.675486	22.110692	-1364.753971	-51.553100	0.002000	1.216755	3.997728	-0.999957	0.000000
4.813859	1.000094	6117.374323	4078.633557	41.564421	-2537.534290	-51.553032	0.002000	1.216755	3.997726	-0.999959	0.000000
4.833859	1.000084	6117.313190	4078.554850	76.391206	-4612.567948	-51.552904	0.002000	1.216755	3.997722	-0.999963	0.000000
4.853860	1.000067	6117.201987	4078.410388	137.178540	-8191.467368	-51.552670	0.002000	1.216755	3.997714	-0.999971	0.000000
4.873861	1.000035	6117.004374	4078.151285	240.515893	-14202.326340	-51.552248	0.002000	1.216755	3.997700	-0.999985	0.000000
4.893862	0.999978	6116.661541	4077.697481	411.421127	-24021.775032	-51.551508	0.002000	1.216755	3.997676	-1.000009	0.000000
4.913866	0.999881	6116.081323	4076.921905	686.065843	-39604.965846	-51.550241	0.002000	1.216755	3.997635	-1.000051	0.000000
4.933871	0.999718	6115.124106	4075.629474	1114.345724	-63596.459315	-51.548128	0.002001	1.216755	3.997567	-1.000121	0.000000
4.953881	0.999451	6113.585944	4073.531156	1761.510190	-99378.745181	-51.544693	0.002001	1.216755	3.997459	-1.000236	0.000000
4.973897	0.999024	6111.180262	4070.214717	2707.756419	-151002.129307	-51.539259	0.002002	1.216755	3.997289	-1.000420	0.000000
4.993923	0.998361	6107.520799	4065.115811	4044.575911	-222938.842457	-51.530897	0.002003	1.216755	3.997031	-1.000706	0.000000
5.013965	0.997362	6102.109699	4057.495251	5866.927507	-319625.996830	-51.518389	0.002005	1.216755	3.996648	-1.001139	0.000000
5.034031	0.995895	6094.335366	4046.430142	8261.169676	-444812.183527	-51.500208	0.002008	1.216755	3.996098	-1.001774	0.000000
5.054132	0.993805	6083.484305	4030.826794	11290.064777	-600795.479693	-51.474536	0.002012	1.216755	3.995328	-1.002682	0.000000
5.074282	0.990910	6068.769175	4009.461244	14977.703715	-787712.892544	-51.439315	0.002018	1.216755	3.994280	-1.003943	0.000000
5.094500	0.987014	6049.371892	3981.048289	19298.198785	-1003077.225302	-51.392347	0.002026	1.216755	3.992895	-1.005646	0.000000
5.114809	0.981917	6024.496570	3944.333118	24171.763873	-1241726.410664	-51.331413	0.002037	1.216755	3.991112	-1.007886	0.000000
5.135237	0.975427	5993.423931	3898.192898	29470.105119	-1496246.900300	-51.254414	0.002050	1.216755	3.988872	-1.010757	0.000000
5.155817	0.967374	5955.557795	3841.731688	35030.356960	-1757795.163885	-51.159492	0.002067	1.216755	3.986126	-1.014348	0.000000
5.176586	0.957622	5910.455964	3774.352584	40674.289187	-2017123.668837	-51.045115	0.002089	1.216755	3.982832	-1.018738	0.000000
5.197587	0.946075	5857.841585	3695.796091	46228.165279	-2265580.943677	-50.910125	0.002114	1.216755	3.978955	-1.023995	0.000000
5.218867	0.932681	5797.595611	3606.141619	51539.328763	-2495850.945624	-50.753730	0.002144	1.216755	3.974472	-1.030177	0.000000
5.240477	0.917428	5729.734044	3505.776272	56486.259060	-2702441.540806	-50.575454	0.002180	1.216755	3.969364	-1.037328	0.000000
5.262472	0.900338	5654.376801	3395.341382	60982.972488	-2881763.673796	-50.375065	0.002221	1.216755	3.963620	-1.045485	0.000000
5.284912	0.881463	5571.709480	3275.664467	64979.426182	-3031806.967416	-50.152489	0.002269	1.216755	3.957229	-1.054678	0.000000
5.307861	0.860870	5481.955660	3147.696912	68451.339683	-3152422.746875	-49.907715	0.002323	1.216755	3.950181	-1.064936	0.000000
5.331390	0.838640	5385.345948	3012.452532	71400.700421	-3244167.273061	-49.640712	0.002385	1.216755	3.942463	-1.076291	0.000000
5.355575	0.814853	5282.096058	2870.959320	73845.359513	-3308436.462132	-49.351351	0.002454	1.216755	3.934059	-1.088780	0.000000
5.380501	0.789589	5172.395018	2724.227366	75813.929021	-3347037.074722	-49.039333	0.002533	1.216755	3.924947	-1.102452	0.000000
5.406262	0.762920	5056.393682	2573.227550	77340.935983	-3361931.946644	-48.704132	0.002622	1.216755	3.915099	-1.117369	0.000000
5.432966	0.734911	4934.182245	2418.885403	78462.527286	-3355200.672906	-48.344925	0.002721	1.216755	3.904476	-1.133609	0.000000
5.460735	0.705625	4805.733214	2262.067123	79214.449049	-3329017.910966	-47.960559	0.002834	1.216755	3.893022	-1.151265	0.000000
5.489708	0.675138	4670.732734	2103.557041	79627.478459	-3285950.699760	-47.549500	0.002962	1.216755	3.880649	-1.170443	0.000000
5.520050	0.643537	4528.314550	1943.979253	79728.714598	-3229133.114394	-47.109831	0.003108	1.216755	3.867202	-1.191259	0.000000
5.551950	0.610934	4376.548585	1783.660101	79535.515734	-3162065.760415	-46.639265	0.003274	1.216755	3.852399	-1.213835	0.000000
5.585630	0.577408	4212.132798	1622.463207	79061.137757	-3087987.875684	-46.135012	0.003464	1.216755	3.835770	-1.238344	0.000000
5.621357	0.542886	4030.449364	1459.673999	78313.165188	-3006346.216919	-45.593694	0.003684	1.216755	3.816624	-1.265116	0.000000
5.659475	0.506925	3827.815695	1294.472174	77298.428529	-2910949.464620	-45.009879	0.003945	1.216755	3.794223	-1.294879	0.000000
5.700476	0.468457	3605.978393	1126.924254	76047.896668	-2785733.357936	-44.374797	0.004269	1.216755	3.768297	-1.329151	0.000000
5.745163	0.425978	3377.999737	959.959930	74562.428255	-2617847.095311	-43.670667	0.004695	1.216755	3.739934	-1.370429	0.000000
5.794876	0.377866	3169.926810	799.089987	72927.848951	-2404001.477392	-42.867828	0.005293	1.216755	3.712321	-1.422474	0.000000
5.852001	0.323812	3015.524349	651.428323	71052.028992	-2166278.783539	-41.912080	0.006176	1.216755	3.690629	-1.489511	0.000000
5.920438	0.264535	2950.691664	520.734253	69171.073990	-1928924.676289	-40.712146	0.007560	1.216755	3.681181	-1.577313	0.000000
6.007820	0.203333	3007.304650	407.938291	66948.913978	-1719340.871257	-39.106183	0.009836	1.216755	3.689422	-1.691576	0.000000
6.127618	0.137352	3232.817965	296.226808	65760.884860	-1501319.395754	-36.709416	0.014561	1.216755	3.720810	-1.861934	0.000000
6.349655	0.076814	4374.987084	224.185567	63847.652028	-1178043.474638	-31.935198	0.026037	1.216755	3.852177	-2.114318	0.000000
-0.002972	3.366974	102483.881813	230040.912460	7.417475	0.000000	0.000699	0.000594	0.000000	5.221819	-0.472762	0.000000
-0.008911	3.373646	102262.944107	229999.475955	21.321100	0.000000	0.002035	0.000593	0.000000	5.220882	-0.471903	0.000000
-0.014832	3.386620	101836.133473	229920.313935	32.565174	0.000000	0.003193	0.000591	0.000000	5.219065	-0.470236	0.000000
-0.020725	3.405208	101231.814235	229810.300119	39.805820	0.000000	0.004077	0.000587	0.000000	5.216479	-0.467858	0.000000
-0.026582	3.428428	100488.661414	229678.761871	42.260203	0.000000	0.004620	0.000583	0.000000	5.213278	-0.464906	0.000000
-0.032395	3.455074	99651.937870	229536.503823	39.802835	0.000000	0.004794	0.000579	0.000000	5.209646	-0.461543	0.000000
-0.038161	3.483799	98769.239003	229394.684159	32.954922	0.000000	0.004607	0.000574	0.000000	5.205782	-0.457946	0.000000
-0.043879	3.513209	97886.513919	229263.711188	22.783928	0.000000	0.004103	0.000569	0.000000	5.201882	-0.454295	0.000000
-0.049548	3.541965	97044.630335	229152.282784	10.728769	0.000000	0.003351	0.000565	0.000000	5.198130	-0.450754	0.000000
-0.055173	3.568877	96276.854880	229066.671631	-1.615422	0.000000	0.002439	0.000560	0.000000	5.194680	-0.447467	0.000000
-0.060757	3.592985	95607.312779	229010.320943	-12.721797	0.000000	0.001462	0.000557	0.000000	5.191650	-0.444543	0.000000
-0.066306	3.613616	95050.450697	228983.774352	-21.332554	0.000000	0.000509	0.000553	0.000000	5.189113	-0.442056	0.000000
-0.071826	3.630404	94611.374801	228984.921478	-26.610554	0.000000	-0.000341	0.000551	0.000000	5.187102	-0.440044	0.000000
-0.077324	3.643287	94286.910809	229009.504336	-28.223003	0.000000	-0.001031	0.000549	0.000000	5.185611	-0.438506	0.000000
-0.082806	3.652472	94067.181339	229051.802063	-26.349008	0.000000	-0.001524	0.000548	0.000000	5.184598	-0.437413	0.000000
-0.088276	3.658369	93937.497161	229105.396130	-21.613142	0.000000	-0.001811	0.000547	0.000000	5.183999	-0.436712	0.000000
-0.093740	3.661531	93880.353607	229163.916560	-14.958361	0.000000	-0.001902	0.000546	0.000000	5.183735	-0.436337	0.000000
