0.002972	3.367218	102475.504571	230038.779809	7.346861	-2059215.228079	-0.000695	0.000594	1.216755	5.221784	-0.472731	0.000000
0.008910	3.373869	102255.326110	229997.573846	21.119247	-1872784.633253	-0.002024	0.000593	1.216755	5.220849	-0.471874	0.000000
0.014831	3.386804	101829.943544	229918.843755	32.260661	-1522105.341786	-0.003176	0.000591	1.216755	5.219038	-0.470212	0.000000
0.020724	3.405338	101227.555281	229809.409978	39.441519	-1047883.517140	-0.004056	0.000587	1.216755	5.216461	-0.467841	0.000000
0.026580	3.428494	100486.619255	229678.529485	41.887023	-503383.180064	-0.004598	0.000583	1.216755	5.213270	-0.464898	0.000000
0.032393	3.455073	99652.160031	229536.928768	39.472144	52917.416232	-0.004773	0.000579	1.216755	5.209647	-0.461543	0.000000
0.038160	3.483733	98771.544831	229395.690530	32.710947	565009.396874	-0.004590	0.000574	1.216755	5.205792	-0.457955	0.000000
0.043877	3.513087	97890.531448	229265.159974	22.657172	985914.280774	-0.004091	0.000569	1.216755	5.201900	-0.454310	0.000000
0.049547	3.541800	97049.852556	229153.991962	10.731545	1282444.317257	-0.003346	0.000565	1.216755	5.198154	-0.450774	0.000000
0.055172	3.568687	96282.706128	229068.440948	-1.490643	1437690.137185	-0.002440	0.000560	1.216755	5.194707	-0.447490	0.000000
0.060756	3.592789	95613.216226	229011.957815	-12.500882	1451294.780205	-0.001468	0.000557	1.216755	5.191676	-0.444566	0.000000
0.066306	3.613430	95055.888952	228985.117258	-21.055247	1337772.276386	-0.000520	0.000553	1.216755	5.189138	-0.442079	0.000000
0.071827	3.630244	94615.937572	228985.857732	-26.323752	1123339.855840	0.000327	0.000551	1.216755	5.187123	-0.440063	0.000000
0.077325	3.643163	94290.325640	229009.980075	-27.972908	841774.086607	0.001016	0.000549	1.216755	5.185627	-0.438520	0.000000
0.082806	3.652389	94069.325686	229051.823496	-26.173541	529839.637114	0.001511	0.000548	1.216755	5.184608	-0.437422	0.000000
0.088277	3.658328	93938.392227	229105.022511	-21.536001	222820.934886	0.001800	0.000547	1.216755	5.184003	-0.436717	0.000000
0.093741	3.661528	93880.142436	229163.246540	-14.985830	-49340.481268	0.001894	0.000546	1.216755	5.183735	-0.436338	0.000000
0.099202	3.662600	93876.256458	229220.835465	-7.601782	-264880.904958	0.001821	0.000546	1.216755	5.183717	-0.436211	0.000000
0.104663	3.662155	93909.133369	229273.266981	-0.444009	-411730.503995	0.001620	0.000546	1.216755	5.183869	-0.436264	0.000000
0.110125	3.660753	93963.180719	229317.421197	5.599055	-487608.617420	0.001336	0.000546	1.216755	5.184119	-0.436430	0.000000
0.115590	3.658867	94025.666164	229351.639530	9.920998	-498811.315217	0.001015	0.000547	1.216755	5.184408	-0.436654	0.000000
0.121059	3.656859	94087.117534	229375.603384	12.250159	-458004.605520	0.000696	0.000547	1.216755	5.184692	-0.436893	0.000000
0.126530	3.654985	94141.311771	229390.078983	12.641745	-381473.522052	0.000408	0.000547	1.216755	5.184942	-0.437115	0.000000
0.132004	3.653396	94184.936608	229396.585768	11.417984	-286321.100327	0.000173	0.000547	1.216755	5.185143	-0.437304	0.000000
0.137480	3.652159	94217.034392	229397.046258	9.073721	-188056.073638	-0.000001	0.000548	1.216755	5.185290	-0.437451	0.000000
0.142957	3.651276	94238.343453	229393.466996	6.169125	-98876.232336	-0.000113	0.000548	1.216755	5.185388	-0.437556	0.000000
0.148436	3.650708	94250.640583	229387.685823	3.230425	-26784.071003	-0.000170	0.000548	1.216755	5.185445	-0.437623	0.000000
0.153915	3.650391	94256.163767	229381.203827	0.674745	24495.120473	-0.000185	0.000548	1.216755	5.185470	-0.437661	0.000000
0.159395	3.650255	94257.163924	229375.104132	-1.232148	54951.919364	-0.000168	0.000548	1.216755	5.185475	-0.437677	0.000000
0.164875	3.650235	94255.604250	229370.046646	-2.384164	67321.319878	-0.000135	0.000548	1.216755	5.185468	-0.437679	0.000000
0.170354	3.650276	94253.000662	229366.319555	-2.814739	65950.537756	-0.000094	0.000548	1.216755	5.185456	-0.437674	0.000000
0.175834	3.650340	94250.379364	229363.924892	-2.657858	55723.899928	-0.000054	0.000548	1.216755	5.185444	-0.437667	0.000000
0.181313	3.650400	94248.318535	229362.676438	-2.101347	41200.301022	-0.000021	0.000548	1.216755	5.185434	-0.437660	0.000000
0.186793	3.650443	94247.039509	229362.292333	-1.342529	26044.217929	0.000004	0.000548	1.216755	5.185428	-0.437655	0.000000
0.192272	3.650466	94246.516868	229362.470520	-0.553549	12761.089753	0.000020	0.000548	1.216755	5.185426	-0.437652	0.000000
0.197751	3.650471	94246.584216	229362.941289	0.139828	2693.657387	0.000028	0.000548	1.216755	5.185426	-0.437651	0.000000
0.203231	3.650463	94247.021021	229363.496432	0.665640	-3796.518398	0.000030	0.000548	1.216755	5.185428	-0.437652	0.000000
0.208710	3.650448	94247.613923	229363.998399	1.001721	-7048.317300	0.000028	0.000548	1.216755	5.185431	-0.437654	0.000000
0.214189	3.650431	94248.192360	229364.374909	1.164151	-7798.995606	0.000025	0.000548	1.216755	5.185434	-0.437656	0.000000
0.219669	3.650418	94248.642539	229364.605036	1.192443	-6918.853415	0.000021	0.000548	1.216755	5.185436	-0.437658	0.000000
0.225148	3.650409	94248.905899	229364.702156	1.135149	-5216.098214	0.000018	0.000548	1.216755	5.185437	-0.437659	0.000000
0.230628	3.650406	94248.968462	229364.697750	1.038412	-3322.112297	0.000015	0.000548	1.216755	5.185437	-0.437659	0.000000
0.236107	3.650410	94248.846595	229364.628506	0.938687	-1649.461443	0.000014	0.000548	1.216755	5.185437	-0.437659	0.000000
0.241586	3.650419	94248.573159	229364.527690	0.859674	-404.300582	0.000013	0.000548	1.216755	5.185435	-0.437657	0.000000
0.247066	3.650432	94248.186354	229364.420626	0.812627	368.833681	0.000013	0.000548	1.216755	5.185434	-0.437656	0.000000
0.252545	3.650449	94247.722181	229364.323460	0.798882	730.087557	0.000014	0.000548	1.216755	5.185432	-0.437654	0.000000
0.258025	3.650467	94247.210364	229364.244121	0.813325	790.407275	0.000015	0.000548	1.216755	5.185429	-0.437652	0.000000
0.263504	3.650487	94246.673042	229364.184380	0.847816	669.694035	0.000015	0.000548	1.216755	5.185427	-0.437649	0.000000
0.268983	3.650508	94246.125271	229364.142183	0.893914	470.274290	0.000016	0.000548	1.216755	5.185424	-0.437647	0.000000
0.274462	3.650529	94245.576464	229364.113689	0.944620	264.710559	0.000017	0.000548	1.216755	5.185422	-0.437644	0.000000
0.279942	3.650549	94245.032097	229364.094760	0.995159	94.532077	0.000017	0.000548	1.216755	5.185419	-0.437642	0.000000
0.285421	3.650570	94244.495232	229364.081839	1.043025	-24.353204	0.000018	0.000548	1.216755	5.185417	-0.437640	0.000000
0.290900	3.650590	94243.967663	229364.072316	1.087544	-93.441825	0.000018	0.000548	1.216755	5.185414	-0.437637	0.000000
0.296379	3.650610	94243.450647	229364.064548	1.129253	-123.469109	0.000018	0.000548	1.216755	5.185412	-0.437635	0.000000
0.301858	3.650630	94242.945276	229364.057663	1.169287	-127.953494	0.000018	0.000548	1.216755	5.185410	-0.437632	0.000000
0.307337	3.650649	94242.452615	229364.051316	1.208898	-119.052074	0.000019	0.000548	1.216755	5.185407	-0.437630	0.000000
0.312816	3.650667	94241.973685	229364.045443	1.249163	-105.585560	0.000019	0.000548	1.216755	5.185405	-0.437628	0.000000
0.318295	3.650685	94241.509413	229364.040091	1.290848	-92.687523	0.000019	0.000548	1.216755	5.185403	-0.437626	0.000000
0.323774	3.650702	94241.060559	229364.035304	1.334398	-82.425429	0.000019	0.000548	1.216755	5.185401	-0.437624	0.000000
0.329253	3.650719	94240.627690	229364.031079	1.380005	-74.816278	0.000019	0.000548	1.216755	5.185399	-0.437622	0.000000
0.334732	3.650735	94240.211173	229364.027361	1.427698	-68.830350	0.000019	0.000548	1.216755	5.185397	-0.437620	0.000000
0.340211	3.650750	94239.811192	229364.024058	1.477429	-63.165655	0.000019	0.000548	1.216755	5.185395	-0.437618	0.000000
0.345690	3.650765	94239.427787	229364.021066	1.529136	-56.723266	0.000020	0.000548	1.216755	5.185393	-0.437616	0.000000
0.351169	3.650779	94239.060885	229364.018288	1.582771	-48.818943	0.000020	0.000548	1.216755	5.185392	-0.437615	0.000000
0.356648	3.650793	94238.710338	229364.015648	1.638332	-39.201934	0.000020	0.000548	1.216755	5.185390	-0.437613	0.000000
0.362126	3.650806	94238.375937	229364.013097	1.695839	-27.967241	0.000020	0.000548	1.216755	5.185388	-0.437611	0.000000
0.367605	3.650818	94238.057428	229364.010608	1.755339	-15.430322	0.000020	0.000548	1.216755	5.185387	-0.437610	0.000000
0.373084	3.650830	94237.754516	229364.008174	1.816883	-2.004135	0.000020	0.000548	1.216755	5.185386	-0.437609	0.000000
0.378563	3.650841	94237.466862	229364.005794	1.880517	11.895700	0.000020	0.000548	1.216755	5.185384	-0.437607	0.000000
0.384042	3.650852	94237.194074	229364.003470	1.946271	25.921266	0.000020	0.000548	1.216755	5.185383	-0.437606	0.000000
0.389520	3.650862	94236.935708	229364.001199	2.014161	39.834172	0.000020	0.000548	1.216755	5.185382	-0.437605	0.000000
0.394999	3.650871	94236.691264	229363.998964	2.084176	53.525856	0.000020	0.000548	1.216755	5.185381	-0.437604	0.000000
0.400478	3.650880	94236.460186	229363.996735	2.156272	67.022122	0.000020	0.000548	1.216755	5.185380	-0.437603	0.000000
0.405956	3.650888	94236.241870	229363.994468	2.230375	80.470570	0.000019	0.000548	1.216755	5.185379	-0.437602	0.000000
0.411435	3.650896	94236.035679	229363.992112	2.306372	94.113604	0.000019	0.000548	1.216755	5.185378	-0.437601	0.000000
0.416914	3.650904	94235.840955	229363.989605	2.384108	108.248688	0.000019	0.000548	1.216755	5.185377	-0.437600	0.000000
0.422392	3.650911	94235.657037	229363.986890	2.463386	123.180795	0.000019	0.000548	1.216755	5.185376	-0.437599	0.000000
0.427871	3.650918	94235.483282	229363.983915	2.543970	139.171399	0.000019	0.000548	1.216755	5.185375	-0.437598	0.000000
0.433350	3.650924	94235.319076	229363.980638	2.625591	156.395987	0.000019	0.000548	1.216755	5.185374	-0.437597	0.000000
0.438828	3.650930	94235.163851	229363.977036	2.707956	174.918456	0.000019	0.000548	1.216755	5.185374	-0.437597	0.000000
0.444307	3.650935	94235.017086	229363.973099	2.790775	194.682150	0.000018	0.000548	1.216755	5.185373	-0.437596	0.000000
0.449786	3.650941	94234.878314	229363.968835	2.873779	215.523106	0.000018	0.000548	1.216755	5.185372	-0.437595	0.000000
0.455264	3.650946	94234.747117	229363.964261	2.956762	237.200570	0.000018	0.000548	1.216755	5.185372	-0.437595	0.000000
0.460743	3.650950	94234.623116	229363.959405	3.039606	259.435981	0.000018	0.000548	1.216755	5.185371	-0.437594	0.000000
0.466221	3.650955	94234.505966	229363.954297	3.122319	281.948124	0.000017	0.000548	1.216755	5.185371	-0.437594	0.000000
0.471700	3.650959	94234.395342	229363.948962	3.205074	304.482666	0.000017	0.000548	1.216755	5.185370	-0.437593	0.000000
0.477179	3.650963	94234.290934	229363.943423	3.288232	326.827866	0.000016	0.000548	1.216755	5.185370	-0.437593	0.000000
0.482657	3.650967	94234.192439	229363.937693	3.372356	348.813280	0.000016	0.000548	1.216755	5.185369	-0.437592	0.000000
0.488136	3.650970	94234.099555	229363.931778	3.458198	370.301005	0.000016	0.000548	1.216755	5.185369	-0.437592	0.000000
0.493614	3.650974	94234.011981	229363.925674	3.546668	391.168907	0.000015	0.000548	1.216755	5.185368	-0.437591	0.000000
0.499093	3.650977	94233.929421	229363.919371	3.638788	411.300189	0.000015	0.000548	1.216755	5.185368	-0.437591	0.000000
0.504571	3.650980	94233.851580	229363.912857	3.735589	430.577760	0.000014	0.000548	1.216755	5.185368	-0.437591	0.000000
0.510050	3.650982	94233.778171	229363.906113	3.838019	448.886654	0.000014	0.000548	1.216755	5.185367	-0.437590	0.000000
0.515528	3.650985	94233.708918	229363.899121	3.946843	466.131114	0.000013	0.000548	1.216755	5.185367	-0.437590	0.000000
0.521007	3.650987	94233.643556	229363.891866	4.062523	482.253282	0.000013	0.000548	1.216755	5.185367	-0.437590	0.000000
0.526486	3.650990	94233.581836	229363.884328	4.185149	497.250391	0.000012	0.000548	1.216755	5.185366	-0.437590	0.000000
0.531964	3.650992	94233.523524	229363.876496	4.314401	511.192769	0.000012	0.000548	1.216755	5.185366	-0.437589	0.000000
0.537443	3.650994	94233.468399	229363.868354	4.449535	524.227700	0.000011	0.000548	1.216755	5.185366	-0.437589	0.000000
0.542921	3.650996	94233.416258	229363.859894	4.589448	536.573529	0.000010	0.000548	1.216755	5.185366	-0.437589	0.000000
0.548400	3.650997	94233.366914	229363.851109	4.732763	548.505621	0.000010	0.000548	1.216755	5.185365	-0.437589	0.000000
0.553878	3.650999	94233.320189	229363.841993	4.877956	560.332430	0.000009	0.000548	1.216755	5.185365	-0.437588	0.000000
0.559357	3.651001	94233.275922	229363.832545	5.023476	572.368797	0.000008	0.000548	1.216755	5.185365	-0.437588	0.000000
0.564835	3.651002	94233.233963	229363.822766	5.167888	584.908582	0.000008	0.000548	1.216755	5.185365	-0.437588	0.000000
0.570314	3.651003	94233.194171	229363.812661	5.310002	598.205192	0.000007	0.000548	1.216755	5.185365	-0.437588	0.000000
0.575792	3.651005	94233.156419	229363.802235	5.448883	612.452266	0.000006	0.000548	1.216755	5.185364	-0.437588	0.000000
0.581271	3.651006	94233.120586	229363.791496	5.583954	627.777058	0.000006	0.000548	1.216755	5.185364	-0.437588	0.000000
0.586749	3.651007	94233.086560	229363.780454	5.715020	644.248824	0.000005	0.000548	1.216755	5.185364	-0.437588	0.000000
0.592228	3.651008	94233.054239	229363.769118	5.842033	661.865157	0.000004	0.000548	1.216755	5.185364	-0.437587	0.000000
0.597706	3.651009	94233.023525	229363.757498	5.965320	680.573842	0.000003	0.000548	1.216755	5.185364	-0.437587	0.000000
0.603185	3.651010	94232.994329	229363.745603	6.085585	700.324381	0.000003	0.000548	1.216755	5.185364	-0.437587	0.000000
0.608663	3.651011	94232.966566	229363.733442	6.202940	720.984671	0.000002	0.000548	1.216755	5.185364	-0.437587	0.000000
0.614142	3.651012	94232.940158	229363.721021	6.318117	742.400007	0.000001	0.000548	1.216755	5.185363	-0.437587	0.000000
0.619620	3.651013	94232.915032	229363.708347	6.432888	764.596924	0.000000	0.000548	1.216755	5.185363	-0.437587	0.000000
0.625099	3.651013	94232.891116	229363.695422	6.545675	787.348019	-0.000001	0.000548	1.216755	5.185363	-0.437587	0.000000
0.630577	3.651014	94232.868346	229363.682255	6.657254	810.350049	-0.000002	0.000548	1.216755	5.185363	-0.437587	0.000000
0.636056	3.651015	94232.846662	229363.668840	6.773608	834.181860	-0.000003	0.000548	1.216755	5.185363	-0.437587	0.000000
0.641534	3.651015	94232.826002	229363.655180	6.885316	858.271788	-0.000003	0.000548	1.216755	5.185363	-0.437587	0.000000
0.647013	3.651016	94232.806316	229363.641292	6.992953	881.526908	-0.000004	0.000548	1.216755	5.185363	-0.437586	0.000000
0.652491	3.651016	94232.787551	229363.627146	7.123410	906.977954	-0.000005	0.000548	1.216755	5.185363	-0.437586	0.000000
0.657970	3.651017	94232.769652	229363.612739	7.232723	932.497583	-0.000007	0.000548	1.216755	5.185363	-0.437586	0.000000
0.663448	3.651017	94232.752584	229363.598156	7.318106	952.884446	-0.000008	0.000548	1.216755	5.185363	-0.437586	0.000000
0.668927	3.651018	94232.736305	229363.583256	7.507453	982.357728	-0.000009	0.000548	1.216755	5.185362	-0.437586	0.000000
0.674405	3.651018	94232.720737	229363.568011	7.602282	1012.327706	-0.000010	0.000548	1.216755	5.185362	-0.437586	0.000000
0.679884	3.651018	94232.705898	229363.552829	7.569339	1017.205795	-0.000011	0.000548	1.216755	5.185362	-0.437586	0.000000
0.685362	3.651019	94232.691758	229363.537081	8.018598	1062.839513	-0.000012	0.000548	1.216755	5.185362	-0.437586	0.000000
0.690841	3.651019	94232.678118	229363.520568	8.059835	1114.839793	-0.000013	0.000548	1.216755	5.185362	-0.437586	0.000000
0.696319	3.651019	94232.665202	229363.505242	7.445917	1047.282382	-0.000015	0.000548	1.216755	5.185362	-0.437586	0.000000
0.701798	3.651019	94232.653031	229363.488278	9.078175	1163.313424	-0.000016	0.000548	1.216755	5.185362	-0.437586	0.000000
0.707276	3.651019	94232.640797	229363.468436	8.980846	1328.034749	-0.000018	0.000548	1.216755	5.185362	-0.437586	0.000000
0.712755	3.651020	94232.629586	229363.454906	5.578374	923.923958	-0.000018	0.000548	1.216755	5.185362	-0.437586	0.000000
0.718233	3.651020	94232.619678	229363.434931	12.632668	1342.697131	-0.000019	0.000548	1.216755	5.185362	-0.437586	0.000000
0.723712	3.651020	94232.607232	229363.401018	12.473372	2077.728279	-0.000024	0.000548	1.216755	5.185362	-0.437586	0.000000
0.729190	3.651020	94232.597057	229363.395950	-4.179554	122.800476	-0.000023	0.000548	1.216755	5.185362	-0.437586	0.000000
0.734669	3.651020	94232.590952	229363.361920	27.786667	1860.668269	-0.000023	0.000548	1.216755	5.185362	-0.437586	0.000000
0.740147	3.651019	94232.570728	229363.255733	30.263291	5517.608755	-0.000038	0.000548	1.216755	5.185362	-0.437586	0.000000
0.745626	3.651019	94232.557810	229363.275623	-48.808331	-3463.017999	-0.000031	0.000548	1.216755	5.185362	-0.437586	0.000000
0.751104	3.651018	94232.563272	229363.159753	97.932312	4120.149263	-0.000026	0.000548	1.216755	5.185362	-0.437586	0.000000
0.756583	3.651013	94232.501391	229362.666865	127.392458	22764.340544	-0.000096	0.000548	1.216755	5.185361	-0.437587	0.000000
0.762061	3.651014	94232.466455	229362.708174	-242.821276	-17699.680945	-0.000067	0.000548	1.216755	5.185361	-0.437587	0.000000
0.767540	3.651005	94232.520219	229362.090825	435.183948	16035.777779	-0.000041	0.000548	1.216755	5.185361	-0.437588	0.000000
0.773018	3.650974	94232.255358	229359.485883	665.633941	111462.532464	-0.000384	0.000548	1.216755	5.185360	-0.437592	0.000000
0.778497	3.650970	94232.077445	229359.029270	-1045.587267	-67969.632594	-0.000303	0.000548	1.216755	5.185360	-0.437592	0.000000
0.783975	3.650915	94232.311323	229355.228604	2110.166399	85307.501002	-0.000223	0.000548	1.216755	5.185360	-0.437600	0.000000
0.789454	3.650743	94231.014536	229340.818186	3671.703073	575858.810423	-0.001954	0.000548	1.216755	5.185354	-0.437621	0.000000
0.794933	3.650665	94229.896823	229334.257564	-4113.128157	-202306.884282	-0.001921	0.000548	1.216755	5.185350	-0.437629	0.000000
0.800412	3.650325	94230.612409	229309.876601	10725.782871	516026.959141	-0.001878	0.000548	1.216755	5.185352	-0.437677	0.000000
0.805892	3.649333	94223.872318	229228.046219	20618.677782	3057494.795391	-0.010819	0.000548	1.216755	5.185317	-0.437797	0.000000
0.811374	3.648618	94216.673206	229169.182792	-14024.407530	-202271.595459	-0.012772	0.000548	1.216755	5.185289	-0.437881	0.000000
0.816856	3.646468	94217.192869	229011.112260	56697.457248	3303355.579235	-0.014986	0.000548	1.216755	5.185286	-0.438177	0.000000
0.822344	3.640671	94180.707611	228537.105082	117476.142357	16706598.766401	-0.062269	0.000549	1.216755	5.185097	-0.438888	0.000000
0.827844	3.635136	94134.035944	228085.094946	-31931.508956	4023452.192287	-0.084391	0.000550	1.216755	5.184901	-0.439552	0.000000
0.833347	3.621689	94116.414630	227072.593908	308279.408420	22102782.833014	-0.110966	0.000552	1.216755	5.184792	-0.441375	0.000000
0.838884	3.587864	93907.123182	224310.802600	685615.352736	97220639.393873	-0.367005	0.000557	1.216755	5.183707	-0.445605	0.000000
0.844497	3.550081	93581.524437	221178.313601	66623.937331	61249550.318181	-0.555385	0.000563	1.216755	5.182255	-0.450260	0.000000
0.850144	3.475404	93316.883298	215316.530234	1607117.757706	169459345.794991	-0.763521	0.000575	1.216755	5.180854	-0.460525	0.000000
0.855984	3.301532	91899.412307	200594.652047	4177650.495533	691543146.393846	-2.154331	0.000606	1.216755	5.173367	-0.483796	0.000000
0.862288	3.120184	89085.364589	183914.888352	1125780.563585	756695969.017498	-3.608922	0.000641	1.216755	5.159718	-0.507849	0.000000
0.868824	2.922885	86237.862623	165555.036095	4029519.749817	1146075848.205552	-4.091963	0.000684	1.216755	5.144903	-0.538709	0.000000
0.875944	2.433455	77835.485586	120737.718372	23927398.737778	4420374729.997232	-9.548104	0.000822	1.216755	5.093917	-0.624823	0.000000
0.885848	1.773436	54402.296177	59044.454983	37785880.822316	8335165134.507917	-24.479767	0.001128	1.216755	4.923675	-0.765244	0.000000
0.900297	1.301861	26663.504999	20875.990933	25231320.602406	6072991228.795879	-39.703652	0.001536	1.216755	4.602272	-0.895374	0.000000
0.918172	1.091043	11401.382328	7662.649361	10200532.572251	2255851659.721205	-47.919057	0.001833	1.216755	4.238045	-0.966414	0.000000
0.937592	1.022350	6932.338463	4613.248506	2690288.835411	426407156.848380	-50.745661	0.001956	1.216755	4.042912	-0.991654	0.000000
0.957473	1.004649	6217.230551	4149.475575	522428.400032	52397427.649795	-51.409699	0.001991	1.216755	4.003518	-0.998273	0.000000
0.977453	1.000896	6130.626578	4088.745669	85781.912759	6598843.276967	-51.531377	0.001998	1.216755	3.998507	-0.999666	0.000000
0.997450	1.000224	6119.327674	4080.171924	11865.304777	927954.579131	-51.550351	0.002000	1.216755	3.997842	-0.999912	0.000000
1.017450	1.000120	6117.711561	4078.920798	1407.928304	134904.890872	-51.552854	0.002000	1.216755	3.997746	-0.999949	0.000000
1.037450	1.000106	6117.478558	4078.745223	144.845486	18861.546050	-51.553139	0.002000	1.216755	3.997733	-0.999954	0.000000
1.057450	1.000104	6117.446620	4078.722314	12.763995	2457.076063	-51.553168	0.002000	1.216755	3.997731	-0.999955	0.000000
1.077450	1.000104	6117.442555	4078.719560	0.956745	295.541288	-51.553170	0.002000	1.216755	3.997731	-0.999955	0.000000
1.097450	1.000104	6117.442077	4078.719255	0.066344	32.872318	-51.553170	0.002000	1.216755	3.997731	-0.999955	0.000000
1.117450	1.000104	6117.442025	4078.719223	0.006409	3.420655	-51.553170	0.002000	1.216755	3.997731	-0.999955	0.000000
1.137450	1.000104	6117.442020	4078.719220	0.001141	0.343173	-51.553170	0.002000	1.216755	3.997731	-0.999955	0.000000
1.157450	1.000104	6117.442019	4078.719220	0.000232	0.035213	-51.553170	0.002000	1.216755	3.997731	-0.999955	0.000000
1.177450	1.000104	6117.442019	4078.719220	0.000041	0.003989	-51.553170	0.002000	1.216755	3.997731	-0.999955	0.000000
1.197450	1.000104	6117.442019	4078.719219	0.000006	0.000514	-51.553170	0.002000	1.216755	3.997731	-0.999955	0.000000
1.217450	1.000104	6117.442019	4078.719219	0.000001	0.000071	-51.553170	0.002000	1.216755	3.997731	-0.999955	0.000000
1.237450	1.000104	6117.442019	4078.719219	0.000000	0.000011	-51.553170	0.002000	1.216755	3.997731	-0.999955	0.000000
1.257450	1.000104	6117.442019	4078.719219	0.000000	0.000002	-51.553170	0.002000	1.216755	3.997731	-0.999955	0.000000
1.277450	1.000104	6117.442019	4078.719219	-0.000000	0.000001	-51.553170	0.002000	1.216755	3.997731	-0.999955	0.000000
1.297450	1.000104	6117.442019	4078.719219	-0.000000	-0.000001	-51.553170	0.002000	1.216755	3.997731	-0.999955	0.000000
1.317450	1.000104	6117.442019	4078.719219	0.000000	-0.000002	-51.553170	0.002000	1.216755	3.997731	-0.999955	0.000000
1.337450	1.000104	6117.442019	4078.719219	0.000000	0.000000	-51.553170	0.002000	1.216755	3.997731	-0.999955	0.000000
1.357450	1.000104	6117.442019	4078.719219	0.000000	-0.000001	-51.553170	0.002000	1.216755	3.997731	-0.999955	0.000000
1.377450	1.000104	6117.442019	4078.719219	0.000000	0.000001	-51.553170	0.002000	1.216755	3.997731	-0.999955	0.000000
1.397450	1.000104	6117.442019	4078.719219	-0.000000	0.000001	-51.553170	0.002000	1.216755	3.997731	-0.999955	0.000000
1.417450	1.000104	6117.442019	4078.719219	-0.000000	-0.000001	-51.553170	0.002000	1.216755	3.997731	-0.999955	0.000000
1.437450	1.000104	6117.442019	4078.719219	0.000000	-0.000001	-51.553170	0.002000	1.216755	3.997731	-0.999955	0.000000
1.457450	1.000104	6117.442019	4078.719219	0.000000	0.000001	-51.553170	0.002000	1.216755	3.997731	-0.999955	0.000000
1.477450	1.000104	6117.442019	4078.719219	-0.000000	0.000002	-51.553170	0.002000	1.216755	3.997731	-0.999955	0.000000
1.497450	1.000104	6117.442019	4078.719219	-0.000000	-0.000001	-51.553170	0.002000	1.216755	3.997731	-0.999955	0.000000
1.517450	1.000104	6117.442019	4078.719219	0.000000	-0.000002	-51.553170	0.002000	1.216755	3.997731	-0.999955	0.000000
1.537450	1.000104	6117.442019	4078.719219	0.000000	0.000001	-51.553170	0.002000	1.216755	3.997731	-0.999955	0.000000
1.557450	1.000104	6117.442019	4078.719219	-0.000000	0.000000	-51.553170	0.002000	1.216755	3.997731	-0.999955	0.000000
1.577450	1.000104	6117.442019	4078.719219	0.000000	-0.000000	-51.553170	0.002000	1.216755	3.997731	-0.999955	0.000000
1.597450	1.000104	6117.442019	4078.719219	-0.000000	0.000001	-51.553170	0.002000	1.216755	3.997731	-0.999955	0.000000
1.617450	1.000104	6117.442019	4078.719219	-0.000000	-0.000001	-51.553170	0.002000	1.216755	3.997731	-0.999955	0.000000
1.637450	1.000104	6117.442019	4078.719219	0.000000	-0.000001	-51.553170	0.002000	1.216755	3.997731	-0.999955	0.000000
1.657450	1.000104	6117.442019	4078.719219	0.000000	-0.000000	-51.553170	0.002000	1.216755	3.997731	-0.999955	0.000000
1.677450	1.000104	6117.442019	4078.719219	0.000000	0.000001	-51.553170	0.002000	1.216755	3.997731	-0.999955	0.000000
1.697450	1.000104	6117.442019	4078.719219	-0.000000	0.000001	-51.553170	0.002000	1.216755	3.997731	-0.999955	0.000000
1.717450	1.000104	6117.442019	4078.719219	-0.000000	0.000000	-51.553170	0.002000	1.216755	3.997731	-0.999955	0.000000
1.737450	1.000104	6117.442019	4078.719219	-0.000000	-0.000000	-51.553170	0.002000	1.216755	3.997731	-0.999955	0.000000
1.757450	1.000104	6117.442019	4078.719219	0.000000	-0.000001	-51.553170	0.002000	1.216755	3.997731	-0.999955	0.000000
1.777450	1.000104	6117.442019	4078.719219	0.000000	0.000001	-51.553170	0.002000	1.216755	3.997731	-0.999955	0.000000
1.797450	1.000104	6117.442019	4078.719219	-0.000000	-0.000000	-51.553170	0.002000	1.216755	3.997731	-0.999955	0.000000
1.817450	1.000104	6117.442019	4078.719219	-0.000000	-0.000001	-51.553170	0.002000	1.216755	3.997731	-0.999955	0.000000
1.837450	1.000104	6117.442019	4078.719219	0.000000	-0.000001	-51.553170	0.002000	1.216755	3.997731	-0.999955	0.000000
1.857450	1.000104	6117.442019	4078.719219	0.000000	0.000000	-51.553170	0.002000	1.216755	3.997731	-0.999955	0.000000
1.877450	1.000104	6117.442019	4078.719219	0.000000	0.000001	-51.553170	0.002000	1.216755	3.997731	-0.999955	0.000000
1.897450	1.000104	6117.442019	4078.719219	-0.000000	0.000001	-51.553170	0.002000	1.216755	3.997731	-0.999955	0.000000
1.917450	1.000104	6117.442019	4078.719219	-0.000000	0.000000	-51.553170	0.002000	1.216755	3.997731	-0.999955	0.000000
1.937450	1.000104	6117.442019	4078.719219	-0.000000	-0.000000	-51.553170	0.002000	1.216755	3.997731	-0.999955	0.000000
1.957450	1.000104	6117.442019	4078.719219	-0.000000	0.000000	-51.553170	0.002000	1.216755	3.997731	-0.999955	0.000000
1.977450	1.000104	6117.442019	4078.719219	0.000000	-0.000001	-51.553170	0.002000	1.216755	3.997731	-0.999955	0.000000
1.997450	1.000104	6117.442019	4078.719219	0.000000	0.000000	-51.553170	0.002000	1.216755	3.997731	-0.999955	0.000000
2.017450	1.000104	6117.442019	4078.719219	-0.000000	0.000001	-51.553170	0.002000	1.216755	3.997731	-0.999955	0.000000
2.037450	1.000104	6117.442019	4078.719219	-0.000000	-0.000000	-51.553170	0.002000	1.216755	3.997731	-0.999955	0.000000
2.057450	1.000104	6117.442019	4078.719219	-0.000000	0.000000	-51.553170	0.002000	1.216755	3.997731	-0.999955	0.000000
2.077450	1.000104	6117.442019	4078.719219	-0.000000	-0.000001	-51.553170	0.002000	1.216755	3.997731	-0.999955	0.000000
2.097450	1.000104	6117.442019	4078.719219	0.000000	-0.000001	-51.553170	0.002000	1.216755	3.997731	-0.999955	0.000000
2.117450	1.000104	6117.442019	4078.719219	0.000000	-0.000000	-51.553170	0.002000	1.216755	3.997731	-0.999955	0.000000
2.137450	1.000104	6117.442019	4078.719219	0.000000	0.000001	-51.553170	0.002000	1.216755	3.997731	-0.999955	0.000000
2.157450	1.000104	6117.442019	4078.719219	0.000000	-0.000001	-51.553170	0.002000	1.216755	3.997731	-0.999955	0.000000
2.177450	1.000104	6117.442019	4078.719219	0.000000	0.000001	-51.553170	0.002000	1.216755	3.997731	-0.999955	0.000000
2.197450	1.000104	6117.442019	4078.719219	-0.000000	0.000001	-51.553170	0.002000	1.216755	3.997731	-0.999955	0.000000
2.217450	1.000104	6117.442019	4078.719219	0.000000	-0.000002	-51.553170	0.002000	1.216755	3.997731	-0.999955	0.000000
2.237450	1.000104	6117.442019	4078.719219	0.000000	0.000000	-51.553170	0.002000	1.216755	3.997731	-0.999955	0.000000
2.257450	1.000104	6117.442019	4078.719219	0.000000	0.000000	-51.553170	0.002000	1.216755	3.997731	-0.999955	0.000000
2.277450	1.000104	6117.442019	4078.719219	-0.000000	0.000001	-51.553170	0.002000	1.216755	3.997731	-0.999955	0.000000
2.297450	1.000104	6117.442019	4078.719219	-0.000000	0.000001	-51.553170	0.002000	1.216755	3.997731	-0.999955	0.000000
2.317450	1.000104	6117.442019	4078.719219	-0.000000	-0.000001	-51.553170	0.002000	1.216755	3.997731	-0.999955	0.000000
2.337450	1.000104	6117.442019	4078.719219	0.000000	-0.000001	-51.553170	0.002000	1.216755	3.997731	-0.999955	0.000000
2.357450	1.000104	6117.442019	4078.719219	0.000000	-0.000000	-51.553170	0.002000	1.216755	3.997731	-0.999955	0.000000
2.377450	1.000104	6117.442019	4078.719219	0.000000	-0.000000	-51.553170	0.002000	1.216755	3.997731	-0.999955	0.000000
2.397450	1.000104	6117.442019	4078.719219	0.000000	-0.000001	-51.553170	0.002000	1.216755	3.997731	-0.999955	0.000000
2.417450	1.000104	6117.442019	4078.719219	0.000000	-0.000000	-51.553170	0.002000	1.216755	3.997731	-0.999955	0.000000
2.437450	1.000104	6117.442019	4078.719219	0.000000	0.000004	-51.553170	0.002000	1.216755	3.997731	-0.999955	0.000000
2.457450	1.000104	6117.442019	4078.719219	-0.000000	0.000004	-51.553170	0.002000	1.216755	3.997731	-0.999955	0.000000
2.477450	1.000104	6117.442019	4078.719219	-0.000000	-0.000003	-51.553170	0.002000	1.216755	3.997731	-0.999955	0.000000
2.497450	1.000104	6117.442019	4078.719219	0.000000	-0.000003	-51.553170	0.002000	1.216755	3.997731	-0.999955	0.000000
2.517450	1.000104	6117.442019	4078.719219	0.000000	0.000000	-51.553170	0.002000	1.216755	3.997731	-0.999955	0.000000
2.537450	1.000104	6117.442019	4078.719219	0.000000	0.000000	-51.553170	0.002000	1.216755	3.997731	-0.999955	0.000000
2.557450	1.000104	6117.442019	4078.719219	-0.000000	0.000000	-51.553170	0.002000	1.216755	3.997731	-0.999955	0.000000
2.577450	1.000104	6117.442019	4078.719219	-0.000000	0.000000	-51.553170	0.002000	1.216755	3.997731	-0.999955	0.000000
2.597450	1.000104	6117.442019	4078.719219	-0.000000	0.000000	-51.553170	0.002000	1.216755	3.997731	-0.999955	0.000000
2.617450	1.000104	6117.442019	4078.719219	-0.000000	-0.000000	-51.553170	0.002000	1.216755	3.997731	-0.999955	0.000000
2.637450	1.000104	6117.442019	4078.719219	-0.000000	-0.000000	-51.553170	0.002000	1.216755	3.997731	-0.999955	0.000000
2.657450	1.000104	6117.442019	4078.719219	-0.000000	-0.000000	-51.553170	0.002000	1.216755	3.997731	-0.999955	0.000000
2.677450	1.000104	6117.442019	4078.719219	0.000000	-0.000001	-51.553170	0.002000	1.216755	3.997731	-0.999955	0.000000
2.697450	1.000104	6117.442019	4078.719219	0.000000	0.000001	-51.553170	0.002000	1.216755	3.997731	-0.999955	0.000000
2.717450	1.000104	6117.442019	4078.719219	-0.000000	0.000001	-51.553170	0.002000	1.216755	3.997731	-0.999955	0.000000
2.737450	1.000104	6117.442019	4078.719219	-0.000000	0.000000	-51.553170	0.002000	1.216755	3.997731	-0.999955	0.000000
2.757450	1.000104	6117.442019	4078.719219	-0.000000	-0.000001	-51.553170	0.002000	1.216755	3.997731	-0.999955	0.000000
2.777450	1.000104	6117.442019	4078.719219	0.000000	-0.000001	-51.553170	0.002000	1.216755	3.997731	-0.999955	0.000000
2.797450	1.000104	6117.442019	4078.719219	0.000000	0.000001	-51.553170	0.002000	1.216755	3.997731	-0.999955	0.000000
2.817450	1.000104	6117.442019	4078.719219	0.000000	0.000001	-51.553170	0.002000	1.216755	3.997731	-0.999955	0.000000
2.837450	1.000104	6117.442019	4078.719219	-0.000000	0.000000	-51.553170	0.002000	1.216755	3.997731	-0.999955	0.000000
2.857450	1.000104	6117.442019	4078.719219	-0.000000	0.000000	-51.553170	0.002000	1.216755	3.997731	-0.999955	0.000000
2.877450	1.000104	6117.442019	4078.719219	-0.000000	-0.000001	-51.553170	0.002000	1.216755	3.997731	-0.999955	0.000000
2.897450	1.000104	6117.442019	4078.719219	0.000000	-0.000001	-51.553170	0.002000	1.216755	3.997731	-0.999955	0.000000
2.917450	1.000104	6117.442019	4078.719219	0.000000	0.000001	-51.553170	0.002000	1.216755	3.997731	-0.999955	0.000000
2.937450	1.000104	6117.442019	4078.719219	0.000000	0.000001	-51.553170	0.002000	1.216755	3.997731	-0.999955	0.000000
2.957450	1.000104	6117.442019	4078.719219	-0.000000	0.000001	-51.553170	0.002000	1.216755	3.997731	-0.999955	0.000000
2.977450	1.000104	6117.442019	4078.719219	-0.000000	-0.000001	-51.553170	0.002000	1.216755	3.997731	-0.999955	0.000000
2.997450	1.000104	6117.442019	4078.719219	0.000000	-0.000001	-51.553170	0.002000	1.216755	3.997731	-0.999955	0.000000
3.017450	1.000104	6117.442019	4078.719219	0.000000	0.000000	-51.553170	0.002000	1.216755	3.997731	-0.999955	0.000000
3.037450	1.000104	6117.442019	4078.719219	0.000000	0.000001	-51.553170	0.002000	1.216755	3.997731	-0.999955	0.000000
3.057450	1.000104	6117.442019	4078.719219	-0.000000	0.000001	-51.553170	0.002000	1.216755	3.997731	-0.999955	0.000000
3.077450	1.000104	6117.442019	4078.719219	-0.000000	-0.000001	-51.553170	0.002000	1.216755	3.997731	-0.999955	0.000000
3.097450	1.000104	6117.442019	4078.719219	0.000000	-0.000001	-51.553170	0.002000	1.216755	3.997731	-0.999955	0.000000
3.117450	1.000104	6117.442019	4078.719219	0.000000	0.000001	-51.553170	0.002000	1.216755	3.997731	-0.999955	0.000000
3.137450	1.000104	6117.442019	4078.719219	-0.000000	0.000000	-51.553170	0.002000	1.216755	3.997731	-0.999955	0.000000
3.157450	1.000104	6117.442019	4078.719219	0.000000	-0.000001	-51.553170	0.002000	1.216755	3.997731	-0.999955	0.000000
3.177450	1.000104	6117.442019	4078.719219	0.000000	0.000001	-51.553170	0.002000	1.216755	3.997731	-0.999955	0.000000
3.197450	1.000104	6117.442019	4078.719219	-0.000000	0.000001	-51.553170	0.002000	1.216755	3.997731	-0.999955	0.000000
3.217450	1.000104	6117.442019	4078.719219	0.000000	-0.000001	-51.553170	0.002000	1.216755	3.997731	-0.999955	0.000000
3.237450	1.000104	6117.442019	4078.719219	0.000000	0.000001	-51.553170	0.002000	1.216755	3.997731	-0.999955	0.000000
3.257450	1.000104	6117.442019	4078.719219	-0.000000	0.000001	-51.553170	0.002000	1.216755	3.997731	-0.999955	0.000000
3.277450	1.000104	6117.442019	4078.719219	-0.000000	-0.000001	-51.553170	0.002000	1.216755	3.997731	-0.999955	0.000000
3.297450	1.000104	6117.442019	4078.719219	0.000000	-0.000001	-51.553170	0.002000	1.216755	3.997731	-0.999955	0.000000
3.317450	1.000104	6117.442019	4078.719219	0.000000	0.000001	-51.553170	0.002000	1.216755	3.997731	-0.999955	0.000000
3.337450	1.000104	6117.442019	4078.719219	-0.000000	0.000001	-51.553170	0.002000	1.216755	3.997731	-0.999955	0.000000
3.357450	1.000104	6117.442019	4078.719219	-0.000000	0.000000	-51.553170	0.002000	1.216755	3.997731	-0.999955	0.000000
3.377450	1.000104	6117.442019	4078.719219	-0.000000	0.000000	-51.553170	0.002000	1.216755	3.997731	-0.999955	0.000000
3.397450	1.000104	6117.442019	4078.719219	-0.000000	-0.000000	-51.553170	0.002000	1.216755	3.997731	-0.999955	0.000000
3.417450	1.000104	6117.442019	4078.719219	-0.000000	-0.000000	-51.553170	0.002000	1.216755	3.997731	-0.999955	0.000000
3.437450	1.000104	6117.442019	4078.719219	-0.000000	-0.000001	-51.553170	0.002000	1.216755	3.997731	-0.999955	0.000000
3.457450	1.000104	6117.442019	4078.719219	0.000000	0.000000	-51.553170	0.002000	1.216755	3.997731	-0.999955	0.000000
3.477450	1.000104	6117.442019	4078.719219	0.000000	-0.000000	-51.553170	0.002000	1.216755	3.997731	-0.999955	0.000000
3.497450	1.000104	6117.442019	4078.719219	0.000000	0.000001	-51.553170	0.002000	1.216755	3.997731	-0.999955	0.000000
3.517450	1.000104	6117.442019	4078.719219	-0.000000	0.000001	-51.553170	0.002000	1.216755	3.997731	-0.999955	0.000000
3.537450	1.000104	6117.442019	4078.719219	-0.000000	0.000000	-51.553170	0.002000	1.216755	3.997731	-0.999955	0.000000
3.557450	1.000104	6117.442019	4078.719219	-0.000000	-0.000001	-51.553170	0.002000	1.216755	3.997731	-0.999955	0.000000
3.577450	1.000104	6117.442019	4078.719219	0.000000	-0.000001	-51.553170	0.002000	1.216755	3.997731	-0.999955	0.000000
3.597450	1.000104	6117.442019	4078.719219	0.000000	0.000001	-51.553170	0.002000	1.216755	3.997731	-0.999955	0.000000
3.617450	1.000104	6117.442019	4078.719219	0.000000	-0.000000	-51.553170	0.002000	1.216755	3.997731	-0.999955	0.000000
3.637450	1.000104	6117.442019	4078.719219	0.000000	-0.000001	-51.553170	0.002000	1.216755	3.997731	-0.999955	0.000000
3.657450	1.000104	6117.442019	4078.719219	0.000000	0.000001	-51.553170	0.002000	1.216755	3.997731	-0.999955	0.000000
3.677450	1.000104	6117.442019	4078.719219	-0.000000	0.000001	-51.553170	0.002000	1.216755	3.997731	-0.999955	0.000000
3.697450	1.000104	6117.442019	4078.719219	-0.000000	-0.000001	-51.553170	0.002000	1.216755	3.997731	-0.999955	0.000000
3.717450	1.000104	6117.442019	4078.719219	-0.000000	-0.000000	-51.553170	0.002000	1.216755	3.997731	-0.999955	0.000000
3.737450	1.000104	6117.442019	4078.719219	-0.000000	-0.000001	-51.553170	0.002000	1.216755	3.997731	-0.999955	0.000000
3.757450	1.000104	6117.442019	4078.719219	-0.000000	0.000001	-51.553170	0.002000	1.216755	3.997731	-0.999955	0.000000
3.777450	1.000104	6117.442019	4078.719219	-0.000000	0.000000	-51.553170	0.002000	1.216755	3.997731	-0.999955	0.000000
3.797450	1.000104	6117.442019	4078.719219	0.000000	-0.000001	-51.553170	0.002000	1.216755	3.997731	-0.999955	0.000000
3.817450	1.000104	6117.442019	4078.719219	-0.000000	-0.000001	-51.553170	0.002000	1.216755	3.997731	-0.999955	0.000000
3.837450	1.000104	6117.442019	4078.719219	-0.000000	-0.000001	-51.553170	0.002000	1.216755	3.997731	-0.999955	0.000000
3.857450	1.000104	6117.442019	4078.719219	0.000000	0.000001	-51.553170	0.002000	1.216755	3.997731	-0.999955	0.000000
3.877450	1.000104	6117.442019	4078.719219	-0.000000	0.000000	-51.553170	0.002000	1.216755	3.997731	-0.999955	0.000000
3.897450	1.000104	6117.442019	4078.719219	0.000000	-0.000000	-51.553170	0.002000	1.216755	3.997731	-0.999955	0.000000
3.917450	1.000104	6117.442019	4078.719219	-0.000000	-0.000000	-51.553170	0.002000	1.216755	3.997731	-0.999955	0.000000
3.937450	1.000104	6117.442019	4078.719219	0.000000	-0.000001	-51.553170	0.002000	1.216755	3.997731	-0.999955	0.000000
3.957450	1.000104	6117.442019	4078.719219	0.000000	0.000001	-51.553170	0.002000	1.216755	3.997731	-0.999955	0.000000
3.977450	1.000104	6117.442019	4078.719219	0.000000	0.000001	-51.553170	0.002000	1.216755	3.997731	-0.999955	0.000000
3.997450	1.000104	6117.442019	4078.719219	-0.000000	-0.000000	-51.553170	0.002000	1.216755	3.997731	-0.999955	0.000000
4.017450	1.000104	6117.442019	4078.719219	-0.000000	0.000000	-51.553170	0.002000	1.216755	3.997731	-0.999955	0.000000
4.037450	1.000104	6117.442019	4078.719219	-0.000000	0.000001	-51.553170	0.002000	1.216755	3.997731	-0.999955	0.000000
4.057450	1.000104	6117.442019	4078.719219	-0.000000	0.000000	-51.553170	0.002000	1.216755	3.997731	-0.999955	0.000000
4.077450	1.000104	6117.442019	4078.719219	-0.000000	-0.000000	-51.553170	0.002000	1.216755	3.997731	-0.999955	0.000000
4.097450	1.000104	6117.442019	4078.719219	-0.000000	-0.000001	-51.553170	0.002000	1.216755	3.997731	-0.999955	0.000000
4.117450	1.000104	6117.442019	4078.719219	0.000000	-0.000001	-51.553170	0.002000	1.216755	3.997731	-0.999955	0.000000
4.137450	1.000104	6117.442019	4078.719219	0.000000	0.000001	-51.553170	0.002000	1.216755	3.997731	-0.999955	0.000000
4.157450	1.000104	6117.442019	4078.719219	-0.000000	0.000001	-51.553170	0.002000	1.216755	3.997731	-0.999955	0.000000
4.177450	1.000104	6117.442019	4078.719219	-0.000000	-0.000001	-51.553170	0.002000	1.216755	3.997731	-0.999955	0.000000
4.197450	1.000104	6117.442019	4078.719219	0.000000	-0.000001	-51.553170	0.002000	1.216755	3.997731	-0.999955	0.000000
4.217450	1.000104	6117.442019	4078.719219	0.000000	0.000001	-51.553170	0.002000	1.216755	3.997731	-0.999955	0.000000
4.237450	1.000104	6117.442019	4078.719219	-0.000000	0.000001	-51.553170	0.002000	1.216755	3.997731	-0.999955	0.000000
4.257450	1.000104	6117.442019	4078.719219	-0.000000	-0.000000	-51.553170	0.002000	1.216755	3.997731	-0.999955	0.000000
4.277450	1.000104	6117.442019	4078.719219	0.000000	-0.000000	-51.553170	0.002000	1.216755	3.997731	-0.999955	0.000000
4.297450	1.000104	6117.442019	4078.719219	0.000000	-0.000002	-51.553170	0.002000	1.216755	3.997731	-0.999955	0.000000
4.317450	1.000104	6117.442019	4078.719219	0.000000	-0.000003	-51.553170	0.002000	1.216755	3.997731	-0.999955	0.000000
4.337450	1.000104	6117.442019	4078.719219	0.000000	-0.000007	-51.553170	0.002000	1.216755	3.997731	-0.999955	0.000000
4.357450	1.000104	6117.442019	4078.719219	0.000000	-0.000030	-51.553170	0.002000	1.216755	3.997731	-0.999955	0.000000
4.377450	1.000104	6117.442019	4078.719219	0.000001	-0.000089	-51.553170	0.002000	1.216755	3.997731	-0.999955	0.000000
4.397450	1.000104	6117.442019	4078.719219	0.000003	-0.000267	-51.553170	0.002000	1.216755	3.997731	-0.999955	0.000000
4.417450	1.000104	6117.442019	4078.719219	0.000010	-0.000753	-51.553170	0.002000	1.216755	3.997731	-0.999955	0.000000
4.437450	1.000104	6117.442019	4078.719219	0.000027	-0.002027	-51.553170	0.002000	1.216755	3.997731	-0.999955	0.000000
4.457450	1.000104	6117.442019	4078.719219	0.000072	-0.005343	-51.553170	0.002000	1.216755	3.997731	-0.999955	0.000000
4.477450	1.000104	6117.442019	4078.719219	0.000188	-0.013694	-51.553170	0.002000	1.216755	3.997731	-0.999955	0.000000
4.497450	1.000104	6117.442019	4078.719219	0.000476	-0.034289	-51.553170	0.002000	1.216755	3.997731	-0.999955	0.000000
4.517450	1.000104	6117.442018	4078.719218	0.001182	-0.084069	-51.553170	0.002000	1.216755	3.997731	-0.999955	0.000000
4.537450	1.000104	6117.442016	4078.719216	0.002875	-0.201807	-51.553170	0.002000	1.216755	3.997731	-0.999955	0.000000
4.557450	1.000104	6117.442011	4078.719210	0.006844	-0.474737	-51.553170	0.002000	1.216755	3.997731	-0.999955	0.000000
4.577450	1.000104	6117.442000	4078.719197	0.015968	-1.094893	-51.553170	0.002000	1.216755	3.997731	-0.999955	0.000000
4.597450	1.000104	6117.441974	4078.719166	0.036526	-2.476326	-51.553170	0.002000	1.216755	3.997731	-0.999955	0.000000
4.617450	1.000104	6117.441915	4078.719096	0.081929	-5.493193	-51.553170	0.002000	1.216755	3.997731	-0.999955	0.000000
4.637450	1.000104	6117.441784	4078.718938	0.180213	-11.951722	-51.553170	0.002000	1.216755	3.997731	-0.999955	0.000000
4.657450	1.000104	6117.441498	4078.718593	0.388684	-25.508473	-51.553169	0.002000	1.216755	3.997731	-0.999955	0.000000
4.677450	1.000104	6117.440887	4078.717848	0.822078	-53.367370	-51.553168	0.002000	1.216755	3.997730	-0.999955	0.000000
4.697450	1.000104	6117.439608	4078.716277	1.704379	-109.456758	-51.553165	0.002000	1.216755	3.997730	-0.999955	0.000000
4.717450	1.000103	6117.436981	4078.713026	3.462932	-220.011035	-51.553160	0.002000	1.216755	3.997730	-0.999955	0.000000
4.737450	1.000103	6117.431697	4078.706431	6.892796	-433.229902	-51.553150	0.002000	1.216755	3.997730	-0.999956	0.000000
4.757450	1.000101	6117.421283	4078.693326	13.435105	-835.363038	-51.553129	0.002000	1.216755	3.997729	-0.999956	0.000000
4.777450	1.000098	6117.401184	4078.667822	25.631489	-1576.523404	-51.553087	0.002000	1.216755	3.997728	-0.999958	0.000000
4.797450	1.000092	6117.363222	4078.619238	47.836608	-2910.410094	-51.553009	0.002000	1.216755	3.997725	-0.999960	0.000000
4.817450	1.000081	6117.293091	4078.528692	87.285282	-5252.569931	-51.552862	0.002000	1.216755	3.997720	-0.999965	0.000000
4.837451	1.000061	6117.166436	4078.363689	155.607461	-9261.137105	-51.552594	0.002000	1.216755	3.997711	-0.999973	0.000000
4.857452	1.000025	6116.942981	4078.069870	270.843718	-15941.140629	-51.552115	0.002000	1.216755	3.997696	-0.999989	0.000000
4.877454	0.999961	6116.558118	4077.558977	459.911497	-26767.278728	-51.551282	0.002000	1.216755	3.997668	-1.000016	0.000000
4.897457	0.999852	6115.911493	4076.692163	761.285442	-43809.640747	-51.549866	0.002000	1.216755	3.997623	-1.000063	0.000000
4.917464	0.999671	6114.852501	4075.258219	1227.379261	-69832.505136	-51.547520	0.002001	1.216755	3.997548	-1.000141	0.000000
4.937474	0.999375	6113.163240	4072.947185	1925.789755	-108320.721030	-51.543737	0.002001	1.216755	3.997429	-1.000269	0.000000
4.957492	0.998908	6110.540580	4069.321355	2938.289393	-163377.408111	-51.537795	0.002002	1.216755	3.997244	-1.000471	0.000000
4.977521	0.998187	6106.580182	4063.787687	4356.411064	-239439.922511	-51.528718	0.002004	1.216755	3.996965	-1.000782	0.000000
4.997568	0.997107	6100.766525	4055.577829	6272.859011	-340788.083686	-51.515241	0.002006	1.216755	3.996553	-1.001249	0.000000
5.017640	0.995535	6092.473447	4043.743402	8768.938329	-470873.060199	-51.495793	0.002009	1.216755	3.995966	-1.001930	0.000000
5.037749	0.993309	6080.979055	4027.174088	11899.606331	-631568.400561	-51.468525	0.002013	1.216755	3.995149	-1.002897	0.000000
5.057911	0.990248	6065.496557	4004.643367	15679.188727	-822510.189762	-51.431371	0.002020	1.216755	3.994047	-1.004231	0.000000
5.078144	0.986157	6045.219054	3974.881495	20071.566511	-1040716.432113	-51.382148	0.002028	1.216755	3.992598	-1.006022	0.000000
5.098473	0.980838	6019.372486	3936.668507	24988.120690	-1280630.387069	-51.318681	0.002039	1.216755	3.990743	-1.008363	0.000000
5.118926	0.974105	5987.268146	3888.933825	30294.816608	-1534621.562815	-51.238939	0.002053	1.216755	3.988427	-1.011345	0.000000
5.139536	0.965797	5948.345760	3830.846009	35827.142892	-1793844.348200	-51.141147	0.002071	1.216755	3.985601	-1.015055	0.000000
5.160342	0.955787	5902.200221	3761.877626	41409.355757	-2049251.543182	-51.023868	0.002093	1.216755	3.982226	-1.019569	0.000000
5.181387	0.943988	5848.589029	3681.835896	46873.544112	-2292534.355836	-50.886031	0.002119	1.216755	3.978269	-1.024953	0.000000
5.202717	0.930357	5787.421850	3590.857645	52074.629017	-2516821.084010	-50.726919	0.002150	1.216755	3.973710	-1.031260	0.000000
5.224384	0.914888	5718.736067	3489.373715	56899.464651	-2717027.776485	-50.546118	0.002186	1.216755	3.968531	-1.038531	0.000000
5.246443	0.897611	5642.665340	3378.053802	61269.631318	-2889948.797717	-50.343439	0.002228	1.216755	3.962720	-1.046802	0.000000
5.268954	0.878578	5559.402679	3257.739230	65141.349522	-3033868.152979	-50.118831	0.002276	1.216755	3.956269	-1.056101	0.000000
5.291982	0.857861	5469.171854	3129.381310	68495.059022	-3148864.319546	-49.872295	0.002331	1.216755	3.949167	-1.066457	0.000000
5.315596	0.835538	5372.200928	2993.984635	71335.841942	-3235607.145846	-49.603796	0.002394	1.216755	3.941401	-1.077900	0.000000
5.339873	0.811690	5268.699807	2852.560616	73683.273872	-3295557.088715	-49.313198	0.002464	1.216755	3.932956	-1.090469	0.000000
5.364899	0.786395	5158.850162	2706.098443	75566.679279	-3330531.027322	-49.000186	0.002543	1.216755	3.923808	-1.104213	0.000000
5.390767	0.759722	5042.794932	2555.546016	77020.531118	-3342468.682187	-48.664215	0.002633	1.216755	3.913929	-1.119194	0.000000
5.417585	0.731735	4920.615971	2401.805350	78080.408033	-3333405.233291	-48.304445	0.002733	1.216755	3.903280	-1.135490	0.000000
5.445476	0.702495	4792.277080	2245.719767	78781.187958	-3305462.409238	-47.919705	0.002847	1.216755	3.891804	-1.153197	0.000000
5.474581	0.672074	4657.454127	2088.051557	79152.670346	-3261143.797209	-47.508444	0.002976	1.216755	3.879412	-1.172419	0.000000
5.505062	0.640559	4515.268280	1929.404410	79220.875340	-3203519.229879	-47.068732	0.003122	1.216755	3.865948	-1.193273	0.000000
5.537112	0.608061	4363.775452	1770.085899	79002.312726	-3136002.801475	-46.598273	0.003289	1.216755	3.851129	-1.215883	0.000000
5.570952	0.574657	4199.660639	1609.944795	78509.237969	-3061750.829267	-46.094271	0.003480	1.216755	3.834482	-1.240419	0.000000
5.606852	0.540270	4018.308430	1448.257725	77748.681001	-2980134.321387	-45.553343	0.003702	1.216755	3.815313	-1.267215	0.000000
5.645155	0.504455	3816.061407	1284.203611	76726.654398	-2884939.788939	-44.970055	0.003965	1.216755	3.792887	-1.297001	0.000000
5.686358	0.466142	3594.731037	1117.854322	75473.533771	-2760248.149321	-44.335621	0.004291	1.216755	3.766940	-1.331303	0.000000
5.731270	0.423832	3367.431355	952.129807	73989.609906	-2593383.919118	-43.632259	0.004719	1.216755	3.738573	-1.372625	0.000000
5.781238	0.375907	3160.222256	792.510932	72358.983672	-2381301.024753	-42.830264	0.005320	1.216755	3.710989	-1.424732	0.000000
5.838667	0.322069	3006.779390	646.039509	70491.067895	-2145847.112018	-41.875484	0.006210	1.216755	3.689367	-1.491856	0.000000
5.907486	0.263047	2942.903966	516.436878	68615.703200	-1911141.302174	-40.676522	0.007603	1.216755	3.680032	-1.579763	0.000000
5.995379	0.202121	3000.361878	404.569718	66407.025064	-1704048.716981	-39.071704	0.009895	1.216755	3.688418	-1.694173	0.000000
6.115940	0.136484	3226.754179	293.800748	65209.214591	-1488598.223235	-36.675555	0.014654	1.216755	3.719994	-1.864690	0.000000
6.339496	0.076308	4370.226069	222.465661	63313.498035	-1169391.259336	-31.902322	0.026209	1.216755	3.851704	-2.117189	0.000000
-0.002972	3.367218	102475.504571	230038.779809	7.346861	0.000000	0.000695	0.000594	0.000000	5.221784	-0.472731	0.000000
-0.008910	3.373869	102255.326110	229997.573846	21.119247	0.000000	0.002024	0.000593	0.000000	5.220849	-0.471874	0.000000
-0.014831	3.386804	101829.943544	229918.843755	32.260661	0.000000	0.003176	0.000591	0.000000	5.219038	-0.470212	0.000000
-0.020724	3.405338	101227.555281	229809.409978	39.441519	0.000000	0.004056	0.000587	0.000000	5.216461	-0.467841	0.000000
-0.026580	3.428494	100486.619255	229678.529485	41.887023	0.000000	0.004598	0.000583	0.000000	5.213270	-0.464898	0.000000
-0.032393	3.455073	99652.160031	229536.928768	39.472144	0.000000	0.004773	0.000579	0.000000	5.209647	-0.461543	0.000000
-0.038160	3.483733	98771.544831	229395.690530	32.710947	0.000000	0.004590	0.000574	0.000000	5.205792	-0.457955	0.000000
-0.043877	3.513087	97890.531448	229265.159974	22.657172	0.000000	0.004091	0.000569	0.000000	5.201900	-0.454310	0.000000
-0.049547	3.541800	97049.852556	229153.991962	10.731545	0.000000	0.003346	0.000565	0.000000	5.198154	-0.450774	0.000000
-0.055172	3.568687	96282.706128	229068.440948	-1.490643	0.000000	0.002440	0.000560	0.000000	5.194707	-0.447490	0.000000
-0.060756	3.592789	95613.216226	229011.957815	-12.500882	0.000000	0.001468	0.000557	0.000000	5.191676	-0.444566	0.000000
-0.066306	3.613430	95055.888952	228985.117258	-21.055247	0.000000	0.000520	0.000553	0.000000	5.189138	-0.442079	0.000000
-0.071827	3.630244	94615.937572	228985.857732	-26.323752	0.000000	-0.000327	0.000551	0.000000	5.187123	-0.440063	0.000000
-0.077325	3.643163	94290.325640	229009.980075	-27.972908	0.000000	-0.001016	0.000549	0.000000	5.185627	-0.438520	0.000000
-0.082806	3.652389	94069.325686	229051.823496	-26.173541	0.000000	-0.001511	0.000548	0.000000	5.184608	-0.437422	0.000000
-0.088277	3.658328	93938.392227	229105.022511	-21.536001	0.000000	-0.001800	0.000547	0.000000	5.184003	-0.436717	0.000000
-0.093741	3.661528	93880.142436	229163.246540	-14.985830	0.000000	-0.001894	0.000546	0.000000	5.183735	-0.436338	0.000000
