0.002972	3.367782	102456.140481	230033.865225	7.185238	-2032382.863386	-0.000686	0.000594	1.216755	5.221702	-0.472658	0.000000
0.008909	3.374386	102237.710224	229993.188712	20.657338	-1849379.492496	-0.001999	0.000593	1.216755	5.220774	-0.471808	0.000000
0.014829	3.387231	101815.616565	229915.450706	31.564102	-1505044.832819	-0.003138	0.000590	1.216755	5.218977	-0.470157	0.000000
0.020721	3.405639	101217.677063	229807.349553	38.608661	-1039161.212476	-0.004009	0.000587	1.216755	5.216419	-0.467803	0.000000
0.026577	3.428648	100481.851182	229677.980897	41.034432	-503811.285959	-0.004548	0.000583	1.216755	5.213249	-0.464878	0.000000
0.032390	3.455071	99652.615982	229537.892134	38.717188	43776.372515	-0.004726	0.000579	1.216755	5.209649	-0.461543	0.000000
0.038156	3.483582	98776.813957	229397.992905	32.154410	548719.839666	-0.004551	0.000574	1.216755	5.205815	-0.457974	0.000000
0.043874	3.512806	97899.762305	229268.483601	22.368334	964889.815089	-0.004064	0.000569	1.216755	5.201941	-0.454345	0.000000
0.049545	3.541422	97061.881797	229157.920161	10.738181	1259568.208761	-0.003333	0.000565	1.216755	5.198207	-0.450821	0.000000
0.055170	3.568250	96296.210569	229072.514721	-1.205832	1415897.271283	-0.002442	0.000560	1.216755	5.194768	-0.447543	0.000000
0.060755	3.592336	95626.867599	229015.735006	-11.996695	1433174.966454	-0.001483	0.000557	1.216755	5.191738	-0.444621	0.000000
0.066306	3.613000	95068.493105	228988.226056	-20.421802	1325246.463174	-0.000545	0.000554	1.216755	5.189195	-0.442130	0.000000
0.071827	3.629871	94626.544223	228988.037428	-25.667281	1117447.486590	0.000296	0.000551	1.216755	5.187172	-0.440107	0.000000
0.077325	3.642873	94298.299561	229011.104106	-27.398097	842594.659829	0.000983	0.000549	1.216755	5.185663	-0.438555	0.000000
0.082807	3.652194	94074.375295	229051.902677	-25.766479	536553.828513	0.001479	0.000548	1.216755	5.184631	-0.437446	0.000000
0.088278	3.658231	93940.556503	229104.189383	-21.350844	233897.647094	0.001774	0.000547	1.216755	5.184013	-0.436729	0.000000
0.093742	3.661520	93879.741712	229161.724601	-15.037578	-35863.657751	0.001876	0.000546	1.216755	5.183733	-0.436339	0.000000
0.099203	3.662664	93873.816616	229218.899139	-7.866435	-251071.529720	0.001811	0.000546	1.216755	5.183706	-0.436203	0.000000
0.104664	3.662272	93905.295613	229271.199159	-0.865787	-399444.865452	0.001619	0.000546	1.216755	5.183851	-0.436250	0.000000
0.110126	3.660900	93958.610153	229315.474980	5.095141	-478237.727533	0.001343	0.000546	1.216755	5.184098	-0.436413	0.000000
0.115591	3.659023	94020.971335	229350.009450	9.414062	-493128.415386	0.001027	0.000547	1.216755	5.184386	-0.436636	0.000000
0.121059	3.657008	94082.790283	229374.409228	11.809027	-456131.648238	0.000710	0.000547	1.216755	5.184672	-0.436875	0.000000
0.126530	3.655114	94137.692578	229389.362925	12.314047	-382959.731883	0.000423	0.000547	1.216755	5.184925	-0.437100	0.000000
0.132004	3.653498	94182.206040	229396.321177	11.224554	-290305.652136	0.000187	0.000547	1.216755	5.185130	-0.437292	0.000000
0.137480	3.652231	94215.227176	229397.154916	9.008812	-193473.956557	0.000010	0.000548	1.216755	5.185282	-0.437442	0.000000
0.142957	3.651320	94237.378816	229393.840559	6.205616	-104663.670389	-0.000105	0.000548	1.216755	5.185384	-0.437551	0.000000
0.148436	3.650727	94250.361138	229388.207379	3.328264	-32046.685933	-0.000166	0.000548	1.216755	5.185444	-0.437621	0.000000
0.153915	3.650392	94256.375487	229381.766166	0.790444	20374.900737	-0.000184	0.000548	1.216755	5.185471	-0.437661	0.000000
0.159395	3.650244	94257.671131	229375.622500	-1.137051	52275.916642	-0.000170	0.000548	1.216755	5.185477	-0.437678	0.000000
0.164875	3.650217	94256.235721	229370.465182	-2.337170	66098.415033	-0.000137	0.000548	1.216755	5.185471	-0.437681	0.000000
0.170354	3.650257	94253.625224	229366.611792	-2.829693	65964.227333	-0.000097	0.000548	1.216755	5.185459	-0.437677	0.000000
0.175834	3.650322	94250.911431	229364.089650	-2.735413	56622.724661	-0.000058	0.000548	1.216755	5.185446	-0.437669	0.000000
0.181313	3.650385	94248.715477	229362.730908	-2.231837	42589.706057	-0.000024	0.000548	1.216755	5.185436	-0.437661	0.000000
0.186793	3.650433	94247.293563	229362.264174	-1.510170	27562.950591	0.000002	0.000548	1.216755	5.185430	-0.437656	0.000000
0.192272	3.650460	94246.644409	229362.390548	-0.740839	14132.092000	0.000019	0.000548	1.216755	5.185427	-0.437653	0.000000
0.197751	3.650468	94246.614863	229362.837785	-0.051560	3746.660866	0.000028	0.000548	1.216755	5.185426	-0.437652	0.000000
0.203231	3.650462	94246.988326	229363.391572	0.481383	-3127.401107	0.000031	0.000548	1.216755	5.185428	-0.437652	0.000000
0.208710	3.650449	94247.548645	229363.906774	0.830572	-6744.780115	0.000030	0.000548	1.216755	5.185431	-0.437654	0.000000
0.214189	3.650433	94248.118544	229364.303769	1.007174	-7787.790802	0.000026	0.000548	1.216755	5.185433	-0.437656	0.000000
0.219669	3.650419	94248.576111	229364.555669	1.046988	-7102.042618	0.000023	0.000548	1.216755	5.185436	-0.437657	0.000000
0.225148	3.650410	94248.855125	229364.671806	0.996433	-5496.340429	0.000019	0.000548	1.216755	5.185437	-0.437658	0.000000
0.230628	3.650408	94248.935542	229364.681561	0.901052	-3619.742494	0.000016	0.000548	1.216755	5.185437	-0.437659	0.000000
0.236107	3.650411	94248.829696	229364.621145	0.797894	-1910.699629	0.000015	0.000548	1.216755	5.185437	-0.437658	0.000000
0.241586	3.650419	94248.568364	229364.524457	0.711954	-601.888961	0.000014	0.000548	1.216755	5.185435	-0.437657	0.000000
0.247066	3.650432	94248.189219	229364.418044	0.656008	240.183475	0.000014	0.000548	1.216755	5.185434	-0.437656	0.000000
0.252545	3.650448	94247.728756	229364.319423	0.632754	660.795555	0.000015	0.000548	1.216755	5.185432	-0.437654	0.000000
0.258025	3.650467	94247.217715	229364.237730	0.638066	763.404670	0.000016	0.000548	1.216755	5.185429	-0.437652	0.000000
0.263504	3.650487	94246.679366	229364.175620	0.664342	666.532448	0.000016	0.000548	1.216755	5.185427	-0.437649	0.000000
0.268983	3.650507	94246.129744	229364.131564	0.703270	475.209750	0.000017	0.000548	1.216755	5.185424	-0.437647	0.000000
0.274462	3.650528	94245.578974	229364.101932	0.747689	266.693575	0.000018	0.000548	1.216755	5.185422	-0.437644	0.000000
0.279942	3.650549	94245.032951	229364.082569	0.792509	87.489302	0.000018	0.000548	1.216755	5.185419	-0.437642	0.000000
0.285421	3.650570	94244.494906	229364.069774	0.834866	-42.350277	0.000019	0.000548	1.216755	5.185417	-0.437640	0.000000
0.290900	3.650590	94243.966634	229364.060748	0.873779	-121.515997	0.000019	0.000548	1.216755	5.185414	-0.437637	0.000000
0.296379	3.650610	94243.449296	229364.053669	0.909565	-159.306951	0.000019	0.000548	1.216755	5.185412	-0.437635	0.000000
0.301858	3.650629	94242.943858	229364.047533	0.943235	-168.906336	0.000020	0.000548	1.216755	5.185410	-0.437632	0.000000
0.307337	3.650648	94242.451267	229364.041912	0.975998	-162.846066	0.000020	0.000548	1.216755	5.185407	-0.437630	0.000000
0.312816	3.650667	94241.972459	229364.036706	1.008941	-150.651474	0.000020	0.000548	1.216755	5.185405	-0.437628	0.000000
0.318295	3.650685	94241.508306	229364.031959	1.042863	-138.197926	0.000020	0.000548	1.216755	5.185403	-0.437626	0.000000
0.323774	3.650702	94241.059548	229364.027730	1.078242	-128.157549	0.000020	0.000548	1.216755	5.185401	-0.437624	0.000000
0.329253	3.650719	94240.626749	229364.024040	1.115300	-120.943067	0.000021	0.000548	1.216755	5.185399	-0.437622	0.000000
0.334732	3.650735	94240.210284	229364.020855	1.154068	-115.718177	0.000021	0.000548	1.216755	5.185397	-0.437620	0.000000
0.340211	3.650750	94239.810350	229364.018100	1.194492	-111.220570	0.000021	0.000548	1.216755	5.185395	-0.437618	0.000000
0.345690	3.650765	94239.426998	229364.015680	1.236487	-106.298538	0.000021	0.000548	1.216755	5.185393	-0.437616	0.000000
0.351169	3.650779	94239.060163	229364.013503	1.279981	-100.175519	0.000021	0.000548	1.216755	5.185392	-0.437615	0.000000
0.356648	3.650793	94238.709696	229364.011496	1.324939	-92.506386	0.000021	0.000548	1.216755	5.185390	-0.437613	0.000000
0.362126	3.650806	94238.375391	229364.009605	1.371353	-83.310628	0.000022	0.000548	1.216755	5.185388	-0.437611	0.000000
0.367605	3.650818	94238.056990	229364.007804	1.419232	-72.851383	0.000022	0.000548	1.216755	5.185387	-0.437610	0.000000
0.373084	3.650830	94237.754195	229364.006082	1.468601	-61.508375	0.000022	0.000548	1.216755	5.185386	-0.437609	0.000000
0.378563	3.650841	94237.466661	229364.004439	1.519477	-49.673211	0.000022	0.000548	1.216755	5.185384	-0.437607	0.000000
0.384042	3.650852	94237.193995	229364.002876	1.571863	-37.674052	0.000022	0.000548	1.216755	5.185383	-0.437606	0.000000
0.389520	3.650862	94236.935751	229364.001388	1.625742	-25.729050	0.000022	0.000548	1.216755	5.185382	-0.437605	0.000000
0.394999	3.650871	94236.691427	229363.999961	1.681079	-13.923953	0.000022	0.000548	1.216755	5.185381	-0.437604	0.000000
0.400478	3.650880	94236.460467	229363.998566	1.737825	-2.210160	0.000022	0.000548	1.216755	5.185380	-0.437603	0.000000
0.405956	3.650888	94236.242270	229363.997162	1.795917	9.578356	0.000022	0.000548	1.216755	5.185379	-0.437602	0.000000
0.411435	3.650896	94236.036200	229363.995697	1.855299	21.695795	0.000022	0.000548	1.216755	5.185378	-0.437601	0.000000
0.416914	3.650904	94235.841603	229363.994114	1.915924	34.438917	0.000022	0.000548	1.216755	5.185377	-0.437600	0.000000
0.422392	3.650911	94235.657820	229363.992358	1.977784	48.094495	0.000022	0.000548	1.216755	5.185376	-0.437599	0.000000
0.427871	3.650918	94235.484210	229363.990376	2.040930	62.889556	0.000022	0.000548	1.216755	5.185375	-0.437598	0.000000
0.433350	3.650924	94235.320163	229363.988131	2.105497	78.945772	0.000022	0.000548	1.216755	5.185374	-0.437597	0.000000
0.438828	3.650930	94235.165108	229363.985594	2.171723	96.251229	0.000021	0.000548	1.216755	5.185374	-0.437597	0.000000
0.444307	3.650936	94235.018526	229363.982756	2.239978	114.654638	0.000021	0.000548	1.216755	5.185373	-0.437596	0.000000
0.449786	3.650941	94234.879946	229363.979620	2.310756	133.880702	0.000021	0.000548	1.216755	5.185372	-0.437595	0.000000
0.455264	3.650946	94234.748948	229363.976199	2.384676	153.564685	0.000021	0.000548	1.216755	5.185372	-0.437595	0.000000
0.460743	3.650951	94234.625149	229363.972512	2.462449	173.298866	0.000021	0.000548	1.216755	5.185371	-0.437594	0.000000
0.466221	3.650955	94234.508202	229363.968580	2.544840	192.684256	0.000021	0.000548	1.216755	5.185371	-0.437594	0.000000
0.471700	3.650959	94234.397777	229363.964421	2.632600	211.375883	0.000020	0.000548	1.216755	5.185370	-0.437593	0.000000
0.477179	3.650963	94234.293564	229363.960045	2.726392	229.114337	0.000020	0.000548	1.216755	5.185370	-0.437593	0.000000
0.482657	3.650967	94234.195255	229363.955457	2.826721	245.743668	0.000020	0.000548	1.216755	5.185369	-0.437592	0.000000
0.488136	3.650970	94234.102548	229363.950651	2.933855	261.215145	0.000020	0.000548	1.216755	5.185369	-0.437592	0.000000
0.493614	3.650974	94234.015143	229363.945613	3.047764	275.576803	0.000019	0.000548	1.216755	5.185368	-0.437591	0.000000
0.499093	3.650977	94233.932741	229363.940329	3.168102	288.955421	0.000019	0.000548	1.216755	5.185368	-0.437591	0.000000
0.504571	3.650980	94233.855048	229363.934777	3.294197	301.535477	0.000019	0.000548	1.216755	5.185368	-0.437591	0.000000
0.510050	3.650983	94233.781779	229363.928938	3.425089	313.538769	0.000018	0.000548	1.216755	5.185367	-0.437590	0.000000
0.515528	3.650985	94233.712658	229363.922797	3.559589	325.205943	0.000018	0.000548	1.216755	5.185367	-0.437590	0.000000
0.521007	3.650988	94233.647421	229363.916339	3.696352	336.779638	0.000017	0.000548	1.216755	5.185367	-0.437590	0.000000
0.526486	3.650990	94233.585820	229363.909557	3.833994	348.491652	0.000017	0.000548	1.216755	5.185366	-0.437590	0.000000
0.531964	3.650992	94233.527624	229363.902447	3.971179	360.553880	0.000017	0.000548	1.216755	5.185366	-0.437589	0.000000
0.537443	3.650994	94233.472614	229363.895010	4.106708	373.149423	0.000016	0.000548	1.216755	5.185366	-0.437589	0.000000
0.542921	3.650996	94233.420589	229363.887249	4.239596	386.425451	0.000016	0.000548	1.216755	5.185366	-0.437589	0.000000
0.548400	3.650998	94233.371363	229363.879173	4.369107	400.490360	0.000015	0.000548	1.216755	5.185365	-0.437589	0.000000
0.553878	3.650999	94233.324762	229363.870790	4.494791	415.411913	0.000015	0.000548	1.216755	5.185365	-0.437588	0.000000
0.559357	3.651001	94233.280626	229363.862110	4.616461	431.218031	0.000014	0.000548	1.216755	5.185365	-0.437588	0.000000
0.564835	3.651002	94233.238804	229363.853145	4.734176	447.900690	0.000014	0.000548	1.216755	5.185365	-0.437588	0.000000
0.570314	3.651004	94233.199160	229363.843904	4.848199	465.422903	0.000013	0.000548	1.216755	5.185365	-0.437588	0.000000
0.575792	3.651005	94233.161564	229363.834398	4.958935	483.724372	0.000013	0.000548	1.216755	5.185364	-0.437588	0.000000
0.581271	3.651006	94233.125895	229363.824636	5.066902	502.730560	0.000012	0.000548	1.216755	5.185364	-0.437588	0.000000
0.586749	3.651007	94233.092043	229363.814625	5.172664	522.360662	0.000012	0.000548	1.216755	5.185364	-0.437587	0.000000
0.592228	3.651009	94233.059904	229363.804372	5.276774	542.529818	0.000011	0.000548	1.216755	5.185364	-0.437587	0.000000
0.597706	3.651010	94233.029379	229363.793883	5.379816	563.162096	0.000010	0.000548	1.216755	5.185364	-0.437587	0.000000
0.603185	3.651011	94233.000378	229363.783162	5.482300	584.193544	0.000010	0.000548	1.216755	5.185364	-0.437587	0.000000
0.608663	3.651011	94232.972816	229363.772212	5.584549	605.552935	0.000009	0.000548	1.216755	5.185364	-0.437587	0.000000
0.614142	3.651012	94232.946614	229363.761035	5.687113	627.199372	0.000008	0.000548	1.216755	5.185363	-0.437587	0.000000
0.619620	3.651013	94232.921697	229363.749632	5.790352	649.122635	0.000008	0.000548	1.216755	5.185363	-0.437587	0.000000
0.625099	3.651014	94232.897994	229363.738003	5.893925	671.236756	0.000007	0.000548	1.216755	5.185363	-0.437587	0.000000
0.630577	3.651014	94232.875441	229363.726150	5.998801	693.551749	0.000006	0.000548	1.216755	5.185363	-0.437587	0.000000
0.636056	3.651015	94232.853975	229363.714069	6.105432	716.180496	0.000005	0.000548	1.216755	5.185363	-0.437587	0.000000
0.641534	3.651016	94232.833537	229363.701761	6.211179	738.843882	0.000004	0.000548	1.216755	5.185363	-0.437586	0.000000
0.647013	3.651016	94232.814074	229363.689227	6.319582	761.637587	0.000004	0.000548	1.216755	5.185363	-0.437586	0.000000
0.652491	3.651017	94232.795532	229363.676456	6.432581	785.158855	0.000003	0.000548	1.216755	5.185363	-0.437586	0.000000
0.657970	3.651017	94232.777863	229363.663457	6.537313	808.147244	0.000002	0.000548	1.216755	5.185363	-0.437586	0.000000
0.663448	3.651018	94232.761023	229363.650235	6.649286	830.947936	0.000001	0.000548	1.216755	5.185363	-0.437586	0.000000
0.668927	3.651018	94232.744964	229363.636745	6.779206	856.482767	-0.000000	0.000548	1.216755	5.185363	-0.437586	0.000000
0.674405	3.651018	94232.729643	229363.623030	6.866513	879.042557	-0.000001	0.000548	1.216755	5.185362	-0.437586	0.000000
0.679884	3.651019	94232.715037	229363.609127	6.979612	899.810544	-0.000002	0.000548	1.216755	5.185362	-0.437586	0.000000
0.685362	3.651019	94232.701093	229363.594833	7.176827	933.024693	-0.000003	0.000548	1.216755	5.185362	-0.437586	0.000000
0.690841	3.651019	94232.687765	229363.580350	7.173899	952.829604	-0.000004	0.000548	1.216755	5.185362	-0.437586	0.000000
0.696319	3.651020	94232.675105	229363.565886	7.270748	962.289417	-0.000005	0.000548	1.216755	5.185362	-0.437586	0.000000
0.701798	3.651020	94232.663007	229363.550519	7.777315	1029.673902	-0.000006	0.000548	1.216755	5.185362	-0.437586	0.000000
0.707276	3.651020	94232.651372	229363.535136	7.362404	1037.197672	-0.000008	0.000548	1.216755	5.185362	-0.437586	0.000000
0.712755	3.651020	94232.640535	229363.520819	7.332299	986.921508	-0.000009	0.000548	1.216755	5.185362	-0.437586	0.000000
0.718233	3.651020	94232.630072	229363.503195	9.305117	1205.585637	-0.000010	0.000548	1.216755	5.185362	-0.437586	0.000000
0.723712	3.651021	94232.619489	229363.485963	7.064123	1161.198479	-0.000012	0.000548	1.216755	5.185362	-0.437586	0.000000
0.729190	3.651021	94232.610351	229363.474449	6.259126	812.510935	-0.000012	0.000548	1.216755	5.185362	-0.437586	0.000000
0.734669	3.651021	94232.600818	229363.447897	15.222985	1726.166276	-0.000014	0.000548	1.216755	5.185362	-0.437586	0.000000
0.740147	3.651021	94232.588500	229363.421534	5.005676	1514.894632	-0.000018	0.000548	1.216755	5.185362	-0.437586	0.000000
0.745626	3.651021	94232.580995	229363.421866	-0.150519	-247.635002	-0.000015	0.000548	1.216755	5.185362	-0.437586	0.000000
0.751104	3.651020	94232.570811	229363.351235	42.195001	3918.130860	-0.000021	0.000548	1.216755	5.185362	-0.437586	0.000000
0.756583	3.651020	94232.546513	229363.271581	-2.372865	3328.673271	-0.000033	0.000548	1.216755	5.185362	-0.437586	0.000000
0.762061	3.651021	94232.544218	229363.313567	-30.763648	-5097.317658	-0.000015	0.000548	1.216755	5.185362	-0.437586	0.000000
0.767540	3.651017	94232.532228	229363.016900	171.252620	14244.086556	-0.000039	0.000548	1.216755	5.185362	-0.437586	0.000000
0.773018	3.651013	94232.452653	229362.622513	-18.443964	13792.377080	-0.000100	0.000548	1.216755	5.185361	-0.437587	0.000000
0.778497	3.651015	94232.471990	229362.761410	-165.915674	-25751.597158	-0.000020	0.000548	1.216755	5.185361	-0.437587	0.000000
0.783975	3.650996	94232.452507	229361.253307	802.296413	64778.415717	-0.000130	0.000548	1.216755	5.185361	-0.437589	0.000000
0.789454	3.650970	94232.098265	229358.968001	16.632301	74988.657589	-0.000451	0.000548	1.216755	5.185359	-0.437592	0.000000
0.794932	3.650967	94232.169523	229358.891406	-717.684015	-107232.132829	-0.000128	0.000548	1.216755	5.185360	-0.437593	0.000000
0.800411	3.650859	94232.066692	229350.635566	3946.029527	320507.674241	-0.000687	0.000548	1.216755	5.185359	-0.437607	0.000000
0.805890	3.650701	94230.283583	229336.899648	822.627831	434444.123500	-0.002400	0.000548	1.216755	5.185351	-0.437625	0.000000
0.811369	3.650620	94230.264380	229331.465952	-2680.120804	-386499.341777	-0.001256	0.000548	1.216755	5.185352	-0.437636	0.000000
0.816848	3.650006	94229.386595	229284.426128	19942.898469	1659526.689186	-0.004254	0.000548	1.216755	5.185344	-0.437718	0.000000
0.822329	3.649021	94219.985200	229200.917172	8386.367198	2559397.997998	-0.013583	0.000548	1.216755	5.185300	-0.437832	0.000000
0.827811	3.648232	94217.477900	229142.509765	-7496.170369	-1019275.241888	-0.010548	0.000548	1.216755	5.185294	-0.437936	0.000000
0.833293	3.644651	94210.268630	228867.060856	103303.206870	8936972.209598	-0.027404	0.000549	1.216755	5.185245	-0.438410	0.000000
0.838786	3.638534	94158.993787	228356.088600	67009.370250	15370127.853343	-0.079161	0.000550	1.216755	5.184999	-0.439134	0.000000
0.844288	3.632278	94131.114180	227875.041782	-865.344420	709580.605893	-0.079658	0.000551	1.216755	5.184893	-0.439944	0.000000
0.849796	3.611320	94074.461527	226249.361095	546709.227029	50862760.164167	-0.177300	0.000554	1.216755	5.184553	-0.442714	0.000000
0.855361	3.574017	93776.706866	223141.962756	495480.666136	99575079.673561	-0.471631	0.000560	1.216755	5.183100	-0.447267	0.000000
0.860990	3.532124	93509.464465	219779.696819	187541.030947	51889864.636502	-0.568091	0.000566	1.216755	5.181935	-0.452695	0.000000
0.866669	3.422471	93021.807616	210986.609562	2856663.649018	336057034.775227	-1.107268	0.000584	1.216755	5.179215	-0.467708	0.000000
0.872667	3.229369	90928.653846	194099.484325	3686599.246284	809009694.509248	-2.832522	0.000619	1.216755	5.168553	-0.493277	0.000000
0.879099	3.063189	88125.710360	178531.025718	300071.681228	718763270.916613	-3.726804	0.000653	1.216755	5.155064	-0.516098	0.000000
0.885709	2.787205	84415.188861	153206.643402	9584744.830462	1922902307.275322	-5.074536	0.000718	1.216755	5.134223	-0.561694	0.000000
0.893516	2.192122	71190.981293	98015.333698	32188869.262388	6238973828.351650	-14.062122	0.000912	1.216755	5.050522	-0.671976	0.000000
0.905026	1.568241	43515.522453	41337.917138	35013657.287652	8140694164.278032	-30.638315	0.001275	1.216755	4.821426	-0.817825	0.000000
0.920949	1.200656	19463.593556	14090.142440	19143719.188731	4571343293.334519	-43.521548	0.001666	1.216755	4.464447	-0.928280	0.000000
0.939572	1.055823	8939.262821	5937.297112	6575866.939380	1328292509.136915	-49.377947	0.001894	1.216755	4.140075	-0.979234	0.000000
0.959237	1.012849	6498.756251	4334.178436	1521794.189766	203535838.021747	-51.113594	0.001975	1.216755	4.019367	-0.995209	0.000000
0.979174	1.002554	6164.651338	4113.252767	275867.368039	24319320.087081	-51.479480	0.001995	1.216755	4.000490	-0.999052	0.000000
0.999164	1.000509	6123.911637	4083.695278	42634.038963	3201787.100737	-51.542620	0.001999	1.216755	3.998113	-0.999808	0.000000
1.019162	1.000162	6118.375463	4079.433143	5560.285865	460993.794323	-51.551877	0.002000	1.216755	3.997786	-0.999934	0.000000
1.039162	1.000111	6117.573424	4078.815871	626.610583	66452.850781	-51.553032	0.002000	1.216755	3.997738	-0.999952	0.000000
1.059162	1.000105	6117.459383	4078.731330	61.051894	9074.171474	-51.553157	0.002000	1.216755	3.997732	-0.999955	0.000000
1.079162	1.000104	6117.444145	4078.720619	5.068285	1148.740534	-51.553169	0.002000	1.216755	3.997731	-0.999955	0.000000
1.099162	1.000104	6117.442260	4078.719370	0.361836	134.218055	-51.553170	0.002000	1.216755	3.997731	-0.999955	0.000000
1.119162	1.000104	6117.442045	4078.719235	0.026421	14.541441	-51.553170	0.002000	1.216755	3.997731	-0.999955	0.000000
1.139162	1.000104	6117.442022	4078.719221	0.003252	1.486012	-51.553170	0.002000	1.216755	3.997731	-0.999955	0.000000
1.159162	1.000104	6117.442020	4078.719220	0.000645	0.149041	-51.553170	0.002000	1.216755	3.997731	-0.999955	0.000000
1.179162	1.000104	6117.442019	4078.719220	0.000127	0.015720	-51.553170	0.002000	1.216755	3.997731	-0.999955	0.000000
1.199162	1.000104	6117.442019	4078.719220	0.000021	0.001869	-51.553170	0.002000	1.216755	3.997731	-0.999955	0.000000
1.219162	1.000104	6117.442019	4078.719219	0.000003	0.000252	-51.553170	0.002000	1.216755	3.997731	-0.999955	0.000000
1.239162	1.000104	6117.442019	4078.719219	0.000000	0.000036	-51.553170	0.002000	1.216755	3.997731	-0.999955	0.000000
1.259162	1.000104	6117.442019	4078.719219	-0.000000	0.000004	-51.553170	0.002000	1.216755	3.997731	-0.999955	0.000000
1.279162	1.000104	6117.442019	4078.719219	0.000000	-0.000001	-51.553170	0.002000	1.216755	3.997731	-0.999955	0.000000
1.299162	1.000104	6117.442019	4078.719219	0.000000	0.000000	-51.553170	0.002000	1.216755	3.997731	-0.999955	0.000000
1.319162	1.000104	6117.442019	4078.719219	0.000000	-0.000001	-51.553170	0.002000	1.216755	3.997731	-0.999955	0.000000
1.339162	1.000104	6117.442019	4078.719219	0.000000	0.000001	-51.553170	0.002000	1.216755	3.997731	-0.999955	0.000000
1.359162	1.000104	6117.442019	4078.719219	-0.000000	0.000001	-51.553170	0.002000	1.216755	3.997731	-0.999955	0.000000
1.379162	1.000104	6117.442019	4078.719219	-0.000000	-0.000001	-51.553170	0.002000	1.216755	3.997731	-0.999955	0.000000
1.399162	1.000104	6117.442019	4078.719219	0.000000	-0.000001	-51.553170	0.002000	1.216755	3.997731	-0.999955	0.000000
1.419162	1.000104	6117.442019	4078.719219	0.000000	0.000001	-51.553170	0.002000	1.216755	3.997731	-0.999955	0.000000
1.439162	1.000104	6117.442019	4078.719219	-0.000000	0.000002	-51.553170	0.002000	1.216755	3.997731	-0.999955	0.000000
1.459162	1.000104	6117.442019	4078.719219	-0.000000	-0.000001	-51.553170	0.002000	1.216755	3.997731	-0.999955	0.000000
1.479162	1.000104	6117.442019	4078.719219	0.000000	-0.000001	-51.553170	0.002000	1.216755	3.997731	-0.999955	0.000000
1.499162	1.000104	6117.442019	4078.719219	0.000000	0.000000	-51.553170	0.002000	1.216755	3.997731	-0.999955	0.000000
1.519162	1.000104	6117.442019	4078.719219	-0.000000	0.000000	-51.553170	0.002000	1.216755	3.997731	-0.999955	0.000000
1.539162	1.000104	6117.442019	4078.719219	0.000000	-0.000001	-51.553170	0.002000	1.216755	3.997731	-0.999955	0.000000
1.559162	1.000104	6117.442019	4078.719219	-0.000000	0.000002	-51.553170	0.002000	1.216755	3.997731	-0.999955	0.000000
1.579162	1.000104	6117.442019	4078.719219	-0.000000	-0.000001	-51.553170	0.002000	1.216755	3.997731	-0.999955	0.000000
1.599162	1.000104	6117.442019	4078.719219	0.000000	-0.000001	-51.553170	0.002000	1.216755	3.997731	-0.999955	0.000000
1.619162	1.000104	6117.442019	4078.719219	0.000000	-0.000000	-51.553170	0.002000	1.216755	3.997731	-0.999955	0.000000
1.639162	1.000104	6117.442019	4078.719219	0.000000	0.000001	-51.553170	0.002000	1.216755	3.997731	-0.999955	0.000000
1.659162	1.000104	6117.442019	4078.719219	-0.000000	0.000001	-51.553170	0.002000	1.216755	3.997731	-0.999955	0.000000
1.679162	1.000104	6117.442019	4078.719219	-0.000000	0.000000	-51.553170	0.002000	1.216755	3.997731	-0.999955	0.000000
1.699162	1.000104	6117.442019	4078.719219	-0.000000	-0.000000	-51.553170	0.002000	1.216755	3.997731	-0.999955	0.000000
1.719162	1.000104	6117.442019	4078.719219	0.000000	-0.000001	-51.553170	0.002000	1.216755	3.997731	-0.999955	0.000000
1.739162	1.000104	6117.442019	4078.719219	0.000000	0.000001	-51.553170	0.002000	1.216755	3.997731	-0.999955	0.000000
1.759162	1.000104	6117.442019	4078.719219	-0.000000	-0.000000	-51.553170	0.002000	1.216755	3.997731	-0.999955	0.000000
1.779162	1.000104	6117.442019	4078.719219	-0.000000	-0.000001	-51.553170	0.002000	1.216755	3.997731	-0.999955	0.000000
1.799162	1.000104	6117.442019	4078.719219	0.000000	-0.000001	-51.553170	0.002000	1.216755	3.997731	-0.999955	0.000000
1.819162	1.000104	6117.442019	4078.719219	0.000000	0.000000	-51.553170	0.002000	1.216755	3.997731	-0.999955	0.000000
1.839162	1.000104	6117.442019	4078.719219	0.000000	0.000001	-51.553170	0.002000	1.216755	3.997731	-0.999955	0.000000
1.859162	1.000104	6117.442019	4078.719219	-0.000000	0.000001	-51.553170	0.002000	1.216755	3.997731	-0.999955	0.000000
1.879162	1.000104	6117.442019	4078.719219	-0.000000	0.000000	-51.553170	0.002000	1.216755	3.997731	-0.999955	0.000000
1.899162	1.000104	6117.442019	4078.719219	-0.000000	-0.000000	-51.553170	0.002000	1.216755	3.997731	-0.999955	0.000000
1.919162	1.000104	6117.442019	4078.719219	-0.000000	0.000000	-51.553170	0.002000	1.216755	3.997731	-0.999955	0.000000
1.939162	1.000104	6117.442019	4078.719219	0.000000	-0.000001	-51.553170	0.002000	1.216755	3.997731	-0.999955	0.000000
1.959162	1.000104	6117.442019	4078.719219	0.000000	0.000000	-51.553170	0.002000	1.216755	3.997731	-0.999955	0.000000
1.979162	1.000104	6117.442019	4078.719219	-0.000000	0.000001	-51.553170	0.002000	1.216755	3.997731	-0.999955	0.000000
1.999162	1.000104	6117.442019	4078.719219	-0.000000	-0.000000	-51.553170	0.002000	1.216755	3.997731	-0.999955	0.000000
2.019162	1.000104	6117.442019	4078.719219	-0.000000	0.000000	-51.553170	0.002000	1.216755	3.997731	-0.999955	0.000000
2.039162	1.000104	6117.442019	4078.719219	-0.000000	-0.000001	-51.553170	0.002000	1.216755	3.997731	-0.999955	0.000000
2.059162	1.000104	6117.442019	4078.719219	0.000000	-0.000001	-51.553170	0.002000	1.216755	3.997731	-0.999955	0.000000
2.079162	1.000104	6117.442019	4078.719219	0.000000	-0.000000	-51.553170	0.002000	1.216755	3.997731	-0.999955	0.000000
2.099162	1.000104	6117.442019	4078.719219	0.000000	0.000001	-51.553170	0.002000	1.216755	3.997731	-0.999955	0.000000
2.119162	1.000104	6117.442019	4078.719219	0.000000	-0.000001	-51.553170	0.002000	1.216755	3.997731	-0.999955	0.000000
2.139162	1.000104	6117.442019	4078.719219	0.000000	0.000001	-51.553170	0.002000	1.216755	3.997731	-0.999955	0.000000
2.159162	1.000104	6117.442019	4078.719219	-0.000000	0.000001	-51.553170	0.002000	1.216755	3.997731	-0.999955	0.000000
2.179162	1.000104	6117.442019	4078.719219	0.000000	-0.000002	-51.553170	0.002000	1.216755	3.997731	-0.999955	0.000000
2.199162	1.000104	6117.442019	4078.719219	0.000000	0.000000	-51.553170	0.002000	1.216755	3.997731	-0.999955	0.000000
2.219162	1.000104	6117.442019	4078.719219	0.000000	0.000000	-51.553170	0.002000	1.216755	3.997731	-0.999955	0.000000
2.239162	1.000104	6117.442019	4078.719219	-0.000000	0.000001	-51.553170	0.002000	1.216755	3.997731	-0.999955	0.000000
2.259162	1.000104	6117.442019	4078.719219	-0.000000	0.000001	-51.553170	0.002000	1.216755	3.997731	-0.999955	0.000000
2.279162	1.000104	6117.442019	4078.719219	-0.000000	-0.000001	-51.553170	0.002000	1.216755	3.997731	-0.999955	0.000000
2.299162	1.000104	6117.442019	4078.719219	0.000000	-0.000001	-51.553170	0.002000	1.216755	3.997731	-0.999955	0.000000
2.319162	1.000104	6117.442019	4078.719219	0.000000	-0.000001	-51.553170	0.002000	1.216755	3.997731	-0.999955	0.000000
2.339162	1.000104	6117.442019	4078.719219	0.000000	-0.000000	-51.553170	0.002000	1.216755	3.997731	-0.999955	0.000000
2.359162	1.000104	6117.442019	4078.719219	0.000000	-0.000000	-51.553170	0.002000	1.216755	3.997731	-0.999955	0.000000
2.379162	1.000104	6117.442019	4078.719219	0.000000	0.000001	-51.553170	0.002000	1.216755	3.997731	-0.999955	0.000000
2.399162	1.000104	6117.442019	4078.719219	0.000000	0.000004	-51.553170	0.002000	1.216755	3.997731	-0.999955	0.000000
2.419162	1.000104	6117.442019	4078.719219	-0.000000	0.000004	-51.553170	0.002000	1.216755	3.997731	-0.999955	0.000000
2.439162	1.000104	6117.442019	4078.719219	-0.000000	-0.000003	-51.553170	0.002000	1.216755	3.997731	-0.999955	0.000000
2.459162	1.000104	6117.442019	4078.719219	0.000000	-0.000006	-51.553170	0.002000	1.216755	3.997731	-0.999955	0.000000
2.479162	1.000104	6117.442019	4078.719219	0.000000	-0.000001	-51.553170	0.002000	1.216755	3.997731	-0.999955	0.000000
2.499162	1.000104	6117.442019	4078.719219	0.000000	0.000002	-51.553170	0.002000	1.216755	3.997731	-0.999955	0.000000
2.519162	1.000104	6117.442019	4078.719219	-0.000000	0.000000	-51.553170	0.002000	1.216755	3.997731	-0.999955	0.000000
2.539162	1.000104	6117.442019	4078.719219	-0.000000	-0.000000	-51.553170	0.002000	1.216755	3.997731	-0.999955	0.000000
2.559162	1.000104	6117.442019	4078.719219	0.000000	-0.000000	-51.553170	0.002000	1.216755	3.997731	-0.999955	0.000000
2.579162	1.000104	6117.442019	4078.719219	-0.000000	-0.000000	-51.553170	0.002000	1.216755	3.997731	-0.999955	0.000000
2.599162	1.000104	6117.442019	4078.719219	-0.000000	-0.000000	-51.553170	0.002000	1.216755	3.997731	-0.999955	0.000000
2.619162	1.000104	6117.442019	4078.719219	-0.000000	-0.000000	-51.553170	0.002000	1.216755	3.997731	-0.999955	0.000000
2.639162	1.000104	6117.442019	4078.719219	0.000000	-0.000001	-51.553170	0.002000	1.216755	3.997731	-0.999955	0.000000
2.659162	1.000104	6117.442019	4078.719219	0.000000	0.000001	-51.553170	0.002000	1.216755	3.997731	-0.999955	0.000000
2.679162	1.000104	6117.442019	4078.719219	-0.000000	0.000001	-51.553170	0.002000	1.216755	3.997731	-0.999955	0.000000
2.699162	1.000104	6117.442019	4078.719219	-0.000000	0.000000	-51.553170	0.002000	1.216755	3.997731	-0.999955	0.000000
2.719162	1.000104	6117.442019	4078.719219	-0.000000	-0.000001	-51.553170	0.002000	1.216755	3.997731	-0.999955	0.000000
2.739162	1.000104	6117.442019	4078.719219	0.000000	-0.000001	-51.553170	0.002000	1.216755	3.997731	-0.999955	0.000000
2.759162	1.000104	6117.442019	4078.719219	0.000000	0.000001	-51.553170	0.002000	1.216755	3.997731	-0.999955	0.000000
2.779162	1.000104	6117.442019	4078.719219	0.000000	0.000001	-51.553170	0.002000	1.216755	3.997731	-0.999955	0.000000
2.799162	1.000104	6117.442019	4078.719219	-0.000000	0.000000	-51.553170	0.002000	1.216755	3.997731	-0.999955	0.000000
2.819162	1.000104	6117.442019	4078.719219	-0.000000	0.000000	-51.553170	0.002000	1.216755	3.997731	-0.999955	0.000000
2.839162	1.000104	6117.442019	4078.719219	-0.000000	-0.000001	-51.553170	0.002000	1.216755	3.997731	-0.999955	0.000000
2.859162	1.000104	6117.442019	4078.719219	0.000000	-0.000001	-51.553170	0.002000	1.216755	3.997731	-0.999955	0.000000
2.879162	1.000104	6117.442019	4078.719219	0.000000	0.000001	-51.553170	0.002000	1.216755	3.997731	-0.999955	0.000000
2.899162	1.000104	6117.442019	4078.719219	0.000000	0.000001	-51.553170	0.002000	1.216755	3.997731	-0.999955	0.000000
2.919162	1.000104	6117.442019	4078.719219	-0.000000	0.000001	-51.553170	0.002000	1.216755	3.997731	-0.999955	0.000000
2.939162	1.000104	6117.442019	4078.719219	-0.000000	-0.000001	-51.553170	0.002000	1.216755	3.997731	-0.999955	0.000000
2.959162	1.000104	6117.442019	4078.719219	0.000000	-0.000001	-51.553170	0.002000	1.216755	3.997731	-0.999955	0.000000
2.979162	1.000104	6117.442019	4078.719219	0.000000	0.000000	-51.553170	0.002000	1.216755	3.997731	-0.999955	0.000000
2.999162	1.000104	6117.442019	4078.719219	0.000000	0.000001	-51.553170	0.002000	1.216755	3.997731	-0.999955	0.000000
3.019162	1.000104	6117.442019	4078.719219	-0.000000	0.000001	-51.553170	0.002000	1.216755	3.997731	-0.999955	0.000000
3.039162	1.000104	6117.442019	4078.719219	-0.000000	-0.000001	-51.553170	0.002000	1.216755	3.997731	-0.999955	0.000000
3.059162	1.000104	6117.442019	4078.719219	0.000000	-0.000001	-51.553170	0.002000	1.216755	3.997731	-0.999955	0.000000
3.079162	1.000104	6117.442019	4078.719219	0.000000	0.000001	-51.553170	0.002000	1.216755	3.997731	-0.999955	0.000000
3.099162	1.000104	6117.442019	4078.719219	-0.000000	0.000000	-51.553170	0.002000	1.216755	3.997731	-0.999955	0.000000
3.119162	1.000104	6117.442019	4078.719219	0.000000	-0.000001	-51.553170	0.002000	1.216755	3.997731	-0.999955	0.000000
3.139162	1.000104	6117.442019	4078.719219	0.000000	0.000001	-51.553170	0.002000	1.216755	3.997731	-0.999955	0.000000
3.159162	1.000104	6117.442019	4078.719219	-0.000000	0.000001	-51.553170	0.002000	1.216755	3.997731	-0.999955	0.000000
3.179162	1.000104	6117.442019	4078.719219	0.000000	-0.000001	-51.553170	0.002000	1.216755	3.997731	-0.999955	0.000000
3.199162	1.000104	6117.442019	4078.719219	0.000000	0.000001	-51.553170	0.002000	1.216755	3.997731	-0.999955	0.000000
3.219162	1.000104	6117.442019	4078.719219	-0.000000	0.000001	-51.553170	0.002000	1.216755	3.997731	-0.999955	0.000000
3.239162	1.000104	6117.442019	4078.719219	-0.000000	-0.000001	-51.553170	0.002000	1.216755	3.997731	-0.999955	0.000000
3.259162	1.000104	6117.442019	4078.719219	0.000000	-0.000001	-51.553170	0.002000	1.216755	3.997731	-0.999955	0.000000
3.279162	1.000104	6117.442019	4078.719219	0.000000	0.000001	-51.553170	0.002000	1.216755	3.997731	-0.999955	0.000000
3.299162	1.000104	6117.442019	4078.719219	-0.000000	0.000001	-51.553170	0.002000	1.216755	3.997731	-0.999955	0.000000
3.319162	1.000104	6117.442019	4078.719219	-0.000000	0.000000	-51.553170	0.002000	1.216755	3.997731	-0.999955	0.000000
3.339162	1.000104	6117.442019	4078.719219	-0.000000	0.000000	-51.553170	0.002000	1.216755	3.997731	-0.999955	0.000000
3.359162	1.000104	6117.442019	4078.719219	-0.000000	-0.000000	-51.553170	0.002000	1.216755	3.997731	-0.999955	0.000000
3.379162	1.000104	6117.442019	4078.719219	-0.000000	-0.000000	-51.553170	0.002000	1.216755	3.997731	-0.999955	0.000000
3.399162	1.000104	6117.442019	4078.719219	-0.000000	-0.000001	-51.553170	0.002000	1.216755	3.997731	-0.999955	0.000000
3.419162	1.000104	6117.442019	4078.719219	0.000000	0.000000	-51.553170	0.002000	1.216755	3.997731	-0.999955	0.000000
3.439162	1.000104	6117.442019	4078.719219	0.000000	-0.000000	-51.553170	0.002000	1.216755	3.997731	-0.999955	0.000000
3.459162	1.000104	6117.442019	4078.719219	0.000000	0.000001	-51.553170	0.002000	1.216755	3.997731	-0.999955	0.000000
3.479162	1.000104	6117.442019	4078.719219	-0.000000	0.000001	-51.553170	0.002000	1.216755	3.997731	-0.999955	0.000000
3.499162	1.000104	6117.442019	4078.719219	-0.000000	0.000000	-51.553170	0.002000	1.216755	3.997731	-0.999955	0.000000
3.519162	1.000104	6117.442019	4078.719219	-0.000000	-0.000001	-51.553170	0.002000	1.216755	3.997731	-0.999955	0.000000
3.539162	1.000104	6117.442019	4078.719219	0.000000	-0.000001	-51.553170	0.002000	1.216755	3.997731	-0.999955	0.000000
3.559162	1.000104	6117.442019	4078.719219	0.000000	0.000001	-51.553170	0.002000	1.216755	3.997731	-0.999955	0.000000
3.579162	1.000104	6117.442019	4078.719219	0.000000	-0.000000	-51.553170	0.002000	1.216755	3.997731	-0.999955	0.000000
3.599162	1.000104	6117.442019	4078.719219	0.000000	-0.000001	-51.553170	0.002000	1.216755	3.997731	-0.999955	0.000000
3.619162	1.000104	6117.442019	4078.719219	0.000000	0.000001	-51.553170	0.002000	1.216755	3.997731	-0.999955	0.000000
3.639162	1.000104	6117.442019	4078.719219	-0.000000	0.000001	-51.553170	0.002000	1.216755	3.997731	-0.999955	0.000000
3.659162	1.000104	6117.442019	4078.719219	-0.000000	-0.000001	-51.553170	0.002000	1.216755	3.997731	-0.999955	0.000000
3.679162	1.000104	6117.442019	4078.719219	-0.000000	-0.000000	-51.553170	0.002000	1.216755	3.997731	-0.999955	0.000000
3.699162	1.000104	6117.442019	4078.719219	-0.000000	-0.000001	-51.553170	0.002000	1.216755	3.997731	-0.999955	0.000000
3.719162	1.000104	6117.442019	4078.719219	-0.000000	0.000001	-51.553170	0.002000	1.216755	3.997731	-0.999955	0.000000
3.739162	1.000104	6117.442019	4078.719219	-0.000000	0.000000	-51.553170	0.002000	1.216755	3.997731	-0.999955	0.000000
3.759162	1.000104	6117.442019	4078.719219	0.000000	-0.000001	-51.553170	0.002000	1.216755	3.997731	-0.999955	0.000000
3.779162	1.000104	6117.442019	4078.719219	-0.000000	-0.000001	-51.553170	0.002000	1.216755	3.997731	-0.999955	0.000000
3.799162	1.000104	6117.442019	4078.719219	-0.000000	-0.000001	-51.553170	0.002000	1.216755	3.997731	-0.999955	0.000000
3.819162	1.000104	6117.442019	4078.719219	0.000000	0.000001	-51.553170	0.002000	1.216755	3.997731	-0.999955	0.000000
3.839162	1.000104	6117.442019	4078.719219	-0.000000	0.000000	-51.553170	0.002000	1.216755	3.997731	-0.999955	0.000000
3.859162	1.000104	6117.442019	4078.719219	0.000000	-0.000000	-51.553170	0.002000	1.216755	3.997731	-0.999955	0.000000
3.879162	1.000104	6117.442019	4078.719219	-0.000000	-0.000000	-51.553170	0.002000	1.216755	3.997731	-0.999955	0.000000
3.899162	1.000104	6117.442019	4078.719219	0.000000	-0.000001	-51.553170	0.002000	1.216755	3.997731	-0.999955	0.000000
3.919162	1.000104	6117.442019	4078.719219	0.000000	0.000001	-51.553170	0.002000	1.216755	3.997731	-0.999955	0.000000
3.939162	1.000104	6117.442019	4078.719219	0.000000	0.000001	-51.553170	0.002000	1.216755	3.997731	-0.999955	0.000000
3.959162	1.000104	6117.442019	4078.719219	-0.000000	-0.000000	-51.553170	0.002000	1.216755	3.997731	-0.999955	0.000000
3.979162	1.000104	6117.442019	4078.719219	-0.000000	0.000000	-51.553170	0.002000	1.216755	3.997731	-0.999955	0.000000
3.999162	1.000104	6117.442019	4078.719219	-0.000000	0.000001	-51.553170	0.002000	1.216755	3.997731	-0.999955	0.000000
4.019162	1.000104	6117.442019	4078.719219	-0.000000	0.000000	-51.553170	0.002000	1.216755	3.997731	-0.999955	0.000000
4.039162	1.000104	6117.442019	4078.719219	-0.000000	-0.000000	-51.553170	0.002000	1.216755	3.997731	-0.999955	0.000000
4.059162	1.000104	6117.442019	4078.719219	-0.000000	-0.000001	-51.553170	0.002000	1.216755	3.997731	-0.999955	0.000000
4.079162	1.000104	6117.442019	4078.719219	0.000000	-0.000001	-51.553170	0.002000	1.216755	3.997731	-0.999955	0.000000
4.099162	1.000104	6117.442019	4078.719219	0.000000	0.000001	-51.553170	0.002000	1.216755	3.997731	-0.999955	0.000000
4.119162	1.000104	6117.442019	4078.719219	-0.000000	0.000001	-51.553170	0.002000	1.216755	3.997731	-0.999955	0.000000
4.139162	1.000104	6117.442019	4078.719219	-0.000000	-0.000001	-51.553170	0.002000	1.216755	3.997731	-0.999955	0.000000
4.159162	1.000104	6117.442019	4078.719219	0.000000	-0.000001	-51.553170	0.002000	1.216755	3.997731	-0.999955	0.000000
4.179162	1.000104	6117.442019	4078.719219	0.000000	0.000001	-51.553170	0.002000	1.216755	3.997731	-0.999955	0.000000
4.199162	1.000104	6117.442019	4078.719219	-0.000000	0.000001	-51.553170	0.002000	1.216755	3.997731	-0.999955	0.000000
4.219162	1.000104	6117.442019	4078.719219	-0.000000	-0.000000	-51.553170	0.002000	1.216755	3.997731	-0.999955	0.000000
4.239162	1.000104	6117.442019	4078.719219	0.000000	-0.000001	-51.553170	0.002000	1.216755	3.997731	-0.999955	0.000000
4.259162	1.000104	6117.442019	4078.719219	0.000000	-0.000004	-51.553170	0.002000	1.216755	3.997731	-0.999955	0.000000
4.279162	1.000104	6117.442019	4078.719219	0.000000	-0.000008	-51.553170	0.002000	1.216755	3.997731	-0.999955	0.000000
4.299162	1.000104	6117.442019	4078.719219	0.000000	-0.000022	-51.553170	0.002000	1.216755	3.997731	-0.999955	0.000000
4.319162	1.000104	6117.442019	4078.719219	0.000001	-0.000066	-51.553170	0.002000	1.216755	3.997731	-0.999955	0.000000
4.339162	1.000104	6117.442019	4078.719219	0.000002	-0.000191	-51.553170	0.002000	1.216755	3.997731	-0.999955	0.000000
4.359162	1.000104	6117.442019	4078.719219	0.000007	-0.000544	-51.553170	0.002000	1.216755	3.997731	-0.999955	0.000000
4.379162	1.000104	6117.442019	4078.719219	0.000019	-0.001480	-51.553170	0.002000	1.216755	3.997731	-0.999955	0.000000
4.399162	1.000104	6117.442019	4078.719219	0.000052	-0.003876	-51.553170	0.002000	1.216755	3.997731	-0.999955	0.000000
4.419162	1.000104	6117.442019	4078.719219	0.000136	-0.009922	-51.553170	0.002000	1.216755	3.997731	-0.999955	0.000000
4.439162	1.000104	6117.442019	4078.719219	0.000345	-0.024836	-51.553170	0.002000	1.216755	3.997731	-0.999955	0.000000
4.459162	1.000104	6117.442018	4078.719218	0.000856	-0.060860	-51.553170	0.002000	1.216755	3.997731	-0.999955	0.000000
4.479162	1.000104	6117.442017	4078.719217	0.002081	-0.146143	-51.553170	0.002000	1.216755	3.997731	-0.999955	0.000000
4.499162	1.000104	6117.442013	4078.719213	0.004956	-0.343959	-51.553170	0.002000	1.216755	3.997731	-0.999955	0.000000
4.519162	1.000104	6117.442005	4078.719203	0.011572	-0.793981	-51.553170	0.002000	1.216755	3.997731	-0.999955	0.000000
4.539162	1.000104	6117.441986	4078.719181	0.026498	-1.798033	-51.553170	0.002000	1.216755	3.997731	-0.999955	0.000000
4.559162	1.000104	6117.441943	4078.719130	0.059521	-3.994999	-51.553170	0.002000	1.216755	3.997731	-0.999955	0.000000
4.579162	1.000104	6117.441848	4078.719015	0.131159	-8.709312	-51.553170	0.002000	1.216755	3.997731	-0.999955	0.000000
4.599162	1.000104	6117.441640	4078.718764	0.283529	-18.628123	-51.553169	0.002000	1.216755	3.997731	-0.999955	0.000000
4.619162	1.000104	6117.441194	4078.718221	0.601152	-39.090930	-51.553169	0.002000	1.216755	3.997730	-0.999955	0.000000
4.639162	1.000104	6117.440257	4078.717071	1.250080	-80.431171	-51.553167	0.002000	1.216755	3.997730	-0.999955	0.000000
4.659162	1.000104	6117.438327	4078.714686	2.548591	-162.254418	-51.553163	0.002000	1.216755	3.997730	-0.999955	0.000000
4.679162	1.000103	6117.434431	4078.709831	5.092515	-320.802799	-51.553155	0.002000	1.216755	3.997730	-0.999955	0.000000
4.699162	1.000102	6117.426721	4078.700145	9.969307	-621.399823	-51.553140	0.002000	1.216755	3.997729	-0.999956	0.000000
4.719162	1.000100	6117.411774	4078.681213	19.111869	-1178.671248	-51.553109	0.002000	1.216755	3.997728	-0.999957	0.000000
4.739162	1.000095	6117.383399	4078.644973	35.861350	-2188.145135	-51.553050	0.002000	1.216755	3.997726	-0.999959	0.000000
4.759162	1.000087	6117.330684	4078.577067	65.824862	-3973.478301	-51.552940	0.002000	1.216755	3.997723	-0.999962	0.000000
4.779163	1.000072	6117.234893	4078.452583	118.119875	-7053.467753	-51.552738	0.002000	1.216755	3.997716	-0.999969	0.000000
4.799164	1.000044	6117.064746	4078.229466	207.076847	-12231.359559	-51.552375	0.002000	1.216755	3.997704	-0.999981	0.000000
4.819165	0.999996	6116.769520	4077.838723	354.404514	-20704.706992	-51.551738	0.002000	1.216755	3.997683	-1.000001	0.000000
4.839168	0.999912	6116.269486	4077.170565	591.685188	-34186.147620	-51.550647	0.002000	1.216755	3.997648	-1.000037	0.000000
4.859173	0.999771	6115.443378	4076.055823	962.846715	-55013.625212	-51.548825	0.002000	1.216755	3.997590	-1.000098	0.000000
4.879181	0.999540	6114.113106	4074.242629	1525.967462	-86214.098846	-51.545858	0.002001	1.216755	3.997496	-1.000198	0.000000
4.899195	0.999171	6112.026753	4071.369516	2353.476501	-131471.737181	-51.541151	0.002002	1.216755	3.997349	-1.000357	0.000000
4.919218	0.998596	6108.841983	4066.937781	3529.646478	-194947.234553	-51.533886	0.002003	1.216755	3.997124	-1.000605	0.000000
4.939254	0.997725	6104.113177	4060.288004	5144.424603	-280908.505169	-51.522976	0.002005	1.216755	3.996790	-1.000981	0.000000
4.959312	0.996442	6097.286464	4050.587399	7283.279690	-393171.308088	-51.507047	0.002007	1.216755	3.996307	-1.001537	0.000000
4.979399	0.994604	6087.706733	4036.835419	10013.876534	-534409.890378	-51.484439	0.002011	1.216755	3.995627	-1.002335	0.000000
4.999530	0.992045	6074.639375	4017.893760	13371.786547	-705465.742298	-51.453250	0.002016	1.216755	3.994698	-1.003448	0.000000
5.019721	0.988580	6057.306702	3992.543162	17348.550076	-904828.195279	-51.411408	0.002023	1.216755	3.993462	-1.004961	0.000000
5.039993	0.984019	6034.935367	3959.563544	21885.583629	-1128452.517921	-51.356789	0.002032	1.216755	3.991861	-1.006962	0.000000
5.060371	0.978173	6006.807882	3917.827659	26876.292814	-1370007.300585	-51.287338	0.002045	1.216755	3.989838	-1.009541	0.000000
5.080886	0.970872	5972.309627	3866.393772	32176.526736	-1621523.597076	-51.201192	0.002060	1.216755	3.987343	-1.012785	0.000000
5.101571	0.961974	5930.963518	3804.581955	37621.085315	-1874300.962823	-51.096775	0.002079	1.216755	3.984332	-1.016774	0.000000
5.122467	0.951374	5882.447420	3732.021939	43042.373209	-2119860.709324	-50.972857	0.002102	1.216755	3.980772	-1.021576	0.000000
5.143617	0.939005	5826.593347	3648.666928	48287.129389	-2350747.707829	-50.828560	0.002130	1.216755	3.976635	-1.027249	0.000000
5.165068	0.924843	5763.371225	3554.775195	53228.287312	-2561063.674203	-50.663333	0.002163	1.216755	3.971903	-1.033839	0.000000
5.186871	0.908898	5692.861920	3450.866617	57771.113246	-2746652.645737	-50.476886	0.002200	1.216755	3.966562	-1.041382	0.000000
5.209083	0.891208	5615.225501	3337.665086	61853.459736	-2905121.106137	-50.269113	0.002244	1.216755	3.960604	-1.049909	0.000000
5.231762	0.871834	5530.667907	3216.034547	65444.607654	-3035366.414774	-50.040009	0.002294	1.216755	3.954019	-1.059446	0.000000
5.254974	0.850849	5439.410018	3086.919102	68534.564834	-3137934.126876	-49.789591	0.002351	1.216755	3.946797	-1.070020	0.000000
5.278789	0.828332	5341.672493	2951.297731	71134.718693	-3213676.716658	-49.517816	0.002414	1.216755	3.938926	-1.081662	0.000000
5.303283	0.804361	5237.650779	2810.141235	73267.737011	-3264179.601625	-49.224520	0.002486	1.216755	3.930389	-1.094409	0.000000
5.328542	0.779009	5127.509319	2664.389960	74964.057472	-3291260.712439	-48.909353	0.002567	1.216755	3.921161	-1.108312	0.000000
5.354661	0.752340	5011.372995	2514.939362	76257.698392	-3296794.643013	-48.571730	0.002658	1.216755	3.911214	-1.123435	0.000000
5.381747	0.724415	4889.304915	2362.638550	77182.772229	-3282709.313858	-48.210766	0.002761	1.216755	3.900506	-1.139857	0.000000
5.409923	0.695288	4761.249391	2208.279853	77772.105513	-3251004.642589	-47.825251	0.002877	1.216755	3.888982	-1.157676	0.000000
5.439334	0.665028	4626.859294	2052.576696	78053.271937	-3204041.533016	-47.413599	0.003007	1.216755	3.876549	-1.176998	0.000000
5.470142	0.633719	4485.227501	1896.087695	78050.013752	-3144731.172733	-46.973850	0.003156	1.216755	3.863048	-1.197938	0.000000
5.502541	0.601466	4334.378365	1739.079100	77776.562142	-3076340.843340	-46.503690	0.003325	1.216755	3.848192	-1.220621	0.000000
5.536755	0.568344	4170.968103	1581.367267	77243.384436	-3001797.130323	-46.000308	0.003519	1.216755	3.831503	-1.245219	0.000000
5.573056	0.534269	3990.388017	1422.210214	76456.175685	-2920320.936403	-45.460315	0.003743	1.216755	3.812283	-1.272068	0.000000
5.611792	0.498793	3789.039740	1260.786155	75419.181766	-2825654.733348	-44.878271	0.004010	1.216755	3.789799	-1.301906	0.000000
5.653466	0.460839	3568.883806	1097.179855	74161.448567	-2702215.454662	-44.245352	0.004340	1.216755	3.763804	-1.336275	0.000000
5.698899	0.418914	3343.152298	934.288942	72682.107326	-2537725.651633	-43.543779	0.004774	1.216755	3.735428	-1.377695	0.000000
5.749462	0.371423	3137.931255	777.525737	71061.321785	-2329683.335420	-42.743745	0.005385	1.216755	3.707913	-1.429947	0.000000
5.807599	0.318080	2986.692095	633.768414	69212.067575	-2099405.617897	-41.791208	0.006288	1.216755	3.686454	-1.497272	0.000000
5.877308	0.259645	2925.009157	506.652097	67350.160513	-1870710.414049	-40.594502	0.007703	1.216755	3.677382	-1.585420	0.000000
5.966391	0.199353	2984.399884	396.900850	65172.484639	-1669269.495267	-38.992330	0.010032	1.216755	3.686100	-1.700166	0.000000
6.088732	0.134501	3212.803265	288.278137	63953.667667	-1459644.317469	-36.597640	0.014870	1.216755	3.718112	-1.871048	0.000000
6.315831	0.075154	4359.251815	218.547853	62097.683406	-1149658.822258	-31.826670	0.026612	1.216755	3.850611	-2.123813	0.000000
-0.002972	3.367782	102456.140481	230033.865225	7.185238	0.000000	0.000686	0.000594	0.000000	5.221702	-0.472658	0.000000
-0.008909	3.374386	102237.710224	229993.188712	20.657338	0.000000	0.001999	0.000593	0.000000	5.220774	-0.471808	0.000000
-0.014829	3.387231	101815.616565	229915.450706	31.564102	0.000000	0.003138	0.000590	0.000000	5.218977	-0.470157	0.000000
-0.020721	3.405639	101217.677063	229807.349553	38.608661	0.000000	0.004009	0.000587	0.000000	5.216419	-0.467803	0.000000
-0.026577	3.428648	100481.851182	229677.980897	41.034432	0.000000	0.004548	0.000583	0.000000	5.213249	-0.464878	0.000000
-0.032390	3.455071	99652.615982	229537.892134	38.717188	0.000000	0.004726	0.000579	0.000000	5.209649	-0.461543	0.000000
-0.038156	3.483582	98776.813957	229397.992905	32.154410	0.000000	0.004551	0.000574	0.000000	5.205815	-0.457974	0.000000
-0.043874	3.512806	97899.762305	229268.483601	22.368334	0.000000	0.004064	0.000569	0.000000	5.201941	-0.454345	0.000000
-0.049545	3.541422	97061.881797	229157.920161	10.738181	0.000000	0.003333	0.000565	0.000000	5.198207	-0.450821	0.000000
-0.055170	3.568250	96296.210569	229072.514721	-1.205832	0.000000	0.002442	0.000560	0.000000	5.194768	-0.447543	0.000000
-0.060755	3.592336	95626.867599	229015.735006	-11.996695	0.000000	0.001483	0.000557	0.000000	5.191738	-0.444621	0.000000
-0.066306	3.613000	95068.493105	228988.226056	-20.421802	0.000000	0.000545	0.000554	0.000000	5.189195	-0.442130	0.000000
-0.071827	3.629871	94626.544223	228988.037428	-25.667281	0.000000	-0.000296	0.000551	0.000000	5.187172	-0.440107	0.000000
-0.077325	3.642873	94298.299561	229011.104106	-27.398097	0.000000	-0.000983	0.000549	0.000000	5.185663	-0.438555	0.000000
-0.082807	3.652194	94074.375295	229051.902677	-25.766479	0.000000	-0.001479	0.000548	0.000000	5.184631	-0.437446	0.000000
-0.088278	3.658231	93940.556503	229104.189383	-21.350844	0.000000	-0.001774	0.000547	0.000000	5.184013	-0.436729	0.000000
-0.093742	3.661520	93879.741712	229161.724601	-15.037578	0.000000	-0.001876	0.000546	0.000000	5.183733	-0.436339	0.000000
