0.002971	3.367902	102452.023924	230032.823180	7.151172	-2026710.476423	-0.000685	0.000594	1.216755	5.221684	-0.472643	0.000000
0.008909	3.374496	102233.964086	229992.258598	20.559996	-1844430.218512	-0.001994	0.000593	1.216755	5.220759	-0.471794	0.000000
0.014828	3.387322	101812.567424	229914.730354	31.417355	-1501434.241094	-0.003130	0.000590	1.216755	5.218964	-0.470146	0.000000
0.020720	3.405704	101215.571017	229806.911028	38.433271	-1037310.048458	-0.003999	0.000587	1.216755	5.216410	-0.467795	0.000000
0.026576	3.428682	100480.828961	229677.862224	40.854977	-503891.237041	-0.004538	0.000583	1.216755	5.213245	-0.464874	0.000000
0.032389	3.455071	99652.702521	229538.093538	38.558369	41856.967566	-0.004716	0.000579	1.216755	5.209650	-0.461543	0.000000
0.038156	3.483550	98777.923131	229398.478073	32.037395	545290.024696	-0.004543	0.000574	1.216755	5.205820	-0.457977	0.000000
0.043874	3.512747	97901.714612	229269.185627	22.307639	960457.446336	-0.004058	0.000569	1.216755	5.201950	-0.454352	0.000000
0.049544	3.541342	97064.431476	229158.751195	10.739594	1254740.074454	-0.003330	0.000565	1.216755	5.198219	-0.450831	0.000000
0.055170	3.568158	96299.077670	229073.377881	-1.145961	1411291.236533	-0.002442	0.000561	1.216755	5.194781	-0.447554	0.000000
0.060755	3.592239	95629.770662	229016.536832	-11.890687	1429336.717984	-0.001486	0.000557	1.216755	5.191752	-0.444633	0.000000
0.066305	3.612909	95071.178594	228988.887784	-20.288503	1322581.621961	-0.000550	0.000554	1.216755	5.189208	-0.442141	0.000000
0.071827	3.629792	94628.809784	228988.503589	-25.528894	1116177.018534	0.000289	0.000551	1.216755	5.187182	-0.440117	0.000000
0.077326	3.642811	94300.009179	229011.347430	-27.276504	842738.325847	0.000976	0.000549	1.216755	5.185671	-0.438562	0.000000
0.082808	3.652152	94075.465496	229051.924832	-25.679709	537942.736919	0.001473	0.000548	1.216755	5.184636	-0.437451	0.000000
0.088278	3.658210	93941.033775	229104.017756	-21.310301	236213.054039	0.001769	0.000547	1.216755	5.184016	-0.436731	0.000000
0.093742	3.661517	93879.672307	229161.405895	-15.046536	-33032.034663	0.001872	0.000546	1.216755	5.183732	-0.436339	0.000000
0.099203	3.662677	93873.310696	229218.491004	-7.920049	-248157.546394	0.001809	0.000546	1.216755	5.183703	-0.436202	0.000000
0.104664	3.662296	93904.488309	229270.761283	-0.952571	-396839.804560	0.001619	0.000546	1.216755	5.183848	-0.436247	0.000000
0.110126	3.660931	93957.642279	229315.061020	4.990732	-476236.902508	0.001344	0.000546	1.216755	5.184094	-0.436409	0.000000
0.115591	3.659057	94019.972336	229349.660926	9.308521	-491898.698729	0.001029	0.000547	1.216755	5.184382	-0.436632	0.000000
0.121059	3.657040	94081.865394	229374.152032	11.716797	-455703.670400	0.000713	0.000547	1.216755	5.184667	-0.436871	0.000000
0.126530	3.655142	94136.915296	229389.206614	12.245232	-383243.474901	0.000427	0.000547	1.216755	5.184921	-0.437097	0.000000
0.132004	3.653520	94181.616101	229396.260733	11.183728	-291123.778124	0.000190	0.000547	1.216755	5.185127	-0.437289	0.000000
0.137480	3.652246	94214.833319	229397.174290	8.995010	-194604.470325	0.000013	0.000548	1.216755	5.185280	-0.437440	0.000000
0.142957	3.651329	94237.165031	229393.917143	6.213372	-105882.872515	-0.000104	0.000548	1.216755	5.185383	-0.437549	0.000000
0.148436	3.650731	94250.294798	229388.316543	3.349338	-33164.703934	-0.000166	0.000548	1.216755	5.185443	-0.437620	0.000000
0.153915	3.650392	94256.415777	229381.885129	0.815781	19491.015596	-0.000184	0.000548	1.216755	5.185472	-0.437661	0.000000
0.159395	3.650241	94257.776499	229375.733082	-1.115550	51693.292394	-0.000170	0.000548	1.216755	5.185478	-0.437679	0.000000
0.164875	3.650213	94256.369495	229370.555223	-2.325386	65822.421753	-0.000138	0.000548	1.216755	5.185471	-0.437682	0.000000
0.170354	3.650253	94253.759038	229366.675334	-2.830692	65952.080608	-0.000098	0.000548	1.216755	5.185459	-0.437677	0.000000
0.175834	3.650318	94251.026519	229364.126128	-2.749498	56802.134941	-0.000058	0.000548	1.216755	5.185447	-0.437669	0.000000
0.181313	3.650382	94248.802224	229362.743726	-2.257122	42878.104841	-0.000024	0.000548	1.216755	5.185436	-0.437662	0.000000
0.186793	3.650430	94247.349862	229362.259056	-1.543430	27883.715096	0.000002	0.000548	1.216755	5.185430	-0.437656	0.000000
0.192272	3.650458	94246.673428	229362.373987	-0.778433	14425.578308	0.000019	0.000548	1.216755	5.185427	-0.437653	0.000000
0.197751	3.650467	94246.622735	229362.815818	-0.090194	3975.360189	0.000028	0.000548	1.216755	5.185426	-0.437652	0.000000
0.203231	3.650462	94246.982157	229363.368996	0.444130	-2978.987929	0.000031	0.000548	1.216755	5.185428	-0.437652	0.000000
0.208710	3.650449	94247.535045	229363.886803	0.796039	-6674.103114	0.000030	0.000548	1.216755	5.185431	-0.437654	0.000000
0.214189	3.650433	94248.102753	229364.288055	0.975666	-7780.250128	0.000027	0.000548	1.216755	5.185433	-0.437656	0.000000
0.219669	3.650420	94248.561661	229364.544580	1.018011	-7137.331457	0.000023	0.000548	1.216755	5.185435	-0.437657	0.000000
0.225148	3.650411	94248.843906	229364.664819	0.969017	-5553.848865	0.000019	0.000548	1.216755	5.185437	-0.437658	0.000000
0.230628	3.650408	94248.928124	229364.677677	0.874078	-3682.294862	0.000017	0.000548	1.216755	5.185437	-0.437659	0.000000
0.236107	3.650411	94248.825754	229364.619233	0.770347	-1966.441993	0.000015	0.000548	1.216755	5.185437	-0.437658	0.000000
0.241586	3.650419	94248.567093	229364.523503	0.683074	-644.562067	0.000014	0.000548	1.216755	5.185435	-0.437657	0.000000
0.247066	3.650432	94248.189673	229364.417284	0.625354	212.106696	0.000014	0.000548	1.216755	5.185434	-0.437656	0.000000
0.252545	3.650448	94247.730078	229364.318383	0.600177	645.560475	0.000015	0.000548	1.216755	5.185432	-0.437654	0.000000
0.258025	3.650467	94247.219257	229364.236194	0.603631	757.528066	0.000016	0.000548	1.216755	5.185429	-0.437652	0.000000
0.263504	3.650487	94246.680717	229364.173569	0.628235	666.118047	0.000017	0.000548	1.216755	5.185427	-0.437649	0.000000
0.268983	3.650507	94246.130710	229364.129097	0.665716	476.853038	0.000017	0.000548	1.216755	5.185424	-0.437647	0.000000
0.274462	3.650528	94245.579517	229364.099199	0.708886	267.946521	0.000018	0.000548	1.216755	5.185422	-0.437644	0.000000
0.279942	3.650549	94245.033128	229364.079722	0.752592	86.956030	0.000019	0.000548	1.216755	5.185419	-0.437642	0.000000
0.285421	3.650570	94244.494817	229364.066935	0.793896	-45.166291	0.000019	0.000548	1.216755	5.185417	-0.437640	0.000000
0.290900	3.650590	94243.966382	229364.058000	0.831752	-126.485018	0.000019	0.000548	1.216755	5.185414	-0.437637	0.000000
0.296379	3.650610	94243.448964	229364.051058	0.866427	-165.963281	0.000020	0.000548	1.216755	5.185412	-0.437635	0.000000
0.301858	3.650629	94242.943506	229364.045074	0.898910	-176.688042	0.000020	0.000548	1.216755	5.185410	-0.437632	0.000000
0.307337	3.650648	94242.450926	229364.039601	0.930398	-171.254733	0.000020	0.000548	1.216755	5.185407	-0.437630	0.000000
0.312816	3.650667	94241.972143	229364.034531	0.961975	-159.331255	0.000020	0.000548	1.216755	5.185405	-0.437628	0.000000
0.318295	3.650685	94241.508015	229364.029906	0.994447	-146.950900	0.000021	0.000548	1.216755	5.185403	-0.437626	0.000000
0.323774	3.650702	94241.059277	229364.025788	1.028304	-136.917751	0.000021	0.000548	1.216755	5.185401	-0.437624	0.000000
0.329253	3.650719	94240.626493	229364.022203	1.063761	-129.733846	0.000021	0.000548	1.216755	5.185399	-0.437622	0.000000
0.334732	3.650735	94240.210039	229364.019122	1.100854	-124.609137	0.000021	0.000548	1.216755	5.185397	-0.437620	0.000000
0.340211	3.650750	94239.810114	229364.016473	1.139522	-120.292780	0.000021	0.000548	1.216755	5.185395	-0.437618	0.000000
0.345690	3.650765	94239.426771	229364.014163	1.179668	-115.623133	0.000021	0.000548	1.216755	5.185393	-0.437616	0.000000
0.351169	3.650779	94239.059948	229364.012103	1.221205	-109.804071	0.000022	0.000548	1.216755	5.185392	-0.437615	0.000000
0.356648	3.650793	94238.709497	229364.010217	1.264081	-102.469892	0.000022	0.000548	1.216755	5.185390	-0.437613	0.000000
0.362126	3.650806	94238.375210	229364.008454	1.308269	-93.622381	0.000022	0.000548	1.216755	5.185388	-0.437611	0.000000
0.367605	3.650818	94238.056830	229364.006787	1.353764	-83.511692	0.000022	0.000548	1.216755	5.185387	-0.437610	0.000000
0.373084	3.650830	94237.754057	229364.005203	1.400568	-72.509334	0.000022	0.000548	1.216755	5.185386	-0.437609	0.000000
0.378563	3.650841	94237.466547	229364.003704	1.448678	-61.002250	0.000022	0.000548	1.216755	5.185384	-0.437607	0.000000
0.384042	3.650852	94237.193905	229364.002290	1.498088	-49.315552	0.000022	0.000548	1.216755	5.185383	-0.437606	0.000000
0.389520	3.650862	94236.935685	229364.000957	1.548776	-37.665571	0.000022	0.000548	1.216755	5.185382	-0.437605	0.000000
0.394999	3.650871	94236.691384	229363.999690	1.600710	-26.139343	0.000022	0.000548	1.216755	5.185381	-0.437604	0.000000
0.400478	3.650880	94236.460447	229363.998461	1.653866	-14.690493	0.000022	0.000548	1.216755	5.185380	-0.437603	0.000000
0.405956	3.650888	94236.242274	229363.997230	1.708216	-3.159140	0.000022	0.000548	1.216755	5.185379	-0.437602	0.000000
0.411435	3.650896	94236.036229	229363.995945	1.763773	8.696406	0.000022	0.000548	1.216755	5.185378	-0.437601	0.000000
0.416914	3.650904	94235.841657	229363.994550	1.820592	21.157830	0.000022	0.000548	1.216755	5.185377	-0.437600	0.000000
0.422392	3.650911	94235.657901	229363.992989	1.878780	34.490318	0.000022	0.000548	1.216755	5.185376	-0.437599	0.000000
0.427871	3.650918	94235.484321	229363.991211	1.938548	48.893274	0.000022	0.000548	1.216755	5.185375	-0.437598	0.000000
0.433350	3.650924	94235.320306	229363.989175	2.000212	64.461474	0.000022	0.000548	1.216755	5.185374	-0.437597	0.000000
0.438828	3.650930	94235.165285	229363.986856	2.064189	81.155049	0.000022	0.000548	1.216755	5.185374	-0.437597	0.000000
0.444307	3.650936	94235.018739	229363.984240	2.131029	98.796262	0.000022	0.000548	1.216755	5.185373	-0.437596	0.000000
0.449786	3.650941	94234.880198	229363.981329	2.201385	117.091467	0.000022	0.000548	1.216755	5.185372	-0.437595	0.000000
0.455264	3.650946	94234.749238	229363.978134	2.275984	135.667315	0.000022	0.000548	1.216755	5.185372	-0.437595	0.000000
0.460743	3.650951	94234.625478	229363.974673	2.355578	154.120416	0.000021	0.000548	1.216755	5.185371	-0.437594	0.000000
0.466221	3.650955	94234.508568	229363.970962	2.440888	172.071132	0.000021	0.000548	1.216755	5.185371	-0.437594	0.000000
0.471700	3.650959	94234.398180	229363.967019	2.532528	189.209057	0.000021	0.000548	1.216755	5.185370	-0.437593	0.000000
0.477179	3.650963	94234.294001	229363.962851	2.630937	205.324257	0.000021	0.000548	1.216755	5.185370	-0.437593	0.000000
0.482657	3.650967	94234.195724	229363.958461	2.736314	220.324264	0.000021	0.000548	1.216755	5.185369	-0.437592	0.000000
0.488136	3.650971	94234.103046	229363.953843	2.848558	234.231566	0.000020	0.000548	1.216755	5.185369	-0.437592	0.000000
0.493614	3.650974	94234.015668	229363.948983	2.967255	247.166155	0.000020	0.000548	1.216755	5.185368	-0.437591	0.000000
0.499093	3.650977	94233.933292	229363.943866	3.091687	259.322613	0.000020	0.000548	1.216755	5.185368	-0.437591	0.000000
0.504571	3.650980	94233.855624	229363.938473	3.220860	270.942510	0.000019	0.000548	1.216755	5.185368	-0.437591	0.000000
0.510050	3.650983	94233.782378	229363.932787	3.353571	282.287165	0.000019	0.000548	1.216755	5.185367	-0.437590	0.000000
0.515528	3.650985	94233.713280	229363.926793	3.488488	293.615962	0.000019	0.000548	1.216755	5.185367	-0.437590	0.000000
0.521007	3.650988	94233.648067	229363.920481	3.624249	305.168043	0.000018	0.000548	1.216755	5.185367	-0.437590	0.000000
0.526486	3.650990	94233.586490	229363.913846	3.759548	317.150593	0.000018	0.000548	1.216755	5.185366	-0.437590	0.000000
0.531964	3.650992	94233.528319	229363.906887	3.893226	329.732679	0.000018	0.000548	1.216755	5.185366	-0.437589	0.000000
0.537443	3.650994	94233.473335	229363.899606	4.024331	343.042291	0.000017	0.000548	1.216755	5.185366	-0.437589	0.000000
0.542921	3.650996	94233.421338	229363.892009	4.152155	357.165197	0.000017	0.000548	1.216755	5.185366	-0.437589	0.000000
0.548400	3.650998	94233.372142	229363.884107	4.276254	372.146776	0.000016	0.000548	1.216755	5.185365	-0.437589	0.000000
0.553878	3.650999	94233.325572	229363.875908	4.396443	387.995609	0.000016	0.000548	1.216755	5.185365	-0.437588	0.000000
0.559357	3.651001	94233.281469	229363.867423	4.512771	404.689740	0.000015	0.000548	1.216755	5.185365	-0.437588	0.000000
0.564835	3.651002	94233.239683	229363.858664	4.625474	422.182430	0.000015	0.000548	1.216755	5.185365	-0.437588	0.000000
0.570314	3.651004	94233.200075	229363.849639	4.734930	440.408442	0.000014	0.000548	1.216755	5.185365	-0.437588	0.000000
0.575792	3.651005	94233.162516	229363.840358	4.841616	459.291151	0.000014	0.000548	1.216755	5.185364	-0.437588	0.000000
0.581271	3.651006	94233.126887	229363.830829	4.946061	478.749259	0.000013	0.000548	1.216755	5.185364	-0.437588	0.000000
0.586749	3.651008	94233.093075	229363.821059	5.048817	498.704142	0.000013	0.000548	1.216755	5.185364	-0.437587	0.000000
0.592228	3.651009	94233.060977	229363.811054	5.150391	519.080551	0.000012	0.000548	1.216755	5.185364	-0.437587	0.000000
0.597706	3.651010	94233.030494	229363.800818	5.251264	539.810557	0.000012	0.000548	1.216755	5.185364	-0.437587	0.000000
0.603185	3.651011	94233.001535	229363.790355	5.351920	560.845581	0.000011	0.000548	1.216755	5.185364	-0.437587	0.000000
0.608663	3.651011	94232.974017	229363.779667	5.452655	582.139880	0.000010	0.000548	1.216755	5.185364	-0.437587	0.000000
0.614142	3.651012	94232.947859	229363.768756	5.553736	603.647982	0.000010	0.000548	1.216755	5.185363	-0.437587	0.000000
0.619620	3.651013	94232.922986	229363.757623	5.655676	625.374359	0.000009	0.000548	1.216755	5.185363	-0.437587	0.000000
0.625099	3.651014	94232.899328	229363.746266	5.758345	647.297838	0.000008	0.000548	1.216755	5.185363	-0.437587	0.000000
0.630577	3.651015	94232.876819	229363.734687	5.861657	669.352311	0.000008	0.000548	1.216755	5.185363	-0.437587	0.000000
0.636056	3.651015	94232.855398	229363.722885	5.966963	691.653264	0.000007	0.000548	1.216755	5.185363	-0.437587	0.000000
0.641534	3.651016	94232.835007	229363.710856	6.072937	714.181171	0.000006	0.000548	1.216755	5.185363	-0.437586	0.000000
0.647013	3.651016	94232.815589	229363.698603	6.178368	736.643444	0.000005	0.000548	1.216755	5.185363	-0.437586	0.000000
0.652491	3.651017	94232.797095	229363.686121	6.289179	759.574298	0.000004	0.000548	1.216755	5.185363	-0.437586	0.000000
0.657970	3.651017	94232.779472	229363.673403	6.399251	782.921626	0.000003	0.000548	1.216755	5.185363	-0.437586	0.000000
0.663448	3.651018	94232.762678	229363.660467	6.502053	805.263254	0.000003	0.000548	1.216755	5.185363	-0.437586	0.000000
0.668927	3.651018	94232.746669	229363.647290	6.625225	829.032005	0.000002	0.000548	1.216755	5.185363	-0.437586	0.000000
0.674405	3.651019	94232.731397	229363.633846	6.742152	854.246882	0.000001	0.000548	1.216755	5.185362	-0.437586	0.000000
0.679884	3.651019	94232.716832	229363.620220	6.818986	874.174651	-0.000000	0.000548	1.216755	5.185362	-0.437586	0.000000
0.685362	3.651019	94232.702946	229363.606328	6.985031	899.912372	-0.000001	0.000548	1.216755	5.185362	-0.437586	0.000000
0.690841	3.651020	94232.689676	229363.592047	7.125737	932.732842	-0.000002	0.000548	1.216755	5.185362	-0.437586	0.000000
0.696319	3.651020	94232.677029	229363.577790	7.067653	940.420417	-0.000003	0.000548	1.216755	5.185362	-0.437586	0.000000
0.701798	3.651020	94232.665028	229363.563221	7.413666	972.638356	-0.000004	0.000548	1.216755	5.185362	-0.437586	0.000000
0.707276	3.651020	94232.653488	229363.547731	7.675129	1039.765407	-0.000006	0.000548	1.216755	5.185362	-0.437586	0.000000
0.712755	3.651020	94232.642524	229363.533239	6.972641	987.483607	-0.000007	0.000548	1.216755	5.185362	-0.437586	0.000000
0.718233	3.651021	94232.632315	229363.518271	8.110278	1037.746465	-0.000008	0.000548	1.216755	5.185362	-0.437586	0.000000
0.723712	3.651021	94232.622008	229363.499649	9.027613	1262.505221	-0.000009	0.000548	1.216755	5.185362	-0.437586	0.000000
0.729190	3.651021	94232.612079	229363.486049	5.308497	930.835874	-0.000010	0.000548	1.216755	5.185362	-0.437586	0.000000
0.734669	3.651021	94232.603482	229363.470986	9.964795	1037.859484	-0.000011	0.000548	1.216755	5.185362	-0.437586	0.000000
0.740147	3.651021	94232.592390	229363.438231	14.431542	2033.719374	-0.000015	0.000548	1.216755	5.185362	-0.437586	0.000000
0.745626	3.651021	94232.581065	229363.427361	-3.286414	466.721040	-0.000015	0.000548	1.216755	5.185362	-0.437586	0.000000
0.751104	3.651021	94232.574893	229363.410708	17.052660	771.986614	-0.000013	0.000548	1.216755	5.185362	-0.437586	0.000000
0.756583	3.651020	94232.556861	229363.306865	40.491535	5559.905334	-0.000027	0.000548	1.216755	5.185362	-0.437586	0.000000
0.762061	3.651021	94232.536983	229363.295759	-41.711091	-1439.512526	-0.000027	0.000548	1.216755	5.185362	-0.437586	0.000000
0.767540	3.651020	94232.542796	229363.259203	48.759067	-549.684596	-0.000012	0.000548	1.216755	5.185362	-0.437586	0.000000
0.773018	3.651015	94232.495743	229362.788100	172.700076	22779.428905	-0.000072	0.000548	1.216755	5.185361	-0.437587	0.000000
0.778497	3.651015	94232.435480	229362.690622	-203.861929	-7851.681275	-0.000079	0.000548	1.216755	5.185361	-0.437587	0.000000
0.783975	3.651011	94232.496272	229362.454949	202.348855	-5441.848313	-0.000009	0.000548	1.216755	5.185361	-0.437587	0.000000
0.789454	3.650981	94232.311470	229360.020905	856.062730	108965.049813	-0.000301	0.000548	1.216755	5.185360	-0.437591	0.000000
0.794932	3.650971	94232.028499	229358.968664	-848.207533	-22049.736341	-0.000379	0.000548	1.216755	5.185359	-0.437592	0.000000
0.800411	3.650940	94232.294892	229357.037002	996.255508	-15229.849217	-0.000096	0.000548	1.216755	5.185360	-0.437597	0.000000
0.805889	3.650778	94231.397992	229343.818117	4439.274813	549623.505358	-0.001550	0.000548	1.216755	5.185355	-0.437617	0.000000
0.811369	3.650677	94229.837908	229334.869053	-3155.298240	7149.474522	-0.002233	0.000548	1.216755	5.185349	-0.437627	0.000000
0.816847	3.650457	94230.704017	229319.858487	5359.002052	39577.209322	-0.001245	0.000548	1.216755	5.185353	-0.437660	0.000000
0.822327	3.649543	94225.971329	229245.898434	23529.749559	2853905.087845	-0.008691	0.000548	1.216755	5.185327	-0.437774	0.000000
0.827809	3.648750	94216.993940	229178.613124	-9559.006309	727750.510771	-0.013781	0.000548	1.216755	5.185289	-0.437863	0.000000
0.833291	3.647222	94218.311265	229068.678000	30620.366154	1013547.731394	-0.011529	0.000548	1.216755	5.185294	-0.438077	0.000000
0.838776	3.641956	94192.084505	228645.169761	127162.748951	15269942.980272	-0.050676	0.000549	1.216755	5.185151	-0.438738	0.000000
0.844275	3.636272	94138.989418	228171.550176	-11921.105112	7951044.037109	-0.086092	0.000550	1.216755	5.184918	-0.439405	0.000000
0.849777	3.626048	94126.192306	227408.769952	180972.472524	10783109.898821	-0.091230	0.000552	1.216755	5.184854	-0.440795	0.000000
0.855302	3.595657	93972.058005	224963.491504	704303.985540	86495914.265163	-0.302061	0.000556	1.216755	5.184024	-0.444660	0.000000
0.860902	3.558019	93633.291539	221813.798242	159289.573994	75448144.699721	-0.543444	0.000562	1.216755	5.182473	-0.449232	0.000000
0.866541	3.498009	93405.837747	217117.647810	1000775.166325	108106633.185813	-0.656933	0.000572	1.216755	5.181365	-0.457418	0.000000
0.872313	3.342080	92345.061987	204150.556677	4007317.212265	586373226.319621	-1.778556	0.000598	1.216755	5.175641	-0.478439	0.000000
0.878525	3.152188	89654.339391	186935.700712	1993622.897328	796210438.324329	-3.446965	0.000634	1.216755	5.162426	-0.503482	0.000000
0.885038	2.977655	86934.179105	170578.877385	1996630.121096	905726957.935313	-3.862455	0.000672	1.216755	5.148819	-0.529642	0.000000
0.891916	2.558496	80536.240008	132325.150151	18976508.698224	3489640337.892075	-7.675816	0.000782	1.216755	5.110742	-0.601848	0.000000
0.901039	1.900686	60259.812429	70622.820841	37593173.132222	7972848715.911826	-20.997170	0.001052	1.216755	4.971311	-0.735114	0.000000
0.914583	1.373194	31481.907031	26020.590912	28628715.386293	6862015479.858778	-37.144667	0.001456	1.216755	4.675973	-0.873404	0.000000
0.931931	1.118068	13376.050145	9126.834583	12698863.869543	2907435135.874189	-46.810661	0.001789	1.216755	4.304336	-0.956764	0.000000
0.951158	1.030097	7344.394084	4879.575042	3627061.923266	626973297.637074	-50.435405	0.001942	1.216755	4.064396	-0.988762	0.000000
0.970992	1.006450	6269.581975	4184.591206	738515.582763	80645091.518025	-51.347285	0.001987	1.216755	4.006506	-0.997601	0.000000
0.990963	1.001244	6137.101658	4093.524176	125120.151485	9920107.206305	-51.520882	0.001998	1.216755	3.998887	-0.999537	0.000000
1.010958	1.000281	6120.225875	4080.867575	17914.542637	1369809.623757	-51.548860	0.001999	1.216755	3.997895	-0.999891	0.000000
1.030958	1.000128	6117.842251	4079.020996	2188.552292	199314.402540	-51.552673	0.002000	1.216755	3.997754	-0.999946	0.000000
1.050958	1.000107	6117.496991	4078.758767	231.848755	28187.442678	-51.553120	0.002000	1.216755	3.997734	-0.999954	0.000000
1.070958	1.000104	6117.449050	4078.724003	21.105433	3729.117472	-51.553166	0.002000	1.216755	3.997731	-0.999955	0.000000
1.090958	1.000104	6117.442851	4078.719754	1.632002	455.882708	-51.553170	0.002000	1.216755	3.997731	-0.999955	0.000000
1.110958	1.000104	6117.442111	4078.719275	0.112836	51.486056	-51.553170	0.002000	1.216755	3.997731	-0.999955	0.000000
1.130958	1.000104	6117.442029	4078.719225	0.009718	5.421045	-51.553170	0.002000	1.216755	3.997731	-0.999955	0.000000
1.150958	1.000104	6117.442020	4078.719220	0.001572	0.545847	-51.553170	0.002000	1.216755	3.997731	-0.999955	0.000000
1.170958	1.000104	6117.442019	4078.719220	0.000323	0.055412	-51.553170	0.002000	1.216755	3.997731	-0.999955	0.000000
1.190958	1.000104	6117.442019	4078.719220	0.000059	0.006120	-51.553170	0.002000	1.216755	3.997731	-0.999955	0.000000
1.210958	1.000104	6117.442019	4078.719219	0.000009	0.000772	-51.553170	0.002000	1.216755	3.997731	-0.999955	0.000000
1.230958	1.000104	6117.442019	4078.719219	0.000001	0.000108	-51.553170	0.002000	1.216755	3.997731	-0.999955	0.000000
1.250958	1.000104	6117.442019	4078.719219	0.000000	0.000014	-51.553170	0.002000	1.216755	3.997731	-0.999955	0.000000
1.270958	1.000104	6117.442019	4078.719219	0.000000	0.000000	-51.553170	0.002000	1.216755	3.997731	-0.999955	0.000000
1.290958	1.000104	6117.442019	4078.719219	0.000000	0.000000	-51.553170	0.002000	1.216755	3.997731	-0.999955	0.000000
1.310958	1.000104	6117.442019	4078.719219	0.000000	-0.000001	-51.553170	0.002000	1.216755	3.997731	-0.999955	0.000000
1.330958	1.000104	6117.442019	4078.719219	0.000000	0.000001	-51.553170	0.002000	1.216755	3.997731	-0.999955	0.000000
1.350958	1.000104	6117.442019	4078.719219	-0.000000	0.000001	-51.553170	0.002000	1.216755	3.997731	-0.999955	0.000000
1.370958	1.000104	6117.442019	4078.719219	-0.000000	-0.000001	-51.553170	0.002000	1.216755	3.997731	-0.999955	0.000000
1.390958	1.000104	6117.442019	4078.719219	0.000000	-0.000001	-51.553170	0.002000	1.216755	3.997731	-0.999955	0.000000
1.410958	1.000104	6117.442019	4078.719219	0.000000	0.000001	-51.553170	0.002000	1.216755	3.997731	-0.999955	0.000000
1.430958	1.000104	6117.442019	4078.719219	-0.000000	0.000002	-51.553170	0.002000	1.216755	3.997731	-0.999955	0.000000
1.450958	1.000104	6117.442019	4078.719219	-0.000000	-0.000001	-51.553170	0.002000	1.216755	3.997731	-0.999955	0.000000
1.470958	1.000104	6117.442019	4078.719219	0.000000	-0.000001	-51.553170	0.002000	1.216755	3.997731	-0.999955	0.000000
1.490958	1.000104	6117.442019	4078.719219	0.000000	0.000000	-51.553170	0.002000	1.216755	3.997731	-0.999955	0.000000
1.510958	1.000104	6117.442019	4078.719219	-0.000000	0.000000	-51.553170	0.002000	1.216755	3.997731	-0.999955	0.000000
1.530958	1.000104	6117.442019	4078.719219	0.000000	-0.000001	-51.553170	0.002000	1.216755	3.997731	-0.999955	0.000000
1.550958	1.000104	6117.442019	4078.719219	-0.000000	0.000002	-51.553170	0.002000	1.216755	3.997731	-0.999955	0.000000
1.570958	1.000104	6117.442019	4078.719219	-0.000000	-0.000001	-51.553170	0.002000	1.216755	3.997731	-0.999955	0.000000
1.590958	1.000104	6117.442019	4078.719219	0.000000	-0.000002	-51.553170	0.002000	1.216755	3.997731	-0.999955	0.000000
1.610958	1.000104	6117.442019	4078.719219	0.000000	-0.000000	-51.553170	0.002000	1.216755	3.997731	-0.999955	0.000000
1.630958	1.000104	6117.442019	4078.719219	0.000000	0.000001	-51.553170	0.002000	1.216755	3.997731	-0.999955	0.000000
1.650958	1.000104	6117.442019	4078.719219	-0.000000	0.000001	-51.553170	0.002000	1.216755	3.997731	-0.999955	0.000000
1.670958	1.000104	6117.442019	4078.719219	-0.000000	0.000000	-51.553170	0.002000	1.216755	3.997731	-0.999955	0.000000
1.690958	1.000104	6117.442019	4078.719219	-0.000000	-0.000000	-51.553170	0.002000	1.216755	3.997731	-0.999955	0.000000
1.710958	1.000104	6117.442019	4078.719219	0.000000	-0.000001	-51.553170	0.002000	1.216755	3.997731	-0.999955	0.000000
1.730958	1.000104	6117.442019	4078.719219	0.000000	0.000001	-51.553170	0.002000	1.216755	3.997731	-0.999955	0.000000
1.750958	1.000104	6117.442019	4078.719219	-0.000000	-0.000000	-51.553170	0.002000	1.216755	3.997731	-0.999955	0.000000
1.770958	1.000104	6117.442019	4078.719219	-0.000000	-0.000001	-51.553170	0.002000	1.216755	3.997731	-0.999955	0.000000
1.790958	1.000104	6117.442019	4078.719219	0.000000	-0.000001	-51.553170	0.002000	1.216755	3.997731	-0.999955	0.000000
1.810958	1.000104	6117.442019	4078.719219	0.000000	0.000000	-51.553170	0.002000	1.216755	3.997731	-0.999955	0.000000
1.830958	1.000104	6117.442019	4078.719219	0.000000	0.000001	-51.553170	0.002000	1.216755	3.997731	-0.999955	0.000000
1.850958	1.000104	6117.442019	4078.719219	-0.000000	0.000001	-51.553170	0.002000	1.216755	3.997731	-0.999955	0.000000
1.870958	1.000104	6117.442019	4078.719219	-0.000000	0.000000	-51.553170	0.002000	1.216755	3.997731	-0.999955	0.000000
1.890958	1.000104	6117.442019	4078.719219	-0.000000	-0.000000	-51.553170	0.002000	1.216755	3.997731	-0.999955	0.000000
1.910958	1.000104	6117.442019	4078.719219	-0.000000	0.000000	-51.553170	0.002000	1.216755	3.997731	-0.999955	0.000000
1.930958	1.000104	6117.442019	4078.719219	0.000000	-0.000001	-51.553170	0.002000	1.216755	3.997731	-0.999955	0.000000
1.950958	1.000104	6117.442019	4078.719219	0.000000	0.000000	-51.553170	0.002000	1.216755	3.997731	-0.999955	0.000000
1.970958	1.000104	6117.442019	4078.719219	-0.000000	0.000001	-51.553170	0.002000	1.216755	3.997731	-0.999955	0.000000
1.990958	1.000104	6117.442019	4078.719219	-0.000000	-0.000000	-51.553170	0.002000	1.216755	3.997731	-0.999955	0.000000
2.010958	1.000104	6117.442019	4078.719219	-0.000000	0.000000	-51.553170	0.002000	1.216755	3.997731	-0.999955	0.000000
2.030958	1.000104	6117.442019	4078.719219	-0.000000	-0.000001	-51.553170	0.002000	1.216755	3.997731	-0.999955	0.000000
2.050958	1.000104	6117.442019	4078.719219	0.000000	-0.000001	-51.553170	0.002000	1.216755	3.997731	-0.999955	0.000000
2.070958	1.000104	6117.442019	4078.719219	0.000000	-0.000000	-51.553170	0.002000	1.216755	3.997731	-0.999955	0.000000
2.090958	1.000104	6117.442019	4078.719219	0.000000	0.000001	-51.553170	0.002000	1.216755	3.997731	-0.999955	0.000000
2.110958	1.000104	6117.442019	4078.719219	0.000000	-0.000001	-51.553170	0.002000	1.216755	3.997731	-0.999955	0.000000
2.130958	1.000104	6117.442019	4078.719219	0.000000	0.000001	-51.553170	0.002000	1.216755	3.997731	-0.999955	0.000000
2.150958	1.000104	6117.442019	4078.719219	-0.000000	0.000000	-51.553170	0.002000	1.216755	3.997731	-0.999955	0.000000
2.170958	1.000104	6117.442019	4078.719219	0.000000	-0.000001	-51.553170	0.002000	1.216755	3.997731	-0.999955	0.000000
2.190958	1.000104	6117.442019	4078.719219	0.000000	0.000000	-51.553170	0.002000	1.216755	3.997731	-0.999955	0.000000
2.210958	1.000104	6117.442019	4078.719219	0.000000	0.000000	-51.553170	0.002000	1.216755	3.997731	-0.999955	0.000000
2.230958	1.000104	6117.442019	4078.719219	-0.000000	0.000001	-51.553170	0.002000	1.216755	3.997731	-0.999955	0.000000
2.250958	1.000104	6117.442019	4078.719219	-0.000000	0.000001	-51.553170	0.002000	1.216755	3.997731	-0.999955	0.000000
2.270958	1.000104	6117.442019	4078.719219	-0.000000	-0.000001	-51.553170	0.002000	1.216755	3.997731	-0.999955	0.000000
2.290958	1.000104	6117.442019	4078.719219	0.000000	-0.000001	-51.553170	0.002000	1.216755	3.997731	-0.999955	0.000000
2.310958	1.000104	6117.442019	4078.719219	0.000000	-0.000001	-51.553170	0.002000	1.216755	3.997731	-0.999955	0.000000
2.330958	1.000104	6117.442019	4078.719219	0.000000	-0.000000	-51.553170	0.002000	1.216755	3.997731	-0.999955	0.000000
2.350958	1.000104	6117.442019	4078.719219	0.000000	-0.000000	-51.553170	0.002000	1.216755	3.997731	-0.999955	0.000000
2.370958	1.000104	6117.442019	4078.719219	0.000000	0.000001	-51.553170	0.002000	1.216755	3.997731	-0.999955	0.000000
2.390958	1.000104	6117.442019	4078.719219	-0.000000	0.000004	-51.553170	0.002000	1.216755	3.997731	-0.999955	0.000000
2.410958	1.000104	6117.442019	4078.719219	-0.000000	0.000004	-51.553170	0.002000	1.216755	3.997731	-0.999955	0.000000
2.430958	1.000104	6117.442019	4078.719219	-0.000000	-0.000003	-51.553170	0.002000	1.216755	3.997731	-0.999955	0.000000
2.450958	1.000104	6117.442019	4078.719219	0.000000	-0.000006	-51.553170	0.002000	1.216755	3.997731	-0.999955	0.000000
2.470958	1.000104	6117.442019	4078.719219	0.000000	-0.000001	-51.553170	0.002000	1.216755	3.997731	-0.999955	0.000000
2.490958	1.000104	6117.442019	4078.719219	0.000000	0.000002	-51.553170	0.002000	1.216755	3.997731	-0.999955	0.000000
2.510958	1.000104	6117.442019	4078.719219	-0.000000	0.000000	-51.553170	0.002000	1.216755	3.997731	-0.999955	0.000000
2.530958	1.000104	6117.442019	4078.719219	0.000000	0.000000	-51.553170	0.002000	1.216755	3.997731	-0.999955	0.000000
2.550958	1.000104	6117.442019	4078.719219	0.000000	0.000000	-51.553170	0.002000	1.216755	3.997731	-0.999955	0.000000
2.570958	1.000104	6117.442019	4078.719219	-0.000000	0.000000	-51.553170	0.002000	1.216755	3.997731	-0.999955	0.000000
2.590958	1.000104	6117.442019	4078.719219	-0.000000	-0.000000	-51.553170	0.002000	1.216755	3.997731	-0.999955	0.000000
2.610958	1.000104	6117.442019	4078.719219	-0.000000	-0.000000	-51.553170	0.002000	1.216755	3.997731	-0.999955	0.000000
2.630958	1.000104	6117.442019	4078.719219	0.000000	-0.000001	-51.553170	0.002000	1.216755	3.997731	-0.999955	0.000000
2.650958	1.000104	6117.442019	4078.719219	0.000000	0.000001	-51.553170	0.002000	1.216755	3.997731	-0.999955	0.000000
2.670958	1.000104	6117.442019	4078.719219	-0.000000	0.000001	-51.553170	0.002000	1.216755	3.997731	-0.999955	0.000000
2.690958	1.000104	6117.442019	4078.719219	-0.000000	0.000000	-51.553170	0.002000	1.216755	3.997731	-0.999955	0.000000
2.710958	1.000104	6117.442019	4078.719219	-0.000000	-0.000001	-51.553170	0.002000	1.216755	3.997731	-0.999955	0.000000
2.730958	1.000104	6117.442019	4078.719219	0.000000	-0.000001	-51.553170	0.002000	1.216755	3.997731	-0.999955	0.000000
2.750958	1.000104	6117.442019	4078.719219	0.000000	0.000001	-51.553170	0.002000	1.216755	3.997731	-0.999955	0.000000
2.770958	1.000104	6117.442019	4078.719219	0.000000	0.000001	-51.553170	0.002000	1.216755	3.997731	-0.999955	0.000000
2.790958	1.000104	6117.442019	4078.719219	-0.000000	0.000000	-51.553170	0.002000	1.216755	3.997731	-0.999955	0.000000
2.810958	1.000104	6117.442019	4078.719219	-0.000000	0.000000	-51.553170	0.002000	1.216755	3.997731	-0.999955	0.000000
2.830958	1.000104	6117.442019	4078.719219	-0.000000	-0.000001	-51.553170	0.002000	1.216755	3.997731	-0.999955	0.000000
2.850958	1.000104	6117.442019	4078.719219	0.000000	-0.000001	-51.553170	0.002000	1.216755	3.997731	-0.999955	0.000000
2.870958	1.000104	6117.442019	4078.719219	0.000000	0.000001	-51.553170	0.002000	1.216755	3.997731	-0.999955	0.000000
2.890958	1.000104	6117.442019	4078.719219	0.000000	0.000001	-51.553170	0.002000	1.216755	3.997731	-0.999955	0.000000
2.910958	1.000104	6117.442019	4078.719219	-0.000000	0.000001	-51.553170	0.002000	1.216755	3.997731	-0.999955	0.000000
2.930958	1.000104	6117.442019	4078.719219	-0.000000	-0.000001	-51.553170	0.002000	1.216755	3.997731	-0.999955	0.000000
2.950958	1.000104	6117.442019	4078.719219	0.000000	-0.000001	-51.553170	0.002000	1.216755	3.997731	-0.999955	0.000000
2.970958	1.000104	6117.442019	4078.719219	0.000000	0.000000	-51.553170	0.002000	1.216755	3.997731	-0.999955	0.000000
2.990958	1.000104	6117.442019	4078.719219	0.000000	0.000001	-51.553170	0.002000	1.216755	3.997731	-0.999955	0.000000
3.010958	1.000104	6117.442019	4078.719219	-0.000000	0.000001	-51.553170	0.002000	1.216755	3.997731	-0.999955	0.000000
3.030958	1.000104	6117.442019	4078.719219	-0.000000	-0.000001	-51.553170	0.002000	1.216755	3.997731	-0.999955	0.000000
3.050958	1.000104	6117.442019	4078.719219	0.000000	-0.000001	-51.553170	0.002000	1.216755	3.997731	-0.999955	0.000000
3.070958	1.000104	6117.442019	4078.719219	0.000000	0.000001	-51.553170	0.002000	1.216755	3.997731	-0.999955	0.000000
3.090958	1.000104	6117.442019	4078.719219	-0.000000	0.000000	-51.553170	0.002000	1.216755	3.997731	-0.999955	0.000000
3.110958	1.000104	6117.442019	4078.719219	0.000000	-0.000001	-51.553170	0.002000	1.216755	3.997731	-0.999955	0.000000
3.130958	1.000104	6117.442019	4078.719219	0.000000	0.000001	-51.553170	0.002000	1.216755	3.997731	-0.999955	0.000000
3.150958	1.000104	6117.442019	4078.719219	-0.000000	0.000001	-51.553170	0.002000	1.216755	3.997731	-0.999955	0.000000
3.170958	1.000104	6117.442019	4078.719219	0.000000	-0.000001	-51.553170	0.002000	1.216755	3.997731	-0.999955	0.000000
3.190958	1.000104	6117.442019	4078.719219	0.000000	0.000001	-51.553170	0.002000	1.216755	3.997731	-0.999955	0.000000
3.210958	1.000104	6117.442019	4078.719219	-0.000000	0.000001	-51.553170	0.002000	1.216755	3.997731	-0.999955	0.000000
3.230958	1.000104	6117.442019	4078.719219	-0.000000	-0.000001	-51.553170	0.002000	1.216755	3.997731	-0.999955	0.000000
3.250958	1.000104	6117.442019	4078.719219	0.000000	-0.000001	-51.553170	0.002000	1.216755	3.997731	-0.999955	0.000000
3.270958	1.000104	6117.442019	4078.719219	0.000000	0.000001	-51.553170	0.002000	1.216755	3.997731	-0.999955	0.000000
3.290958	1.000104	6117.442019	4078.719219	-0.000000	0.000001	-51.553170	0.002000	1.216755	3.997731	-0.999955	0.000000
3.310958	1.000104	6117.442019	4078.719219	-0.000000	0.000000	-51.553170	0.002000	1.216755	3.997731	-0.999955	0.000000
3.330958	1.000104	6117.442019	4078.719219	-0.000000	0.000000	-51.553170	0.002000	1.216755	3.997731	-0.999955	0.000000
3.350958	1.000104	6117.442019	4078.719219	-0.000000	-0.000000	-51.553170	0.002000	1.216755	3.997731	-0.999955	0.000000
3.370958	1.000104	6117.442019	4078.719219	-0.000000	-0.000000	-51.553170	0.002000	1.216755	3.997731	-0.999955	0.000000
3.390958	1.000104	6117.442019	4078.719219	-0.000000	-0.000001	-51.553170	0.002000	1.216755	3.997731	-0.999955	0.000000
3.410958	1.000104	6117.442019	4078.719219	0.000000	0.000000	-51.553170	0.002000	1.216755	3.997731	-0.999955	0.000000
3.430958	1.000104	6117.442019	4078.719219	0.000000	-0.000000	-51.553170	0.002000	1.216755	3.997731	-0.999955	0.000000
3.450958	1.000104	6117.442019	4078.719219	0.000000	0.000001	-51.553170	0.002000	1.216755	3.997731	-0.999955	0.000000
3.470958	1.000104	6117.442019	4078.719219	-0.000000	0.000001	-51.553170	0.002000	1.216755	3.997731	-0.999955	0.000000
3.490958	1.000104	6117.442019	4078.719219	-0.000000	0.000000	-51.553170	0.002000	1.216755	3.997731	-0.999955	0.000000
3.510958	1.000104	6117.442019	4078.719219	-0.000000	-0.000001	-51.553170	0.002000	1.216755	3.997731	-0.999955	0.000000
3.530958	1.000104	6117.442019	4078.719219	0.000000	-0.000001	-51.553170	0.002000	1.216755	3.997731	-0.999955	0.000000
3.550958	1.000104	6117.442019	4078.719219	0.000000	0.000001	-51.553170	0.002000	1.216755	3.997731	-0.999955	0.000000
3.570958	1.000104	6117.442019	4078.719219	0.000000	-0.000000	-51.553170	0.002000	1.216755	3.997731	-0.999955	0.000000
3.590958	1.000104	6117.442019	4078.719219	0.000000	-0.000001	-51.553170	0.002000	1.216755	3.997731	-0.999955	0.000000
3.610958	1.000104	6117.442019	4078.719219	0.000000	0.000001	-51.553170	0.002000	1.216755	3.997731	-0.999955	0.000000
3.630958	1.000104	6117.442019	4078.719219	-0.000000	0.000001	-51.553170	0.002000	1.216755	3.997731	-0.999955	0.000000
3.650958	1.000104	6117.442019	4078.719219	-0.000000	-0.000001	-51.553170	0.002000	1.216755	3.997731	-0.999955	0.000000
3.670958	1.000104	6117.442019	4078.719219	-0.000000	-0.000000	-51.553170	0.002000	1.216755	3.997731	-0.999955	0.000000
3.690958	1.000104	6117.442019	4078.719219	-0.000000	-0.000001	-51.553170	0.002000	1.216755	3.997731	-0.999955	0.000000
3.710958	1.000104	6117.442019	4078.719219	-0.000000	0.000001	-51.553170	0.002000	1.216755	3.997731	-0.999955	0.000000
3.730958	1.000104	6117.442019	4078.719219	-0.000000	0.000000	-51.553170	0.002000	1.216755	3.997731	-0.999955	0.000000
3.750958	1.000104	6117.442019	4078.719219	0.000000	-0.000001	-51.553170	0.002000	1.216755	3.997731	-0.999955	0.000000
3.770958	1.000104	6117.442019	4078.719219	-0.000000	-0.000001	-51.553170	0.002000	1.216755	3.997731	-0.999955	0.000000
3.790958	1.000104	6117.442019	4078.719219	-0.000000	-0.000001	-51.553170	0.002000	1.216755	3.997731	-0.999955	0.000000
3.810958	1.000104	6117.442019	4078.719219	0.000000	0.000001	-51.553170	0.002000	1.216755	3.997731	-0.999955	0.000000
3.830958	1.000104	6117.442019	4078.719219	-0.000000	0.000000	-51.553170	0.002000	1.216755	3.997731	-0.999955	0.000000
3.850958	1.000104	6117.442019	4078.719219	0.000000	-0.000000	-51.553170	0.002000	1.216755	3.997731	-0.999955	0.000000
3.870958	1.000104	6117.442019	4078.719219	-0.000000	-0.000000	-51.553170	0.002000	1.216755	3.997731	-0.999955	0.000000
3.890958	1.000104	6117.442019	4078.719219	0.000000	-0.000001	-51.553170	0.002000	1.216755	3.997731	-0.999955	0.000000
3.910958	1.000104	6117.442019	4078.719219	0.000000	0.000001	-51.553170	0.002000	1.216755	3.997731	-0.999955	0.000000
3.930958	1.000104	6117.442019	4078.719219	0.000000	0.000001	-51.553170	0.002000	1.216755	3.997731	-0.999955	0.000000
3.950958	1.000104	6117.442019	4078.719219	-0.000000	-0.000000	-51.553170	0.002000	1.216755	3.997731	-0.999955	0.000000
3.970958	1.000104	6117.442019	4078.719219	-0.000000	0.000000	-51.553170	0.002000	1.216755	3.997731	-0.999955	0.000000
3.990958	1.000104	6117.442019	4078.719219	-0.000000	0.000001	-51.553170	0.002000	1.216755	3.997731	-0.999955	0.000000
4.010958	1.000104	6117.442019	4078.719219	-0.000000	0.000000	-51.553170	0.002000	1.216755	3.997731	-0.999955	0.000000
4.030958	1.000104	6117.442019	4078.719219	-0.000000	-0.000000	-51.553170	0.002000	1.216755	3.997731	-0.999955	0.000000
4.050958	1.000104	6117.442019	4078.719219	-0.000000	-0.000001	-51.553170	0.002000	1.216755	3.997731	-0.999955	0.000000
4.070958	1.000104	6117.442019	4078.719219	0.000000	-0.000001	-51.553170	0.002000	1.216755	3.997731	-0.999955	0.000000
4.090958	1.000104	6117.442019	4078.719219	0.000000	0.000001	-51.553170	0.002000	1.216755	3.997731	-0.999955	0.000000
4.110958	1.000104	6117.442019	4078.719219	-0.000000	0.000001	-51.553170	0.002000	1.216755	3.997731	-0.999955	0.000000
4.130958	1.000104	6117.442019	4078.719219	-0.000000	-0.000001	-51.553170	0.002000	1.216755	3.997731	-0.999955	0.000000
4.150958	1.000104	6117.442019	4078.719219	0.000000	-0.000001	-51.553170	0.002000	1.216755	3.997731	-0.999955	0.000000
4.170958	1.000104	6117.442019	4078.719219	0.000000	0.000001	-51.553170	0.002000	1.216755	3.997731	-0.999955	0.000000
4.190958	1.000104	6117.442019	4078.719219	-0.000000	0.000001	-51.553170	0.002000	1.216755	3.997731	-0.999955	0.000000
4.210958	1.000104	6117.442019	4078.719219	-0.000000	-0.000001	-51.553170	0.002000	1.216755	3.997731	-0.999955	0.000000
4.230958	1.000104	6117.442019	4078.719219	0.000000	-0.000001	-51.553170	0.002000	1.216755	3.997731	-0.999955	0.000000
4.250958	1.000104	6117.442019	4078.719219	0.000000	-0.000004	-51.553170	0.002000	1.216755	3.997731	-0.999955	0.000000
4.270958	1.000104	6117.442019	4078.719219	0.000000	-0.000009	-51.553170	0.002000	1.216755	3.997731	-0.999955	0.000000
4.290958	1.000104	6117.442019	4078.719219	0.000000	-0.000026	-51.553170	0.002000	1.216755	3.997731	-0.999955	0.000000
4.310958	1.000104	6117.442019	4078.719219	0.000001	-0.000077	-51.553170	0.002000	1.216755	3.997731	-0.999955	0.000000
4.330958	1.000104	6117.442019	4078.719219	0.000003	-0.000223	-51.553170	0.002000	1.216755	3.997731	-0.999955	0.000000
4.350958	1.000104	6117.442019	4078.719219	0.000008	-0.000630	-51.553170	0.002000	1.216755	3.997731	-0.999955	0.000000
4.370958	1.000104	6117.442019	4078.719219	0.000022	-0.001703	-51.553170	0.002000	1.216755	3.997731	-0.999955	0.000000
4.390958	1.000104	6117.442019	4078.719219	0.000060	-0.004436	-51.553170	0.002000	1.216755	3.997731	-0.999955	0.000000
4.410958	1.000104	6117.442019	4078.719219	0.000155	-0.011294	-51.553170	0.002000	1.216755	3.997731	-0.999955	0.000000
4.430958	1.000104	6117.442019	4078.719219	0.000392	-0.028134	-51.553170	0.002000	1.216755	3.997731	-0.999955	0.000000
4.450958	1.000104	6117.442018	4078.719218	0.000968	-0.068635	-51.553170	0.002000	1.216755	3.997731	-0.999955	0.000000
4.470958	1.000104	6117.442017	4078.719216	0.002343	-0.164110	-51.553170	0.002000	1.216755	3.997731	-0.999955	0.000000
4.490958	1.000104	6117.442013	4078.719212	0.005556	-0.384680	-51.553170	0.002000	1.216755	3.997731	-0.999955	0.000000
4.510958	1.000104	6117.442003	4078.719201	0.012920	-0.884507	-51.553170	0.002000	1.216755	3.997731	-0.999955	0.000000
4.530958	1.000104	6117.441982	4078.719176	0.029471	-1.995427	-51.553170	0.002000	1.216755	3.997731	-0.999955	0.000000
4.550958	1.000104	6117.441935	4078.719119	0.065948	-4.417137	-51.553170	0.002000	1.216755	3.997731	-0.999955	0.000000
4.570958	1.000104	6117.441829	4078.718993	0.144782	-9.594547	-51.553170	0.002000	1.216755	3.997731	-0.999955	0.000000
4.590958	1.000104	6117.441600	4078.718715	0.311795	-20.453495	-51.553169	0.002000	1.216755	3.997731	-0.999955	0.000000
4.610958	1.000104	6117.441110	4078.718118	0.658796	-42.757308	-51.553168	0.002000	1.216755	3.997730	-0.999955	0.000000
4.630958	1.000104	6117.440085	4078.716859	1.365065	-87.665648	-51.553166	0.002000	1.216755	3.997730	-0.999955	0.000000
4.650958	1.000104	6117.437982	4078.714255	2.773171	-176.230548	-51.553162	0.002000	1.216755	3.997730	-0.999955	0.000000
4.670958	1.000103	6117.433750	4078.708973	5.521752	-347.222618	-51.553154	0.002000	1.216755	3.997730	-0.999955	0.000000
4.690958	1.000102	6117.425403	4078.698474	10.771634	-670.237473	-51.553137	0.002000	1.216755	3.997729	-0.999956	0.000000
4.710958	1.000099	6117.409279	4078.678023	20.577507	-1266.886898	-51.553104	0.002000	1.216755	3.997728	-0.999957	0.000000
4.730958	1.000095	6117.378777	4078.639012	38.475787	-2343.723175	-51.553041	0.002000	1.216755	3.997726	-0.999959	0.000000
4.750958	1.000086	6117.322308	4078.566170	70.374942	-4241.128165	-51.552923	0.002000	1.216755	3.997722	-0.999963	0.000000
4.770959	1.000069	6117.220056	4078.433106	125.838106	-7502.173187	-51.552706	0.002000	1.216755	3.997715	-0.999970	0.000000
4.790959	1.000040	6117.039070	4078.195447	219.823471	-12963.581276	-51.552319	0.002000	1.216755	3.997702	-0.999982	0.000000
4.810961	0.999989	6116.726148	4077.780706	374.874706	-21866.347247	-51.551643	0.002000	1.216755	3.997680	-1.000005	0.000000
4.830964	0.999900	6116.198024	4077.074027	623.609265	-35975.342568	-51.550489	0.002000	1.216755	3.997643	-1.000043	0.000000
4.850969	0.999751	6115.328621	4075.899220	1011.125535	-57685.155811	-51.548568	0.002000	1.216755	3.997582	-1.000107	0.000000
4.870978	0.999509	6113.933647	4073.995174	1596.659123	-90075.048592	-51.545452	0.002001	1.216755	3.997484	-1.000211	0.000000
4.890992	0.999122	6111.753669	4070.988945	2453.535245	-136863.634651	-51.540528	0.002002	1.216755	3.997330	-1.000378	0.000000
4.911016	0.998522	6108.437909	4066.368573	3666.327814	-202211.105002	-51.532953	0.002003	1.216755	3.997096	-1.000637	0.000000
4.931055	0.997616	6103.532151	4059.460645	5324.327222	-290332.735771	-51.521619	0.002005	1.216755	3.996749	-1.001029	0.000000
4.951115	0.996286	6096.474920	4049.419384	7511.099782	-404927.893944	-51.505129	0.002007	1.216755	3.996249	-1.001605	0.000000
4.971206	0.994388	6086.605890	4035.234531	10291.082361	-548491.139073	-51.481808	0.002011	1.216755	3.995549	-1.002429	0.000000
4.991342	0.991753	6073.189013	4015.763847	13695.531688	-721638.101085	-51.449742	0.002017	1.216755	3.994595	-1.003575	0.000000
5.011540	0.988199	6055.449949	3989.792031	17711.168528	-922619.471720	-51.406866	0.002024	1.216755	3.993329	-1.005127	0.000000
5.031820	0.983535	6032.623804	3956.112002	22274.905652	-1147181.831892	-51.351070	0.002033	1.216755	3.991695	-1.007175	0.000000
5.052210	0.977575	6004.006102	3913.618241	27276.801760	-1388855.190772	-51.280327	0.002046	1.216755	3.989636	-1.009806	0.000000
5.072738	0.970153	5968.998443	3861.397604	32571.124655	-1639627.527446	-51.192811	0.002062	1.216755	3.987102	-1.013106	0.000000
5.093440	0.961130	5927.141328	3798.802547	37993.058167	-1890854.285594	-51.086989	0.002081	1.216755	3.984053	-1.017154	0.000000
5.114356	0.950405	5878.129663	3725.495377	43377.120538	-2134193.951554	-50.961674	0.002104	1.216755	3.980453	-1.022017	0.000000
5.135529	0.937918	5821.810365	3641.458712	48573.346072	-2362378.665496	-50.816028	0.002132	1.216755	3.976278	-1.027751	0.000000
5.157006	0.923646	5758.165085	3546.974584	53458.484701	-2569713.785733	-50.649532	0.002165	1.216755	3.971510	-1.034400	0.000000
5.178839	0.907603	5687.282899	3442.579666	57941.563428	-2752231.301200	-50.461919	0.002204	1.216755	3.966137	-1.042001	0.000000
5.201084	0.889830	5609.328537	3329.007393	61963.661993	-2907698.550136	-50.253099	0.002248	1.216755	3.960148	-1.050581	0.000000
5.223800	0.870387	5524.510058	3207.125001	65496.710125	-3035114.419236	-50.023075	0.002298	1.216755	3.953535	-1.060167	0.000000
5.247052	0.849349	5433.047091	3077.873859	68532.293783	-3135144.687281	-49.771866	0.002355	1.216755	3.946289	-1.070786	0.000000
5.270910	0.826794	5335.158557	2942.226860	71083.139696	-3208648.227763	-49.499426	0.002419	1.216755	3.938396	-1.082468	0.000000
5.295451	0.802800	5231.036655	2801.145827	73172.398671	-3257236.976132	-49.205585	0.002491	1.216755	3.929840	-1.095252	0.000000
5.320760	0.777438	5120.842143	2655.560673	74830.657872	-3282725.621451	-48.889986	0.002573	1.216755	3.920596	-1.109188	0.000000
5.346932	0.750774	5004.696119	2506.355857	76091.788217	-3286973.075774	-48.552032	0.002664	1.216755	3.910635	-1.124340	0.000000
5.374076	0.722863	4882.657807	2354.369515	76989.567007	-3271883.887896	-48.190834	0.002767	1.216755	3.899915	-1.140789	0.000000
5.402314	0.693762	4754.667493	2200.383477	77556.379716	-3239432.289804	-47.805169	0.002883	1.216755	3.888381	-1.158631	0.000000
5.431790	0.663537	4620.373292	2045.101149	77819.334197	-3191949.617970	-47.393448	0.003014	1.216755	3.875939	-1.177973	0.000000
5.462668	0.632272	4478.862211	1889.071941	77801.677859	-3132316.912006	-46.953702	0.003163	1.216755	3.862431	-1.198931	0.000000
5.495142	0.600073	4328.152018	1732.553662	77517.252065	-3063763.591385	-46.483614	0.003333	1.216755	3.847567	-1.221629	0.000000
5.529436	0.567010	4164.893042	1575.356123	76976.085088	-2989176.745270	-45.980371	0.003527	1.216755	3.830870	-1.246239	0.000000
5.565823	0.533002	3984.478203	1416.733681	76183.627426	-2907744.477495	-45.440582	0.003752	1.216755	3.811639	-1.273099	0.000000
5.604652	0.497597	3783.321838	1255.864586	75143.777236	-2813200.836971	-44.858806	0.004019	1.216755	3.789143	-1.302949	0.000000
5.646426	0.459720	3563.416013	1092.836432	73885.294755	-2690034.951741	-44.226214	0.004350	1.216755	3.763138	-1.337331	0.000000
5.691971	0.417877	3338.017621	930.542138	72407.104727	-2526051.324083	-43.525022	0.004786	1.216755	3.734760	-1.378773	0.000000
5.742661	0.370477	3133.217642	774.379554	70788.531356	-2318861.736655	-42.725408	0.005398	1.216755	3.707260	-1.431054	0.000000
5.800950	0.317239	2982.444378	631.192601	68943.315757	-2089671.809896	-41.773348	0.006304	1.216755	3.685836	-1.498422	0.000000
5.870849	0.258928	2921.223923	504.598346	67084.355639	-1862235.071892	-40.577123	0.007724	1.216755	3.676819	-1.586622	0.000000
5.960187	0.198770	2981.021930	395.291406	64913.239790	-1661976.678241	-38.975513	0.010062	1.216755	3.685608	-1.701439	0.000000
6.082909	0.134084	3209.849154	287.119215	63690.237649	-1453569.116320	-36.581139	0.014916	1.216755	3.717712	-1.872398	0.000000
6.310768	0.074911	4356.924314	217.725219	61842.634348	-1145511.714425	-31.810648	0.026698	1.216755	3.850379	-2.125219	0.000000
-0.002971	3.367902	102452.023924	230032.823180	7.151172	0.000000	0.000685	0.000594	0.000000	5.221684	-0.472643	0.000000
-0.008909	3.374496	102233.964086	229992.258598	20.559996	0.000000	0.001994	0.000593	0.000000	5.220759	-0.471794	0.000000
-0.014828	3.387322	101812.567424	229914.730354	31.417355	0.000000	0.003130	0.000590	0.000000	5.218964	-0.470146	0.000000
-0.020720	3.405704	101215.571017	229806.911028	38.433271	0.000000	0.003999	0.000587	0.000000	5.216410	-0.467795	0.000000
-0.026576	3.428682	100480.828961	229677.862224	40.854977	0.000000	0.004538	0.000583	0.000000	5.213245	-0.464874	0.000000
-0.032389	3.455071	99652.702521	229538.093538	38.558369	0.000000	0.004716	0.000579	0.000000	5.209650	-0.461543	0.000000
-0.038156	3.483550	98777.923131	229398.478073	32.037395	0.000000	0.004543	0.000574	0.000000	5.205820	-0.457977	0.000000
-0.043874	3.512747	97901.714612	229269.185627	22.307639	0.000000	0.004058	0.000569	0.000000	5.201950	-0.454352	0.000000
-0.049544	3.541342	97064.431476	229158.751195	10.739594	0.000000	0.003330	0.000565	0.000000	5.198219	-0.450831	0.000000
-0.055170	3.568158	96299.077670	229073.377881	-1.145961	0.000000	0.002442	0.000561	0.000000	5.194781	-0.447554	0.000000
-0.060755	3.592239	95629.770662	229016.536832	-11.890687	0.000000	0.001486	0.000557	0.000000	5.191752	-0.444633	0.000000
-0.066305	3.612909	95071.178594	228988.887784	-20.288503	0.000000	0.000550	0.000554	0.000000	5.189208	-0.442141	0.000000
-0.071827	3.629792	94628.809784	228988.503589	-25.528894	0.000000	-0.000289	0.000551	0.000000	5.187182	-0.440117	0.000000
-0.077326	3.642811	94300.009179	229011.347430	-27.276504	0.000000	-0.000976	0.000549	0.000000	5.185671	-0.438562	0.000000
-0.082808	3.652152	94075.465496	229051.924832	-25.679709	0.000000	-0.001473	0.000548	0.000000	5.184636	-0.437451	0.000000
-0.088278	3.658210	93941.033775	229104.017756	-21.310301	0.000000	-0.001769	0.000547	0.000000	5.184016	-0.436731	0.000000
-0.093742	3.661517	93879.672307	229161.405895	-15.046536	0.000000	-0.001872	0.000546	0.000000	5.183732	-0.436339	0.000000
