0.002971	3.368813	102420.841234	230024.961264	6.896554	-1984108.190108	-0.000671	0.000594	1.216755	5.221552	-0.472525	0.000000
0.008906	3.375330	102205.573247	229985.237391	19.832585	-1807242.041048	-0.001954	0.000593	1.216755	5.220638	-0.471686	0.000000
0.014825	3.388011	101789.431312	229909.284975	30.321144	-1474269.672469	-0.003069	0.000590	1.216755	5.218866	-0.470057	0.000000
0.020716	3.406194	101199.548432	229803.583652	37.123761	-1023321.467382	-0.003924	0.000587	1.216755	5.216341	-0.467732	0.000000
0.026571	3.428935	100472.987392	229676.940053	39.515883	-504368.880920	-0.004458	0.000583	1.216755	5.213211	-0.464842	0.000000
0.032384	3.455075	99653.239182	229539.580603	37.373952	27590.969804	-0.004641	0.000579	1.216755	5.209652	-0.461543	0.000000
0.038150	3.483313	98786.199497	229402.104527	31.165146	519686.880386	-0.004480	0.000574	1.216755	5.205856	-0.458007	0.000000
0.043869	3.512301	97916.388142	229274.451986	21.855220	927303.955021	-0.004015	0.000569	1.216755	5.202015	-0.454407	0.000000
0.049540	3.540737	97083.658195	229165.000302	10.749708	1218562.880290	-0.003309	0.000565	1.216755	5.198305	-0.450905	0.000000
0.055167	3.567456	96320.752250	229079.883735	-0.700569	1376702.801401	-0.002444	0.000561	1.216755	5.194878	-0.447640	0.000000
0.060753	3.591508	95651.771453	229022.597538	-11.101262	1400416.554370	-0.001509	0.000557	1.216755	5.191852	-0.444721	0.000000
0.066305	3.612213	95091.588789	228993.909806	-19.294346	1302372.278046	-0.000590	0.000554	1.216755	5.189301	-0.442225	0.000000
0.071827	3.629185	94646.092795	228992.066276	-24.493974	1106352.829865	0.000240	0.000551	1.216755	5.187262	-0.440189	0.000000
0.077327	3.642334	94313.123742	229013.240098	-26.362542	843481.183946	0.000922	0.000549	1.216755	5.185732	-0.438619	0.000000
0.082809	3.651828	94083.914026	229052.153036	-25.020310	548032.168499	0.001423	0.000548	1.216755	5.184675	-0.437489	0.000000
0.088280	3.658041	93944.845133	229102.780094	-20.990681	253309.510882	0.001727	0.000547	1.216755	5.184033	-0.436751	0.000000
0.093745	3.661493	93879.327412	229159.047048	-15.092417	-11959.776278	0.001842	0.000546	1.216755	5.183731	-0.436342	0.000000
0.099206	3.662772	93869.625473	229215.439894	-8.297551	-226332.572159	0.001793	0.000546	1.216755	5.183686	-0.436191	0.000000
0.104666	3.662478	93898.472792	229267.464876	-1.578726	-377188.309220	0.001616	0.000546	1.216755	5.183820	-0.436226	0.000000
0.110128	3.661165	93950.356313	229311.923994	4.229364	-460990.435788	0.001353	0.000546	1.216755	5.184060	-0.436381	0.000000
0.115593	3.659309	94012.397024	229346.999488	8.533234	-482347.820283	0.001047	0.000547	1.216755	5.184347	-0.436602	0.000000
0.121060	3.657283	94074.805165	229372.166967	11.034850	-452131.682950	0.000736	0.000547	1.216755	5.184635	-0.436842	0.000000
0.126531	3.655354	94130.939287	229387.976897	11.732902	-385032.558483	0.000450	0.000547	1.216755	5.184894	-0.437071	0.000000
0.132004	3.653689	94177.040444	229395.755551	10.877126	-296993.731764	0.000212	0.000547	1.216755	5.185106	-0.437269	0.000000
0.137480	3.652368	94211.739569	229397.278624	8.889574	-202923.659503	0.000030	0.000548	1.216755	5.185266	-0.437426	0.000000
0.142957	3.651404	94235.445253	229394.464645	6.270994	-114985.450181	-0.000091	0.000548	1.216755	5.185375	-0.437540	0.000000
0.148436	3.650767	94249.711519	229389.123295	3.510637	-41616.998481	-0.000159	0.000548	1.216755	5.185441	-0.437616	0.000000
0.153915	3.650396	94256.665076	229382.778897	1.014336	12713.015155	-0.000182	0.000548	1.216755	5.185473	-0.437660	0.000000
0.159395	3.650225	94258.544483	229376.574443	-0.940133	47130.009890	-0.000172	0.000548	1.216755	5.185481	-0.437681	0.000000
0.164874	3.650185	94257.375600	229371.248997	-2.217933	63552.935843	-0.000143	0.000548	1.216755	5.185476	-0.437685	0.000000
0.170354	3.650221	94254.783141	229367.172691	-2.815675	65688.755939	-0.000104	0.000548	1.216755	5.185464	-0.437681	0.000000
0.175834	3.650288	94251.920080	229364.419206	-2.831023	58025.351509	-0.000064	0.000548	1.216755	5.185451	-0.437673	0.000000
0.181313	3.650357	94249.486088	229362.855429	-2.422744	44978.269533	-0.000029	0.000548	1.216755	5.185440	-0.437665	0.000000
0.186793	3.650412	94247.802771	229362.230875	-1.770247	30283.654455	-0.000002	0.000548	1.216755	5.185432	-0.437658	0.000000
0.192272	3.650447	94246.915632	229362.254328	-1.039744	16666.231079	0.000017	0.000548	1.216755	5.185428	-0.437654	0.000000
0.197751	3.650462	94246.698673	229362.650599	-0.361317	5758.585862	0.000027	0.000548	1.216755	5.185427	-0.437652	0.000000
0.203231	3.650461	94246.945173	229363.195421	0.181879	-1787.109042	0.000031	0.000548	1.216755	5.185428	-0.437652	0.000000
0.208710	3.650450	94247.435900	229363.730436	0.553503	-6069.516055	0.000031	0.000548	1.216755	5.185430	-0.437654	0.000000
0.214190	3.650436	94247.982533	229364.162690	0.755996	-7663.784002	0.000028	0.000548	1.216755	5.185433	-0.437655	0.000000
0.219669	3.650423	94248.448760	229364.454081	0.818243	-7361.581819	0.000025	0.000548	1.216755	5.185435	-0.437657	0.000000
0.225148	3.650413	94248.754191	229364.605995	0.782384	-5964.253272	0.000021	0.000548	1.216755	5.185436	-0.437658	0.000000
0.230628	3.650410	94248.867126	229364.643359	0.692388	-4146.524155	0.000018	0.000548	1.216755	5.185437	-0.437659	0.000000
0.236107	3.650412	94248.791792	229364.600952	0.585933	-2390.234512	0.000016	0.000548	1.216755	5.185436	-0.437658	0.000000
0.241587	3.650420	94248.554447	229364.513436	0.490050	-975.334085	0.000015	0.000548	1.216755	5.185435	-0.437657	0.000000
0.247066	3.650432	94248.191226	229364.409372	0.420125	-9.426603	0.000015	0.000548	1.216755	5.185434	-0.437656	0.000000
0.252545	3.650448	94247.739161	229364.308720	0.381335	523.357242	0.000016	0.000548	1.216755	5.185432	-0.437654	0.000000
0.258025	3.650466	94247.230669	229364.222881	0.371459	710.132522	0.000017	0.000548	1.216755	5.185429	-0.437652	0.000000
0.263504	3.650486	94246.691063	229364.156254	0.384031	664.504252	0.000018	0.000548	1.216755	5.185427	-0.437649	0.000000
0.268983	3.650507	94246.138258	229364.108413	0.411142	494.722908	0.000018	0.000548	1.216755	5.185424	-0.437647	0.000000
0.274462	3.650528	94245.583808	229364.076240	0.445469	285.704024	0.000019	0.000548	1.216755	5.185422	-0.437645	0.000000
0.279942	3.650549	94245.034505	229364.055644	0.481429	92.841775	0.000020	0.000548	1.216755	5.185419	-0.437642	0.000000
0.285421	3.650569	94244.494005	229364.042712	0.515542	-55.933502	0.000020	0.000548	1.216755	5.185417	-0.437640	0.000000
0.290900	3.650590	94243.964174	229364.034315	0.546250	-153.621920	0.000021	0.000548	1.216755	5.185414	-0.437637	0.000000
0.296379	3.650610	94243.446039	229364.028298	0.573429	-206.287470	0.000021	0.000548	1.216755	5.185412	-0.437635	0.000000
0.301858	3.650629	94242.940343	229364.023390	0.597812	-225.988757	0.000021	0.000548	1.216755	5.185410	-0.437632	0.000000
0.307337	3.650648	94242.447808	229364.018985	0.620472	-225.598162	0.000022	0.000548	1.216755	5.185407	-0.437630	0.000000
0.312816	3.650667	94241.969193	229364.014897	0.642447	-215.757383	0.000022	0.000548	1.216755	5.185405	-0.437628	0.000000
0.318295	3.650685	94241.505255	229364.011145	0.664541	-203.668440	0.000022	0.000548	1.216755	5.185403	-0.437626	0.000000
0.323774	3.650702	94241.056675	229364.007811	0.687250	-193.163634	0.000022	0.000548	1.216755	5.185401	-0.437624	0.000000
0.329253	3.650719	94240.624005	229364.004955	0.710774	-185.471973	0.000023	0.000548	1.216755	5.185399	-0.437622	0.000000
0.334732	3.650735	94240.207629	229364.002583	0.735109	-180.204799	0.000023	0.000548	1.216755	5.185397	-0.437620	0.000000
0.340211	3.650750	94239.807766	229364.000655	0.760140	-176.243856	0.000023	0.000548	1.216755	5.185395	-0.437618	0.000000
0.345690	3.650765	94239.424487	229363.999098	0.785701	-172.385634	0.000023	0.000548	1.216755	5.185393	-0.437616	0.000000
0.351169	3.650779	94239.057743	229363.997833	0.811662	-167.711673	0.000024	0.000548	1.216755	5.185392	-0.437615	0.000000
0.356648	3.650793	94238.707392	229363.996789	0.837963	-161.723774	0.000024	0.000548	1.216755	5.185390	-0.437613	0.000000
0.362126	3.650806	94238.373229	229363.995915	0.864622	-154.326393	0.000024	0.000548	1.216755	5.185388	-0.437611	0.000000
0.367605	3.650818	94238.054993	229363.995179	0.891762	-145.726521	0.000024	0.000548	1.216755	5.185387	-0.437610	0.000000
0.373084	3.650830	94237.752378	229363.994568	0.919616	-136.308724	0.000024	0.000548	1.216755	5.185386	-0.437609	0.000000
0.378563	3.650841	94237.465033	229363.994080	0.948517	-126.519989	0.000025	0.000548	1.216755	5.185384	-0.437607	0.000000
0.384042	3.650851	94237.192560	229363.993713	0.978897	-116.779827	0.000025	0.000548	1.216755	5.185383	-0.437606	0.000000
0.389520	3.650861	94236.934506	229363.993461	1.011280	-107.424703	0.000025	0.000548	1.216755	5.185382	-0.437605	0.000000
0.394999	3.650871	94236.690367	229363.993307	1.046274	-98.675024	0.000025	0.000548	1.216755	5.185381	-0.437604	0.000000
0.400478	3.650880	94236.459589	229363.993222	1.084534	-90.625883	0.000025	0.000548	1.216755	5.185380	-0.437603	0.000000
0.405956	3.650888	94236.241570	229363.993162	1.126739	-83.256673	0.000025	0.000548	1.216755	5.185379	-0.437602	0.000000
0.411435	3.650896	94236.035679	229363.993074	1.173558	-76.451205	0.000025	0.000548	1.216755	5.185378	-0.437601	0.000000
0.416914	3.650904	94235.841264	229363.992895	1.225586	-70.031276	0.000025	0.000548	1.216755	5.185377	-0.437600	0.000000
0.422392	3.650911	94235.657671	229363.992566	1.283326	-63.793077	0.000025	0.000548	1.216755	5.185376	-0.437599	0.000000
0.427871	3.650918	94235.484262	229363.992027	1.347127	-57.542181	0.000025	0.000548	1.216755	5.185375	-0.437598	0.000000
0.433350	3.650924	94235.320425	229363.991231	1.417145	-51.125266	0.000025	0.000548	1.216755	5.185374	-0.437597	0.000000
0.438828	3.650930	94235.165592	229363.990142	1.493341	-44.447821	0.000025	0.000548	1.216755	5.185374	-0.437597	0.000000
0.444307	3.650936	94235.019240	229363.988740	1.575462	-37.476192	0.000025	0.000548	1.216755	5.185373	-0.437596	0.000000
0.449786	3.650941	94234.880896	229363.987018	1.663047	-30.227451	0.000026	0.000548	1.216755	5.185372	-0.437595	0.000000
0.455264	3.650946	94234.750133	229363.984981	1.755461	-22.747138	0.000026	0.000548	1.216755	5.185372	-0.437595	0.000000
0.460743	3.650951	94234.626567	229363.982642	1.851935	-15.080433	0.000026	0.000548	1.216755	5.185371	-0.437594	0.000000
0.466221	3.650955	94234.509844	229363.980019	1.951607	-7.245768	0.000026	0.000548	1.216755	5.185371	-0.437594	0.000000
0.471700	3.650959	94234.399635	229363.977129	2.053582	0.783063	0.000025	0.000548	1.216755	5.185370	-0.437593	0.000000
0.477179	3.650963	94234.295627	229363.973990	2.156983	9.084929	0.000025	0.000548	1.216755	5.185370	-0.437593	0.000000
0.482657	3.650967	94234.197514	229363.970611	2.260996	17.785254	0.000025	0.000548	1.216755	5.185369	-0.437592	0.000000
0.488136	3.650971	94234.104998	229363.966999	2.364916	27.039486	0.000025	0.000548	1.216755	5.185369	-0.437592	0.000000
0.493614	3.650974	94234.017781	229363.963156	2.468177	37.012372	0.000025	0.000548	1.216755	5.185368	-0.437591	0.000000
0.499093	3.650977	94233.935568	229363.959079	2.570356	47.852934	0.000025	0.000548	1.216755	5.185368	-0.437591	0.000000
0.504571	3.650980	94233.858071	229363.954763	2.671182	59.674522	0.000025	0.000548	1.216755	5.185368	-0.437591	0.000000
0.510050	3.650983	94233.785006	229363.950205	2.770528	72.543326	0.000025	0.000548	1.216755	5.185367	-0.437590	0.000000
0.515529	3.650985	94233.716101	229363.945399	2.868396	86.473572	0.000025	0.000548	1.216755	5.185367	-0.437590	0.000000
0.521007	3.650988	94233.651094	229363.940344	2.964882	101.431043	0.000025	0.000548	1.216755	5.185367	-0.437590	0.000000
0.526486	3.650990	94233.589738	229363.935038	3.060158	117.342247	0.000025	0.000548	1.216755	5.185366	-0.437590	0.000000
0.531964	3.650992	94233.531802	229363.929483	3.154445	134.107628	0.000025	0.000548	1.216755	5.185366	-0.437589	0.000000
0.537443	3.650994	94233.477066	229363.923682	3.247976	151.613204	0.000024	0.000548	1.216755	5.185366	-0.437589	0.000000
0.542921	3.650996	94233.425331	229363.917638	3.340993	169.742250	0.000024	0.000548	1.216755	5.185366	-0.437589	0.000000
0.548400	3.650998	94233.376406	229363.911355	3.433720	188.385916	0.000024	0.000548	1.216755	5.185365	-0.437589	0.000000
0.553878	3.651000	94233.330119	229363.904837	3.526345	207.445100	0.000024	0.000548	1.216755	5.185365	-0.437588	0.000000
0.559357	3.651001	94233.286306	229363.898088	3.619032	226.833923	0.000024	0.000548	1.216755	5.185365	-0.437588	0.000000
0.564835	3.651003	94233.244818	229363.891112	3.711910	246.482063	0.000023	0.000548	1.216755	5.185365	-0.437588	0.000000
0.570314	3.651004	94233.205514	229363.883911	3.805064	266.332541	0.000023	0.000548	1.216755	5.185365	-0.437588	0.000000
0.575792	3.651006	94233.168264	229363.876488	3.898559	286.339224	0.000023	0.000548	1.216755	5.185364	-0.437588	0.000000
0.581271	3.651007	94233.132948	229363.868846	3.992434	306.467246	0.000022	0.000548	1.216755	5.185364	-0.437588	0.000000
0.586749	3.651008	94233.099452	229363.860986	4.086702	326.689553	0.000022	0.000548	1.216755	5.185364	-0.437587	0.000000
0.592228	3.651009	94233.067672	229363.852910	4.181377	346.986184	0.000022	0.000548	1.216755	5.185364	-0.437587	0.000000
0.597706	3.651010	94233.037510	229363.844620	4.276458	367.344480	0.000021	0.000548	1.216755	5.185364	-0.437587	0.000000
0.603185	3.651011	94233.008874	229363.836116	4.371941	387.756405	0.000021	0.000548	1.216755	5.185364	-0.437587	0.000000
0.608663	3.651012	94232.981680	229363.827399	4.467838	408.219613	0.000020	0.000548	1.216755	5.185364	-0.437587	0.000000
0.614142	3.651013	94232.955848	229363.818471	4.564154	428.735534	0.000020	0.000548	1.216755	5.185364	-0.437587	0.000000
0.619620	3.651014	94232.931303	229363.809332	4.660882	449.306437	0.000019	0.000548	1.216755	5.185363	-0.437587	0.000000
0.625099	3.651014	94232.907974	229363.799982	4.758096	469.943326	0.000019	0.000548	1.216755	5.185363	-0.437587	0.000000
0.630577	3.651015	94232.885797	229363.790422	4.855822	490.659758	0.000018	0.000548	1.216755	5.185363	-0.437587	0.000000
0.636056	3.651016	94232.864709	229363.780651	4.953985	511.452376	0.000018	0.000548	1.216755	5.185363	-0.437586	0.000000
0.641534	3.651016	94232.844653	229363.770670	5.052846	532.343476	0.000017	0.000548	1.216755	5.185363	-0.437586	0.000000
0.647013	3.651017	94232.825573	229363.760478	5.152434	553.361416	0.000016	0.000548	1.216755	5.185363	-0.437586	0.000000
0.652491	3.651017	94232.807419	229363.750074	5.252258	574.444467	0.000016	0.000548	1.216755	5.185363	-0.437586	0.000000
0.657970	3.651018	94232.790140	229363.739458	5.353341	595.645953	0.000015	0.000548	1.216755	5.185363	-0.437586	0.000000
0.663448	3.651018	94232.773690	229363.728626	5.455691	617.073375	0.000014	0.000548	1.216755	5.185363	-0.437586	0.000000
0.668927	3.651019	94232.758027	229363.717578	5.556752	638.440240	0.000014	0.000548	1.216755	5.185363	-0.437586	0.000000
0.674405	3.651019	94232.743109	229363.706311	5.660918	659.993301	0.000013	0.000548	1.216755	5.185363	-0.437586	0.000000
0.679884	3.651020	94232.728898	229363.694815	5.768482	682.311266	0.000012	0.000548	1.216755	5.185362	-0.437586	0.000000
0.685362	3.651020	94232.715362	229363.683100	5.867028	704.114712	0.000011	0.000548	1.216755	5.185362	-0.437586	0.000000
0.690841	3.651020	94232.702476	229363.671171	5.976171	726.396688	0.000011	0.000548	1.216755	5.185362	-0.437586	0.000000
0.696319	3.651021	94232.690211	229363.658993	6.099003	751.761590	0.000010	0.000548	1.216755	5.185362	-0.437586	0.000000
0.701798	3.651021	94232.678547	229363.646643	6.176145	773.788784	0.000009	0.000548	1.216755	5.185362	-0.437586	0.000000
0.707276	3.651021	94232.667480	229363.634156	6.295583	795.815640	0.000008	0.000548	1.216755	5.185362	-0.437586	0.000000
0.712755	3.651021	94232.656952	229363.621363	6.480792	829.809097	0.000007	0.000548	1.216755	5.185362	-0.437586	0.000000
0.718233	3.651021	94232.646906	229363.608553	6.449523	845.660247	0.000006	0.000548	1.216755	5.185362	-0.437586	0.000000
0.723712	3.651022	94232.637332	229363.595832	6.595759	856.686627	0.000005	0.000548	1.216755	5.185362	-0.437586	0.000000
0.729190	3.651022	94232.627992	229363.582245	7.071840	923.117074	0.000004	0.000548	1.216755	5.185362	-0.437586	0.000000
0.734669	3.651022	94232.618687	229363.568924	6.540650	909.342686	0.000003	0.000548	1.216755	5.185362	-0.437586	0.000000
0.740147	3.651022	94232.609582	229363.556356	6.758888	868.993569	0.000002	0.000548	1.216755	5.185362	-0.437586	0.000000
0.745626	3.651022	94232.599976	229363.539977	8.633819	1098.858226	0.000001	0.000548	1.216755	5.185362	-0.437586	0.000000
0.751104	3.651022	94232.589483	229363.524854	5.849000	979.267693	-0.000001	0.000548	1.216755	5.185362	-0.437586	0.000000
0.756583	3.651023	94232.579683	229363.514037	6.203102	704.009981	-0.000001	0.000548	1.216755	5.185362	-0.437586	0.000000
0.762061	3.651023	94232.568284	229363.486204	14.835244	1711.900317	-0.000003	0.000548	1.216755	5.185362	-0.437586	0.000000
0.767540	3.651023	94232.554038	229363.463647	2.000278	1172.782318	-0.000006	0.000548	1.216755	5.185362	-0.437586	0.000000
0.773018	3.651023	94232.545005	229363.463012	2.166072	-265.234606	-0.000003	0.000548	1.216755	5.185362	-0.437586	0.000000
0.778497	3.651023	94232.531247	229363.382895	43.487662	4369.250002	-0.000010	0.000548	1.216755	5.185362	-0.437586	0.000000
0.783975	3.651022	94232.505608	229363.318202	-13.674475	2224.760104	-0.000021	0.000548	1.216755	5.185361	-0.437586	0.000000
0.789454	3.651023	94232.505431	229363.354653	-17.710705	-4831.582406	-0.000001	0.000548	1.216755	5.185361	-0.437586	0.000000
0.794932	3.651019	94232.485837	229363.008267	181.991927	16879.192869	-0.000034	0.000548	1.216755	5.185361	-0.437586	0.000000
0.800411	3.651016	94232.406731	229362.674251	-68.011871	9229.913822	-0.000087	0.000548	1.216755	5.185361	-0.437586	0.000000
0.805889	3.651017	94232.441289	229362.781904	-104.195130	-24391.726259	0.000001	0.000548	1.216755	5.185361	-0.437586	0.000000
0.811368	3.650994	94232.388818	229361.014978	865.014627	78234.481008	-0.000155	0.000548	1.216755	5.185361	-0.437589	0.000000
0.816846	3.650972	94232.032371	229358.965258	-207.815400	55403.434656	-0.000438	0.000548	1.216755	5.185359	-0.437592	0.000000
0.822325	3.650965	94232.172137	229358.715922	-433.824890	-101269.244345	-0.000081	0.000548	1.216755	5.185360	-0.437593	0.000000
0.827803	3.650842	94231.910361	229349.122168	4291.715959	387833.973405	-0.000861	0.000548	1.216755	5.185358	-0.437609	0.000000
0.833282	3.650695	94230.088536	229336.240355	-190.507982	350982.799050	-0.002423	0.000548	1.216755	5.185350	-0.437625	0.000000
0.838761	3.650597	94230.374159	229329.808357	-1370.430502	-359867.971323	-0.001117	0.000548	1.216755	5.185352	-0.437640	0.000000
0.844240	3.649901	94228.731432	229275.784655	21823.728935	1996738.302706	-0.005189	0.000548	1.216755	5.185341	-0.437731	0.000000
0.849721	3.648952	94219.007762	229194.798412	3885.790301	2214589.692175	-0.013957	0.000548	1.216755	5.185296	-0.437839	0.000000
0.855204	3.648061	94217.825429	229130.294765	-1375.691537	-888115.622299	-0.010190	0.000548	1.216755	5.185295	-0.437961	0.000000
0.860686	3.644046	94206.888351	228817.823099	113530.636226	10650405.852383	-0.032309	0.000549	1.216755	5.185227	-0.438485	0.000000
0.866181	3.637981	94153.272362	228309.643996	47545.308937	14046927.677880	-0.082281	0.000550	1.216755	5.184974	-0.439198	0.000000
0.871683	3.631140	94130.816484	227791.130361	28047.299871	1427833.479245	-0.079658	0.000551	1.216755	5.184890	-0.440102	0.000000
0.877193	3.607844	94055.375822	225967.610791	603444.580684	59972712.431514	-0.203321	0.000554	1.216755	5.184451	-0.443153	0.000000
0.882768	3.570195	93739.718335	222820.362369	415273.601425	95988064.559801	-0.494929	0.000560	1.216755	5.182934	-0.447727	0.000000
0.888399	3.525556	93490.092162	219271.203436	311827.988698	56931784.147334	-0.577199	0.000567	1.216755	5.181837	-0.453603	0.000000
0.894094	3.404729	92895.915507	209503.468989	3195569.589463	393632561.200911	-1.243367	0.000587	1.216755	5.178535	-0.470092	0.000000
0.900142	3.209882	90627.661921	192310.613270	3365452.701001	820248768.672518	-3.006566	0.000623	1.216755	5.167090	-0.495835	0.000000
0.906600	3.045565	87858.372235	176878.371671	386954.496249	731974757.881675	-3.741070	0.000657	1.216755	5.153719	-0.518792	0.000000
0.913250	2.738979	83695.386653	148824.280501	11577538.403059	2233592522.522565	-5.532869	0.000730	1.216755	5.129926	-0.570000	0.000000
0.921320	2.121915	68863.343471	91366.368412	34049181.673426	6733140596.705273	-15.591651	0.000943	1.216755	5.034548	-0.686510	0.000000
0.933314	1.516628	40492.913167	37123.157038	33698315.166495	7915283287.339815	-32.294808	0.001319	1.216755	4.788843	-0.831946	0.000000
0.949612	1.177569	17771.439069	12641.628432	17498846.212263	4151872366.169616	-44.425145	0.001698	1.216755	4.425145	-0.936091	0.000000
0.968405	1.048340	8449.092025	5607.263415	5745398.703854	1123326343.329495	-49.687718	0.001908	1.216755	4.117995	-0.981992	0.000000
0.988120	1.010932	6423.812447	4285.665340	1285736.773110	163668061.461935	-51.185176	0.001978	1.216755	4.015196	-0.995926	0.000000
1.008067	1.002151	6155.696308	4106.922285	229186.965127	19603013.865078	-51.492447	0.001996	1.216755	3.999970	-0.999202	0.000000
1.028059	1.000437	6122.732050	4082.795177	34785.083676	2612331.435790	-51.544622	0.001999	1.216755	3.998043	-0.999834	0.000000
1.048058	1.000151	6118.205594	4079.301531	4464.775426	377718.425875	-51.552138	0.002000	1.216755	3.997776	-0.999938	0.000000
1.068058	1.000110	6117.548941	4078.797465	495.850248	54244.254113	-51.553062	0.002000	1.216755	3.997737	-0.999953	0.000000
1.088058	1.000105	6117.456041	4078.728942	47.550184	7353.477323	-51.553160	0.002000	1.216755	3.997731	-0.999955	0.000000
1.108058	1.000104	6117.443722	4078.720334	3.880553	923.243454	-51.553169	0.002000	1.216755	3.997731	-0.999955	0.000000
1.128058	1.000104	6117.442211	4078.719338	0.274002	106.992302	-51.553170	0.002000	1.216755	3.997731	-0.999955	0.000000
1.148058	1.000104	6117.442039	4078.719232	0.020584	11.509474	-51.553170	0.002000	1.216755	3.997731	-0.999955	0.000000
1.168058	1.000104	6117.442021	4078.719221	0.002718	1.171152	-51.553170	0.002000	1.216755	3.997731	-0.999955	0.000000
1.188058	1.000104	6117.442019	4078.719220	0.000548	0.117649	-51.553170	0.002000	1.216755	3.997731	-0.999955	0.000000
1.208058	1.000104	6117.442019	4078.719220	0.000106	0.012532	-51.553170	0.002000	1.216755	3.997731	-0.999955	0.000000
1.228058	1.000104	6117.442019	4078.719220	0.000018	0.001509	-51.553170	0.002000	1.216755	3.997731	-0.999955	0.000000
1.248058	1.000104	6117.442019	4078.719219	0.000003	0.000204	-51.553170	0.002000	1.216755	3.997731	-0.999955	0.000000
1.268058	1.000104	6117.442019	4078.719219	0.000000	0.000030	-51.553170	0.002000	1.216755	3.997731	-0.999955	0.000000
1.288058	1.000104	6117.442019	4078.719219	-0.000000	0.000005	-51.553170	0.002000	1.216755	3.997731	-0.999955	0.000000
1.308058	1.000104	6117.442019	4078.719219	-0.000000	-0.000000	-51.553170	0.002000	1.216755	3.997731	-0.999955	0.000000
1.328058	1.000104	6117.442019	4078.719219	0.000000	-0.000001	-51.553170	0.002000	1.216755	3.997731	-0.999955	0.000000
1.348058	1.000104	6117.442019	4078.719219	0.000000	0.000001	-51.553170	0.002000	1.216755	3.997731	-0.999955	0.000000
1.368058	1.000104	6117.442019	4078.719219	-0.000000	0.000001	-51.553170	0.002000	1.216755	3.997731	-0.999955	0.000000
1.388058	1.000104	6117.442019	4078.719219	-0.000000	-0.000001	-51.553170	0.002000	1.216755	3.997731	-0.999955	0.000000
1.408058	1.000104	6117.442019	4078.719219	0.000000	-0.000001	-51.553170	0.002000	1.216755	3.997731	-0.999955	0.000000
1.428058	1.000104	6117.442019	4078.719219	0.000000	0.000000	-51.553170	0.002000	1.216755	3.997731	-0.999955	0.000000
1.448058	1.000104	6117.442019	4078.719219	-0.000000	0.000000	-51.553170	0.002000	1.216755	3.997731	-0.999955	0.000000
1.468058	1.000104	6117.442019	4078.719219	0.000000	-0.000000	-51.553170	0.002000	1.216755	3.997731	-0.999955	0.000000
1.488058	1.000104	6117.442019	4078.719219	-0.000000	0.000002	-51.553170	0.002000	1.216755	3.997731	-0.999955	0.000000
1.508058	1.000104	6117.442019	4078.719219	-0.000000	-0.000001	-51.553170	0.002000	1.216755	3.997731	-0.999955	0.000000
1.528058	1.000104	6117.442019	4078.719219	0.000000	-0.000001	-51.553170	0.002000	1.216755	3.997731	-0.999955	0.000000
1.548058	1.000104	6117.442019	4078.719219	0.000000	-0.000001	-51.553170	0.002000	1.216755	3.997731	-0.999955	0.000000
1.568058	1.000104	6117.442019	4078.719219	0.000000	0.000001	-51.553170	0.002000	1.216755	3.997731	-0.999955	0.000000
1.588058	1.000104	6117.442019	4078.719219	-0.000000	0.000001	-51.553170	0.002000	1.216755	3.997731	-0.999955	0.000000
1.608058	1.000104	6117.442019	4078.719219	-0.000000	0.000000	-51.553170	0.002000	1.216755	3.997731	-0.999955	0.000000
1.628058	1.000104	6117.442019	4078.719219	-0.000000	-0.000000	-51.553170	0.002000	1.216755	3.997731	-0.999955	0.000000
1.648058	1.000104	6117.442019	4078.719219	0.000000	-0.000001	-51.553170	0.002000	1.216755	3.997731	-0.999955	0.000000
1.668058	1.000104	6117.442019	4078.719219	0.000000	0.000001	-51.553170	0.002000	1.216755	3.997731	-0.999955	0.000000
1.688058	1.000104	6117.442019	4078.719219	-0.000000	-0.000000	-51.553170	0.002000	1.216755	3.997731	-0.999955	0.000000
1.708058	1.000104	6117.442019	4078.719219	-0.000000	-0.000001	-51.553170	0.002000	1.216755	3.997731	-0.999955	0.000000
1.728058	1.000104	6117.442019	4078.719219	0.000000	-0.000001	-51.553170	0.002000	1.216755	3.997731	-0.999955	0.000000
1.748058	1.000104	6117.442019	4078.719219	0.000000	0.000000	-51.553170	0.002000	1.216755	3.997731	-0.999955	0.000000
1.768058	1.000104	6117.442019	4078.719219	0.000000	0.000001	-51.553170	0.002000	1.216755	3.997731	-0.999955	0.000000
1.788058	1.000104	6117.442019	4078.719219	-0.000000	0.000001	-51.553170	0.002000	1.216755	3.997731	-0.999955	0.000000
1.808058	1.000104	6117.442019	4078.719219	-0.000000	0.000000	-51.553170	0.002000	1.216755	3.997731	-0.999955	0.000000
1.828058	1.000104	6117.442019	4078.719219	-0.000000	-0.000000	-51.553170	0.002000	1.216755	3.997731	-0.999955	0.000000
1.848058	1.000104	6117.442019	4078.719219	-0.000000	0.000000	-51.553170	0.002000	1.216755	3.997731	-0.999955	0.000000
1.868058	1.000104	6117.442019	4078.719219	0.000000	-0.000001	-51.553170	0.002000	1.216755	3.997731	-0.999955	0.000000
1.888058	1.000104	6117.442019	4078.719219	0.000000	0.000000	-51.553170	0.002000	1.216755	3.997731	-0.999955	0.000000
1.908058	1.000104	6117.442019	4078.719219	-0.000000	0.000001	-51.553170	0.002000	1.216755	3.997731	-0.999955	0.000000
1.928058	1.000104	6117.442019	4078.719219	-0.000000	-0.000000	-51.553170	0.002000	1.216755	3.997731	-0.999955	0.000000
1.948058	1.000104	6117.442019	4078.719219	-0.000000	0.000000	-51.553170	0.002000	1.216755	3.997731	-0.999955	0.000000
1.968058	1.000104	6117.442019	4078.719219	-0.000000	-0.000001	-51.553170	0.002000	1.216755	3.997731	-0.999955	0.000000
1.988058	1.000104	6117.442019	4078.719219	0.000000	-0.000001	-51.553170	0.002000	1.216755	3.997731	-0.999955	0.000000
2.008058	1.000104	6117.442019	4078.719219	0.000000	-0.000000	-51.553170	0.002000	1.216755	3.997731	-0.999955	0.000000
2.028058	1.000104	6117.442019	4078.719219	0.000000	0.000001	-51.553170	0.002000	1.216755	3.997731	-0.999955	0.000000
2.048058	1.000104	6117.442019	4078.719219	0.000000	-0.000001	-51.553170	0.002000	1.216755	3.997731	-0.999955	0.000000
2.068058	1.000104	6117.442019	4078.719219	0.000000	0.000001	-51.553170	0.002000	1.216755	3.997731	-0.999955	0.000000
2.088058	1.000104	6117.442019	4078.719219	-0.000000	0.000000	-51.553170	0.002000	1.216755	3.997731	-0.999955	0.000000
2.108058	1.000104	6117.442019	4078.719219	0.000000	-0.000001	-51.553170	0.002000	1.216755	3.997731	-0.999955	0.000000
2.128058	1.000104	6117.442019	4078.719219	0.000000	0.000000	-51.553170	0.002000	1.216755	3.997731	-0.999955	0.000000
2.148058	1.000104	6117.442019	4078.719219	0.000000	0.000000	-51.553170	0.002000	1.216755	3.997731	-0.999955	0.000000
2.168058	1.000104	6117.442019	4078.719219	-0.000000	0.000001	-51.553170	0.002000	1.216755	3.997731	-0.999955	0.000000
2.188058	1.000104	6117.442019	4078.719219	-0.000000	0.000001	-51.553170	0.002000	1.216755	3.997731	-0.999955	0.000000
2.208058	1.000104	6117.442019	4078.719219	-0.000000	-0.000001	-51.553170	0.002000	1.216755	3.997731	-0.999955	0.000000
2.228058	1.000104	6117.442019	4078.719219	0.000000	-0.000001	-51.553170	0.002000	1.216755	3.997731	-0.999955	0.000000
2.248058	1.000104	6117.442019	4078.719219	0.000000	-0.000001	-51.553170	0.002000	1.216755	3.997731	-0.999955	0.000000
2.268058	1.000104	6117.442019	4078.719219	0.000000	-0.000000	-51.553170	0.002000	1.216755	3.997731	-0.999955	0.000000
2.288058	1.000104	6117.442019	4078.719219	0.000000	-0.000000	-51.553170	0.002000	1.216755	3.997731	-0.999955	0.000000
2.308058	1.000104	6117.442019	4078.719219	0.000000	0.000001	-51.553170	0.002000	1.216755	3.997731	-0.999955	0.000000
2.328058	1.000104	6117.442019	4078.719219	-0.000000	0.000004	-51.553170	0.002000	1.216755	3.997731	-0.999955	0.000000
2.348058	1.000104	6117.442019	4078.719219	-0.000000	0.000004	-51.553170	0.002000	1.216755	3.997731	-0.999955	0.000000
2.368058	1.000104	6117.442019	4078.719219	-0.000000	-0.000003	-51.553170	0.002000	1.216755	3.997731	-0.999955	0.000000
2.388058	1.000104	6117.442019	4078.719219	0.000000	-0.000006	-51.553170	0.002000	1.216755	3.997731	-0.999955	0.000000
2.408058	1.000104	6117.442019	4078.719219	0.000000	-0.000001	-51.553170	0.002000	1.216755	3.997731	-0.999955	0.000000
2.428058	1.000104	6117.442019	4078.719219	-0.000000	0.000001	-51.553170	0.002000	1.216755	3.997731	-0.999955	0.000000
2.448058	1.000104	6117.442019	4078.719219	0.000000	0.000000	-51.553170	0.002000	1.216755	3.997731	-0.999955	0.000000
2.468058	1.000104	6117.442019	4078.719219	0.000000	0.000001	-51.553170	0.002000	1.216755	3.997731	-0.999955	0.000000
2.488058	1.000104	6117.442019	4078.719219	-0.000000	0.000001	-51.553170	0.002000	1.216755	3.997731	-0.999955	0.000000
2.508058	1.000104	6117.442019	4078.719219	-0.000000	-0.000000	-51.553170	0.002000	1.216755	3.997731	-0.999955	0.000000
2.528058	1.000104	6117.442019	4078.719219	-0.000000	-0.000000	-51.553170	0.002000	1.216755	3.997731	-0.999955	0.000000
2.548058	1.000104	6117.442019	4078.719219	0.000000	-0.000000	-51.553170	0.002000	1.216755	3.997731	-0.999955	0.000000
2.568058	1.000104	6117.442019	4078.719219	0.000000	-0.000001	-51.553170	0.002000	1.216755	3.997731	-0.999955	0.000000
2.588058	1.000104	6117.442019	4078.719219	0.000000	0.000001	-51.553170	0.002000	1.216755	3.997731	-0.999955	0.000000
2.608058	1.000104	6117.442019	4078.719219	-0.000000	0.000001	-51.553170	0.002000	1.216755	3.997731	-0.999955	0.000000
2.628058	1.000104	6117.442019	4078.719219	-0.000000	0.000000	-51.553170	0.002000	1.216755	3.997731	-0.999955	0.000000
2.648058	1.000104	6117.442019	4078.719219	-0.000000	-0.000001	-51.553170	0.002000	1.216755	3.997731	-0.999955	0.000000
2.668058	1.000104	6117.442019	4078.719219	0.000000	-0.000001	-51.553170	0.002000	1.216755	3.997731	-0.999955	0.000000
2.688058	1.000104	6117.442019	4078.719219	0.000000	0.000001	-51.553170	0.002000	1.216755	3.997731	-0.999955	0.000000
2.708058	1.000104	6117.442019	4078.719219	0.000000	0.000001	-51.553170	0.002000	1.216755	3.997731	-0.999955	0.000000
2.728058	1.000104	6117.442019	4078.719219	-0.000000	0.000000	-51.553170	0.002000	1.216755	3.997731	-0.999955	0.000000
2.748058	1.000104	6117.442019	4078.719219	-0.000000	0.000000	-51.553170	0.002000	1.216755	3.997731	-0.999955	0.000000
2.768058	1.000104	6117.442019	4078.719219	-0.000000	-0.000001	-51.553170	0.002000	1.216755	3.997731	-0.999955	0.000000
2.788058	1.000104	6117.442019	4078.719219	0.000000	-0.000001	-51.553170	0.002000	1.216755	3.997731	-0.999955	0.000000
2.808058	1.000104	6117.442019	4078.719219	0.000000	0.000001	-51.553170	0.002000	1.216755	3.997731	-0.999955	0.000000
2.828058	1.000104	6117.442019	4078.719219	0.000000	0.000001	-51.553170	0.002000	1.216755	3.997731	-0.999955	0.000000
2.848058	1.000104	6117.442019	4078.719219	-0.000000	0.000001	-51.553170	0.002000	1.216755	3.997731	-0.999955	0.000000
2.868058	1.000104	6117.442019	4078.719219	-0.000000	-0.000001	-51.553170	0.002000	1.216755	3.997731	-0.999955	0.000000
2.888058	1.000104	6117.442019	4078.719219	0.000000	-0.000001	-51.553170	0.002000	1.216755	3.997731	-0.999955	0.000000
2.908058	1.000104	6117.442019	4078.719219	0.000000	0.000000	-51.553170	0.002000	1.216755	3.997731	-0.999955	0.000000
2.928058	1.000104	6117.442019	4078.719219	0.000000	0.000001	-51.553170	0.002000	1.216755	3.997731	-0.999955	0.000000
2.948058	1.000104	6117.442019	4078.719219	-0.000000	0.000001	-51.553170	0.002000	1.216755	3.997731	-0.999955	0.000000
2.968058	1.000104	6117.442019	4078.719219	-0.000000	-0.000001	-51.553170	0.002000	1.216755	3.997731	-0.999955	0.000000
2.988058	1.000104	6117.442019	4078.719219	0.000000	-0.000001	-51.553170	0.002000	1.216755	3.997731	-0.999955	0.000000
3.008058	1.000104	6117.442019	4078.719219	0.000000	0.000001	-51.553170	0.002000	1.216755	3.997731	-0.999955	0.000000
3.028058	1.000104	6117.442019	4078.719219	-0.000000	0.000000	-51.553170	0.002000	1.216755	3.997731	-0.999955	0.000000
3.048058	1.000104	6117.442019	4078.719219	0.000000	-0.000001	-51.553170	0.002000	1.216755	3.997731	-0.999955	0.000000
3.068058	1.000104	6117.442019	4078.719219	0.000000	0.000001	-51.553170	0.002000	1.216755	3.997731	-0.999955	0.000000
3.088058	1.000104	6117.442019	4078.719219	-0.000000	0.000001	-51.553170	0.002000	1.216755	3.997731	-0.999955	0.000000
3.108058	1.000104	6117.442019	4078.719219	0.000000	-0.000001	-51.553170	0.002000	1.216755	3.997731	-0.999955	0.000000
3.128058	1.000104	6117.442019	4078.719219	0.000000	0.000001	-51.553170	0.002000	1.216755	3.997731	-0.999955	0.000000
3.148058	1.000104	6117.442019	4078.719219	-0.000000	0.000001	-51.553170	0.002000	1.216755	3.997731	-0.999955	0.000000
3.168058	1.000104	6117.442019	4078.719219	-0.000000	-0.000001	-51.553170	0.002000	1.216755	3.997731	-0.999955	0.000000
3.188058	1.000104	6117.442019	4078.719219	0.000000	-0.000001	-51.553170	0.002000	1.216755	3.997731	-0.999955	0.000000
3.208058	1.000104	6117.442019	4078.719219	0.000000	0.000001	-51.553170	0.002000	1.216755	3.997731	-0.999955	0.000000
3.228058	1.000104	6117.442019	4078.719219	-0.000000	0.000001	-51.553170	0.002000	1.216755	3.997731	-0.999955	0.000000
3.248058	1.000104	6117.442019	4078.719219	-0.000000	0.000000	-51.553170	0.002000	1.216755	3.997731	-0.999955	0.000000
3.268058	1.000104	6117.442019	4078.719219	-0.000000	0.000000	-51.553170	0.002000	1.216755	3.997731	-0.999955	0.000000
3.288058	1.000104	6117.442019	4078.719219	-0.000000	-0.000000	-51.553170	0.002000	1.216755	3.997731	-0.999955	0.000000
3.308058	1.000104	6117.442019	4078.719219	-0.000000	-0.000000	-51.553170	0.002000	1.216755	3.997731	-0.999955	0.000000
3.328058	1.000104	6117.442019	4078.719219	-0.000000	-0.000001	-51.553170	0.002000	1.216755	3.997731	-0.999955	0.000000
3.348058	1.000104	6117.442019	4078.719219	0.000000	0.000000	-51.553170	0.002000	1.216755	3.997731	-0.999955	0.000000
3.368058	1.000104	6117.442019	4078.719219	0.000000	0.000000	-51.553170	0.002000	1.216755	3.997731	-0.999955	0.000000
3.388058	1.000104	6117.442019	4078.719219	0.000000	0.000002	-51.553170	0.002000	1.216755	3.997731	-0.999955	0.000000
3.408058	1.000104	6117.442019	4078.719219	-0.000000	0.000001	-51.553170	0.002000	1.216755	3.997731	-0.999955	0.000000
3.428058	1.000104	6117.442019	4078.719219	-0.000000	-0.000001	-51.553170	0.002000	1.216755	3.997731	-0.999955	0.000000
3.448058	1.000104	6117.442019	4078.719219	0.000000	-0.000001	-51.553170	0.002000	1.216755	3.997731	-0.999955	0.000000
3.468058	1.000104	6117.442019	4078.719219	0.000000	-0.000002	-51.553170	0.002000	1.216755	3.997731	-0.999955	0.000000
3.488058	1.000104	6117.442019	4078.719219	0.000000	-0.000001	-51.553170	0.002000	1.216755	3.997731	-0.999955	0.000000
3.508058	1.000104	6117.442019	4078.719219	0.000000	0.000001	-51.553170	0.002000	1.216755	3.997731	-0.999955	0.000000
3.528058	1.000104	6117.442019	4078.719219	0.000000	0.000001	-51.553170	0.002000	1.216755	3.997731	-0.999955	0.000000
3.548058	1.000104	6117.442019	4078.719219	0.000000	0.000001	-51.553170	0.002000	1.216755	3.997731	-0.999955	0.000000
3.568058	1.000104	6117.442019	4078.719219	-0.000000	0.000001	-51.553170	0.002000	1.216755	3.997731	-0.999955	0.000000
3.588058	1.000104	6117.442019	4078.719219	0.000000	-0.000001	-51.553170	0.002000	1.216755	3.997731	-0.999955	0.000000
3.608058	1.000104	6117.442019	4078.719219	-0.000000	0.000001	-51.553170	0.002000	1.216755	3.997731	-0.999955	0.000000
3.628058	1.000104	6117.442019	4078.719219	-0.000000	-0.000001	-51.553170	0.002000	1.216755	3.997731	-0.999955	0.000000
3.648058	1.000104	6117.442019	4078.719219	-0.000000	0.000001	-51.553170	0.002000	1.216755	3.997731	-0.999955	0.000000
3.668058	1.000104	6117.442019	4078.719219	-0.000000	-0.000002	-51.553170	0.002000	1.216755	3.997731	-0.999955	0.000000
3.688058	1.000104	6117.442019	4078.719219	0.000000	-0.000001	-51.553170	0.002000	1.216755	3.997731	-0.999955	0.000000
3.708058	1.000104	6117.442019	4078.719219	-0.000000	0.000002	-51.553170	0.002000	1.216755	3.997731	-0.999955	0.000000
3.728058	1.000104	6117.442019	4078.719219	-0.000000	-0.000001	-51.553170	0.002000	1.216755	3.997731	-0.999955	0.000000
3.748058	1.000104	6117.442019	4078.719219	0.000000	-0.000000	-51.553170	0.002000	1.216755	3.997731	-0.999955	0.000000
3.768058	1.000104	6117.442019	4078.719219	-0.000000	0.000001	-51.553170	0.002000	1.216755	3.997731	-0.999955	0.000000
3.788058	1.000104	6117.442019	4078.719219	-0.000000	-0.000000	-51.553170	0.002000	1.216755	3.997731	-0.999955	0.000000
3.808058	1.000104	6117.442019	4078.719219	-0.000000	-0.000001	-51.553170	0.002000	1.216755	3.997731	-0.999955	0.000000
3.828058	1.000104	6117.442019	4078.719219	0.000000	-0.000001	-51.553170	0.002000	1.216755	3.997731	-0.999955	0.000000
3.848058	1.000104	6117.442019	4078.719219	0.000000	0.000002	-51.553170	0.002000	1.216755	3.997731	-0.999955	0.000000
3.868058	1.000104	6117.442019	4078.719219	0.000000	0.000001	-51.553170	0.002000	1.216755	3.997731	-0.999955	0.000000
3.888058	1.000104	6117.442019	4078.719219	-0.000000	0.000000	-51.553170	0.002000	1.216755	3.997731	-0.999955	0.000000
3.908058	1.000104	6117.442019	4078.719219	-0.000000	0.000001	-51.553170	0.002000	1.216755	3.997731	-0.999955	0.000000
3.928058	1.000104	6117.442019	4078.719219	-0.000000	0.000001	-51.553170	0.002000	1.216755	3.997731	-0.999955	0.000000
3.948058	1.000104	6117.442019	4078.719219	-0.000000	-0.000002	-51.553170	0.002000	1.216755	3.997731	-0.999955	0.000000
3.968058	1.000104	6117.442019	4078.719219	0.000000	-0.000001	-51.553170	0.002000	1.216755	3.997731	-0.999955	0.000000
3.988058	1.000104	6117.442019	4078.719219	-0.000000	0.000001	-51.553170	0.002000	1.216755	3.997731	-0.999955	0.000000
4.008058	1.000104	6117.442019	4078.719219	0.000000	-0.000003	-51.553170	0.002000	1.216755	3.997731	-0.999955	0.000000
4.028058	1.000104	6117.442019	4078.719219	0.000000	0.000001	-51.553170	0.002000	1.216755	3.997731	-0.999955	0.000000
4.048058	1.000104	6117.442019	4078.719219	-0.000000	0.000002	-51.553170	0.002000	1.216755	3.997731	-0.999955	0.000000
4.068058	1.000104	6117.442019	4078.719219	-0.000000	-0.000001	-51.553170	0.002000	1.216755	3.997731	-0.999955	0.000000
4.088058	1.000104	6117.442019	4078.719219	0.000000	-0.000001	-51.553170	0.002000	1.216755	3.997731	-0.999955	0.000000
4.108058	1.000104	6117.442019	4078.719219	0.000000	0.000001	-51.553170	0.002000	1.216755	3.997731	-0.999955	0.000000
4.128058	1.000104	6117.442019	4078.719219	-0.000000	0.000001	-51.553170	0.002000	1.216755	3.997731	-0.999955	0.000000
4.148058	1.000104	6117.442019	4078.719219	-0.000000	-0.000002	-51.553170	0.002000	1.216755	3.997731	-0.999955	0.000000
4.168058	1.000104	6117.442019	4078.719219	0.000000	-0.000005	-51.553170	0.002000	1.216755	3.997731	-0.999955	0.000000
4.188058	1.000104	6117.442019	4078.719219	0.000000	-0.000011	-51.553170	0.002000	1.216755	3.997731	-0.999955	0.000000
4.208058	1.000104	6117.442019	4078.719219	0.000000	-0.000033	-51.553170	0.002000	1.216755	3.997731	-0.999955	0.000000
4.228058	1.000104	6117.442019	4078.719219	0.000001	-0.000095	-51.553170	0.002000	1.216755	3.997731	-0.999955	0.000000
4.248058	1.000104	6117.442019	4078.719219	0.000003	-0.000258	-51.553170	0.002000	1.216755	3.997731	-0.999955	0.000000
4.268058	1.000104	6117.442019	4078.719219	0.000009	-0.000703	-51.553170	0.002000	1.216755	3.997731	-0.999955	0.000000
4.288058	1.000104	6117.442019	4078.719219	0.000025	-0.001864	-51.553170	0.002000	1.216755	3.997731	-0.999955	0.000000
4.308058	1.000104	6117.442019	4078.719219	0.000065	-0.004784	-51.553170	0.002000	1.216755	3.997731	-0.999955	0.000000
4.328058	1.000104	6117.442019	4078.719219	0.000166	-0.011995	-51.553170	0.002000	1.216755	3.997731	-0.999955	0.000000
4.348058	1.000104	6117.442019	4078.719219	0.000414	-0.029459	-51.553170	0.002000	1.216755	3.997731	-0.999955	0.000000
4.368058	1.000104	6117.442018	4078.719218	0.001008	-0.070927	-51.553170	0.002000	1.216755	3.997731	-0.999955	0.000000
4.388058	1.000104	6117.442016	4078.719216	0.002409	-0.167548	-51.553170	0.002000	1.216755	3.997731	-0.999955	0.000000
4.408058	1.000104	6117.442012	4078.719212	0.005646	-0.388429	-51.553170	0.002000	1.216755	3.997731	-0.999955	0.000000
4.428058	1.000104	6117.442003	4078.719201	0.012986	-0.883882	-51.553170	0.002000	1.216755	3.997731	-0.999955	0.000000
4.448058	1.000104	6117.441982	4078.719176	0.029321	-1.974611	-51.553170	0.002000	1.216755	3.997731	-0.999955	0.000000
4.468058	1.000104	6117.441935	4078.719119	0.064987	-4.331123	-51.553170	0.002000	1.216755	3.997731	-0.999955	0.000000
4.488058	1.000104	6117.441831	4078.718994	0.141392	-9.326789	-51.553170	0.002000	1.216755	3.997731	-0.999955	0.000000
4.508058	1.000104	6117.441608	4078.718724	0.301964	-19.716301	-51.553169	0.002000	1.216755	3.997731	-0.999955	0.000000
4.528058	1.000104	6117.441136	4078.718146	0.632869	-40.914140	-51.553168	0.002000	1.216755	3.997730	-0.999955	0.000000
4.548058	1.000104	6117.440155	4078.716937	1.301571	-83.287373	-51.553166	0.002000	1.216755	3.997730	-0.999955	0.000000
4.568058	1.000104	6117.438156	4078.714455	2.625722	-166.311350	-51.553163	0.002000	1.216755	3.997730	-0.999955	0.000000
4.588058	1.000103	6117.434161	4078.709457	5.194125	-325.644025	-51.553154	0.002000	1.216755	3.997730	-0.999955	0.000000
4.608058	1.000102	6117.426332	4078.699584	10.071348	-624.975968	-51.553139	0.002000	1.216755	3.997729	-0.999956	0.000000
4.628058	1.000099	6117.411294	4078.680469	19.132830	-1175.116458	-51.553108	0.002000	1.216755	3.997728	-0.999957	0.000000
4.648058	1.000095	6117.382999	4078.644207	35.593391	-2163.577007	-51.553049	0.002000	1.216755	3.997726	-0.999959	0.000000
4.668058	1.000087	6117.330867	4078.576836	64.806295	-3898.452887	-51.552940	0.002000	1.216755	3.997723	-0.999962	0.000000
4.688058	1.000072	6117.236873	4078.454318	115.414166	-6870.267843	-51.552741	0.002000	1.216755	3.997716	-0.999969	0.000000
4.708059	1.000045	6117.071131	4078.236365	200.913681	-11833.916437	-51.552386	0.002000	1.216755	3.997705	-0.999980	0.000000
4.728061	0.999998	6116.785484	4077.857315	341.634938	-19909.001514	-51.551768	0.002000	1.216755	3.997684	-1.000001	0.000000
4.748063	0.999917	6116.304662	4077.213296	567.014197	-32689.863513	-51.550716	0.002000	1.216755	3.997651	-1.000035	0.000000
4.768068	0.999782	6115.514733	4076.145074	917.843936	-52346.169118	-51.548970	0.002000	1.216755	3.997595	-1.000094	0.000000
4.788076	0.999561	6114.249049	4074.416598	1447.929494	-81682.225529	-51.546141	0.002001	1.216755	3.997506	-1.000189	0.000000
4.808089	0.999211	6112.272597	4071.690251	2224.323480	-124111.703022	-51.541676	0.002002	1.216755	3.997366	-1.000340	0.000000
4.828111	0.998667	6109.266652	4067.501338	3325.161388	-183500.362033	-51.534811	0.002003	1.216755	3.997154	-1.000575	0.000000
4.848146	0.997845	6104.816679	4061.236146	4834.240426	-263840.622459	-51.524536	0.002004	1.216755	3.996840	-1.000930	0.000000
4.868200	0.996639	6098.407184	4052.119509	6832.017896	-368754.286189	-51.509572	0.002007	1.216755	3.996386	-1.001452	0.000000
4.888283	0.994914	6089.427258	4039.218556	9383.675786	-500872.604193	-51.488375	0.002010	1.216755	3.995749	-1.002200	0.000000
4.908407	0.992516	6077.189385	4021.468298	12526.118548	-661202.743279	-51.459169	0.002015	1.216755	3.994879	-1.003243	0.000000
4.928586	0.989272	6060.961728	3997.721560	16256.778957	-848632.255654	-51.420013	0.002022	1.216755	3.993723	-1.004658	0.000000
4.948841	0.985003	6040.010947	3966.820694	20527.354895	-1059721.538867	-51.368904	0.002030	1.216755	3.992224	-1.006530	0.000000
4.969196	0.979528	6013.649582	3927.682829	25244.728127	-1288875.550773	-51.303888	0.002042	1.216755	3.990330	-1.008942	0.000000
4.989678	0.972686	5981.280400	3879.386030	30279.462214	-1528884.681449	-51.223179	0.002056	1.216755	3.987992	-1.011978	0.000000
5.010319	0.964336	5942.430441	3821.242432	35480.116821	-1771719.798386	-51.125246	0.002074	1.216755	3.985169	-1.015712	0.000000
5.031157	0.954374	5896.769878	3752.846912	40690.068916	-2009401.093100	-51.008878	0.002096	1.216755	3.981825	-1.020212	0.000000
5.052233	0.942731	5844.114270	3674.095313	45763.189910	-2234759.754855	-50.873195	0.002121	1.216755	3.977936	-1.025533	0.000000
5.073589	0.929376	5784.412120	3585.172665	50575.598028	-2441966.748780	-50.717632	0.002152	1.216755	3.973482	-1.031720	0.000000
5.095275	0.914313	5717.721828	3486.517313	55032.235288	-2626786.516252	-50.541884	0.002187	1.216755	3.968451	-1.038808	0.000000
5.117343	0.897573	5644.183232	3378.769806	59068.315655	-2786591.464056	-50.345838	0.002228	1.216755	3.962834	-1.046824	0.000000
5.139847	0.879211	5563.987327	3262.715714	62647.114074	-2920165.498973	-50.129498	0.002275	1.216755	3.956624	-1.055793	0.000000
5.162848	0.859293	5477.350001	3139.230958	65755.476907	-3027482.263834	-49.892905	0.002327	1.216755	3.949812	-1.065737	0.000000
5.186410	0.837894	5384.480079	3009.227250	68401.194644	-3109118.062504	-49.636080	0.002387	1.216755	3.942389	-1.076683	0.000000
5.210604	0.815091	5285.577259	2873.623211	70599.248874	-3166754.006699	-49.358947	0.002454	1.216755	3.934341	-1.088660	0.000000
5.235506	0.790955	5180.809374	2733.310854	72377.097993	-3201863.387672	-49.061286	0.002529	1.216755	3.925649	-1.101708	0.000000
5.261202	0.765552	5070.309334	2589.141336	73765.609230	-3216207.068495	-48.742677	0.002612	1.216755	3.916288	-1.115881	0.000000
5.287788	0.738936	4954.170363	2441.918012	74797.124281	-3211508.224836	-48.402461	0.002707	1.216755	3.906227	-1.131244	0.000000
5.315373	0.711159	4832.423497	2292.399233	75502.710601	-3189490.806215	-48.039682	0.002812	1.216755	3.895423	-1.147881	0.000000
5.344082	0.682267	4704.979840	2141.291177	75911.405737	-3151938.633449	-47.653058	0.002931	1.216755	3.883817	-1.165889	0.000000
5.374061	0.652322	4571.452983	1989.225465	76046.894759	-3100968.491351	-47.240948	0.003066	1.216755	3.871315	-1.185379	0.000000
5.405475	0.621402	4430.886881	1836.685744	75928.855779	-3039243.600899	-46.801341	0.003219	1.216755	3.857752	-1.206465	0.000000
5.438522	0.589607	4281.251271	1683.869870	75568.358418	-2969721.696258	-46.331897	0.003392	1.216755	3.842833	-1.229273	0.000000
5.473430	0.557005	4119.153887	1530.541537	74972.345859	-2895003.838474	-45.829785	0.003591	1.216755	3.826072	-1.253975	0.000000
5.510474	0.523502	3940.002144	1375.930592	74144.539233	-2814049.461275	-45.291604	0.003820	1.216755	3.806762	-1.280914	0.000000
5.550012	0.488639	3740.308289	1219.217514	73086.471736	-2720540.411316	-44.711910	0.004093	1.216755	3.784175	-1.310842	0.000000
5.592556	0.451336	3522.301300	1060.512161	71824.839107	-2599508.832027	-44.081816	0.004431	1.216755	3.758096	-1.345328	0.000000
5.638955	0.410109	3299.422791	902.672112	70357.108754	-2439379.363728	-43.383546	0.004877	1.216755	3.729707	-1.386925	0.000000
5.690619	0.363400	3097.794338	750.986768	68756.563373	-2238574.245119	-42.587123	0.005504	1.216755	3.702319	-1.439435	0.000000
5.750067	0.310949	2950.520955	612.046421	66942.610404	-2017485.037747	-41.638690	0.006432	1.216755	3.681160	-1.507124	0.000000
5.821423	0.253570	2892.763254	489.334354	65106.912596	-1799363.907130	-40.446127	0.007887	1.216755	3.672565	-1.595707	0.000000
5.912713	0.194416	2955.605834	383.331669	62985.112807	-1607852.535630	-38.848772	0.010287	1.216755	3.681887	-1.711061	0.000000
6.038354	0.130973	3187.602371	278.508240	61733.463007	-1408439.079310	-36.456853	0.015270	1.216755	3.714690	-1.882600	0.000000
6.272031	0.073102	4339.354421	211.607501	59950.452403	-1114664.927814	-31.689960	0.027359	1.216755	3.848624	-2.135841	0.000000
-0.002971	3.368813	102420.841234	230024.961264	6.896554	0.000000	0.000671	0.000594	0.000000	5.221552	-0.472525	0.000000
-0.008906	3.375330	102205.573247	229985.237391	19.832585	0.000000	0.001954	0.000593	0.000000	5.220638	-0.471686	0.000000
-0.014825	3.388011	101789.431312	229909.284975	30.321144	0.000000	0.003069	0.000590	0.000000	5.218866	-0.470057	0.000000
-0.020716	3.406194	101199.548432	229803.583652	37.123761	0.000000	0.003924	0.000587	0.000000	5.216341	-0.467732	0.000000
-0.026571	3.428935	100472.987392	229676.940053	39.515883	0.000000	0.004458	0.000583	0.000000	5.213211	-0.464842	0.000000
-0.032384	3.455075	99653.239182	229539.580603	37.373952	0.000000	0.004641	0.000579	0.000000	5.209652	-0.461543	0.000000
-0.038150	3.483313	98786.199497	229402.104527	31.165146	0.000000	0.004480	0.000574	0.000000	5.205856	-0.458007	0.000000
-0.043869	3.512301	97916.388142	229274.451986	21.855220	0.000000	0.004015	0.000569	0.000000	5.202015	-0.454407	0.000000
-0.049540	3.540737	97083.658195	229165.000302	10.749708	0.000000	0.003309	0.000565	0.000000	5.198305	-0.450905	0.000000
-0.055167	3.567456	96320.752250	229079.883735	-0.700569	0.000000	0.002444	0.000561	0.000000	5.194878	-0.447640	0.000000
-0.060753	3.591508	95651.771453	229022.597538	-11.101262	0.000000	0.001509	0.000557	0.000000	5.191852	-0.444721	0.000000
-0.066305	3.612213	95091.588789	228993.909806	-19.294346	0.000000	0.000590	0.000554	0.000000	5.189301	-0.442225	0.000000
-0.071827	3.629185	94646.092795	228992.066276	-24.493974	0.000000	-0.000240	0.000551	0.000000	5.187262	-0.440189	0.000000
-0.077327	3.642334	94313.123742	229013.240098	-26.362542	0.000000	-0.000922	0.000549	0.000000	5.185732	-0.438619	0.000000
-0.082809	3.651828	94083.914026	229052.153036	-25.020310	0.000000	-0.001423	0.000548	0.000000	5.184675	-0.437489	0.000000
-0.088280	3.658041	93944.845133	229102.780094	-20.990681	0.000000	-0.001727	0.000547	0.000000	5.184033	-0.436751	0.000000
-0.093745	3.661493	93879.327412	229159.047048	-15.092417	0.000000	-0.001842	0.000546	0.000000	5.183731	-0.436342	0.000000
