0.002970	3.369106	102410.814862	230022.445316	6.815997	-1970548.178070	-0.000666	0.000594	1.216755	5.221509	-0.472487	0.000000
0.008905	3.375599	102196.439261	229982.989060	19.602490	-1795398.746952	-0.001941	0.000592	1.216755	5.220599	-0.471652	0.000000
0.014823	3.388234	101781.977499	229907.538389	29.974513	-1465605.004756	-0.003049	0.000590	1.216755	5.218834	-0.470029	0.000000
0.020714	3.406352	101194.370437	229802.511739	36.709882	-1018836.028365	-0.003900	0.000587	1.216755	5.216319	-0.467712	0.000000
0.026569	3.429018	100470.429009	229676.634861	39.092879	-504473.901726	-0.004433	0.000583	1.216755	5.213200	-0.464831	0.000000
0.032382	3.455078	99653.366956	229540.044313	36.999989	23106.943653	-0.004617	0.000579	1.216755	5.209653	-0.461542	0.000000
0.038148	3.483238	98788.813339	229403.252340	30.889811	511596.221942	-0.004460	0.000574	1.216755	5.205868	-0.458016	0.000000
0.043867	3.512159	97921.062827	229276.126057	21.712307	916801.554266	-0.004001	0.000569	1.216755	5.202035	-0.454425	0.000000
0.049539	3.540544	97089.807446	229166.992437	10.752560	1207078.156937	-0.003302	0.000565	1.216755	5.198333	-0.450929	0.000000
0.055166	3.567231	96327.704860	229081.963438	-0.560531	1365693.689283	-0.002444	0.000561	1.216755	5.194910	-0.447667	0.000000
0.060753	3.591273	95658.849133	229024.541378	-10.852592	1391174.899311	-0.001516	0.000557	1.216755	5.191884	-0.444750	0.000000
0.066304	3.611988	95098.176622	228995.528095	-18.980553	1295865.466900	-0.000602	0.000554	1.216755	5.189331	-0.442252	0.000000
0.071827	3.628989	94651.695322	228993.223579	-24.166248	1103119.583466	0.000224	0.000551	1.216755	5.187287	-0.440213	0.000000
0.077327	3.642179	94317.402087	229013.867152	-26.071417	843591.953393	0.000906	0.000549	1.216755	5.185751	-0.438638	0.000000
0.082810	3.651721	94086.701952	229052.249002	-24.807674	551116.229236	0.001406	0.000548	1.216755	5.184688	-0.437502	0.000000
0.088281	3.657985	93946.144357	229102.405548	-20.883512	258642.167237	0.001713	0.000547	1.216755	5.184039	-0.436758	0.000000
0.093745	3.661483	93879.284748	229158.309436	-15.099322	-5324.974875	0.001832	0.000546	1.216755	5.183730	-0.436343	0.000000
0.099206	3.662801	93868.496315	229214.474233	-8.408652	-219408.579364	0.001788	0.000546	1.216755	5.183681	-0.436187	0.000000
0.104667	3.662535	93896.576775	229266.412939	-1.768811	-370901.916418	0.001615	0.000546	1.216755	5.183811	-0.436219	0.000000
0.110129	3.661240	93948.031588	229310.915200	3.995198	-456056.861083	0.001356	0.000546	1.216755	5.184049	-0.436373	0.000000
0.115593	3.659390	94009.959153	229346.136099	8.292663	-479191.423397	0.001052	0.000547	1.216755	5.184335	-0.436592	0.000000
0.121060	3.657362	94072.515430	229371.515232	10.821564	-450862.115510	0.000743	0.000547	1.216755	5.184624	-0.436833	0.000000
0.126531	3.655424	94128.985232	229387.564622	11.571296	-385474.579990	0.000458	0.000547	1.216755	5.184885	-0.437063	0.000000
0.132004	3.653745	94175.529328	229395.575493	10.779326	-298758.989611	0.000219	0.000547	1.216755	5.185099	-0.437262	0.000000
0.137480	3.652408	94210.703356	229397.296251	8.855097	-205506.183243	0.000036	0.000548	1.216755	5.185261	-0.437421	0.000000
0.142957	3.651430	94234.854266	229394.628324	6.288775	-117860.600341	-0.000087	0.000548	1.216755	5.185372	-0.437537	0.000000
0.148436	3.650779	94249.493106	229389.374928	3.562701	-44326.005676	-0.000157	0.000548	1.216755	5.185440	-0.437615	0.000000
0.153915	3.650399	94256.723581	229383.063278	1.080139	10505.168299	-0.000181	0.000548	1.216755	5.185473	-0.437660	0.000000
0.159395	3.650220	94258.779410	229376.846157	-0.879632	45608.518978	-0.000173	0.000548	1.216755	5.185482	-0.437681	0.000000
0.164874	3.650177	94257.695790	229371.476329	-2.177219	62757.248886	-0.000144	0.000548	1.216755	5.185477	-0.437686	0.000000
0.170354	3.650211	94255.115916	229367.338580	-2.803049	65539.914966	-0.000105	0.000548	1.216755	5.185466	-0.437682	0.000000
0.175834	3.650278	94252.215312	229364.519789	-2.848447	58366.864649	-0.000066	0.000548	1.216755	5.185452	-0.437674	0.000000
0.181313	3.650349	94249.715958	229362.896973	-2.466897	45620.357417	-0.000030	0.000548	1.216755	5.185441	-0.437666	0.000000
0.186793	3.650406	94247.958423	229362.225994	-1.834327	31042.326076	-0.000003	0.000548	1.216755	5.185433	-0.437659	0.000000
0.192272	3.650443	94247.002124	229362.218263	-1.115523	17391.530363	0.000016	0.000548	1.216755	5.185428	-0.437655	0.000000
0.197752	3.650460	94246.729477	229362.598150	-0.440968	6349.680397	0.000027	0.000548	1.216755	5.185427	-0.437653	0.000000
0.203231	3.650460	94246.937208	229363.138854	0.104464	-1379.317573	0.000031	0.000548	1.216755	5.185428	-0.437653	0.000000
0.208710	3.650451	94247.405707	229363.678415	0.482056	-5849.433052	0.000031	0.000548	1.216755	5.185430	-0.437654	0.000000
0.214190	3.650437	94247.943820	229364.120123	0.691835	-7603.906755	0.000029	0.000548	1.216755	5.185433	-0.437655	0.000000
0.219669	3.650424	94248.411269	229364.422624	0.760705	-7417.089939	0.000025	0.000548	1.216755	5.185435	-0.437657	0.000000
0.225148	3.650414	94248.723609	229364.584921	0.729508	-6086.218527	0.000021	0.000548	1.216755	5.185436	-0.437658	0.000000
0.230628	3.650410	94248.845701	229364.630529	0.641656	-4291.722004	0.000019	0.000548	1.216755	5.185437	-0.437659	0.000000
0.236107	3.650412	94248.779299	229364.593690	0.534899	-2526.784225	0.000017	0.000548	1.216755	5.185436	-0.437658	0.000000
0.241587	3.650420	94248.549205	229364.509182	0.436764	-1084.429343	0.000016	0.000548	1.216755	5.185435	-0.437657	0.000000
0.247066	3.650432	94248.190977	229364.406081	0.363333	-84.094961	0.000016	0.000548	1.216755	5.185434	-0.437656	0.000000
0.252545	3.650448	94247.741702	229364.305024	0.320476	481.250899	0.000016	0.000548	1.216755	5.185432	-0.437654	0.000000
0.258025	3.650466	94247.234226	229364.218064	0.306520	693.471906	0.000017	0.000548	1.216755	5.185429	-0.437652	0.000000
0.263504	3.650486	94246.694432	229364.150124	0.315348	664.206410	0.000018	0.000548	1.216755	5.185427	-0.437650	0.000000
0.268983	3.650507	94246.140787	229364.101125	0.339196	502.193185	0.000019	0.000548	1.216755	5.185424	-0.437647	0.000000
0.274462	3.650528	94245.585280	229364.068127	0.370716	294.279440	0.000019	0.000548	1.216755	5.185422	-0.437645	0.000000
0.279942	3.650548	94245.034990	229364.047079	0.404189	98.312455	0.000020	0.000548	1.216755	5.185419	-0.437642	0.000000
0.285421	3.650569	94244.493722	229364.034022	0.435955	-55.485323	0.000021	0.000548	1.216755	5.185417	-0.437640	0.000000
0.290900	3.650590	94243.963381	229364.025741	0.464280	-158.372741	0.000021	0.000548	1.216755	5.185414	-0.437637	0.000000
0.296379	3.650610	94243.444967	229364.019983	0.488891	-215.349841	0.000021	0.000548	1.216755	5.185412	-0.437635	0.000000
0.301858	3.650629	94242.939163	229364.015397	0.510420	-238.029274	0.000022	0.000548	1.216755	5.185410	-0.437632	0.000000
0.307337	3.650648	94242.446626	229364.011322	0.529883	-239.291915	0.000022	0.000548	1.216755	5.185407	-0.437630	0.000000
0.312816	3.650667	94241.968059	229364.007539	0.548301	-230.051327	0.000022	0.000548	1.216755	5.185405	-0.437628	0.000000
0.318295	3.650685	94241.504182	229364.004060	0.566494	-217.877773	0.000023	0.000548	1.216755	5.185403	-0.437626	0.000000
0.323774	3.650702	94241.055657	229364.000968	0.584984	-206.951797	0.000023	0.000548	1.216755	5.185401	-0.437624	0.000000
0.329253	3.650719	94240.623027	229363.998335	0.604028	-198.769177	0.000023	0.000548	1.216755	5.185399	-0.437622	0.000000
0.334732	3.650735	94240.206679	229363.996179	0.623697	-193.108500	0.000023	0.000548	1.216755	5.185397	-0.437620	0.000000
0.340211	3.650750	94239.806837	229363.994468	0.643969	-188.934110	0.000024	0.000548	1.216755	5.185395	-0.437618	0.000000
0.345690	3.650765	94239.423577	229363.993138	0.664806	-185.069099	0.000024	0.000548	1.216755	5.185393	-0.437616	0.000000
0.351169	3.650779	94239.056856	229363.992114	0.686235	-180.593515	0.000024	0.000548	1.216755	5.185392	-0.437615	0.000000
0.356648	3.650793	94238.706535	229363.991324	0.708383	-175.003162	0.000024	0.000548	1.216755	5.185390	-0.437613	0.000000
0.362126	3.650806	94238.372408	229363.990717	0.731491	-168.206002	0.000025	0.000548	1.216755	5.185388	-0.437611	0.000000
0.367605	3.650818	94238.054214	229363.990259	0.755914	-160.427549	0.000025	0.000548	1.216755	5.185387	-0.437610	0.000000
0.373084	3.650830	94237.751644	229363.989934	0.782120	-152.081338	0.000025	0.000548	1.216755	5.185386	-0.437609	0.000000
0.378563	3.650841	94237.464346	229363.989735	0.810645	-143.647424	0.000025	0.000548	1.216755	5.185384	-0.437607	0.000000
0.384042	3.650851	94237.191917	229363.989657	0.842087	-135.577548	0.000025	0.000548	1.216755	5.185383	-0.437606	0.000000
0.389520	3.650861	94236.933906	229363.989692	0.877069	-128.227531	0.000025	0.000548	1.216755	5.185382	-0.437605	0.000000
0.394999	3.650871	94236.689806	229363.989819	0.916185	-121.818705	0.000026	0.000548	1.216755	5.185381	-0.437604	0.000000
0.400478	3.650880	94236.459061	229363.990007	0.959970	-116.426720	0.000026	0.000548	1.216755	5.185380	-0.437603	0.000000
0.405956	3.650888	94236.241072	229363.990209	1.008871	-111.987744	0.000026	0.000548	1.216755	5.185379	-0.437602	0.000000
0.411435	3.650896	94236.035207	229363.990369	1.063191	-108.320138	0.000026	0.000548	1.216755	5.185378	-0.437601	0.000000
0.416914	3.650904	94235.840816	229363.990426	1.123066	-105.161265	0.000026	0.000548	1.216755	5.185377	-0.437600	0.000000
0.422392	3.650911	94235.657246	229363.990318	1.188457	-102.209270	0.000026	0.000548	1.216755	5.185376	-0.437599	0.000000
0.427871	3.650918	94235.483859	229363.989988	1.259130	-99.163778	0.000026	0.000548	1.216755	5.185375	-0.437598	0.000000
0.433350	3.650924	94235.320046	229363.989388	1.334673	-95.764093	0.000026	0.000548	1.216755	5.185374	-0.437597	0.000000
0.438828	3.650930	94235.165239	229363.988487	1.414519	-91.816065	0.000026	0.000548	1.216755	5.185374	-0.437597	0.000000
0.444307	3.650936	94235.018915	229363.987266	1.497981	-87.203098	0.000026	0.000548	1.216755	5.185373	-0.437596	0.000000
0.449786	3.650941	94234.880602	229363.985723	1.584302	-81.881405	0.000027	0.000548	1.216755	5.185372	-0.437595	0.000000
0.455264	3.650946	94234.749873	229363.983867	1.672697	-75.860654	0.000027	0.000548	1.216755	5.185372	-0.437595	0.000000
0.460743	3.650951	94234.626342	229363.981717	1.762401	-69.181244	0.000027	0.000548	1.216755	5.185371	-0.437594	0.000000
0.466221	3.650955	94234.509656	229363.979293	1.852724	-61.886561	0.000027	0.000548	1.216755	5.185371	-0.437594	0.000000
0.471700	3.650959	94234.399487	229363.976620	1.943072	-53.999451	0.000027	0.000548	1.216755	5.185370	-0.437593	0.000000
0.477179	3.650963	94234.295521	229363.973718	2.032972	-45.511424	0.000027	0.000548	1.216755	5.185370	-0.437593	0.000000
0.482657	3.650967	94234.197454	229363.970602	2.122098	-36.378681	0.000027	0.000548	1.216755	5.185369	-0.437592	0.000000
0.488136	3.650971	94234.104986	229363.967280	2.210251	-26.531926	0.000027	0.000548	1.216755	5.185369	-0.437592	0.000000
0.493614	3.650974	94234.017821	229363.963756	2.297365	-15.892051	0.000027	0.000548	1.216755	5.185368	-0.437591	0.000000
0.499093	3.650977	94233.935666	229363.960030	2.383487	-4.384941	0.000027	0.000548	1.216755	5.185368	-0.437591	0.000000
0.504571	3.650980	94233.858230	229363.956097	2.468752	8.042212	0.000027	0.000548	1.216755	5.185368	-0.437591	0.000000
0.510050	3.650983	94233.785232	229363.951952	2.553359	21.410023	0.000027	0.000548	1.216755	5.185367	-0.437590	0.000000
0.515529	3.650985	94233.716399	229363.947589	2.637549	35.703197	0.000027	0.000548	1.216755	5.185367	-0.437590	0.000000
0.521007	3.650988	94233.651469	229363.943004	2.721586	50.874749	0.000027	0.000548	1.216755	5.185367	-0.437590	0.000000
0.526486	3.650990	94233.590194	229363.938193	2.805723	66.851912	0.000027	0.000548	1.216755	5.185366	-0.437590	0.000000
0.531964	3.650992	94233.532343	229363.933156	2.890195	83.544876	0.000027	0.000548	1.216755	5.185366	-0.437589	0.000000
0.537443	3.650994	94233.477696	229363.927891	2.975208	100.858057	0.000026	0.000548	1.216755	5.185366	-0.437589	0.000000
0.542921	3.650996	94233.426052	229363.922400	3.060922	118.697282	0.000026	0.000548	1.216755	5.185366	-0.437589	0.000000
0.548400	3.650998	94233.377221	229363.916685	3.147463	136.976455	0.000026	0.000548	1.216755	5.185365	-0.437589	0.000000
0.553878	3.651000	94233.331030	229363.910746	3.234910	155.621137	0.000026	0.000548	1.216755	5.185365	-0.437588	0.000000
0.559357	3.651001	94233.287314	229363.904587	3.323297	174.568996	0.000026	0.000548	1.216755	5.185365	-0.437588	0.000000
0.564835	3.651003	94233.245924	229363.898208	3.412626	193.768186	0.000026	0.000548	1.216755	5.185365	-0.437588	0.000000
0.570314	3.651004	94233.206720	229363.891611	3.502874	213.177640	0.000025	0.000548	1.216755	5.185365	-0.437588	0.000000
0.575792	3.651006	94233.169571	229363.884798	3.593990	232.763653	0.000025	0.000548	1.216755	5.185364	-0.437588	0.000000
0.581271	3.651007	94233.134355	229363.877769	3.685911	252.498385	0.000025	0.000548	1.216755	5.185364	-0.437588	0.000000
0.586749	3.651008	94233.100961	229363.870526	3.778567	272.359346	0.000024	0.000548	1.216755	5.185364	-0.437587	0.000000
0.592228	3.651009	94233.069284	229363.863071	3.871882	292.327912	0.000024	0.000548	1.216755	5.185364	-0.437587	0.000000
0.597706	3.651010	94233.039224	229363.855402	3.965788	312.388751	0.000024	0.000548	1.216755	5.185364	-0.437587	0.000000
0.603185	3.651011	94233.010691	229363.847523	4.060225	332.529314	0.000023	0.000548	1.216755	5.185364	-0.437587	0.000000
0.608663	3.651012	94232.983601	229363.839433	4.155132	352.740507	0.000023	0.000548	1.216755	5.185364	-0.437587	0.000000
0.614142	3.651013	94232.957872	229363.831133	4.250476	373.016229	0.000023	0.000548	1.216755	5.185364	-0.437587	0.000000
0.619620	3.651014	94232.933430	229363.822624	4.346243	393.355093	0.000022	0.000548	1.216755	5.185363	-0.437587	0.000000
0.625099	3.651015	94232.910205	229363.813907	4.442392	413.755041	0.000022	0.000548	1.216755	5.185363	-0.437587	0.000000
0.630577	3.651015	94232.888133	229363.804982	4.538942	434.217045	0.000021	0.000548	1.216755	5.185363	-0.437587	0.000000
0.636056	3.651016	94232.867150	229363.795849	4.635961	454.752870	0.000021	0.000548	1.216755	5.185363	-0.437586	0.000000
0.641534	3.651017	94232.847199	229363.786508	4.733353	475.358494	0.000020	0.000548	1.216755	5.185363	-0.437586	0.000000
0.647013	3.651017	94232.828225	229363.776960	4.831205	496.030821	0.000020	0.000548	1.216755	5.185363	-0.437586	0.000000
0.652491	3.651018	94232.810176	229363.767203	4.929785	516.803932	0.000019	0.000548	1.216755	5.185363	-0.437586	0.000000
0.657970	3.651018	94232.793003	229363.757238	5.028630	537.645959	0.000018	0.000548	1.216755	5.185363	-0.437586	0.000000
0.663448	3.651019	94232.776661	229363.747062	5.127987	558.529738	0.000018	0.000548	1.216755	5.185363	-0.437586	0.000000
0.668927	3.651019	94232.761105	229363.736673	5.229001	579.620266	0.000017	0.000548	1.216755	5.185363	-0.437586	0.000000
0.674405	3.651019	94232.746295	229363.726068	5.329416	600.819107	0.000016	0.000548	1.216755	5.185363	-0.437586	0.000000
0.679884	3.651020	94232.732195	229363.715248	5.430028	622.035523	0.000016	0.000548	1.216755	5.185362	-0.437586	0.000000
0.685362	3.651020	94232.718771	229363.704205	5.536178	644.066169	0.000015	0.000548	1.216755	5.185362	-0.437586	0.000000
0.690841	3.651021	94232.705996	229363.692943	5.637349	666.414419	0.000014	0.000548	1.216755	5.185362	-0.437586	0.000000
0.696319	3.651021	94232.693850	229363.681489	5.736054	688.292957	0.000014	0.000548	1.216755	5.185362	-0.437586	0.000000
0.701798	3.651021	94232.682312	229363.669824	5.857832	712.869067	0.000013	0.000548	1.216755	5.185362	-0.437586	0.000000
0.707276	3.651021	94232.671353	229363.657977	5.954582	737.287198	0.000012	0.000548	1.216755	5.185362	-0.437586	0.000000
0.712755	3.651022	94232.660954	229363.646056	6.033375	756.704108	0.000011	0.000548	1.216755	5.185362	-0.437586	0.000000
0.718233	3.651022	94232.651055	229363.633931	6.217289	785.415625	0.000010	0.000548	1.216755	5.185362	-0.437586	0.000000
0.723712	3.651022	94232.641537	229363.621614	6.288084	811.583150	0.000009	0.000548	1.216755	5.185362	-0.437586	0.000000
0.729190	3.651022	94232.632332	229363.609489	6.258172	812.364973	0.000008	0.000548	1.216755	5.185362	-0.437586	0.000000
0.734669	3.651022	94232.623268	229363.596819	6.719173	856.600334	0.000008	0.000548	1.216755	5.185362	-0.437586	0.000000
0.740147	3.651022	94232.613995	229363.583480	6.684124	897.335328	0.000006	0.000548	1.216755	5.185362	-0.437586	0.000000
0.745626	3.651022	94232.604595	229363.571294	6.114806	822.583990	0.000006	0.000548	1.216755	5.185362	-0.437586	0.000000
0.751104	3.651023	94232.594891	229363.557023	7.844844	951.541551	0.000005	0.000548	1.216755	5.185362	-0.437586	0.000000
0.756583	3.651023	94232.584006	229363.540014	7.427476	1088.835516	0.000003	0.000548	1.216755	5.185362	-0.437586	0.000000
0.762061	3.651023	94232.573137	229363.529247	4.241515	674.186087	0.000002	0.000548	1.216755	5.185362	-0.437586	0.000000
0.767540	3.651023	94232.562372	229363.510371	11.819641	1177.930824	0.000002	0.000548	1.216755	5.185362	-0.437586	0.000000
0.773018	3.651023	94232.548113	229363.478887	10.211460	1808.268002	-0.000002	0.000548	1.216755	5.185362	-0.437586	0.000000
0.778497	3.651024	94232.536019	229363.477111	-5.514053	-196.499390	-0.000001	0.000548	1.216755	5.185362	-0.437586	0.000000
0.783975	3.651024	94232.526970	229363.439620	29.092210	1947.498947	-0.000001	0.000548	1.216755	5.185362	-0.437586	0.000000
0.789454	3.651023	94232.503363	229363.336710	24.928658	5139.829547	-0.000017	0.000548	1.216755	5.185361	-0.437586	0.000000
0.794932	3.651024	94232.489858	229363.365438	-50.303367	-4135.480166	-0.000007	0.000548	1.216755	5.185361	-0.437586	0.000000
0.800411	3.651022	94232.492236	229363.226821	109.557530	5351.632110	-0.000005	0.000548	1.216755	5.185361	-0.437586	0.000000
0.805889	3.651017	94232.425591	229362.739768	108.627109	21946.388984	-0.000076	0.000548	1.216755	5.185361	-0.437586	0.000000
0.811368	3.651018	94232.398269	229362.814710	-245.973892	-20132.766750	-0.000037	0.000548	1.216755	5.185361	-0.437586	0.000000
0.816846	3.651008	94232.446647	229362.079080	496.906693	22603.431659	-0.000028	0.000548	1.216755	5.185361	-0.437588	0.000000
0.822325	3.650978	94232.163710	229359.472237	588.906516	109197.030421	-0.000378	0.000548	1.216755	5.185360	-0.437591	0.000000
0.827803	3.650974	94232.021831	229359.149598	-1059.853904	-78664.774518	-0.000253	0.000548	1.216755	5.185359	-0.437591	0.000000
0.833282	3.650912	94232.230595	229354.753139	2415.757689	117277.624160	-0.000248	0.000548	1.216755	5.185360	-0.437600	0.000000
0.838760	3.650739	94230.837375	229340.205565	3350.404931	570381.304490	-0.002023	0.000548	1.216755	5.185353	-0.437621	0.000000
0.844240	3.650666	94229.870556	229334.157265	-4188.523873	-250792.685194	-0.001795	0.000548	1.216755	5.185350	-0.437629	0.000000
0.849718	3.650288	94230.461941	229306.767223	12225.238084	669954.729878	-0.002106	0.000548	1.216755	5.185351	-0.437682	0.000000
0.855199	3.649285	94223.216696	229223.607199	19302.118665	3056452.236048	-0.011319	0.000548	1.216755	5.185314	-0.437803	0.000000
0.860681	3.648580	94216.640584	229166.401726	-14391.146162	-418136.913022	-0.012401	0.000548	1.216755	5.185289	-0.437886	0.000000
0.866162	3.646236	94216.544194	228992.871875	64090.268936	4050398.731401	-0.016308	0.000549	1.216755	5.185282	-0.438208	0.000000
0.871651	3.640337	94177.400366	228508.595766	112397.319282	16844381.543622	-0.065215	0.000549	1.216755	5.185081	-0.438927	0.000000
0.877152	3.634795	94133.130636	228059.595118	-33518.674522	3111259.074687	-0.083590	0.000550	1.216755	5.184898	-0.439598	0.000000
0.882655	3.620340	94112.300125	226967.026005	344945.910525	25836280.945205	-0.118297	0.000552	1.216755	5.184767	-0.441552	0.000000
0.888196	3.585758	93888.203782	224133.308364	669166.336852	99061811.012464	-0.384208	0.000558	1.216755	5.183617	-0.445859	0.000000
0.893812	3.547766	93569.253745	220995.652628	57575.991602	58000440.496535	-0.557134	0.000564	1.216755	5.182203	-0.450567	0.000000
0.899462	3.468466	93285.106348	214757.472870	1787948.468542	190089686.322860	-0.801956	0.000577	1.216755	5.180674	-0.461474	0.000000
0.905323	3.290512	91765.894324	199616.211365	4171017.488210	716057825.082532	-2.258460	0.000608	1.216755	5.172695	-0.485247	0.000000
0.911649	3.111759	88936.519578	183117.470220	920927.829018	746162001.606423	-3.638908	0.000643	1.216755	5.159007	-0.509026	0.000000
0.918193	2.905772	86019.478801	163992.065106	4712064.730836	1232743609.683125	-4.186459	0.000688	1.216755	5.143648	-0.541573	0.000000
0.925393	2.398267	76989.548991	117450.709270	25264284.558555	4687504838.505680	-10.132632	0.000834	1.216755	5.088559	-0.631451	0.000000
0.935525	1.740494	52775.222517	56112.299176	37600323.995364	8373650059.643176	-25.423410	0.001149	1.216755	4.909643	-0.773333	0.000000
0.950209	1.284531	25459.672604	19668.728036	24303465.519532	5850373090.060205	-40.341317	0.001557	1.216755	4.581887	-0.900859	0.000000
0.968212	1.084745	10948.456505	7336.874988	9584882.079639	2096031688.622972	-48.179139	0.001844	1.216755	4.221450	-0.968687	0.000000
0.987676	1.020599	6845.689186	4557.484314	2476027.311819	382907012.114217	-50.814761	0.001960	1.216755	4.038286	-0.992309	0.000000
1.007568	1.004252	6206.549501	4142.216511	475296.485013	46657313.107643	-51.423172	0.001992	1.216755	4.002906	-0.998421	0.000000
1.027550	1.000821	6129.284539	4087.745157	77365.065658	5915322.308591	-51.533596	0.001998	1.216755	3.998429	-0.999693	0.000000
1.047547	1.000211	6119.139247	4080.025766	10604.089097	835466.295762	-51.550658	0.002000	1.216755	3.997831	-0.999916	0.000000
1.067547	1.000118	6117.684162	4078.899883	1248.516500	121368.475252	-51.552891	0.002000	1.216755	3.997745	-0.999950	0.000000
1.087547	1.000106	6117.474723	4078.742425	127.420731	16912.804163	-51.553143	0.002000	1.216755	3.997732	-0.999954	0.000000
1.107547	1.000104	6117.446120	4078.721969	11.129518	2193.912608	-51.553168	0.002000	1.216755	3.997731	-0.999955	0.000000
1.127547	1.000104	6117.442495	4078.719521	0.827587	262.736726	-51.553170	0.002000	1.216755	3.997731	-0.999955	0.000000
1.147547	1.000104	6117.442071	4078.719251	0.057595	29.105664	-51.553170	0.002000	1.216755	3.997731	-0.999955	0.000000
1.167547	1.000104	6117.442025	4078.719223	0.005758	3.019692	-51.553170	0.002000	1.216755	3.997731	-0.999955	0.000000
1.187547	1.000104	6117.442020	4078.719220	0.001048	0.302775	-51.553170	0.002000	1.216755	3.997731	-0.999955	0.000000
1.207547	1.000104	6117.442019	4078.719220	0.000212	0.031174	-51.553170	0.002000	1.216755	3.997731	-0.999955	0.000000
1.227547	1.000104	6117.442019	4078.719220	0.000038	0.003556	-51.553170	0.002000	1.216755	3.997731	-0.999955	0.000000
1.247547	1.000104	6117.442019	4078.719219	0.000006	0.000463	-51.553170	0.002000	1.216755	3.997731	-0.999955	0.000000
1.267547	1.000104	6117.442019	4078.719219	0.000001	0.000066	-51.553170	0.002000	1.216755	3.997731	-0.999955	0.000000
1.287547	1.000104	6117.442019	4078.719219	0.000000	0.000008	-51.553170	0.002000	1.216755	3.997731	-0.999955	0.000000
1.307547	1.000104	6117.442019	4078.719219	0.000000	0.000001	-51.553170	0.002000	1.216755	3.997731	-0.999955	0.000000
1.327547	1.000104	6117.442019	4078.719219	0.000000	0.000001	-51.553170	0.002000	1.216755	3.997731	-0.999955	0.000000
1.347547	1.000104	6117.442019	4078.719219	-0.000000	0.000001	-51.553170	0.002000	1.216755	3.997731	-0.999955	0.000000
1.367547	1.000104	6117.442019	4078.719219	-0.000000	-0.000001	-51.553170	0.002000	1.216755	3.997731	-0.999955	0.000000
1.387547	1.000104	6117.442019	4078.719219	0.000000	-0.000001	-51.553170	0.002000	1.216755	3.997731	-0.999955	0.000000
1.407547	1.000104	6117.442019	4078.719219	0.000000	0.000000	-51.553170	0.002000	1.216755	3.997731	-0.999955	0.000000
1.427547	1.000104	6117.442019	4078.719219	-0.000000	0.000000	-51.553170	0.002000	1.216755	3.997731	-0.999955	0.000000
1.447547	1.000104	6117.442019	4078.719219	0.000000	-0.000000	-51.553170	0.002000	1.216755	3.997731	-0.999955	0.000000
1.467547	1.000104	6117.442019	4078.719219	-0.000000	0.000001	-51.553170	0.002000	1.216755	3.997731	-0.999955	0.000000
1.487547	1.000104	6117.442019	4078.719219	-0.000000	-0.000001	-51.553170	0.002000	1.216755	3.997731	-0.999955	0.000000
1.507547	1.000104	6117.442019	4078.719219	0.000000	-0.000001	-51.553170	0.002000	1.216755	3.997731	-0.999955	0.000000
1.527547	1.000104	6117.442019	4078.719219	0.000000	-0.000001	-51.553170	0.002000	1.216755	3.997731	-0.999955	0.000000
1.547547	1.000104	6117.442019	4078.719219	0.000000	0.000001	-51.553170	0.002000	1.216755	3.997731	-0.999955	0.000000
1.567547	1.000104	6117.442019	4078.719219	-0.000000	0.000001	-51.553170	0.002000	1.216755	3.997731	-0.999955	0.000000
1.587547	1.000104	6117.442019	4078.719219	-0.000000	0.000000	-51.553170	0.002000	1.216755	3.997731	-0.999955	0.000000
1.607547	1.000104	6117.442019	4078.719219	-0.000000	-0.000000	-51.553170	0.002000	1.216755	3.997731	-0.999955	0.000000
1.627547	1.000104	6117.442019	4078.719219	0.000000	-0.000001	-51.553170	0.002000	1.216755	3.997731	-0.999955	0.000000
1.647547	1.000104	6117.442019	4078.719219	0.000000	0.000001	-51.553170	0.002000	1.216755	3.997731	-0.999955	0.000000
1.667547	1.000104	6117.442019	4078.719219	-0.000000	-0.000000	-51.553170	0.002000	1.216755	3.997731	-0.999955	0.000000
1.687547	1.000104	6117.442019	4078.719219	-0.000000	-0.000001	-51.553170	0.002000	1.216755	3.997731	-0.999955	0.000000
1.707547	1.000104	6117.442019	4078.719219	0.000000	-0.000001	-51.553170	0.002000	1.216755	3.997731	-0.999955	0.000000
1.727547	1.000104	6117.442019	4078.719219	0.000000	0.000000	-51.553170	0.002000	1.216755	3.997731	-0.999955	0.000000
1.747547	1.000104	6117.442019	4078.719219	0.000000	0.000001	-51.553170	0.002000	1.216755	3.997731	-0.999955	0.000000
1.767547	1.000104	6117.442019	4078.719219	-0.000000	0.000001	-51.553170	0.002000	1.216755	3.997731	-0.999955	0.000000
1.787547	1.000104	6117.442019	4078.719219	-0.000000	0.000000	-51.553170	0.002000	1.216755	3.997731	-0.999955	0.000000
1.807547	1.000104	6117.442019	4078.719219	-0.000000	-0.000000	-51.553170	0.002000	1.216755	3.997731	-0.999955	0.000000
1.827547	1.000104	6117.442019	4078.719219	-0.000000	0.000000	-51.553170	0.002000	1.216755	3.997731	-0.999955	0.000000
1.847547	1.000104	6117.442019	4078.719219	0.000000	-0.000001	-51.553170	0.002000	1.216755	3.997731	-0.999955	0.000000
1.867547	1.000104	6117.442019	4078.719219	0.000000	0.000000	-51.553170	0.002000	1.216755	3.997731	-0.999955	0.000000
1.887547	1.000104	6117.442019	4078.719219	-0.000000	0.000001	-51.553170	0.002000	1.216755	3.997731	-0.999955	0.000000
1.907547	1.000104	6117.442019	4078.719219	-0.000000	-0.000000	-51.553170	0.002000	1.216755	3.997731	-0.999955	0.000000
1.927547	1.000104	6117.442019	4078.719219	-0.000000	0.000000	-51.553170	0.002000	1.216755	3.997731	-0.999955	0.000000
1.947547	1.000104	6117.442019	4078.719219	-0.000000	-0.000001	-51.553170	0.002000	1.216755	3.997731	-0.999955	0.000000
1.967547	1.000104	6117.442019	4078.719219	0.000000	-0.000001	-51.553170	0.002000	1.216755	3.997731	-0.999955	0.000000
1.987547	1.000104	6117.442019	4078.719219	0.000000	-0.000000	-51.553170	0.002000	1.216755	3.997731	-0.999955	0.000000
2.007547	1.000104	6117.442019	4078.719219	0.000000	0.000001	-51.553170	0.002000	1.216755	3.997731	-0.999955	0.000000
2.027547	1.000104	6117.442019	4078.719219	0.000000	-0.000001	-51.553170	0.002000	1.216755	3.997731	-0.999955	0.000000
2.047547	1.000104	6117.442019	4078.719219	0.000000	0.000001	-51.553170	0.002000	1.216755	3.997731	-0.999955	0.000000
2.067547	1.000104	6117.442019	4078.719219	-0.000000	0.000000	-51.553170	0.002000	1.216755	3.997731	-0.999955	0.000000
2.087547	1.000104	6117.442019	4078.719219	0.000000	-0.000001	-51.553170	0.002000	1.216755	3.997731	-0.999955	0.000000
2.107547	1.000104	6117.442019	4078.719219	0.000000	0.000000	-51.553170	0.002000	1.216755	3.997731	-0.999955	0.000000
2.127547	1.000104	6117.442019	4078.719219	0.000000	0.000000	-51.553170	0.002000	1.216755	3.997731	-0.999955	0.000000
2.147547	1.000104	6117.442019	4078.719219	-0.000000	0.000001	-51.553170	0.002000	1.216755	3.997731	-0.999955	0.000000
2.167547	1.000104	6117.442019	4078.719219	-0.000000	0.000001	-51.553170	0.002000	1.216755	3.997731	-0.999955	0.000000
2.187547	1.000104	6117.442019	4078.719219	-0.000000	-0.000001	-51.553170	0.002000	1.216755	3.997731	-0.999955	0.000000
2.207547	1.000104	6117.442019	4078.719219	0.000000	-0.000001	-51.553170	0.002000	1.216755	3.997731	-0.999955	0.000000
2.227547	1.000104	6117.442019	4078.719219	0.000000	-0.000001	-51.553170	0.002000	1.216755	3.997731	-0.999955	0.000000
2.247547	1.000104	6117.442019	4078.719219	0.000000	-0.000000	-51.553170	0.002000	1.216755	3.997731	-0.999955	0.000000
2.267547	1.000104	6117.442019	4078.719219	0.000000	-0.000000	-51.553170	0.002000	1.216755	3.997731	-0.999955	0.000000
2.287547	1.000104	6117.442019	4078.719219	0.000000	0.000001	-51.553170	0.002000	1.216755	3.997731	-0.999955	0.000000
2.307547	1.000104	6117.442019	4078.719219	-0.000000	0.000004	-51.553170	0.002000	1.216755	3.997731	-0.999955	0.000000
2.327547	1.000104	6117.442019	4078.719219	-0.000000	0.000003	-51.553170	0.002000	1.216755	3.997731	-0.999955	0.000000
2.347547	1.000104	6117.442019	4078.719219	-0.000000	-0.000003	-51.553170	0.002000	1.216755	3.997731	-0.999955	0.000000
2.367547	1.000104	6117.442019	4078.719219	0.000000	-0.000005	-51.553170	0.002000	1.216755	3.997731	-0.999955	0.000000
2.387547	1.000104	6117.442019	4078.719219	0.000000	-0.000001	-51.553170	0.002000	1.216755	3.997731	-0.999955	0.000000
2.407547	1.000104	6117.442019	4078.719219	0.000000	0.000001	-51.553170	0.002000	1.216755	3.997731	-0.999955	0.000000
2.427547	1.000104	6117.442019	4078.719219	0.000000	0.000000	-51.553170	0.002000	1.216755	3.997731	-0.999955	0.000000
2.447547	1.000104	6117.442019	4078.719219	0.000000	0.000001	-51.553170	0.002000	1.216755	3.997731	-0.999955	0.000000
2.467547	1.000104	6117.442019	4078.719219	-0.000000	0.000001	-51.553170	0.002000	1.216755	3.997731	-0.999955	0.000000
2.487547	1.000104	6117.442019	4078.719219	-0.000000	-0.000001	-51.553170	0.002000	1.216755	3.997731	-0.999955	0.000000
2.507547	1.000104	6117.442019	4078.719219	0.000000	-0.000001	-51.553170	0.002000	1.216755	3.997731	-0.999955	0.000000
2.527547	1.000104	6117.442019	4078.719219	0.000000	-0.000000	-51.553170	0.002000	1.216755	3.997731	-0.999955	0.000000
2.547547	1.000104	6117.442019	4078.719219	0.000000	-0.000001	-51.553170	0.002000	1.216755	3.997731	-0.999955	0.000000
2.567547	1.000104	6117.442019	4078.719219	0.000000	0.000001	-51.553170	0.002000	1.216755	3.997731	-0.999955	0.000000
2.587547	1.000104	6117.442019	4078.719219	-0.000000	0.000001	-51.553170	0.002000	1.216755	3.997731	-0.999955	0.000000
2.607547	1.000104	6117.442019	4078.719219	-0.000000	0.000000	-51.553170	0.002000	1.216755	3.997731	-0.999955	0.000000
2.627547	1.000104	6117.442019	4078.719219	-0.000000	-0.000001	-51.553170	0.002000	1.216755	3.997731	-0.999955	0.000000
2.647547	1.000104	6117.442019	4078.719219	0.000000	-0.000001	-51.553170	0.002000	1.216755	3.997731	-0.999955	0.000000
2.667547	1.000104	6117.442019	4078.719219	0.000000	0.000001	-51.553170	0.002000	1.216755	3.997731	-0.999955	0.000000
2.687547	1.000104	6117.442019	4078.719219	0.000000	0.000001	-51.553170	0.002000	1.216755	3.997731	-0.999955	0.000000
2.707547	1.000104	6117.442019	4078.719219	-0.000000	0.000000	-51.553170	0.002000	1.216755	3.997731	-0.999955	0.000000
2.727547	1.000104	6117.442019	4078.719219	-0.000000	0.000000	-51.553170	0.002000	1.216755	3.997731	-0.999955	0.000000
2.747547	1.000104	6117.442019	4078.719219	-0.000000	-0.000001	-51.553170	0.002000	1.216755	3.997731	-0.999955	0.000000
2.767547	1.000104	6117.442019	4078.719219	0.000000	-0.000001	-51.553170	0.002000	1.216755	3.997731	-0.999955	0.000000
2.787547	1.000104	6117.442019	4078.719219	0.000000	0.000001	-51.553170	0.002000	1.216755	3.997731	-0.999955	0.000000
2.807547	1.000104	6117.442019	4078.719219	0.000000	0.000001	-51.553170	0.002000	1.216755	3.997731	-0.999955	0.000000
2.827547	1.000104	6117.442019	4078.719219	-0.000000	0.000001	-51.553170	0.002000	1.216755	3.997731	-0.999955	0.000000
2.847547	1.000104	6117.442019	4078.719219	-0.000000	-0.000001	-51.553170	0.002000	1.216755	3.997731	-0.999955	0.000000
2.867547	1.000104	6117.442019	4078.719219	0.000000	-0.000001	-51.553170	0.002000	1.216755	3.997731	-0.999955	0.000000
2.887547	1.000104	6117.442019	4078.719219	0.000000	0.000000	-51.553170	0.002000	1.216755	3.997731	-0.999955	0.000000
2.907547	1.000104	6117.442019	4078.719219	0.000000	0.000001	-51.553170	0.002000	1.216755	3.997731	-0.999955	0.000000
2.927547	1.000104	6117.442019	4078.719219	-0.000000	0.000001	-51.553170	0.002000	1.216755	3.997731	-0.999955	0.000000
2.947547	1.000104	6117.442019	4078.719219	-0.000000	-0.000001	-51.553170	0.002000	1.216755	3.997731	-0.999955	0.000000
2.967547	1.000104	6117.442019	4078.719219	0.000000	-0.000001	-51.553170	0.002000	1.216755	3.997731	-0.999955	0.000000
2.987547	1.000104	6117.442019	4078.719219	0.000000	0.000001	-51.553170	0.002000	1.216755	3.997731	-0.999955	0.000000
3.007547	1.000104	6117.442019	4078.719219	-0.000000	0.000000	-51.553170	0.002000	1.216755	3.997731	-0.999955	0.000000
3.027547	1.000104	6117.442019	4078.719219	0.000000	-0.000001	-51.553170	0.002000	1.216755	3.997731	-0.999955	0.000000
3.047547	1.000104	6117.442019	4078.719219	0.000000	0.000001	-51.553170	0.002000	1.216755	3.997731	-0.999955	0.000000
3.067547	1.000104	6117.442019	4078.719219	-0.000000	0.000001	-51.553170	0.002000	1.216755	3.997731	-0.999955	0.000000
3.087547	1.000104	6117.442019	4078.719219	0.000000	-0.000001	-51.553170	0.002000	1.216755	3.997731	-0.999955	0.000000
3.107547	1.000104	6117.442019	4078.719219	0.000000	0.000001	-51.553170	0.002000	1.216755	3.997731	-0.999955	0.000000
3.127547	1.000104	6117.442019	4078.719219	-0.000000	0.000001	-51.553170	0.002000	1.216755	3.997731	-0.999955	0.000000
3.147547	1.000104	6117.442019	4078.719219	-0.000000	-0.000001	-51.553170	0.002000	1.216755	3.997731	-0.999955	0.000000
3.167547	1.000104	6117.442019	4078.719219	0.000000	-0.000001	-51.553170	0.002000	1.216755	3.997731	-0.999955	0.000000
3.187547	1.000104	6117.442019	4078.719219	0.000000	0.000001	-51.553170	0.002000	1.216755	3.997731	-0.999955	0.000000
3.207547	1.000104	6117.442019	4078.719219	-0.000000	0.000001	-51.553170	0.002000	1.216755	3.997731	-0.999955	0.000000
3.227547	1.000104	6117.442019	4078.719219	-0.000000	0.000000	-51.553170	0.002000	1.216755	3.997731	-0.999955	0.000000
3.247547	1.000104	6117.442019	4078.719219	-0.000000	0.000000	-51.553170	0.002000	1.216755	3.997731	-0.999955	0.000000
3.267547	1.000104	6117.442019	4078.719219	-0.000000	-0.000000	-51.553170	0.002000	1.216755	3.997731	-0.999955	0.000000
3.287547	1.000104	6117.442019	4078.719219	-0.000000	-0.000000	-51.553170	0.002000	1.216755	3.997731	-0.999955	0.000000
3.307547	1.000104	6117.442019	4078.719219	-0.000000	-0.000001	-51.553170	0.002000	1.216755	3.997731	-0.999955	0.000000
3.327547	1.000104	6117.442019	4078.719219	0.000000	0.000000	-51.553170	0.002000	1.216755	3.997731	-0.999955	0.000000
3.347547	1.000104	6117.442019	4078.719219	0.000000	0.000000	-51.553170	0.002000	1.216755	3.997731	-0.999955	0.000000
3.367547	1.000104	6117.442019	4078.719219	0.000000	0.000001	-51.553170	0.002000	1.216755	3.997731	-0.999955	0.000000
3.387547	1.000104	6117.442019	4078.719219	-0.000000	0.000001	-51.553170	0.002000	1.216755	3.997731	-0.999955	0.000000
3.407547	1.000104	6117.442019	4078.719219	-0.000000	-0.000001	-51.553170	0.002000	1.216755	3.997731	-0.999955	0.000000
3.427547	1.000104	6117.442019	4078.719219	0.000000	-0.000001	-51.553170	0.002000	1.216755	3.997731	-0.999955	0.000000
3.447547	1.000104	6117.442019	4078.719219	0.000000	-0.000001	-51.553170	0.002000	1.216755	3.997731	-0.999955	0.000000
3.467547	1.000104	6117.442019	4078.719219	0.000000	-0.000001	-51.553170	0.002000	1.216755	3.997731	-0.999955	0.000000
3.487547	1.000104	6117.442019	4078.719219	0.000000	0.000001	-51.553170	0.002000	1.216755	3.997731	-0.999955	0.000000
3.507547	1.000104	6117.442019	4078.719219	0.000000	0.000001	-51.553170	0.002000	1.216755	3.997731	-0.999955	0.000000
3.527547	1.000104	6117.442019	4078.719219	0.000000	0.000001	-51.553170	0.002000	1.216755	3.997731	-0.999955	0.000000
3.547547	1.000104	6117.442019	4078.719219	-0.000000	0.000001	-51.553170	0.002000	1.216755	3.997731	-0.999955	0.000000
3.567547	1.000104	6117.442019	4078.719219	0.000000	-0.000001	-51.553170	0.002000	1.216755	3.997731	-0.999955	0.000000
3.587547	1.000104	6117.442019	4078.719219	-0.000000	0.000001	-51.553170	0.002000	1.216755	3.997731	-0.999955	0.000000
3.607547	1.000104	6117.442019	4078.719219	-0.000000	-0.000001	-51.553170	0.002000	1.216755	3.997731	-0.999955	0.000000
3.627547	1.000104	6117.442019	4078.719219	-0.000000	0.000001	-51.553170	0.002000	1.216755	3.997731	-0.999955	0.000000
3.647547	1.000104	6117.442019	4078.719219	-0.000000	-0.000002	-51.553170	0.002000	1.216755	3.997731	-0.999955	0.000000
3.667547	1.000104	6117.442019	4078.719219	0.000000	-0.000001	-51.553170	0.002000	1.216755	3.997731	-0.999955	0.000000
3.687547	1.000104	6117.442019	4078.719219	-0.000000	0.000002	-51.553170	0.002000	1.216755	3.997731	-0.999955	0.000000
3.707547	1.000104	6117.442019	4078.719219	-0.000000	-0.000000	-51.553170	0.002000	1.216755	3.997731	-0.999955	0.000000
3.727547	1.000104	6117.442019	4078.719219	0.000000	-0.000000	-51.553170	0.002000	1.216755	3.997731	-0.999955	0.000000
3.747547	1.000104	6117.442019	4078.719219	-0.000000	0.000001	-51.553170	0.002000	1.216755	3.997731	-0.999955	0.000000
3.767547	1.000104	6117.442019	4078.719219	-0.000000	-0.000000	-51.553170	0.002000	1.216755	3.997731	-0.999955	0.000000
3.787547	1.000104	6117.442019	4078.719219	-0.000000	-0.000001	-51.553170	0.002000	1.216755	3.997731	-0.999955	0.000000
3.807547	1.000104	6117.442019	4078.719219	0.000000	-0.000001	-51.553170	0.002000	1.216755	3.997731	-0.999955	0.000000
3.827547	1.000104	6117.442019	4078.719219	0.000000	0.000002	-51.553170	0.002000	1.216755	3.997731	-0.999955	0.000000
3.847547	1.000104	6117.442019	4078.719219	0.000000	0.000001	-51.553170	0.002000	1.216755	3.997731	-0.999955	0.000000
3.867547	1.000104	6117.442019	4078.719219	-0.000000	0.000000	-51.553170	0.002000	1.216755	3.997731	-0.999955	0.000000
3.887547	1.000104	6117.442019	4078.719219	-0.000000	0.000001	-51.553170	0.002000	1.216755	3.997731	-0.999955	0.000000
3.907547	1.000104	6117.442019	4078.719219	-0.000000	0.000001	-51.553170	0.002000	1.216755	3.997731	-0.999955	0.000000
3.927547	1.000104	6117.442019	4078.719219	-0.000000	-0.000002	-51.553170	0.002000	1.216755	3.997731	-0.999955	0.000000
3.947547	1.000104	6117.442019	4078.719219	0.000000	-0.000001	-51.553170	0.002000	1.216755	3.997731	-0.999955	0.000000
3.967547	1.000104	6117.442019	4078.719219	-0.000000	0.000001	-51.553170	0.002000	1.216755	3.997731	-0.999955	0.000000
3.987547	1.000104	6117.442019	4078.719219	0.000000	-0.000003	-51.553170	0.002000	1.216755	3.997731	-0.999955	0.000000
4.007547	1.000104	6117.442019	4078.719219	0.000000	0.000001	-51.553170	0.002000	1.216755	3.997731	-0.999955	0.000000
4.027547	1.000104	6117.442019	4078.719219	-0.000000	0.000002	-51.553170	0.002000	1.216755	3.997731	-0.999955	0.000000
4.047547	1.000104	6117.442019	4078.719219	-0.000000	-0.000001	-51.553170	0.002000	1.216755	3.997731	-0.999955	0.000000
4.067547	1.000104	6117.442019	4078.719219	0.000000	-0.000001	-51.553170	0.002000	1.216755	3.997731	-0.999955	0.000000
4.087547	1.000104	6117.442019	4078.719219	0.000000	0.000001	-51.553170	0.002000	1.216755	3.997731	-0.999955	0.000000
4.107547	1.000104	6117.442019	4078.719219	-0.000000	0.000000	-51.553170	0.002000	1.216755	3.997731	-0.999955	0.000000
4.127547	1.000104	6117.442019	4078.719219	-0.000000	-0.000003	-51.553170	0.002000	1.216755	3.997731	-0.999955	0.000000
4.147547	1.000104	6117.442019	4078.719219	0.000000	-0.000008	-51.553170	0.002000	1.216755	3.997731	-0.999955	0.000000
4.167547	1.000104	6117.442019	4078.719219	0.000000	-0.000017	-51.553170	0.002000	1.216755	3.997731	-0.999955	0.000000
4.187547	1.000104	6117.442019	4078.719219	0.000001	-0.000047	-51.553170	0.002000	1.216755	3.997731	-0.999955	0.000000
4.207547	1.000104	6117.442019	4078.719219	0.000002	-0.000138	-51.553170	0.002000	1.216755	3.997731	-0.999955	0.000000
4.227547	1.000104	6117.442019	4078.719219	0.000005	-0.000376	-51.553170	0.002000	1.216755	3.997731	-0.999955	0.000000
4.247547	1.000104	6117.442019	4078.719219	0.000013	-0.001000	-51.553170	0.002000	1.216755	3.997731	-0.999955	0.000000
4.267547	1.000104	6117.442019	4078.719219	0.000035	-0.002607	-51.553170	0.002000	1.216755	3.997731	-0.999955	0.000000
4.287547	1.000104	6117.442019	4078.719219	0.000091	-0.006607	-51.553170	0.002000	1.216755	3.997731	-0.999955	0.000000
4.307547	1.000104	6117.442019	4078.719219	0.000229	-0.016375	-51.553170	0.002000	1.216755	3.997731	-0.999955	0.000000
4.327547	1.000104	6117.442019	4078.719219	0.000562	-0.039786	-51.553170	0.002000	1.216755	3.997731	-0.999955	0.000000
4.347547	1.000104	6117.442018	4078.719218	0.001356	-0.094822	-51.553170	0.002000	1.216755	3.997731	-0.999955	0.000000
4.367547	1.000104	6117.442015	4078.719215	0.003207	-0.221806	-51.553170	0.002000	1.216755	3.997731	-0.999955	0.000000
4.387547	1.000104	6117.442010	4078.719209	0.007444	-0.509361	-51.553170	0.002000	1.216755	3.997731	-0.999955	0.000000
4.407547	1.000104	6117.441998	4078.719194	0.016962	-1.148456	-51.553170	0.002000	1.216755	3.997731	-0.999955	0.000000
4.427547	1.000104	6117.441971	4078.719162	0.037948	-2.542726	-51.553170	0.002000	1.216755	3.997731	-0.999955	0.000000
4.447547	1.000104	6117.441910	4078.719089	0.083356	-5.528286	-51.553170	0.002000	1.216755	3.997731	-0.999955	0.000000
4.467547	1.000104	6117.441778	4078.718929	0.179765	-11.801900	-51.553170	0.002000	1.216755	3.997731	-0.999955	0.000000
4.487547	1.000104	6117.441495	4078.718585	0.380541	-24.741955	-51.553169	0.002000	1.216755	3.997731	-0.999955	0.000000
4.507547	1.000104	6117.440902	4078.717857	0.790816	-50.893648	-51.553168	0.002000	1.216755	3.997730	-0.999955	0.000000
4.527547	1.000104	6117.439682	4078.716348	1.612544	-102.730453	-51.553166	0.002000	1.216755	3.997730	-0.999955	0.000000
4.547547	1.000103	6117.437215	4078.713275	3.225488	-203.416428	-51.553161	0.002000	1.216755	3.997730	-0.999955	0.000000
4.567547	1.000103	6117.432327	4078.707139	6.326650	-394.965476	-51.553151	0.002000	1.216755	3.997730	-0.999956	0.000000
4.587547	1.000101	6117.422828	4078.695121	12.163758	-751.679627	-51.553131	0.002000	1.216755	3.997729	-0.999956	0.000000
4.607547	1.000098	6117.404737	4078.672048	22.912697	-1401.521306	-51.553094	0.002000	1.216755	3.997728	-0.999957	0.000000
4.627547	1.000093	6117.370981	4078.628644	42.264486	-2558.770078	-51.553024	0.002000	1.216755	3.997726	-0.999960	0.000000
4.647548	1.000083	6117.309313	4078.548682	76.299202	-4571.697725	-51.552894	0.002000	1.216755	3.997721	-0.999964	0.000000
4.667548	1.000066	6117.199065	4078.404496	134.722922	-7988.540823	-51.552659	0.002000	1.216755	3.997713	-0.999971	0.000000
4.687549	1.000034	6117.006309	4078.150168	232.514969	-13643.004195	-51.552245	0.002000	1.216755	3.997700	-0.999985	0.000000
4.707551	0.999980	6116.676940	4077.711626	391.958256	-22755.999251	-51.551530	0.002000	1.216755	3.997677	-1.000009	0.000000
4.727554	0.999887	6116.127275	4076.972903	644.887558	-37042.587623	-51.550323	0.002000	1.216755	3.997638	-1.000049	0.000000
4.747559	0.999732	6115.232026	4075.758146	1034.783315	-58802.217953	-51.548337	0.002001	1.216755	3.997575	-1.000115	0.000000
4.767568	0.999483	6113.809995	4073.809563	1618.084524	-90957.976676	-51.545147	0.002001	1.216755	3.997475	-1.000222	0.000000
4.787584	0.999090	6111.608640	4070.762720	2463.862022	-137000.839286	-51.540157	0.002002	1.216755	3.997320	-1.000392	0.000000
4.807608	0.998485	6108.289624	4066.122067	3650.907885	-200794.298666	-51.532550	0.002003	1.216755	3.997085	-1.000653	0.000000
4.827647	0.997581	6103.418472	4059.241422	5261.509603	-286210.897398	-51.521264	0.002005	1.216755	3.996741	-1.001044	0.000000
4.847708	0.996263	6096.462022	4049.315445	7371.814172	-396609.284888	-51.504970	0.002008	1.216755	3.996248	-1.001615	0.000000
4.867800	0.994396	6086.797106	4035.388533	10039.714385	-534215.014626	-51.482083	0.002011	1.216755	3.995562	-1.002425	0.000000
4.887935	0.991821	6073.732479	4016.386004	13292.362214	-699524.054583	-51.450807	0.002016	1.216755	3.994633	-1.003546	0.000000
4.908131	0.988366	6056.543425	3991.168843	17116.240610	-890880.000092	-51.409207	0.002024	1.216755	3.993407	-1.005055	0.000000
4.928407	0.983852	6034.515371	3958.608094	21452.699138	-1104360.506180	-51.355313	0.002033	1.216755	3.991830	-1.007036	0.000000
4.948788	0.978108	6006.990155	3917.669603	26200.744875	-1334038.752425	-51.287236	0.002045	1.216755	3.989850	-1.009571	0.000000
4.969303	0.970976	5973.407461	3867.496221	31226.931808	-1572583.853614	-51.203273	0.002060	1.216755	3.987421	-1.012740	0.000000
4.989984	0.962329	5933.334797	3807.474226	36380.203203	-1812068.100154	-51.101994	0.002078	1.216755	3.984504	-1.016616	0.000000
5.010869	0.952069	5886.482039	3737.273975	41508.287772	-2044801.158655	-50.982285	0.002101	1.216755	3.981068	-1.021261	0.000000
5.031999	0.940140	5832.699996	3656.860484	46472.227256	-2264025.865140	-50.843360	0.002127	1.216755	3.977087	-1.026727	0.000000
5.053418	0.926519	5771.965489	3566.475793	51156.682048	-2464371.226173	-50.684730	0.002159	1.216755	3.972547	-1.033056	0.000000
5.075175	0.911216	5704.357206	3466.599727	55475.165660	-2642040.075422	-50.506148	0.002195	1.216755	3.967435	-1.040280	0.000000
5.097321	0.894269	5630.027291	3357.897909	59370.531809	-2794779.172281	-50.307541	0.002236	1.216755	3.961744	-1.048425	0.000000
5.119912	0.875734	5549.172120	3241.165789	62812.166804	-2921657.443288	-50.088934	0.002284	1.216755	3.955466	-1.057513	0.000000
5.143007	0.855679	5462.007166	3117.276433	65791.366680	-3022843.152163	-49.850376	0.002337	1.216755	3.948594	-1.067567	0.000000
5.166672	0.834180	5368.738046	2987.129692	68318.666890	-3099031.654717	-49.591882	0.002398	1.216755	3.941118	-1.078612	0.000000
5.190976	0.811310	5269.555719	2851.623852	70410.876414	-3151964.947663	-49.313364	0.002465	1.216755	3.933023	-1.090679	0.000000
5.215996	0.787141	5164.620579	2711.628189	72095.892747	-3183107.253833	-49.014586	0.002541	1.216755	3.924290	-1.103808	0.000000
5.241819	0.761734	5054.056671	2567.968869	73404.353595	-3194194.962699	-48.695107	0.002626	1.216755	3.914894	-1.118052	0.000000
5.268541	0.735143	4937.948610	2421.424113	74367.992634	-3186903.037235	-48.354248	0.002721	1.216755	3.904802	-1.133479	0.000000
5.296270	0.707415	4816.318844	2272.727914	75016.966227	-3162896.868051	-47.991032	0.002827	1.216755	3.893972	-1.150173	0.000000
5.325134	0.678597	4689.069595	2122.563573	75379.246275	-3123900.984508	-47.604161	0.002947	1.216755	3.882345	-1.168233	0.000000
5.355276	0.648745	4555.803892	1971.541128	75477.463192	-3071966.848340	-47.191975	0.003083	1.216755	3.869825	-1.187767	0.000000
5.386865	0.617939	4415.552363	1820.124522	75330.216006	-3009691.562286	-46.752455	0.003237	1.216755	3.856246	-1.208893	0.000000
5.420099	0.586277	4266.269969	1668.493754	74947.749438	-2939950.995699	-46.283251	0.003411	1.216755	3.841310	-1.231734	0.000000
5.455206	0.553823	4104.551487	1516.398929	74336.101944	-2865259.005084	-45.781530	0.003611	1.216755	3.824529	-1.256464	0.000000
5.492465	0.520483	3925.809792	1363.063150	73498.486220	-2784508.346320	-45.243889	0.003843	1.216755	3.805194	-1.283426	0.000000
5.532233	0.485795	3726.589208	1207.668300	72435.758788	-2691368.634143	-44.664880	0.004117	1.216755	3.782578	-1.313379	0.000000
5.575028	0.448675	3509.194158	1050.331666	71173.983124	-2571046.157082	-44.035602	0.004458	1.216755	3.756476	-1.347897	0.000000
5.621704	0.407645	3287.124437	893.899579	69710.243525	-2412159.797966	-43.338279	0.004906	1.216755	3.728085	-1.389544	0.000000
5.673685	0.361156	3086.508950	743.626973	68115.923564	-2213379.812365	-42.542889	0.005538	1.216755	3.700734	-1.442127	0.000000
5.733510	0.308957	2940.349980	606.024748	66312.255489	-1994842.791575	-41.595626	0.006473	1.216755	3.679659	-1.509917	0.000000
5.805340	0.251874	2883.690648	484.534247	64484.366836	-1779637.003529	-40.404247	0.007940	1.216755	3.671200	-1.598624	0.000000
5.897265	0.193040	2947.497125	379.571397	62378.275627	-1590860.671324	-38.808258	0.010361	1.216755	3.680693	-1.714148	0.000000
6.023858	0.129990	3180.497439	275.801182	61118.518437	-1394255.260594	-36.417151	0.015386	1.216755	3.713720	-1.885872	0.000000
6.259432	0.072532	4333.727373	209.682224	59355.552248	-1104938.390926	-31.651404	0.027574	1.216755	3.848060	-2.139246	0.000000
-0.002970	3.369106	102410.814862	230022.445316	6.815997	0.000000	0.000666	0.000594	0.000000	5.221509	-0.472487	0.000000
-0.008905	3.375599	102196.439261	229982.989060	19.602490	0.000000	0.001941	0.000592	0.000000	5.220599	-0.471652	0.000000
-0.014823	3.388234	101781.977499	229907.538389	29.974513	0.000000	0.003049	0.000590	0.000000	5.218834	-0.470029	0.000000
-0.020714	3.406352	101194.370437	229802.511739	36.709882	0.000000	0.003900	0.000587	0.000000	5.216319	-0.467712	0.000000
-0.026569	3.429018	100470.429009	229676.634861	39.092879	0.000000	0.004433	0.000583	0.000000	5.213200	-0.464831	0.000000
-0.032382	3.455078	99653.366956	229540.044313	36.999989	0.000000	0.004617	0.000579	0.000000	5.209653	-0.461542	0.000000
-0.038148	3.483238	98788.813339	229403.252340	30.889811	0.000000	0.004460	0.000574	0.000000	5.205868	-0.458016	0.000000
-0.043867	3.512159	97921.062827	229276.126057	21.712307	0.000000	0.004001	0.000569	0.000000	5.202035	-0.454425	0.000000
-0.049539	3.540544	97089.807446	229166.992437	10.752560	0.000000	0.003302	0.000565	0.000000	5.198333	-0.450929	0.000000
-0.055166	3.567231	96327.704860	229081.963438	-0.560531	0.000000	0.002444	0.000561	0.000000	5.194910	-0.447667	0.000000
-0.060753	3.591273	95658.849133	229024.541378	-10.852592	0.000000	0.001516	0.000557	0.000000	5.191884	-0.444750	0.000000
-0.066304	3.611988	95098.176622	228995.528095	-18.980553	0.000000	0.000602	0.000554	0.000000	5.189331	-0.442252	0.000000
-0.071827	3.628989	94651.695322	228993.223579	-24.166248	0.000000	-0.000224	0.000551	0.000000	5.187287	-0.440213	0.000000
-0.077327	3.642179	94317.402087	229013.867152	-26.071417	0.000000	-0.000906	0.000549	0.000000	5.185751	-0.438638	0.000000
-0.082810	3.651721	94086.701952	229052.249002	-24.807674	0.000000	-0.001406	0.000548	0.000000	5.184688	-0.437502	0.000000
-0.088281	3.657985	93946.144357	229102.405548	-20.883512	0.000000	-0.001713	0.000547	0.000000	5.184039	-0.436758	0.000000
-0.093745	3.661483	93879.284748	229158.309436	-15.099322	0.000000	-0.001832	0.000546	0.000000	5.183730	-0.436343	0.000000
