0.002970	3.369145	102409.483198	230022.111599	6.805347	-1968752.275280	-0.000666	0.000594	1.216755	5.221504	-0.472482	0.000000
0.008905	3.375635	102195.225926	229982.690787	19.572070	-1793829.959881	-0.001939	0.000592	1.216755	5.220594	-0.471647	0.000000
0.014823	3.388263	101780.986972	229907.306574	29.928691	-1464456.753368	-0.003047	0.000590	1.216755	5.218829	-0.470025	0.000000
0.020714	3.406373	101193.681755	229802.369299	36.655175	-1018240.734197	-0.003897	0.000587	1.216755	5.216316	-0.467709	0.000000
0.026569	3.429029	100470.087854	229676.594010	39.036973	-504486.057480	-0.004429	0.000583	1.216755	5.213198	-0.464830	0.000000
0.032381	3.455078	99653.382282	229540.105374	36.950568	22515.174142	-0.004614	0.000579	1.216755	5.209653	-0.461542	0.000000
0.038148	3.483229	98789.158761	229403.404123	30.853423	510526.835972	-0.004458	0.000574	1.216755	5.205869	-0.458018	0.000000
0.043867	3.512140	97921.682105	229276.347698	21.693413	915412.418163	-0.003999	0.000569	1.216755	5.202038	-0.454427	0.000000
0.049539	3.540518	97090.622957	229167.256398	10.752918	1205558.170792	-0.003301	0.000565	1.216755	5.198336	-0.450932	0.000000
0.055166	3.567201	96328.627665	229082.239212	-0.542052	1364235.580492	-0.002444	0.000561	1.216755	5.194914	-0.447671	0.000000
0.060753	3.591241	95659.789288	229024.799373	-10.819756	1389949.532040	-0.001517	0.000557	1.216755	5.191888	-0.444754	0.000000
0.066304	3.611958	95099.052507	228995.743158	-18.939092	1295000.938080	-0.000604	0.000554	1.216755	5.189335	-0.442256	0.000000
0.071827	3.628963	94652.441083	228993.377716	-24.122907	1102687.462070	0.000222	0.000551	1.216755	5.187291	-0.440216	0.000000
0.077327	3.642158	94317.972568	229013.951109	-26.032855	843602.030133	0.000903	0.000549	1.216755	5.185754	-0.438640	0.000000
0.082810	3.651707	94087.074847	229052.262573	-24.779416	551520.047094	0.001404	0.000548	1.216755	5.184690	-0.437503	0.000000
0.088281	3.657977	93946.319619	229102.356659	-20.869128	259344.464854	0.001711	0.000547	1.216755	5.184040	-0.436759	0.000000
0.093745	3.661481	93879.281592	229158.212235	-15.099965	-4448.888066	0.001831	0.000546	1.216755	5.183730	-0.436343	0.000000
0.099206	3.662805	93868.348405	229214.346547	-8.423048	-218492.396911	0.001787	0.000546	1.216755	5.183680	-0.436187	0.000000
0.104667	3.662543	93896.326377	229266.273526	-1.793662	-370068.218141	0.001615	0.000546	1.216755	5.183810	-0.436218	0.000000
0.110129	3.661250	93947.723514	229310.781223	3.964471	-455400.546128	0.001356	0.000546	1.216755	5.184048	-0.436371	0.000000
0.115593	3.659401	94009.635316	229346.021161	8.261018	-478769.179294	0.001053	0.000547	1.216755	5.184334	-0.436591	0.000000
0.121060	3.657372	94072.210624	229371.428190	10.793446	-450689.162107	0.000744	0.000547	1.216755	5.184623	-0.436832	0.000000
0.126531	3.655433	94128.724529	229387.509256	11.549939	-385528.478180	0.000459	0.000547	1.216755	5.184883	-0.437062	0.000000
0.132004	3.653752	94175.327177	229395.550938	10.766359	-298988.997997	0.000220	0.000547	1.216755	5.185098	-0.437262	0.000000
0.137480	3.652414	94210.564211	229397.298009	8.850489	-205845.780279	0.000037	0.000548	1.216755	5.185261	-0.437421	0.000000
0.142957	3.651433	94234.774371	229394.649607	6.291099	-118240.515173	-0.000087	0.000548	1.216755	5.185372	-0.437537	0.000000
0.148436	3.650781	94249.462948	229389.408058	3.569609	-44685.403127	-0.000156	0.000548	1.216755	5.185440	-0.437615	0.000000
0.153915	3.650399	94256.730536	229383.100930	1.088933	10210.974928	-0.000181	0.000548	1.216755	5.185473	-0.437660	0.000000
0.159395	3.650220	94258.810149	229376.882281	-0.871467	45404.526159	-0.000173	0.000548	1.216755	5.185483	-0.437681	0.000000
0.164874	3.650175	94257.738175	229371.506673	-2.171608	62649.195674	-0.000144	0.000548	1.216755	5.185478	-0.437686	0.000000
0.170354	3.650209	94255.160225	229367.360830	-2.801109	65517.804058	-0.000106	0.000548	1.216755	5.185466	-0.437682	0.000000
0.175834	3.650277	94252.254804	229364.533383	-2.850462	58410.301312	-0.000066	0.000548	1.216755	5.185452	-0.437674	0.000000
0.181313	3.650348	94249.746851	229362.902702	-2.472450	45704.372743	-0.000031	0.000548	1.216755	5.185441	-0.437666	0.000000
0.186793	3.650405	94247.979466	229362.225506	-1.842534	31142.553737	-0.000003	0.000548	1.216755	5.185433	-0.437659	0.000000
0.192272	3.650443	94247.013934	229362.213569	-1.125305	17487.980362	0.000016	0.000548	1.216755	5.185428	-0.437655	0.000000
0.197752	3.650459	94246.733811	229362.591217	-0.451290	6428.789040	0.000027	0.000548	1.216755	5.185427	-0.437653	0.000000
0.203231	3.650460	94246.936303	229363.131320	0.094415	-1324.286820	0.000031	0.000548	1.216755	5.185428	-0.437653	0.000000
0.208710	3.650451	94247.401766	229363.671447	0.472785	-5819.273361	0.000031	0.000548	1.216755	5.185430	-0.437654	0.000000
0.214190	3.650437	94247.938683	229364.114390	0.683528	-7595.128508	0.000029	0.000548	1.216755	5.185433	-0.437655	0.000000
0.219669	3.650424	94248.406250	229364.418362	0.753283	-7423.840168	0.000025	0.000548	1.216755	5.185435	-0.437657	0.000000
0.225148	3.650414	94248.719485	229364.582044	0.722720	-6102.033211	0.000022	0.000548	1.216755	5.185436	-0.437658	0.000000
0.230628	3.650410	94248.842789	229364.628760	0.635170	-4310.840750	0.000019	0.000548	1.216755	5.185437	-0.437659	0.000000
0.236107	3.650412	94248.777581	229364.592676	0.528391	-2544.918963	0.000017	0.000548	1.216755	5.185436	-0.437658	0.000000
0.241587	3.650420	94248.548464	229364.508581	0.429974	-1099.014320	0.000016	0.000548	1.216755	5.185435	-0.437657	0.000000
0.247066	3.650432	94248.190915	229364.405619	0.356090	-94.139232	0.000016	0.000548	1.216755	5.185434	-0.437656	0.000000
0.252545	3.650448	94247.742025	229364.304514	0.312698	475.549784	0.000016	0.000548	1.216755	5.185432	-0.437654	0.000000
0.258025	3.650466	94247.234694	229364.217407	0.298200	691.199359	0.000017	0.000548	1.216755	5.185429	-0.437652	0.000000
0.263504	3.650486	94246.694881	229364.149293	0.306528	664.167787	0.000018	0.000548	1.216755	5.185427	-0.437650	0.000000
0.268983	3.650506	94246.141127	229364.100138	0.329934	503.244087	0.000019	0.000548	1.216755	5.185424	-0.437647	0.000000
0.274462	3.650527	94245.585479	229364.067026	0.361068	295.523136	0.000019	0.000548	1.216755	5.185422	-0.437645	0.000000
0.279942	3.650548	94245.035057	229364.045915	0.394193	99.174846	0.000020	0.000548	1.216755	5.185419	-0.437642	0.000000
0.285421	3.650569	94244.493684	229364.032839	0.425626	-55.272675	0.000021	0.000548	1.216755	5.185417	-0.437640	0.000000
0.290900	3.650590	94243.963274	229364.024571	0.453608	-158.843131	0.000021	0.000548	1.216755	5.185414	-0.437637	0.000000
0.296379	3.650610	94243.444821	229364.018847	0.477848	-216.390917	0.000021	0.000548	1.216755	5.185412	-0.437635	0.000000
0.301858	3.650629	94242.939001	229364.014303	0.498964	-239.465388	0.000022	0.000548	1.216755	5.185410	-0.437632	0.000000
0.307337	3.650648	94242.446463	229364.010271	0.517966	-240.945914	0.000022	0.000548	1.216755	5.185407	-0.437630	0.000000
0.312816	3.650667	94241.967903	229364.006529	0.535879	-231.781153	0.000022	0.000548	1.216755	5.185405	-0.437628	0.000000
0.318295	3.650685	94241.504034	229364.003086	0.553523	-219.590534	0.000023	0.000548	1.216755	5.185403	-0.437626	0.000000
0.323774	3.650702	94241.055516	229364.000027	0.571434	-208.602524	0.000023	0.000548	1.216755	5.185401	-0.437624	0.000000
0.329253	3.650719	94240.622892	229363.997424	0.589885	-200.350199	0.000023	0.000548	1.216755	5.185399	-0.437622	0.000000
0.334732	3.650735	94240.206548	229363.995296	0.608961	-194.636787	0.000023	0.000548	1.216755	5.185397	-0.437620	0.000000
0.340211	3.650750	94239.806708	229363.993614	0.628661	-190.440255	0.000024	0.000548	1.216755	5.185395	-0.437618	0.000000
0.345690	3.650765	94239.423452	229363.992314	0.648978	-186.588978	0.000024	0.000548	1.216755	5.185393	-0.437616	0.000000
0.351169	3.650779	94239.056733	229363.991321	0.669964	-182.164097	0.000024	0.000548	1.216755	5.185392	-0.437615	0.000000
0.356648	3.650793	94238.706416	229363.990565	0.691774	-176.661652	0.000024	0.000548	1.216755	5.185390	-0.437613	0.000000
0.362126	3.650806	94238.372293	229363.989992	0.714681	-169.990123	0.000025	0.000548	1.216755	5.185388	-0.437611	0.000000
0.367605	3.650818	94238.054104	229363.989569	0.739069	-162.376354	0.000025	0.000548	1.216755	5.185387	-0.437610	0.000000
0.373084	3.650830	94237.751540	229363.989279	0.765427	-154.235589	0.000025	0.000548	1.216755	5.185386	-0.437609	0.000000
0.378563	3.650841	94237.464247	229363.989115	0.794306	-146.049334	0.000025	0.000548	1.216755	5.185384	-0.437607	0.000000
0.384042	3.650851	94237.191824	229363.989072	0.826305	-138.269810	0.000025	0.000548	1.216755	5.185383	-0.437606	0.000000
0.389520	3.650861	94236.933817	229363.989140	0.862036	-131.250235	0.000025	0.000548	1.216755	5.185382	-0.437605	0.000000
0.394999	3.650871	94236.689721	229363.989300	0.902062	-125.206885	0.000026	0.000548	1.216755	5.185381	-0.437604	0.000000
0.400478	3.650880	94236.458980	229363.989517	0.946879	-120.207822	0.000026	0.000548	1.216755	5.185380	-0.437603	0.000000
0.405956	3.650888	94236.240994	229363.989747	0.996873	-116.178708	0.000026	0.000548	1.216755	5.185379	-0.437602	0.000000
0.411435	3.650896	94236.035132	229363.989934	1.052279	-112.925585	0.000026	0.000548	1.216755	5.185378	-0.437601	0.000000
0.416914	3.650904	94235.840742	229363.990015	1.113160	-110.172899	0.000026	0.000548	1.216755	5.185377	-0.437600	0.000000
0.422392	3.650911	94235.657174	229363.989928	1.179402	-107.605060	0.000026	0.000548	1.216755	5.185376	-0.437599	0.000000
0.427871	3.650918	94235.483789	229363.989618	1.250698	-104.909222	0.000026	0.000548	1.216755	5.185375	-0.437598	0.000000
0.433350	3.650924	94235.319978	229363.989038	1.326578	-101.814484	0.000026	0.000548	1.216755	5.185374	-0.437597	0.000000
0.438828	3.650930	94235.165174	229363.988156	1.406428	-98.118259	0.000027	0.000548	1.216755	5.185374	-0.437597	0.000000
0.444307	3.650936	94235.018853	229363.986954	1.489536	-93.699518	0.000027	0.000548	1.216755	5.185373	-0.437596	0.000000
0.449786	3.650941	94234.880543	229363.985431	1.575138	-88.513131	0.000027	0.000548	1.216755	5.185372	-0.437595	0.000000
0.455264	3.650946	94234.749818	229363.983596	1.662466	-82.570688	0.000027	0.000548	1.216755	5.185372	-0.437595	0.000000
0.460743	3.650951	94234.626292	229363.981468	1.750785	-75.918200	0.000027	0.000548	1.216755	5.185371	-0.437594	0.000000
0.466221	3.650955	94234.509611	229363.979070	1.839451	-68.607374	0.000027	0.000548	1.216755	5.185371	-0.437594	0.000000
0.471700	3.650959	94234.399448	229363.976426	1.927930	-60.670881	0.000027	0.000548	1.216755	5.185370	-0.437593	0.000000
0.477179	3.650963	94234.295487	229363.973556	2.015814	-52.110952	0.000027	0.000548	1.216755	5.185370	-0.437593	0.000000
0.482657	3.650967	94234.197426	229363.970476	2.102833	-42.895332	0.000027	0.000548	1.216755	5.185369	-0.437592	0.000000
0.488136	3.650971	94234.104965	229363.967194	2.188856	-32.965232	0.000027	0.000548	1.216755	5.185369	-0.437592	0.000000
0.493614	3.650974	94234.017807	229363.963714	2.273871	-22.249840	0.000027	0.000548	1.216755	5.185368	-0.437591	0.000000
0.499093	3.650977	94233.935660	229363.960036	2.357967	-10.682157	0.000027	0.000548	1.216755	5.185368	-0.437591	0.000000
0.504571	3.650980	94233.858233	229363.956156	2.441316	1.785878	0.000027	0.000548	1.216755	5.185368	-0.437591	0.000000
0.510050	3.650983	94233.785244	229363.952067	2.524142	15.172515	0.000027	0.000548	1.216755	5.185367	-0.437590	0.000000
0.515529	3.650985	94233.716420	229363.947764	2.606701	29.461730	0.000027	0.000548	1.216755	5.185367	-0.437590	0.000000
0.521007	3.650988	94233.651500	229363.943242	2.689263	44.607650	0.000027	0.000548	1.216755	5.185367	-0.437590	0.000000
0.526486	3.650990	94233.590236	229363.938497	2.772082	60.539951	0.000027	0.000548	1.216755	5.185366	-0.437590	0.000000
0.531964	3.650992	94233.532396	229363.933528	2.855387	77.171915	0.000027	0.000548	1.216755	5.185366	-0.437589	0.000000
0.537443	3.650994	94233.477761	229363.928335	2.939375	94.411471	0.000027	0.000548	1.216755	5.185366	-0.437589	0.000000
0.542921	3.650996	94233.426129	229363.922917	3.024197	112.168414	0.000027	0.000548	1.216755	5.185366	-0.437589	0.000000
0.548400	3.650998	94233.377311	229363.917276	3.109960	130.359895	0.000026	0.000548	1.216755	5.185365	-0.437589	0.000000
0.553878	3.651000	94233.331131	229363.911414	3.196736	148.914659	0.000026	0.000548	1.216755	5.185365	-0.437588	0.000000
0.559357	3.651001	94233.287429	229363.905332	3.284545	167.773628	0.000026	0.000548	1.216755	5.185365	-0.437588	0.000000
0.564835	3.651003	94233.246052	229363.899031	3.373376	186.886995	0.000026	0.000548	1.216755	5.185365	-0.437588	0.000000
0.570314	3.651004	94233.206861	229363.892514	3.463197	206.215247	0.000026	0.000548	1.216755	5.185365	-0.437588	0.000000
0.575792	3.651006	94233.169724	229363.885781	3.553948	225.726209	0.000025	0.000548	1.216755	5.185364	-0.437588	0.000000
0.581271	3.651007	94233.134523	229363.878833	3.645556	245.392778	0.000025	0.000548	1.216755	5.185364	-0.437588	0.000000
0.586749	3.651008	94233.101142	229363.871672	3.737941	265.192732	0.000025	0.000548	1.216755	5.185364	-0.437587	0.000000
0.592228	3.651009	94233.069478	229363.864298	3.831021	285.106918	0.000024	0.000548	1.216755	5.185364	-0.437587	0.000000
0.597706	3.651010	94233.039432	229363.856712	3.924726	305.119434	0.000024	0.000548	1.216755	5.185364	-0.437587	0.000000
0.603185	3.651011	94233.010913	229363.848915	4.018986	325.217758	0.000024	0.000548	1.216755	5.185364	-0.437587	0.000000
0.608663	3.651012	94232.983835	229363.840908	4.113732	345.391399	0.000023	0.000548	1.216755	5.185364	-0.437587	0.000000
0.614142	3.651013	94232.958120	229363.832692	4.208927	365.632573	0.000023	0.000548	1.216755	5.185364	-0.437587	0.000000
0.619620	3.651014	94232.933692	229363.824266	4.304554	385.939448	0.000023	0.000548	1.216755	5.185363	-0.437587	0.000000
0.625099	3.651015	94232.910481	229363.815633	4.400567	406.309247	0.000022	0.000548	1.216755	5.185363	-0.437587	0.000000
0.630577	3.651015	94232.888422	229363.806792	4.496971	426.740380	0.000022	0.000548	1.216755	5.185363	-0.437587	0.000000
0.636056	3.651016	94232.867453	229363.797743	4.593836	447.243574	0.000021	0.000548	1.216755	5.185363	-0.437586	0.000000
0.641534	3.651017	94232.847516	229363.788487	4.691089	467.818408	0.000021	0.000548	1.216755	5.185363	-0.437586	0.000000
0.647013	3.651017	94232.828556	229363.779024	4.788736	488.455168	0.000020	0.000548	1.216755	5.185363	-0.437586	0.000000
0.652491	3.651018	94232.810521	229363.769353	4.887090	509.183630	0.000019	0.000548	1.216755	5.185363	-0.437586	0.000000
0.657970	3.651018	94232.793363	229363.759473	4.985818	529.992118	0.000019	0.000548	1.216755	5.185363	-0.437586	0.000000
0.663448	3.651019	94232.777035	229363.749384	5.084831	550.830046	0.000018	0.000548	1.216755	5.185363	-0.437586	0.000000
0.668927	3.651019	94232.761493	229363.739082	5.185440	571.844834	0.000018	0.000548	1.216755	5.185363	-0.437586	0.000000
0.674405	3.651019	94232.746698	229363.728564	5.286043	593.030572	0.000017	0.000548	1.216755	5.185363	-0.437586	0.000000
0.679884	3.651020	94232.732612	229363.717832	5.385922	614.196378	0.000016	0.000548	1.216755	5.185362	-0.437586	0.000000
0.685362	3.651020	94232.719203	229363.706879	5.491066	636.047125	0.000016	0.000548	1.216755	5.185362	-0.437586	0.000000
0.690841	3.651021	94232.706443	229363.695706	5.594110	658.515237	0.000015	0.000548	1.216755	5.185362	-0.437586	0.000000
0.696319	3.651021	94232.694311	229363.684340	5.690654	680.369443	0.000014	0.000548	1.216755	5.185362	-0.437586	0.000000
0.701798	3.651021	94232.682789	229363.672774	5.808668	704.291855	0.000013	0.000548	1.216755	5.185362	-0.437586	0.000000
0.707276	3.651021	94232.671848	229363.661014	5.915378	729.437977	0.000012	0.000548	1.216755	5.185362	-0.437586	0.000000
0.712755	3.651022	94232.661461	229363.649176	5.986229	749.045716	0.000012	0.000548	1.216755	5.185362	-0.437586	0.000000
0.718233	3.651022	94232.651581	229363.637180	6.152788	774.908545	0.000011	0.000548	1.216755	5.185362	-0.437586	0.000000
0.723712	3.651022	94232.642082	229363.624938	6.271120	804.592833	0.000010	0.000548	1.216755	5.185362	-0.437586	0.000000
0.729190	3.651022	94232.632879	229363.612855	6.209404	806.998327	0.000009	0.000548	1.216755	5.185362	-0.437586	0.000000
0.734669	3.651022	94232.623838	229363.600440	6.585517	838.126143	0.000008	0.000548	1.216755	5.185362	-0.437586	0.000000
0.740147	3.651022	94232.614600	229363.587122	6.771314	894.788482	0.000007	0.000548	1.216755	5.185362	-0.437586	0.000000
0.745626	3.651023	94232.605155	229363.574771	6.072742	829.711728	0.000006	0.000548	1.216755	5.185362	-0.437586	0.000000
0.751104	3.651023	94232.595507	229363.561350	7.383762	896.972342	0.000005	0.000548	1.216755	5.185362	-0.437586	0.000000
0.756583	3.651023	94232.584751	229363.544176	7.983532	1104.485340	0.000004	0.000548	1.216755	5.185362	-0.437586	0.000000
0.762061	3.651023	94232.573626	229363.532264	4.278172	743.024450	0.000003	0.000548	1.216755	5.185362	-0.437586	0.000000
0.767540	3.651023	94232.563054	229363.517030	9.792278	955.829535	0.000002	0.000548	1.216755	5.185362	-0.437586	0.000000
0.773018	3.651023	94232.549385	229363.484844	12.846719	1892.871765	-0.000001	0.000548	1.216755	5.185362	-0.437586	0.000000
0.778497	3.651024	94232.536067	229363.477315	-4.920320	171.794425	-0.000001	0.000548	1.216755	5.185362	-0.437586	0.000000
0.783975	3.651024	94232.527771	229363.456690	19.556020	945.589479	0.000001	0.000548	1.216755	5.185362	-0.437586	0.000000
0.789454	3.651023	94232.507031	229363.352396	36.675870	5464.489672	-0.000014	0.000548	1.216755	5.185361	-0.437586	0.000000
0.794932	3.651023	94232.487952	229363.354299	-46.334834	-2332.493281	-0.000011	0.000548	1.216755	5.185361	-0.437586	0.000000
0.800411	3.651023	94232.493458	229363.295874	63.977609	706.910563	0.000001	0.000548	1.216755	5.185361	-0.437586	0.000000
0.805889	3.651017	94232.441078	229362.814259	159.751154	22969.699879	-0.000063	0.000548	1.216755	5.185361	-0.437586	0.000000
0.811368	3.651018	94232.388905	229362.769072	-223.233327	-11548.603298	-0.000057	0.000548	1.216755	5.185361	-0.437586	0.000000
0.816846	3.651012	94232.450694	229362.420995	277.923197	860.848137	0.000001	0.000548	1.216755	5.185361	-0.437587	0.000000
0.822325	3.650982	94232.239199	229359.907235	806.911825	111287.278545	-0.000312	0.000548	1.216755	5.185360	-0.437591	0.000000
0.827803	3.650974	94231.988542	229359.071037	-939.022546	-38540.190764	-0.000338	0.000548	1.216755	5.185359	-0.437591	0.000000
0.833282	3.650936	94232.256816	229356.580215	1359.353719	14715.614098	-0.000109	0.000548	1.216755	5.185360	-0.437597	0.000000
0.838760	3.650769	94231.223446	229342.853465	4255.161453	565802.408780	-0.001673	0.000548	1.216755	5.185355	-0.437618	0.000000
0.844239	3.650677	94229.792290	229334.767343	-3583.837595	-66984.928489	-0.002122	0.000548	1.216755	5.185349	-0.437627	0.000000
0.849718	3.650420	94230.661802	229316.943836	7100.412160	181376.556378	-0.001385	0.000548	1.216755	5.185353	-0.437665	0.000000
0.855198	3.649474	94225.244821	229239.865506	22900.355658	2956042.258692	-0.009408	0.000548	1.216755	5.185323	-0.437781	0.000000
0.860680	3.648712	94216.764959	229175.671966	-11536.428650	400599.878688	-0.013481	0.000548	1.216755	5.185288	-0.437868	0.000000
0.866162	3.646993	94218.060126	229051.245372	39029.529485	1692700.077274	-0.012412	0.000548	1.216755	5.185292	-0.438108	0.000000
0.871648	3.641524	94188.368377	228608.775429	125523.632858	15903074.686927	-0.054610	0.000549	1.216755	5.185133	-0.438789	0.000000
0.877147	3.635912	94136.956874	228143.589889	-20784.348364	6574247.294540	-0.085763	0.000550	1.216755	5.184911	-0.439451	0.000000
0.882649	3.624699	94123.687228	227305.387039	221727.563363	14123638.747586	-0.096586	0.000552	1.216755	5.184838	-0.440976	0.000000
0.888178	3.593052	93951.196039	224745.901904	705419.952142	90724494.881787	-0.323863	0.000557	1.216755	5.183921	-0.444978	0.000000
0.893783	3.555441	93614.671748	221605.484131	119349.957457	70482978.192562	-0.548625	0.000563	1.216755	5.182394	-0.449562	0.000000
0.899424	3.490948	93380.312498	216558.246839	1191536.476035	126068605.299179	-0.686835	0.000573	1.216755	5.181218	-0.458391	0.000000
0.905218	3.328551	92204.186400	202971.795081	4097144.440782	623776706.374057	-1.902205	0.000601	1.216755	5.174917	-0.480229	0.000000
0.911461	3.141238	89460.041144	185904.177592	1690492.070432	783626959.180907	-3.510620	0.000637	1.216755	5.161502	-0.504961	0.000000
0.917982	2.960645	86716.774782	169014.449233	2591605.229806	973209600.279388	-3.920980	0.000676	1.216755	5.147613	-0.532437	0.000000
0.924932	2.517507	79701.279322	128543.022305	20625825.767097	3790612485.648133	-8.254433	0.000794	1.216755	5.105585	-0.609285	0.000000
0.934306	1.857074	58328.439022	66614.636523	37819882.711662	8132585070.871767	-22.161287	0.001077	1.216755	4.956068	-0.745247	0.000000
0.948159	1.347924	29800.506547	24167.191426	27498949.467901	6604774516.570704	-38.039323	0.001484	1.216755	4.651555	-0.881077	0.000000
0.965694	1.108295	12657.682744	8585.972332	11821185.651990	2678288108.050579	-47.209888	0.001805	1.216755	4.281276	-0.960235	0.000000
0.984991	1.027254	7188.163231	4778.337089	3285548.204546	552092123.227887	-50.550023	0.001947	1.216755	4.056351	-0.989823	0.000000
1.004842	1.005781	6249.416441	4171.142979	657861.504838	69750771.536633	-51.370698	0.001989	1.216755	4.005358	-0.997851	0.000000
1.024817	1.001113	6134.624523	4091.704965	110305.094839	8645441.577258	-51.524856	0.001998	1.216755	3.998742	-0.999586	0.000000
1.044813	1.000259	6119.884241	4080.603242	15609.151733	1201546.888862	-51.549431	0.001999	1.216755	3.997875	-0.999899	0.000000
1.064812	1.000125	6117.792544	4078.982817	1888.231141	174842.368613	-51.552743	0.002000	1.216755	3.997751	-0.999948	0.000000
1.084812	1.000107	6117.489956	4078.753583	198.087482	24635.626569	-51.553128	0.002000	1.216755	3.997733	-0.999954	0.000000
1.104812	1.000104	6117.448119	4078.723354	17.837686	3242.494523	-51.553167	0.002000	1.216755	3.997731	-0.999955	0.000000
1.124812	1.000104	6117.442737	4078.719679	1.364717	394.237512	-51.553170	0.002000	1.216755	3.997731	-0.999955	0.000000
1.144812	1.000104	6117.442098	4078.719267	0.094300	44.294704	-51.553170	0.002000	1.216755	3.997731	-0.999955	0.000000
1.164812	1.000104	6117.442027	4078.719224	0.008422	4.644916	-51.553170	0.002000	1.216755	3.997731	-0.999955	0.000000
1.184812	1.000104	6117.442020	4078.719220	0.001411	0.467012	-51.553170	0.002000	1.216755	3.997731	-0.999955	0.000000
1.204812	1.000104	6117.442019	4078.719220	0.000289	0.047562	-51.553170	0.002000	1.216755	3.997731	-0.999955	0.000000
1.224812	1.000104	6117.442019	4078.719220	0.000053	0.005297	-51.553170	0.002000	1.216755	3.997731	-0.999955	0.000000
1.244812	1.000104	6117.442019	4078.719219	0.000008	0.000674	-51.553170	0.002000	1.216755	3.997731	-0.999955	0.000000
1.264812	1.000104	6117.442019	4078.719219	0.000001	0.000095	-51.553170	0.002000	1.216755	3.997731	-0.999955	0.000000
1.284812	1.000104	6117.442019	4078.719219	0.000000	0.000012	-51.553170	0.002000	1.216755	3.997731	-0.999955	0.000000
1.304812	1.000104	6117.442019	4078.719219	0.000000	0.000001	-51.553170	0.002000	1.216755	3.997731	-0.999955	0.000000
1.324812	1.000104	6117.442019	4078.719219	0.000000	0.000001	-51.553170	0.002000	1.216755	3.997731	-0.999955	0.000000
1.344812	1.000104	6117.442019	4078.719219	-0.000000	0.000001	-51.553170	0.002000	1.216755	3.997731	-0.999955	0.000000
1.364812	1.000104	6117.442019	4078.719219	-0.000000	-0.000001	-51.553170	0.002000	1.216755	3.997731	-0.999955	0.000000
1.384812	1.000104	6117.442019	4078.719219	0.000000	-0.000001	-51.553170	0.002000	1.216755	3.997731	-0.999955	0.000000
1.404812	1.000104	6117.442019	4078.719219	0.000000	0.000000	-51.553170	0.002000	1.216755	3.997731	-0.999955	0.000000
1.424812	1.000104	6117.442019	4078.719219	-0.000000	0.000000	-51.553170	0.002000	1.216755	3.997731	-0.999955	0.000000
1.444812	1.000104	6117.442019	4078.719219	0.000000	-0.000000	-51.553170	0.002000	1.216755	3.997731	-0.999955	0.000000
1.464812	1.000104	6117.442019	4078.719219	-0.000000	0.000001	-51.553170	0.002000	1.216755	3.997731	-0.999955	0.000000
1.484812	1.000104	6117.442019	4078.719219	-0.000000	-0.000001	-51.553170	0.002000	1.216755	3.997731	-0.999955	0.000000
1.504812	1.000104	6117.442019	4078.719219	0.000000	-0.000001	-51.553170	0.002000	1.216755	3.997731	-0.999955	0.000000
1.524812	1.000104	6117.442019	4078.719219	0.000000	-0.000001	-51.553170	0.002000	1.216755	3.997731	-0.999955	0.000000
1.544812	1.000104	6117.442019	4078.719219	0.000000	0.000001	-51.553170	0.002000	1.216755	3.997731	-0.999955	0.000000
1.564812	1.000104	6117.442019	4078.719219	-0.000000	0.000001	-51.553170	0.002000	1.216755	3.997731	-0.999955	0.000000
1.584812	1.000104	6117.442019	4078.719219	-0.000000	0.000000	-51.553170	0.002000	1.216755	3.997731	-0.999955	0.000000
1.604812	1.000104	6117.442019	4078.719219	-0.000000	-0.000000	-51.553170	0.002000	1.216755	3.997731	-0.999955	0.000000
1.624812	1.000104	6117.442019	4078.719219	0.000000	-0.000001	-51.553170	0.002000	1.216755	3.997731	-0.999955	0.000000
1.644812	1.000104	6117.442019	4078.719219	0.000000	0.000001	-51.553170	0.002000	1.216755	3.997731	-0.999955	0.000000
1.664812	1.000104	6117.442019	4078.719219	-0.000000	-0.000000	-51.553170	0.002000	1.216755	3.997731	-0.999955	0.000000
1.684812	1.000104	6117.442019	4078.719219	-0.000000	-0.000001	-51.553170	0.002000	1.216755	3.997731	-0.999955	0.000000
1.704812	1.000104	6117.442019	4078.719219	0.000000	-0.000001	-51.553170	0.002000	1.216755	3.997731	-0.999955	0.000000
1.724812	1.000104	6117.442019	4078.719219	0.000000	0.000000	-51.553170	0.002000	1.216755	3.997731	-0.999955	0.000000
1.744812	1.000104	6117.442019	4078.719219	0.000000	0.000001	-51.553170	0.002000	1.216755	3.997731	-0.999955	0.000000
1.764812	1.000104	6117.442019	4078.719219	-0.000000	0.000001	-51.553170	0.002000	1.216755	3.997731	-0.999955	0.000000
1.784812	1.000104	6117.442019	4078.719219	-0.000000	0.000000	-51.553170	0.002000	1.216755	3.997731	-0.999955	0.000000
1.804812	1.000104	6117.442019	4078.719219	-0.000000	-0.000000	-51.553170	0.002000	1.216755	3.997731	-0.999955	0.000000
1.824812	1.000104	6117.442019	4078.719219	-0.000000	0.000000	-51.553170	0.002000	1.216755	3.997731	-0.999955	0.000000
1.844812	1.000104	6117.442019	4078.719219	0.000000	-0.000001	-51.553170	0.002000	1.216755	3.997731	-0.999955	0.000000
1.864812	1.000104	6117.442019	4078.719219	0.000000	0.000000	-51.553170	0.002000	1.216755	3.997731	-0.999955	0.000000
1.884812	1.000104	6117.442019	4078.719219	-0.000000	0.000001	-51.553170	0.002000	1.216755	3.997731	-0.999955	0.000000
1.904812	1.000104	6117.442019	4078.719219	-0.000000	-0.000000	-51.553170	0.002000	1.216755	3.997731	-0.999955	0.000000
1.924812	1.000104	6117.442019	4078.719219	-0.000000	0.000000	-51.553170	0.002000	1.216755	3.997731	-0.999955	0.000000
1.944812	1.000104	6117.442019	4078.719219	-0.000000	-0.000001	-51.553170	0.002000	1.216755	3.997731	-0.999955	0.000000
1.964812	1.000104	6117.442019	4078.719219	0.000000	-0.000001	-51.553170	0.002000	1.216755	3.997731	-0.999955	0.000000
1.984812	1.000104	6117.442019	4078.719219	0.000000	-0.000000	-51.553170	0.002000	1.216755	3.997731	-0.999955	0.000000
2.004812	1.000104	6117.442019	4078.719219	0.000000	0.000001	-51.553170	0.002000	1.216755	3.997731	-0.999955	0.000000
2.024812	1.000104	6117.442019	4078.719219	0.000000	-0.000001	-51.553170	0.002000	1.216755	3.997731	-0.999955	0.000000
2.044812	1.000104	6117.442019	4078.719219	0.000000	0.000001	-51.553170	0.002000	1.216755	3.997731	-0.999955	0.000000
2.064812	1.000104	6117.442019	4078.719219	-0.000000	0.000000	-51.553170	0.002000	1.216755	3.997731	-0.999955	0.000000
2.084812	1.000104	6117.442019	4078.719219	0.000000	-0.000001	-51.553170	0.002000	1.216755	3.997731	-0.999955	0.000000
2.104812	1.000104	6117.442019	4078.719219	0.000000	0.000000	-51.553170	0.002000	1.216755	3.997731	-0.999955	0.000000
2.124812	1.000104	6117.442019	4078.719219	0.000000	0.000000	-51.553170	0.002000	1.216755	3.997731	-0.999955	0.000000
2.144812	1.000104	6117.442019	4078.719219	-0.000000	0.000001	-51.553170	0.002000	1.216755	3.997731	-0.999955	0.000000
2.164812	1.000104	6117.442019	4078.719219	-0.000000	0.000001	-51.553170	0.002000	1.216755	3.997731	-0.999955	0.000000
2.184812	1.000104	6117.442019	4078.719219	-0.000000	-0.000001	-51.553170	0.002000	1.216755	3.997731	-0.999955	0.000000
2.204812	1.000104	6117.442019	4078.719219	0.000000	-0.000001	-51.553170	0.002000	1.216755	3.997731	-0.999955	0.000000
2.224812	1.000104	6117.442019	4078.719219	0.000000	-0.000001	-51.553170	0.002000	1.216755	3.997731	-0.999955	0.000000
2.244812	1.000104	6117.442019	4078.719219	0.000000	-0.000000	-51.553170	0.002000	1.216755	3.997731	-0.999955	0.000000
2.264812	1.000104	6117.442019	4078.719219	0.000000	-0.000000	-51.553170	0.002000	1.216755	3.997731	-0.999955	0.000000
2.284812	1.000104	6117.442019	4078.719219	0.000000	0.000001	-51.553170	0.002000	1.216755	3.997731	-0.999955	0.000000
2.304812	1.000104	6117.442019	4078.719219	-0.000000	0.000004	-51.553170	0.002000	1.216755	3.997731	-0.999955	0.000000
2.324812	1.000104	6117.442019	4078.719219	-0.000000	0.000003	-51.553170	0.002000	1.216755	3.997731	-0.999955	0.000000
2.344812	1.000104	6117.442019	4078.719219	-0.000000	-0.000003	-51.553170	0.002000	1.216755	3.997731	-0.999955	0.000000
2.364812	1.000104	6117.442019	4078.719219	0.000000	-0.000005	-51.553170	0.002000	1.216755	3.997731	-0.999955	0.000000
2.384812	1.000104	6117.442019	4078.719219	0.000000	-0.000001	-51.553170	0.002000	1.216755	3.997731	-0.999955	0.000000
2.404812	1.000104	6117.442019	4078.719219	0.000000	0.000001	-51.553170	0.002000	1.216755	3.997731	-0.999955	0.000000
2.424812	1.000104	6117.442019	4078.719219	0.000000	0.000000	-51.553170	0.002000	1.216755	3.997731	-0.999955	0.000000
2.444812	1.000104	6117.442019	4078.719219	0.000000	0.000001	-51.553170	0.002000	1.216755	3.997731	-0.999955	0.000000
2.464812	1.000104	6117.442019	4078.719219	-0.000000	0.000001	-51.553170	0.002000	1.216755	3.997731	-0.999955	0.000000
2.484812	1.000104	6117.442019	4078.719219	-0.000000	-0.000001	-51.553170	0.002000	1.216755	3.997731	-0.999955	0.000000
2.504812	1.000104	6117.442019	4078.719219	0.000000	-0.000001	-51.553170	0.002000	1.216755	3.997731	-0.999955	0.000000
2.524812	1.000104	6117.442019	4078.719219	0.000000	-0.000000	-51.553170	0.002000	1.216755	3.997731	-0.999955	0.000000
2.544812	1.000104	6117.442019	4078.719219	0.000000	-0.000001	-51.553170	0.002000	1.216755	3.997731	-0.999955	0.000000
2.564812	1.000104	6117.442019	4078.719219	0.000000	0.000001	-51.553170	0.002000	1.216755	3.997731	-0.999955	0.000000
2.584812	1.000104	6117.442019	4078.719219	-0.000000	0.000001	-51.553170	0.002000	1.216755	3.997731	-0.999955	0.000000
2.604812	1.000104	6117.442019	4078.719219	-0.000000	0.000000	-51.553170	0.002000	1.216755	3.997731	-0.999955	0.000000
2.624812	1.000104	6117.442019	4078.719219	-0.000000	-0.000001	-51.553170	0.002000	1.216755	3.997731	-0.999955	0.000000
2.644812	1.000104	6117.442019	4078.719219	0.000000	-0.000001	-51.553170	0.002000	1.216755	3.997731	-0.999955	0.000000
2.664812	1.000104	6117.442019	4078.719219	0.000000	0.000001	-51.553170	0.002000	1.216755	3.997731	-0.999955	0.000000
2.684812	1.000104	6117.442019	4078.719219	0.000000	0.000001	-51.553170	0.002000	1.216755	3.997731	-0.999955	0.000000
2.704812	1.000104	6117.442019	4078.719219	-0.000000	0.000000	-51.553170	0.002000	1.216755	3.997731	-0.999955	0.000000
2.724812	1.000104	6117.442019	4078.719219	-0.000000	0.000000	-51.553170	0.002000	1.216755	3.997731	-0.999955	0.000000
2.744812	1.000104	6117.442019	4078.719219	-0.000000	-0.000001	-51.553170	0.002000	1.216755	3.997731	-0.999955	0.000000
2.764812	1.000104	6117.442019	4078.719219	0.000000	-0.000001	-51.553170	0.002000	1.216755	3.997731	-0.999955	0.000000
2.784812	1.000104	6117.442019	4078.719219	0.000000	0.000001	-51.553170	0.002000	1.216755	3.997731	-0.999955	0.000000
2.804812	1.000104	6117.442019	4078.719219	0.000000	0.000001	-51.553170	0.002000	1.216755	3.997731	-0.999955	0.000000
2.824812	1.000104	6117.442019	4078.719219	-0.000000	0.000001	-51.553170	0.002000	1.216755	3.997731	-0.999955	0.000000
2.844812	1.000104	6117.442019	4078.719219	-0.000000	-0.000001	-51.553170	0.002000	1.216755	3.997731	-0.999955	0.000000
2.864812	1.000104	6117.442019	4078.719219	0.000000	-0.000001	-51.553170	0.002000	1.216755	3.997731	-0.999955	0.000000
2.884812	1.000104	6117.442019	4078.719219	0.000000	0.000000	-51.553170	0.002000	1.216755	3.997731	-0.999955	0.000000
2.904812	1.000104	6117.442019	4078.719219	0.000000	0.000001	-51.553170	0.002000	1.216755	3.997731	-0.999955	0.000000
2.924812	1.000104	6117.442019	4078.719219	-0.000000	0.000001	-51.553170	0.002000	1.216755	3.997731	-0.999955	0.000000
2.944812	1.000104	6117.442019	4078.719219	-0.000000	-0.000001	-51.553170	0.002000	1.216755	3.997731	-0.999955	0.000000
2.964812	1.000104	6117.442019	4078.719219	0.000000	-0.000001	-51.553170	0.002000	1.216755	3.997731	-0.999955	0.000000
2.984812	1.000104	6117.442019	4078.719219	0.000000	0.000001	-51.553170	0.002000	1.216755	3.997731	-0.999955	0.000000
3.004812	1.000104	6117.442019	4078.719219	-0.000000	0.000000	-51.553170	0.002000	1.216755	3.997731	-0.999955	0.000000
3.024812	1.000104	6117.442019	4078.719219	0.000000	-0.000001	-51.553170	0.002000	1.216755	3.997731	-0.999955	0.000000
3.044812	1.000104	6117.442019	4078.719219	0.000000	0.000001	-51.553170	0.002000	1.216755	3.997731	-0.999955	0.000000
3.064812	1.000104	6117.442019	4078.719219	-0.000000	0.000001	-51.553170	0.002000	1.216755	3.997731	-0.999955	0.000000
3.084812	1.000104	6117.442019	4078.719219	0.000000	-0.000001	-51.553170	0.002000	1.216755	3.997731	-0.999955	0.000000
3.104812	1.000104	6117.442019	4078.719219	0.000000	0.000001	-51.553170	0.002000	1.216755	3.997731	-0.999955	0.000000
3.124812	1.000104	6117.442019	4078.719219	-0.000000	0.000001	-51.553170	0.002000	1.216755	3.997731	-0.999955	0.000000
3.144812	1.000104	6117.442019	4078.719219	-0.000000	-0.000001	-51.553170	0.002000	1.216755	3.997731	-0.999955	0.000000
3.164812	1.000104	6117.442019	4078.719219	0.000000	-0.000001	-51.553170	0.002000	1.216755	3.997731	-0.999955	0.000000
3.184812	1.000104	6117.442019	4078.719219	0.000000	0.000001	-51.553170	0.002000	1.216755	3.997731	-0.999955	0.000000
3.204812	1.000104	6117.442019	4078.719219	-0.000000	0.000001	-51.553170	0.002000	1.216755	3.997731	-0.999955	0.000000
3.224812	1.000104	6117.442019	4078.719219	-0.000000	0.000000	-51.553170	0.002000	1.216755	3.997731	-0.999955	0.000000
3.244812	1.000104	6117.442019	4078.719219	-0.000000	0.000000	-51.553170	0.002000	1.216755	3.997731	-0.999955	0.000000
3.264812	1.000104	6117.442019	4078.719219	-0.000000	-0.000000	-51.553170	0.002000	1.216755	3.997731	-0.999955	0.000000
3.284812	1.000104	6117.442019	4078.719219	-0.000000	-0.000000	-51.553170	0.002000	1.216755	3.997731	-0.999955	0.000000
3.304812	1.000104	6117.442019	4078.719219	-0.000000	-0.000001	-51.553170	0.002000	1.216755	3.997731	-0.999955	0.000000
3.324812	1.000104	6117.442019	4078.719219	0.000000	0.000000	-51.553170	0.002000	1.216755	3.997731	-0.999955	0.000000
3.344812	1.000104	6117.442019	4078.719219	0.000000	0.000000	-51.553170	0.002000	1.216755	3.997731	-0.999955	0.000000
3.364812	1.000104	6117.442019	4078.719219	0.000000	0.000001	-51.553170	0.002000	1.216755	3.997731	-0.999955	0.000000
3.384812	1.000104	6117.442019	4078.719219	-0.000000	0.000001	-51.553170	0.002000	1.216755	3.997731	-0.999955	0.000000
3.404812	1.000104	6117.442019	4078.719219	-0.000000	-0.000001	-51.553170	0.002000	1.216755	3.997731	-0.999955	0.000000
3.424812	1.000104	6117.442019	4078.719219	0.000000	-0.000001	-51.553170	0.002000	1.216755	3.997731	-0.999955	0.000000
3.444812	1.000104	6117.442019	4078.719219	0.000000	-0.000001	-51.553170	0.002000	1.216755	3.997731	-0.999955	0.000000
3.464812	1.000104	6117.442019	4078.719219	0.000000	-0.000001	-51.553170	0.002000	1.216755	3.997731	-0.999955	0.000000
3.484812	1.000104	6117.442019	4078.719219	0.000000	0.000001	-51.553170	0.002000	1.216755	3.997731	-0.999955	0.000000
3.504812	1.000104	6117.442019	4078.719219	0.000000	0.000001	-51.553170	0.002000	1.216755	3.997731	-0.999955	0.000000
3.524812	1.000104	6117.442019	4078.719219	0.000000	0.000001	-51.553170	0.002000	1.216755	3.997731	-0.999955	0.000000
3.544812	1.000104	6117.442019	4078.719219	-0.000000	0.000001	-51.553170	0.002000	1.216755	3.997731	-0.999955	0.000000
3.564812	1.000104	6117.442019	4078.719219	0.000000	-0.000001	-51.553170	0.002000	1.216755	3.997731	-0.999955	0.000000
3.584812	1.000104	6117.442019	4078.719219	-0.000000	0.000000	-51.553170	0.002000	1.216755	3.997731	-0.999955	0.000000
3.604812	1.000104	6117.442019	4078.719219	-0.000000	-0.000001	-51.553170	0.002000	1.216755	3.997731	-0.999955	0.000000
3.624812	1.000104	6117.442019	4078.719219	-0.000000	0.000000	-51.553170	0.002000	1.216755	3.997731	-0.999955	0.000000
3.644812	1.000104	6117.442019	4078.719219	-0.000000	-0.000002	-51.553170	0.002000	1.216755	3.997731	-0.999955	0.000000
3.664812	1.000104	6117.442019	4078.719219	0.000000	-0.000001	-51.553170	0.002000	1.216755	3.997731	-0.999955	0.000000
3.684812	1.000104	6117.442019	4078.719219	-0.000000	0.000002	-51.553170	0.002000	1.216755	3.997731	-0.999955	0.000000
3.704812	1.000104	6117.442019	4078.719219	-0.000000	-0.000000	-51.553170	0.002000	1.216755	3.997731	-0.999955	0.000000
3.724812	1.000104	6117.442019	4078.719219	0.000000	-0.000000	-51.553170	0.002000	1.216755	3.997731	-0.999955	0.000000
3.744812	1.000104	6117.442019	4078.719219	-0.000000	0.000001	-51.553170	0.002000	1.216755	3.997731	-0.999955	0.000000
3.764812	1.000104	6117.442019	4078.719219	-0.000000	-0.000000	-51.553170	0.002000	1.216755	3.997731	-0.999955	0.000000
3.784812	1.000104	6117.442019	4078.719219	-0.000000	-0.000001	-51.553170	0.002000	1.216755	3.997731	-0.999955	0.000000
3.804812	1.000104	6117.442019	4078.719219	0.000000	-0.000001	-51.553170	0.002000	1.216755	3.997731	-0.999955	0.000000
3.824812	1.000104	6117.442019	4078.719219	0.000000	0.000002	-51.553170	0.002000	1.216755	3.997731	-0.999955	0.000000
3.844812	1.000104	6117.442019	4078.719219	0.000000	0.000001	-51.553170	0.002000	1.216755	3.997731	-0.999955	0.000000
3.864812	1.000104	6117.442019	4078.719219	-0.000000	0.000000	-51.553170	0.002000	1.216755	3.997731	-0.999955	0.000000
3.884812	1.000104	6117.442019	4078.719219	-0.000000	0.000001	-51.553170	0.002000	1.216755	3.997731	-0.999955	0.000000
3.904812	1.000104	6117.442019	4078.719219	-0.000000	0.000001	-51.553170	0.002000	1.216755	3.997731	-0.999955	0.000000
3.924812	1.000104	6117.442019	4078.719219	-0.000000	-0.000002	-51.553170	0.002000	1.216755	3.997731	-0.999955	0.000000
3.944812	1.000104	6117.442019	4078.719219	0.000000	-0.000001	-51.553170	0.002000	1.216755	3.997731	-0.999955	0.000000
3.964812	1.000104	6117.442019	4078.719219	-0.000000	0.000001	-51.553170	0.002000	1.216755	3.997731	-0.999955	0.000000
3.984812	1.000104	6117.442019	4078.719219	0.000000	-0.000002	-51.553170	0.002000	1.216755	3.997731	-0.999955	0.000000
4.004812	1.000104	6117.442019	4078.719219	0.000000	0.000001	-51.553170	0.002000	1.216755	3.997731	-0.999955	0.000000
4.024812	1.000104	6117.442019	4078.719219	-0.000000	0.000002	-51.553170	0.002000	1.216755	3.997731	-0.999955	0.000000
4.044812	1.000104	6117.442019	4078.719219	-0.000000	-0.000001	-51.553170	0.002000	1.216755	3.997731	-0.999955	0.000000
4.064812	1.000104	6117.442019	4078.719219	0.000000	-0.000001	-51.553170	0.002000	1.216755	3.997731	-0.999955	0.000000
4.084812	1.000104	6117.442019	4078.719219	0.000000	0.000001	-51.553170	0.002000	1.216755	3.997731	-0.999955	0.000000
4.104812	1.000104	6117.442019	4078.719219	-0.000000	0.000000	-51.553170	0.002000	1.216755	3.997731	-0.999955	0.000000
4.124812	1.000104	6117.442019	4078.719219	-0.000000	-0.000004	-51.553170	0.002000	1.216755	3.997731	-0.999955	0.000000
4.144812	1.000104	6117.442019	4078.719219	0.000000	-0.000008	-51.553170	0.002000	1.216755	3.997731	-0.999955	0.000000
4.164812	1.000104	6117.442019	4078.719219	0.000000	-0.000018	-51.553170	0.002000	1.216755	3.997731	-0.999955	0.000000
4.184812	1.000104	6117.442019	4078.719219	0.000001	-0.000049	-51.553170	0.002000	1.216755	3.997731	-0.999955	0.000000
4.204812	1.000104	6117.442019	4078.719219	0.000002	-0.000145	-51.553170	0.002000	1.216755	3.997731	-0.999955	0.000000
4.224812	1.000104	6117.442019	4078.719219	0.000005	-0.000395	-51.553170	0.002000	1.216755	3.997731	-0.999955	0.000000
4.244812	1.000104	6117.442019	4078.719219	0.000014	-0.001048	-51.553170	0.002000	1.216755	3.997731	-0.999955	0.000000
4.264812	1.000104	6117.442019	4078.719219	0.000037	-0.002724	-51.553170	0.002000	1.216755	3.997731	-0.999955	0.000000
4.284812	1.000104	6117.442019	4078.719219	0.000095	-0.006894	-51.553170	0.002000	1.216755	3.997731	-0.999955	0.000000
4.304812	1.000104	6117.442019	4078.719219	0.000238	-0.017062	-51.553170	0.002000	1.216755	3.997731	-0.999955	0.000000
4.324812	1.000104	6117.442019	4078.719219	0.000586	-0.041395	-51.553170	0.002000	1.216755	3.997731	-0.999955	0.000000
4.344812	1.000104	6117.442018	4078.719218	0.001410	-0.098527	-51.553170	0.002000	1.216755	3.997731	-0.999955	0.000000
4.364812	1.000104	6117.442015	4078.719215	0.003330	-0.230176	-51.553170	0.002000	1.216755	3.997731	-0.999955	0.000000
4.384812	1.000104	6117.442010	4078.719208	0.007721	-0.527921	-51.553170	0.002000	1.216755	3.997731	-0.999955	0.000000
4.404812	1.000104	6117.441997	4078.719194	0.017571	-1.188862	-51.553170	0.002000	1.216755	3.997731	-0.999955	0.000000
4.424812	1.000104	6117.441969	4078.719160	0.039263	-2.629072	-51.553170	0.002000	1.216755	3.997731	-0.999955	0.000000
4.444812	1.000104	6117.441906	4078.719084	0.086142	-5.709369	-51.553170	0.002000	1.216755	3.997731	-0.999955	0.000000
4.464812	1.000104	6117.441770	4078.718919	0.185557	-12.174505	-51.553170	0.002000	1.216755	3.997731	-0.999955	0.000000
4.484812	1.000104	6117.441478	4078.718564	0.392350	-25.494034	-51.553169	0.002000	1.216755	3.997731	-0.999955	0.000000
4.504812	1.000104	6117.440867	4078.717814	0.814426	-52.381755	-51.553168	0.002000	1.216755	3.997730	-0.999955	0.000000
4.524812	1.000104	6117.439611	4078.716260	1.658805	-105.615926	-51.553165	0.002000	1.216755	3.997730	-0.999955	0.000000
4.544812	1.000103	6117.437075	4078.713099	3.314283	-208.896754	-51.553160	0.002000	1.216755	3.997730	-0.999955	0.000000
4.564812	1.000103	6117.432055	4078.706794	6.493508	-405.154906	-51.553150	0.002000	1.216755	3.997730	-0.999956	0.000000
4.584812	1.000101	6117.422311	4078.694460	12.470537	-770.213378	-51.553130	0.002000	1.216755	3.997729	-0.999956	0.000000
4.604812	1.000098	6117.403772	4078.670807	23.464158	-1434.476950	-51.553092	0.002000	1.216755	3.997728	-0.999957	0.000000
4.624812	1.000093	6117.369222	4078.626361	43.232916	-2616.009707	-51.553020	0.002000	1.216755	3.997725	-0.999960	0.000000
4.644813	1.000083	6117.306172	4078.544572	77.959189	-4668.720276	-51.552887	0.002000	1.216755	3.997721	-0.999964	0.000000
4.664813	1.000065	6117.193581	4078.397257	137.497501	-8148.874050	-51.552648	0.002000	1.216755	3.997713	-0.999972	0.000000
4.684814	1.000033	6116.996952	4078.137703	237.032234	-13901.034325	-51.552225	0.002000	1.216755	3.997699	-0.999986	0.000000
4.704816	0.999977	6116.661347	4077.690657	399.113484	-23159.911889	-51.551495	0.002000	1.216755	3.997676	-1.000010	0.000000
4.724819	0.999882	6116.101914	4076.938469	655.899858	-37656.775782	-51.550267	0.002000	1.216755	3.997636	-1.000050	0.000000
4.744825	0.999725	6115.191802	4075.702989	1051.228304	-59708.147850	-51.548246	0.002001	1.216755	3.997572	-1.000118	0.000000
4.764834	0.999472	6113.747829	4073.723450	1641.877530	-92252.204777	-51.545006	0.002001	1.216755	3.997470	-1.000227	0.000000
4.784850	0.999073	6111.515087	4070.631782	2497.163358	-138788.839065	-51.539942	0.002002	1.216755	3.997313	-1.000399	0.000000
4.804875	0.998460	6108.152628	4065.928311	3695.927664	-203179.210269	-51.532232	0.002003	1.216755	3.997075	-1.000664	0.000000
4.824914	0.997544	6103.223369	4058.962574	5320.208227	-289277.420738	-51.520806	0.002005	1.216755	3.996727	-1.001060	0.000000
4.844976	0.996211	6096.191893	4048.925353	7445.526269	-400404.613846	-51.504329	0.002008	1.216755	3.996229	-1.001637	0.000000
4.865069	0.994324	6086.433556	4034.858254	10128.761349	-538730.515925	-51.481212	0.002011	1.216755	3.995537	-1.002457	0.000000
4.885206	0.991725	6073.256813	4015.685620	13395.747144	-704682.534645	-51.449654	0.002017	1.216755	3.994599	-1.003588	0.000000
4.905404	0.988241	6055.938104	3990.269886	17231.521986	-896533.066894	-51.407724	0.002024	1.216755	3.993364	-1.005110	0.000000
4.925683	0.983695	6033.765540	3957.486264	21576.105873	-1110298.387353	-51.353455	0.002033	1.216755	3.991776	-1.007105	0.000000
4.946067	0.977914	6006.084986	3916.307356	26327.531722	-1340011.516547	-51.284969	0.002045	1.216755	3.989785	-1.009656	0.000000
4.966586	0.970744	5972.341092	3865.884778	31351.903992	-1578329.629213	-51.200573	0.002060	1.216755	3.987344	-1.012843	0.000000
4.987273	0.962057	5932.106718	3805.614666	36498.292272	-1817342.014514	-51.098850	0.002079	1.216755	3.984415	-1.016738	0.000000
5.008165	0.951758	5885.096918	3735.177268	41615.056109	-2049399.047534	-50.978700	0.002101	1.216755	3.980965	-1.021402	0.000000
5.029302	0.939792	5831.167042	3654.546543	46564.214087	-2267798.993001	-50.839348	0.002128	1.216755	3.976973	-1.026888	0.000000
5.050730	0.926136	5770.297516	3563.971796	51231.558727	-2467231.146710	-50.680315	0.002160	1.216755	3.972422	-1.033236	0.000000
5.072496	0.910802	5702.569565	3463.938050	55531.719837	-2643955.148980	-50.501362	0.002196	1.216755	3.967299	-1.040477	0.000000
5.094652	0.893827	5628.136831	3355.113970	59408.532922	-2795765.687566	-50.302420	0.002238	1.216755	3.961598	-1.048639	0.000000
5.117255	0.875270	5547.196304	3238.296086	62832.162543	-2921767.713432	-50.083518	0.002285	1.216755	3.955312	-1.057743	0.000000
5.140363	0.855197	5459.963329	3114.356918	65794.450072	-3022155.359428	-49.844705	0.002339	1.216755	3.948432	-1.067812	0.000000
5.164041	0.833685	5366.643047	2984.194633	68306.311924	-3097632.987689	-49.585993	0.002399	1.216755	3.940948	-1.078869	0.000000
5.188360	0.810808	5267.425234	2848.704766	70384.733034	-3149955.993967	-49.307296	0.002467	1.216755	3.932847	-1.090948	0.000000
5.213396	0.786635	5162.469295	2708.753562	72057.676550	-3180584.364083	-49.008373	0.002542	1.216755	3.924109	-1.104087	0.000000
5.239236	0.761228	5051.898103	2565.163884	73355.739935	-3191251.060208	-48.688782	0.002627	1.216755	3.914708	-1.118341	0.000000
5.265976	0.734640	4935.795142	2418.710655	74310.571883	-3183624.566296	-48.347841	0.002722	1.216755	3.904613	-1.133777	0.000000
5.293725	0.706919	4814.181741	2270.124680	74952.206712	-3159362.514843	-47.984570	0.002829	1.216755	3.893780	-1.150478	0.000000
5.322609	0.678110	4686.958956	2120.086274	75308.475572	-3120181.644014	-47.597667	0.002949	1.216755	3.882150	-1.168544	0.000000
5.352773	0.648272	4553.728436	1969.202662	75401.870652	-3068124.876816	-47.185473	0.003085	1.216755	3.869627	-1.188085	0.000000
5.384386	0.617481	4413.519055	1817.935220	75250.850198	-3005780.675633	-46.745966	0.003239	1.216755	3.856046	-1.209216	0.000000
5.417644	0.585836	4264.283837	1666.461626	74865.551733	-2936014.231287	-46.276795	0.003414	1.216755	3.841108	-1.232061	0.000000
5.452778	0.553402	4102.615861	1514.530224	74251.896632	-2861327.986570	-45.775127	0.003614	1.216755	3.824324	-1.256794	0.000000
5.490065	0.520084	3923.928759	1361.363260	73413.031666	-2780606.081832	-45.237558	0.003846	1.216755	3.804986	-1.283760	0.000000
5.529864	0.485418	3724.771135	1206.142825	72349.726568	-2687516.659788	-44.658641	0.004120	1.216755	3.782366	-1.313716	0.000000
5.572692	0.448323	3507.457404	1048.987204	71087.961728	-2567289.115261	-44.029472	0.004461	1.216755	3.756261	-1.348239	0.000000
5.619405	0.407319	3285.495046	892.741237	69624.773447	-2408567.954384	-43.332275	0.004910	1.216755	3.727869	-1.389892	0.000000
5.671428	0.360859	3085.013847	742.655294	68031.295133	-2210055.888589	-42.537022	0.005542	1.216755	3.700523	-1.442484	0.000000
5.731304	0.308693	2939.002491	605.229808	66229.000553	-1991855.940451	-41.589914	0.006479	1.216755	3.679460	-1.510288	0.000000
5.803197	0.251649	2882.488496	483.900589	64402.160368	-1777034.482928	-40.398693	0.007948	1.216755	3.671019	-1.599011	0.000000
5.895207	0.192858	2946.422449	379.075032	62298.149839	-1588618.626374	-38.802886	0.010370	1.216755	3.680535	-1.714558	0.000000
6.021926	0.129860	3179.555529	275.443855	61037.354701	-1392383.169600	-36.411888	0.015401	1.216755	3.713591	-1.886307	0.000000
6.257753	0.072456	4332.980814	209.428016	59277.051834	-1103653.750896	-31.646292	0.027603	1.216755	3.847985	-2.139698	0.000000
-0.002970	3.369145	102409.483198	230022.111599	6.805347	0.000000	0.000666	0.000594	0.000000	5.221504	-0.472482	0.000000
-0.008905	3.375635	102195.225926	229982.690787	19.572070	0.000000	0.001939	0.000592	0.000000	5.220594	-0.471647	0.000000
-0.014823	3.388263	101780.986972	229907.306574	29.928691	0.000000	0.003047	0.000590	0.000000	5.218829	-0.470025	0.000000
-0.020714	3.406373	101193.681755	229802.369299	36.655175	0.000000	0.003897	0.000587	0.000000	5.216316	-0.467709	0.000000
-0.026569	3.429029	100470.087854	229676.594010	39.036973	0.000000	0.004429	0.000583	0.000000	5.213198	-0.464830	0.000000
-0.032381	3.455078	99653.382282	229540.105374	36.950568	0.000000	0.004614	0.000579	0.000000	5.209653	-0.461542	0.000000
-0.038148	3.483229	98789.158761	229403.404123	30.853423	0.000000	0.004458	0.000574	0.000000	5.205869	-0.458018	0.000000
-0.043867	3.512140	97921.682105	229276.347698	21.693413	0.000000	0.003999	0.000569	0.000000	5.202038	-0.454427	0.000000
-0.049539	3.540518	97090.622957	229167.256398	10.752918	0.000000	0.003301	0.000565	0.000000	5.198336	-0.450932	0.000000
-0.055166	3.567201	96328.627665	229082.239212	-0.542052	0.000000	0.002444	0.000561	0.000000	5.194914	-0.447671	0.000000
-0.060753	3.591241	95659.789288	229024.799373	-10.819756	0.000000	0.001517	0.000557	0.000000	5.191888	-0.444754	0.000000
-0.066304	3.611958	95099.052507	228995.743158	-18.939092	0.000000	0.000604	0.000554	0.000000	5.189335	-0.442256	0.000000
-0.071827	3.628963	94652.441083	228993.377716	-24.122907	0.000000	-0.000222	0.000551	0.000000	5.187291	-0.440216	0.000000
-0.077327	3.642158	94317.972568	229013.951109	-26.032855	0.000000	-0.000903	0.000549	0.000000	5.185754	-0.438640	0.000000
-0.082810	3.651707	94087.074847	229052.262573	-24.779416	0.000000	-0.001404	0.000548	0.000000	5.184690	-0.437503	0.000000
-0.088281	3.657977	93946.319619	229102.356659	-20.869128	0.000000	-0.001711	0.000547	0.000000	5.184040	-0.436759	0.000000
-0.093745	3.661481	93879.281592	229158.212235	-15.099965	0.000000	-0.001831	0.000546	0.000000	5.183730	-0.436343	0.000000
