0.002970	3.369184	102408.152748	230021.778289	6.794718	-1966959.202411	-0.000665	0.000594	1.216755	5.221498	-0.472477	0.000000
0.008905	3.375671	102194.013651	229982.392866	19.541712	-1792263.586162	-0.001938	0.000592	1.216755	5.220589	-0.471642	0.000000
0.014823	3.388293	101779.997222	229907.075008	29.882961	-1463310.147670	-0.003044	0.000590	1.216755	5.218825	-0.470021	0.000000
0.020714	3.406394	101192.993476	229802.226972	36.600580	-1017646.086282	-0.003894	0.000587	1.216755	5.216313	-0.467707	0.000000
0.026568	3.429040	100469.746692	229676.553123	38.981181	-504497.781490	-0.004426	0.000583	1.216755	5.213197	-0.464828	0.000000
0.032381	3.455078	99653.397208	229540.166256	36.901250	21924.830223	-0.004611	0.000579	1.216755	5.209653	-0.461542	0.000000
0.038148	3.483219	98789.503461	229403.555611	30.817111	509459.638585	-0.004455	0.000574	1.216755	5.205871	-0.458019	0.000000
0.043867	3.512122	97922.300446	229276.568972	21.674556	914025.894145	-0.003997	0.000569	1.216755	5.202041	-0.454429	0.000000
0.049538	3.540492	97091.437440	229167.519971	10.753271	1204040.825917	-0.003300	0.000565	1.216755	5.198340	-0.450935	0.000000
0.055166	3.567171	96329.549485	229082.514630	-0.523618	1362779.754032	-0.002444	0.000561	1.216755	5.194918	-0.447674	0.000000
0.060753	3.591210	95660.728614	229025.057090	-10.786994	1388725.766191	-0.001518	0.000557	1.216755	5.191892	-0.444757	0.000000
0.066304	3.611928	95099.927807	228995.958054	-18.897720	1294137.122971	-0.000605	0.000554	1.216755	5.189339	-0.442259	0.000000
0.071827	3.628937	94653.186551	228993.531812	-24.079649	1102255.105897	0.000220	0.000551	1.216755	5.187294	-0.440219	0.000000
0.077327	3.642138	94318.543055	229014.035146	-25.994353	843611.015988	0.000901	0.000549	1.216755	5.185756	-0.438643	0.000000
0.082810	3.651692	94087.448014	229052.276324	-24.751182	551922.144196	0.001402	0.000548	1.216755	5.184692	-0.437505	0.000000
0.088281	3.657970	93946.495355	229102.308014	-20.854722	260044.729112	0.001710	0.000547	1.216755	5.184041	-0.436760	0.000000
0.093746	3.661480	93879.279027	229158.115302	-15.100545	-3574.797452	0.001830	0.000546	1.216755	5.183730	-0.436343	0.000000
0.099206	3.662808	93868.201115	229214.219111	-8.437348	-217577.855028	0.001786	0.000546	1.216755	5.183680	-0.436186	0.000000
0.104667	3.662550	93896.076542	229266.134312	-1.818398	-369235.573146	0.001615	0.000546	1.216755	5.183809	-0.436217	0.000000
0.110129	3.661260	93947.415884	229310.647372	3.933860	-454744.588196	0.001357	0.000546	1.216755	5.184046	-0.436370	0.000000
0.115593	3.659412	94009.311765	229345.906266	8.229472	-478346.619215	0.001054	0.000547	1.216755	5.184332	-0.436590	0.000000
0.121061	3.657383	94071.905935	229371.341116	10.765402	-450515.358085	0.000745	0.000547	1.216755	5.184621	-0.436830	0.000000
0.126531	3.655442	94128.463790	229387.453799	11.528627	-385581.205778	0.000460	0.000547	1.216755	5.184882	-0.437061	0.000000
0.132004	3.653760	94175.124871	229395.526256	10.753408	-299217.757234	0.000220	0.000547	1.216755	5.185097	-0.437261	0.000000
0.137480	3.652419	94210.424837	229397.299629	8.845877	-206184.269224	0.000038	0.000548	1.216755	5.185260	-0.437420	0.000000
0.142957	3.651437	94234.694219	229394.670763	6.293411	-118619.622586	-0.000086	0.000548	1.216755	5.185372	-0.437537	0.000000
0.148436	3.650783	94249.432548	229389.441089	3.576509	-45044.372927	-0.000156	0.000548	1.216755	5.185440	-0.437614	0.000000
0.153915	3.650399	94256.737292	229383.138520	1.097731	9916.831984	-0.000181	0.000548	1.216755	5.185473	-0.437660	0.000000
0.159395	3.650219	94258.840751	229376.918381	-0.863280	45200.276011	-0.000173	0.000548	1.216755	5.185483	-0.437681	0.000000
0.164874	3.650174	94257.780486	229371.537025	-2.165955	62540.688266	-0.000144	0.000548	1.216755	5.185478	-0.437687	0.000000
0.170354	3.650208	94255.204520	229367.383110	-2.799111	65495.165396	-0.000106	0.000548	1.216755	5.185466	-0.437683	0.000000
0.175834	3.650275	94252.294326	229364.547018	-2.852406	58453.246687	-0.000066	0.000548	1.216755	5.185453	-0.437674	0.000000
0.181313	3.650347	94249.777801	229362.908475	-2.477925	45788.012107	-0.000031	0.000548	1.216755	5.185441	-0.437666	0.000000
0.186793	3.650405	94248.000577	229362.225056	-1.850664	31242.560341	-0.000003	0.000548	1.216755	5.185433	-0.437659	0.000000
0.192272	3.650442	94247.025809	229362.208902	-1.135013	17584.366204	0.000016	0.000548	1.216755	5.185428	-0.437655	0.000000
0.197752	3.650459	94246.738198	229362.584298	-0.461545	6507.963144	0.000027	0.000548	1.216755	5.185427	-0.437653	0.000000
0.203231	3.650460	94246.935436	229363.123789	0.084428	-1269.104829	0.000031	0.000548	1.216755	5.185428	-0.437653	0.000000
0.208710	3.650451	94247.397847	229363.664473	0.463572	-5788.924354	0.000032	0.000548	1.216755	5.185430	-0.437654	0.000000
0.214190	3.650437	94247.933551	229364.108645	0.675277	-7586.164709	0.000029	0.000548	1.216755	5.185433	-0.437655	0.000000
0.219669	3.650424	94248.401226	229364.414085	0.745919	-7430.437546	0.000025	0.000548	1.216755	5.185435	-0.437657	0.000000
0.225148	3.650414	94248.715350	229364.579153	0.715990	-6117.741992	0.000022	0.000548	1.216755	5.185436	-0.437658	0.000000
0.230628	3.650410	94248.839864	229364.626978	0.628746	-4329.901975	0.000019	0.000548	1.216755	5.185437	-0.437659	0.000000
0.236107	3.650412	94248.775851	229364.591651	0.521950	-2563.035946	0.000017	0.000548	1.216755	5.185436	-0.437658	0.000000
0.241587	3.650420	94248.547714	229364.507972	0.423255	-1113.607733	0.000016	0.000548	1.216755	5.185435	-0.437657	0.000000
0.247066	3.650432	94248.190846	229364.405151	0.348919	-104.203798	0.000016	0.000548	1.216755	5.185434	-0.437656	0.000000
0.252545	3.650448	94247.742343	229364.304000	0.304993	469.828494	0.000016	0.000548	1.216755	5.185432	-0.437654	0.000000
0.258025	3.650466	94247.235160	229364.216748	0.289954	688.914864	0.000017	0.000548	1.216755	5.185429	-0.437652	0.000000
0.263504	3.650486	94246.695331	229364.148459	0.297779	664.129557	0.000018	0.000548	1.216755	5.185427	-0.437650	0.000000
0.268983	3.650506	94246.141468	229364.099147	0.320741	504.308197	0.000019	0.000548	1.216755	5.185424	-0.437647	0.000000
0.274462	3.650527	94245.585680	229364.065922	0.351484	296.791093	0.000019	0.000548	1.216755	5.185422	-0.437645	0.000000
0.279942	3.650548	94245.035125	229364.044747	0.384256	100.069581	0.000020	0.000548	1.216755	5.185419	-0.437642	0.000000
0.285421	3.650569	94244.493647	229364.031651	0.415349	-55.022572	0.000021	0.000548	1.216755	5.185417	-0.437640	0.000000
0.290900	3.650590	94243.963166	229364.023396	0.442981	-159.273367	0.000021	0.000548	1.216755	5.185414	-0.437637	0.000000
0.296379	3.650610	94243.444674	229364.017704	0.466842	-217.390608	0.000021	0.000548	1.216755	5.185412	-0.437635	0.000000
0.301858	3.650629	94242.938839	229364.013203	0.487537	-240.859600	0.000022	0.000548	1.216755	5.185410	-0.437632	0.000000
0.307337	3.650648	94242.446299	229364.009214	0.506071	-242.557561	0.000022	0.000548	1.216755	5.185407	-0.437630	0.000000
0.312816	3.650667	94241.967745	229364.005513	0.523470	-233.468201	0.000022	0.000548	1.216755	5.185405	-0.437628	0.000000
0.318295	3.650685	94241.503885	229364.002107	0.540565	-221.260212	0.000023	0.000548	1.216755	5.185403	-0.437626	0.000000
0.323774	3.650702	94241.055375	229363.999080	0.557901	-210.210030	0.000023	0.000548	1.216755	5.185401	-0.437624	0.000000
0.329253	3.650719	94240.622756	229363.996506	0.575765	-201.888858	0.000023	0.000548	1.216755	5.185399	-0.437622	0.000000
0.334732	3.650735	94240.206415	229363.994407	0.594267	-196.125140	0.000023	0.000548	1.216755	5.185397	-0.437620	0.000000
0.340211	3.650750	94239.806579	229363.992753	0.613426	-191.910591	0.000024	0.000548	1.216755	5.185395	-0.437618	0.000000
0.345690	3.650765	94239.423325	229363.991484	0.633262	-188.079492	0.000024	0.000548	1.216755	5.185393	-0.437616	0.000000
0.351169	3.650779	94239.056609	229363.990522	0.653857	-183.714261	0.000024	0.000548	1.216755	5.185392	-0.437615	0.000000
0.356648	3.650793	94238.706296	229363.989798	0.675395	-178.311162	0.000024	0.000548	1.216755	5.185390	-0.437613	0.000000
0.362126	3.650806	94238.372178	229363.989259	0.698181	-171.778956	0.000025	0.000548	1.216755	5.185388	-0.437611	0.000000
0.367605	3.650818	94238.053993	229363.988870	0.722624	-164.344736	0.000025	0.000548	1.216755	5.185387	-0.437610	0.000000
0.373084	3.650830	94237.751434	229363.988615	0.749226	-156.425125	0.000025	0.000548	1.216755	5.185386	-0.437609	0.000000
0.378563	3.650841	94237.464147	229363.988485	0.778552	-148.502406	0.000025	0.000548	1.216755	5.185384	-0.437607	0.000000
0.384042	3.650851	94237.191729	229363.988476	0.811200	-141.027332	0.000025	0.000548	1.216755	5.185383	-0.437606	0.000000
0.389520	3.650861	94236.933727	229363.988577	0.847755	-134.349600	0.000026	0.000548	1.216755	5.185382	-0.437605	0.000000
0.394999	3.650871	94236.689635	229363.988766	0.888751	-128.679638	0.000026	0.000548	1.216755	5.185381	-0.437604	0.000000
0.400478	3.650880	94236.458897	229363.989012	0.934637	-124.076659	0.000026	0.000548	1.216755	5.185380	-0.437603	0.000000
0.405956	3.650888	94236.240914	229363.989269	0.985736	-120.454874	0.000026	0.000548	1.216755	5.185379	-0.437602	0.000000
0.411435	3.650896	94236.035053	229363.989479	1.042209	-117.607890	0.000026	0.000548	1.216755	5.185378	-0.437601	0.000000
0.416914	3.650904	94235.840665	229363.989582	1.104047	-115.247372	0.000026	0.000548	1.216755	5.185377	-0.437600	0.000000
0.422392	3.650911	94235.657098	229363.989516	1.171064	-113.044578	0.000026	0.000548	1.216755	5.185376	-0.437599	0.000000
0.427871	3.650918	94235.483715	229363.989225	1.242886	-110.674994	0.000026	0.000548	1.216755	5.185375	-0.437598	0.000000
0.433350	3.650924	94235.319906	229363.988663	1.318987	-107.858426	0.000027	0.000548	1.216755	5.185374	-0.437597	0.000000
0.438828	3.650930	94235.165104	229363.987799	1.398717	-104.386048	0.000027	0.000548	1.216755	5.185374	-0.437597	0.000000
0.444307	3.650936	94235.018786	229363.986615	1.481345	-100.133542	0.000027	0.000548	1.216755	5.185373	-0.437596	0.000000
0.449786	3.650941	94234.880480	229363.985111	1.566111	-95.055895	0.000027	0.000548	1.216755	5.185372	-0.437595	0.000000
0.455264	3.650946	94234.749759	229363.983297	1.652265	-89.168305	0.000027	0.000548	1.216755	5.185372	-0.437595	0.000000
0.460743	3.650951	94234.626237	229363.981192	1.739112	-82.523114	0.000027	0.000548	1.216755	5.185371	-0.437594	0.000000
0.466221	3.650955	94234.509561	229363.978820	1.826058	-75.180981	0.000027	0.000548	1.216755	5.185371	-0.437594	0.000000
0.471700	3.650959	94234.399403	229363.976204	1.912627	-67.184832	0.000027	0.000548	1.216755	5.185370	-0.437593	0.000000
0.477179	3.650963	94234.295449	229363.973367	1.998474	-58.547731	0.000027	0.000548	1.216755	5.185370	-0.437593	0.000000
0.482657	3.650967	94234.197394	229363.970322	2.083392	-49.248408	0.000027	0.000548	1.216755	5.185369	-0.437592	0.000000
0.488136	3.650971	94234.104940	229363.967081	2.167306	-39.237786	0.000027	0.000548	1.216755	5.185369	-0.437592	0.000000
0.493614	3.650974	94234.017789	229363.963646	2.250254	-28.453043	0.000027	0.000548	1.216755	5.185368	-0.437591	0.000000
0.499093	3.650977	94233.935649	229363.960016	2.332366	-16.833527	0.000027	0.000548	1.216755	5.185368	-0.437591	0.000000
0.504571	3.650980	94233.858231	229363.956188	2.413848	-4.334891	0.000027	0.000548	1.216755	5.185368	-0.437591	0.000000
0.510050	3.650983	94233.785251	229363.952156	2.494942	9.059400	0.000027	0.000548	1.216755	5.185367	-0.437590	0.000000
0.515529	3.650985	94233.716437	229363.947912	2.575917	23.333214	0.000027	0.000548	1.216755	5.185367	-0.437590	0.000000
0.521007	3.650988	94233.651527	229363.943453	2.657046	38.442156	0.000027	0.000548	1.216755	5.185367	-0.437590	0.000000
0.526486	3.650990	94233.590274	229363.938774	2.738584	54.318746	0.000027	0.000548	1.216755	5.185366	-0.437590	0.000000
0.531964	3.650992	94233.532445	229363.933874	2.820749	70.879680	0.000027	0.000548	1.216755	5.185366	-0.437589	0.000000
0.537443	3.650994	94233.477822	229363.928751	2.903731	88.036232	0.000027	0.000548	1.216755	5.185366	-0.437589	0.000000
0.542921	3.650996	94233.426201	229363.923406	2.987672	105.702319	0.000027	0.000548	1.216755	5.185366	-0.437589	0.000000
0.548400	3.650998	94233.377395	229363.917840	3.072665	123.798699	0.000027	0.000548	1.216755	5.185365	-0.437589	0.000000
0.553878	3.651000	94233.331229	229363.912053	3.158768	142.257017	0.000027	0.000548	1.216755	5.185365	-0.437588	0.000000
0.559357	3.651001	94233.287539	229363.906048	3.245992	161.021143	0.000026	0.000548	1.216755	5.185365	-0.437588	0.000000
0.564835	3.651003	94233.246175	229363.899826	3.334315	180.043453	0.000026	0.000548	1.216755	5.185365	-0.437588	0.000000
0.570314	3.651004	94233.206996	229363.893388	3.423695	199.285787	0.000026	0.000548	1.216755	5.185365	-0.437588	0.000000
0.575792	3.651006	94233.169874	229363.886735	3.514065	218.717644	0.000026	0.000548	1.216755	5.185364	-0.437588	0.000000
0.581271	3.651007	94233.134685	229363.879868	3.605343	238.312487	0.000025	0.000548	1.216755	5.185364	-0.437588	0.000000
0.586749	3.651008	94233.101318	229363.872788	3.697441	258.047988	0.000025	0.000548	1.216755	5.185364	-0.437587	0.000000
0.592228	3.651009	94233.069667	229363.865495	3.790275	277.904986	0.000025	0.000548	1.216755	5.185364	-0.437587	0.000000
0.597706	3.651010	94233.039634	229363.857992	3.883764	297.867079	0.000024	0.000548	1.216755	5.185364	-0.437587	0.000000
0.603185	3.651011	94233.011129	229363.850277	3.977832	317.921188	0.000024	0.000548	1.216755	5.185364	-0.437587	0.000000
0.608663	3.651012	94232.984065	229363.842353	4.072408	338.055451	0.000024	0.000548	1.216755	5.185364	-0.437587	0.000000
0.614142	3.651013	94232.958364	229363.834220	4.167449	358.261006	0.000023	0.000548	1.216755	5.185364	-0.437587	0.000000
0.619620	3.651014	94232.933949	229363.825878	4.262929	378.535200	0.000023	0.000548	1.216755	5.185363	-0.437587	0.000000
0.625099	3.651015	94232.910752	229363.817328	4.358804	398.874289	0.000022	0.000548	1.216755	5.185363	-0.437587	0.000000
0.630577	3.651015	94232.888707	229363.808571	4.455064	419.274992	0.000022	0.000548	1.216755	5.185363	-0.437587	0.000000
0.636056	3.651016	94232.867752	229363.799607	4.551773	439.746043	0.000021	0.000548	1.216755	5.185363	-0.437586	0.000000
0.641534	3.651017	94232.847829	229363.790435	4.648886	460.290267	0.000021	0.000548	1.216755	5.185363	-0.437586	0.000000
0.647013	3.651017	94232.828883	229363.781057	4.746348	480.893882	0.000020	0.000548	1.216755	5.185363	-0.437586	0.000000
0.652491	3.651018	94232.810862	229363.771471	4.844467	501.579085	0.000020	0.000548	1.216755	5.185363	-0.437586	0.000000
0.657970	3.651018	94232.793718	229363.761677	4.943070	522.352273	0.000019	0.000548	1.216755	5.185363	-0.437586	0.000000
0.663448	3.651019	94232.777403	229363.751674	5.041814	543.152034	0.000019	0.000548	1.216755	5.185363	-0.437586	0.000000
0.668927	3.651019	94232.761876	229363.741459	5.141961	564.092451	0.000018	0.000548	1.216755	5.185363	-0.437586	0.000000
0.674405	3.651020	94232.747095	229363.731028	5.242688	585.251202	0.000017	0.000548	1.216755	5.185363	-0.437586	0.000000
0.679884	3.651020	94232.733023	229363.720383	5.342148	606.395311	0.000017	0.000548	1.216755	5.185362	-0.437586	0.000000
0.685362	3.651020	94232.719629	229363.709520	5.445997	628.067384	0.000016	0.000548	1.216755	5.185362	-0.437586	0.000000
0.690841	3.651021	94232.706884	229363.698436	5.550558	650.582363	0.000015	0.000548	1.216755	5.185362	-0.437586	0.000000
0.696319	3.651021	94232.694767	229363.687157	5.646372	672.535583	0.000015	0.000548	1.216755	5.185362	-0.437586	0.000000
0.701798	3.651021	94232.683261	229363.675689	5.759349	695.815790	0.000014	0.000548	1.216755	5.185362	-0.437586	0.000000
0.707276	3.651021	94232.672337	229363.664021	5.874137	721.334977	0.000013	0.000548	1.216755	5.185362	-0.437586	0.000000
0.712755	3.651022	94232.661964	229363.652262	5.943692	741.683206	0.000012	0.000548	1.216755	5.185362	-0.437586	0.000000
0.718233	3.651022	94232.652100	229363.640387	6.087430	764.804218	0.000011	0.000548	1.216755	5.185362	-0.437586	0.000000
0.723712	3.651022	94232.642622	229363.628242	6.243706	796.311451	0.000010	0.000548	1.216755	5.185362	-0.437586	0.000000
0.729190	3.651022	94232.633423	229363.616182	6.181070	802.803209	0.000010	0.000548	1.216755	5.185362	-0.437586	0.000000
0.734669	3.651022	94232.624396	229363.603988	6.449184	821.579733	0.000009	0.000548	1.216755	5.185362	-0.437586	0.000000
0.740147	3.651022	94232.615201	229363.590789	6.807534	886.124917	0.000008	0.000548	1.216755	5.185362	-0.437586	0.000000
0.745626	3.651023	94232.605722	229363.578203	6.122988	841.729043	0.000007	0.000548	1.216755	5.185362	-0.437586	0.000000
0.751104	3.651023	94232.596090	229363.565460	6.918576	852.023355	0.000006	0.000548	1.216755	5.185362	-0.437586	0.000000
0.756583	3.651023	94232.585493	229363.548567	8.294540	1091.682133	0.000004	0.000548	1.216755	5.185362	-0.437586	0.000000
0.762061	3.651023	94232.574174	229363.535216	4.732983	832.420801	0.000003	0.000548	1.216755	5.185362	-0.437586	0.000000
0.767540	3.651023	94232.563610	229363.522767	7.787529	781.924566	0.000003	0.000548	1.216755	5.185362	-0.437586	0.000000
0.773018	3.651023	94232.550646	229363.491924	14.311124	1846.039494	-0.000000	0.000548	1.216755	5.185362	-0.437586	0.000000
0.778497	3.651024	94232.536412	229363.477422	-2.435017	625.961919	-0.000002	0.000548	1.216755	5.185362	-0.437586	0.000000
0.783975	3.651024	94232.528012	229363.469386	10.323993	184.168192	0.000002	0.000548	1.216755	5.185362	-0.437586	0.000000
0.789454	3.651023	94232.510607	229363.373006	42.854278	5184.729239	-0.000010	0.000548	1.216755	5.185361	-0.437586	0.000000
0.794932	3.651023	94232.487463	229363.343022	-33.826419	-174.765185	-0.000014	0.000548	1.216755	5.185361	-0.437586	0.000000
0.800411	3.651023	94232.492128	229363.343513	20.756792	-2743.315900	0.000004	0.000548	1.216755	5.185361	-0.437586	0.000000
0.805889	3.651019	94232.455832	229362.909300	184.506140	21226.123153	-0.000048	0.000548	1.216755	5.185361	-0.437586	0.000000
0.811368	3.651017	94232.386163	229362.722985	-162.006948	-1517.842340	-0.000073	0.000548	1.216755	5.185361	-0.437586	0.000000
0.816846	3.651015	94232.442965	229362.656667	74.410232	-14970.845762	0.000011	0.000548	1.216755	5.185361	-0.437587	0.000000
0.822325	3.650988	94232.309598	229360.423445	900.650582	100776.887723	-0.000236	0.000548	1.216755	5.185360	-0.437590	0.000000
0.827803	3.650973	94231.985727	229358.985815	-644.965686	7404.516342	-0.000401	0.000548	1.216755	5.185359	-0.437592	0.000000
0.833282	3.650954	94232.228186	229357.873744	396.441391	-58660.183388	-0.000054	0.000548	1.216755	5.185360	-0.437595	0.000000
0.838760	3.650803	94231.576934	229345.793549	4577.344391	504206.856578	-0.001282	0.000548	1.216755	5.185356	-0.437614	0.000000
0.844239	3.650685	94229.851827	229335.293403	-2199.593462	139882.283726	-0.002345	0.000548	1.216755	5.185349	-0.437626	0.000000
0.849718	3.650521	94230.603053	229324.402607	2515.800643	-163222.327651	-0.001074	0.000548	1.216755	5.185353	-0.437651	0.000000
0.855198	3.649676	94227.072604	229256.967463	23784.060861	2600104.536337	-0.007362	0.000548	1.216755	5.185332	-0.437758	0.000000
0.860679	3.648823	94217.497361	229184.113856	-5179.210609	1309920.850761	-0.014079	0.000548	1.216755	5.185290	-0.437854	0.000000
0.866161	3.647584	94218.338226	229095.562919	17007.578146	47591.619522	-0.010494	0.000548	1.216755	5.185296	-0.438028	0.000000
0.871646	3.642732	94198.112386	228709.733016	126137.521486	13831422.835861	-0.043683	0.000549	1.216755	5.185181	-0.438645	0.000000
0.877143	3.636897	94143.337298	228220.833441	7630.091376	10380091.992966	-0.085779	0.000550	1.216755	5.184934	-0.439327	0.000000
0.882645	3.628182	94128.983267	227570.476501	115524.480617	6050266.828866	-0.084459	0.000551	1.216755	5.184875	-0.440507	0.000000
0.888163	3.600231	94006.117049	225342.968209	684698.422851	77729003.305073	-0.264095	0.000556	1.216755	5.184195	-0.444100	0.000000
0.893755	3.562489	93669.246964	222179.170484	245290.873284	84029479.045928	-0.530435	0.000561	1.216755	5.182626	-0.448671	0.000000
0.899391	3.509312	93442.699375	218006.521814	700583.811052	82681909.146436	-0.616527	0.000570	1.216755	5.181576	-0.455855	0.000000
0.905130	3.365691	92572.126224	206188.589994	3775498.673453	516791544.756354	-1.568599	0.000594	1.216755	5.176820	-0.475304	0.000000
0.911283	3.172336	90005.918962	188825.081807	2530896.525655	813760988.203578	-3.310472	0.000630	1.216755	5.164102	-0.500791	0.000000
0.917779	3.004949	87290.850927	173099.126593	1163062.632815	815065727.852647	-3.793721	0.000666	1.216755	5.150756	-0.525209	0.000000
0.924554	2.628317	81853.402768	138734.276668	16131835.518541	2988929220.460318	-6.768473	0.000761	1.216755	5.118802	-0.589366	0.000000
0.933258	1.979966	63569.919450	77993.770198	36766573.532994	7601064457.721468	-18.961878	0.001010	1.216755	4.996489	-0.717178	0.000000
0.946243	1.421520	34618.994661	29654.454379	30582069.346007	7291237754.256863	-35.468343	0.001407	1.216755	4.718391	-0.859049	0.000000
0.963236	1.137354	14800.651367	10227.270363	14352099.092373	3338442866.218536	-46.028694	0.001758	1.216755	4.346988	-0.949976	0.000000
0.982323	1.035838	7674.921415	5095.044641	4307837.897233	781196404.308234	-50.201921	0.001931	1.216755	4.081025	-0.986625	0.000000
1.002120	1.007828	6313.578047	4213.687506	905636.636728	104416378.114897	-51.298366	0.001984	1.216755	4.009001	-0.997087	0.000000
1.022084	1.001517	6142.454403	4097.423703	156267.665188	12688754.240901	-51.512457	0.001997	1.216755	3.999199	-0.999437	0.000000
1.042078	1.000327	6120.956939	4081.432029	22851.799283	1730782.337696	-51.547631	0.001999	1.216755	3.997938	-0.999874	0.000000
1.062078	1.000135	6117.948526	4079.102837	2841.607034	251564.820466	-51.552521	0.002000	1.216755	3.997760	-0.999944	0.000000
1.082077	1.000108	6117.512104	4078.769960	306.278771	35795.458018	-51.553104	0.002000	1.216755	3.997735	-0.999954	0.000000
1.102077	1.000104	6117.451066	4078.725418	28.419828	4778.635927	-51.553164	0.002000	1.216755	3.997731	-0.999955	0.000000
1.122077	1.000104	6117.443100	4078.719919	2.240573	589.888033	-51.553170	0.002000	1.216755	3.997731	-0.999955	0.000000
1.142077	1.000104	6117.442139	4078.719293	0.155628	67.242427	-51.553170	0.002000	1.216755	3.997731	-0.999955	0.000000
1.162077	1.000104	6117.442032	4078.719227	0.012652	7.133578	-51.553170	0.002000	1.216755	3.997731	-0.999955	0.000000
1.182077	1.000104	6117.442021	4078.719220	0.001911	0.720604	-51.553170	0.002000	1.216755	3.997731	-0.999955	0.000000
1.202077	1.000104	6117.442019	4078.719220	0.000392	0.072801	-51.553170	0.002000	1.216755	3.997731	-0.999955	0.000000
1.222077	1.000104	6117.442019	4078.719220	0.000074	0.007930	-51.553170	0.002000	1.216755	3.997731	-0.999955	0.000000
1.242077	1.000104	6117.442019	4078.719220	0.000012	0.000984	-51.553170	0.002000	1.216755	3.997731	-0.999955	0.000000
1.262077	1.000104	6117.442019	4078.719219	0.000002	0.000136	-51.553170	0.002000	1.216755	3.997731	-0.999955	0.000000
1.282077	1.000104	6117.442019	4078.719219	0.000000	0.000018	-51.553170	0.002000	1.216755	3.997731	-0.999955	0.000000
1.302077	1.000104	6117.442019	4078.719219	0.000000	0.000002	-51.553170	0.002000	1.216755	3.997731	-0.999955	0.000000
1.322077	1.000104	6117.442019	4078.719219	0.000000	0.000001	-51.553170	0.002000	1.216755	3.997731	-0.999955	0.000000
1.342077	1.000104	6117.442019	4078.719219	-0.000000	0.000001	-51.553170	0.002000	1.216755	3.997731	-0.999955	0.000000
1.362077	1.000104	6117.442019	4078.719219	-0.000000	-0.000001	-51.553170	0.002000	1.216755	3.997731	-0.999955	0.000000
1.382077	1.000104	6117.442019	4078.719219	0.000000	-0.000001	-51.553170	0.002000	1.216755	3.997731	-0.999955	0.000000
1.402077	1.000104	6117.442019	4078.719219	0.000000	0.000000	-51.553170	0.002000	1.216755	3.997731	-0.999955	0.000000
1.422077	1.000104	6117.442019	4078.719219	-0.000000	0.000000	-51.553170	0.002000	1.216755	3.997731	-0.999955	0.000000
1.442077	1.000104	6117.442019	4078.719219	0.000000	-0.000000	-51.553170	0.002000	1.216755	3.997731	-0.999955	0.000000
1.462077	1.000104	6117.442019	4078.719219	-0.000000	0.000001	-51.553170	0.002000	1.216755	3.997731	-0.999955	0.000000
1.482077	1.000104	6117.442019	4078.719219	-0.000000	-0.000001	-51.553170	0.002000	1.216755	3.997731	-0.999955	0.000000
1.502077	1.000104	6117.442019	4078.719219	0.000000	-0.000001	-51.553170	0.002000	1.216755	3.997731	-0.999955	0.000000
1.522077	1.000104	6117.442019	4078.719219	0.000000	-0.000001	-51.553170	0.002000	1.216755	3.997731	-0.999955	0.000000
1.542077	1.000104	6117.442019	4078.719219	0.000000	0.000001	-51.553170	0.002000	1.216755	3.997731	-0.999955	0.000000
1.562077	1.000104	6117.442019	4078.719219	-0.000000	0.000001	-51.553170	0.002000	1.216755	3.997731	-0.999955	0.000000
1.582077	1.000104	6117.442019	4078.719219	-0.000000	0.000000	-51.553170	0.002000	1.216755	3.997731	-0.999955	0.000000
1.602077	1.000104	6117.442019	4078.719219	-0.000000	-0.000000	-51.553170	0.002000	1.216755	3.997731	-0.999955	0.000000
1.622077	1.000104	6117.442019	4078.719219	0.000000	-0.000001	-51.553170	0.002000	1.216755	3.997731	-0.999955	0.000000
1.642077	1.000104	6117.442019	4078.719219	0.000000	0.000001	-51.553170	0.002000	1.216755	3.997731	-0.999955	0.000000
1.662077	1.000104	6117.442019	4078.719219	-0.000000	-0.000000	-51.553170	0.002000	1.216755	3.997731	-0.999955	0.000000
1.682077	1.000104	6117.442019	4078.719219	-0.000000	-0.000001	-51.553170	0.002000	1.216755	3.997731	-0.999955	0.000000
1.702077	1.000104	6117.442019	4078.719219	0.000000	-0.000001	-51.553170	0.002000	1.216755	3.997731	-0.999955	0.000000
1.722077	1.000104	6117.442019	4078.719219	0.000000	0.000000	-51.553170	0.002000	1.216755	3.997731	-0.999955	0.000000
1.742077	1.000104	6117.442019	4078.719219	0.000000	0.000001	-51.553170	0.002000	1.216755	3.997731	-0.999955	0.000000
1.762077	1.000104	6117.442019	4078.719219	-0.000000	0.000001	-51.553170	0.002000	1.216755	3.997731	-0.999955	0.000000
1.782077	1.000104	6117.442019	4078.719219	-0.000000	0.000000	-51.553170	0.002000	1.216755	3.997731	-0.999955	0.000000
1.802077	1.000104	6117.442019	4078.719219	-0.000000	-0.000000	-51.553170	0.002000	1.216755	3.997731	-0.999955	0.000000
1.822077	1.000104	6117.442019	4078.719219	-0.000000	0.000000	-51.553170	0.002000	1.216755	3.997731	-0.999955	0.000000
1.842077	1.000104	6117.442019	4078.719219	0.000000	-0.000001	-51.553170	0.002000	1.216755	3.997731	-0.999955	0.000000
1.862077	1.000104	6117.442019	4078.719219	0.000000	0.000000	-51.553170	0.002000	1.216755	3.997731	-0.999955	0.000000
1.882077	1.000104	6117.442019	4078.719219	-0.000000	0.000001	-51.553170	0.002000	1.216755	3.997731	-0.999955	0.000000
1.902077	1.000104	6117.442019	4078.719219	-0.000000	-0.000000	-51.553170	0.002000	1.216755	3.997731	-0.999955	0.000000
1.922077	1.000104	6117.442019	4078.719219	-0.000000	0.000000	-51.553170	0.002000	1.216755	3.997731	-0.999955	0.000000
1.942077	1.000104	6117.442019	4078.719219	-0.000000	-0.000001	-51.553170	0.002000	1.216755	3.997731	-0.999955	0.000000
1.962077	1.000104	6117.442019	4078.719219	0.000000	-0.000001	-51.553170	0.002000	1.216755	3.997731	-0.999955	0.000000
1.982077	1.000104	6117.442019	4078.719219	0.000000	-0.000000	-51.553170	0.002000	1.216755	3.997731	-0.999955	0.000000
2.002077	1.000104	6117.442019	4078.719219	0.000000	0.000001	-51.553170	0.002000	1.216755	3.997731	-0.999955	0.000000
2.022077	1.000104	6117.442019	4078.719219	0.000000	-0.000001	-51.553170	0.002000	1.216755	3.997731	-0.999955	0.000000
2.042077	1.000104	6117.442019	4078.719219	0.000000	0.000001	-51.553170	0.002000	1.216755	3.997731	-0.999955	0.000000
2.062077	1.000104	6117.442019	4078.719219	-0.000000	0.000000	-51.553170	0.002000	1.216755	3.997731	-0.999955	0.000000
2.082077	1.000104	6117.442019	4078.719219	0.000000	-0.000001	-51.553170	0.002000	1.216755	3.997731	-0.999955	0.000000
2.102077	1.000104	6117.442019	4078.719219	0.000000	0.000000	-51.553170	0.002000	1.216755	3.997731	-0.999955	0.000000
2.122077	1.000104	6117.442019	4078.719219	0.000000	0.000000	-51.553170	0.002000	1.216755	3.997731	-0.999955	0.000000
2.142077	1.000104	6117.442019	4078.719219	-0.000000	0.000001	-51.553170	0.002000	1.216755	3.997731	-0.999955	0.000000
2.162077	1.000104	6117.442019	4078.719219	-0.000000	0.000001	-51.553170	0.002000	1.216755	3.997731	-0.999955	0.000000
2.182077	1.000104	6117.442019	4078.719219	-0.000000	-0.000001	-51.553170	0.002000	1.216755	3.997731	-0.999955	0.000000
2.202077	1.000104	6117.442019	4078.719219	0.000000	-0.000001	-51.553170	0.002000	1.216755	3.997731	-0.999955	0.000000
2.222077	1.000104	6117.442019	4078.719219	0.000000	-0.000001	-51.553170	0.002000	1.216755	3.997731	-0.999955	0.000000
2.242077	1.000104	6117.442019	4078.719219	0.000000	-0.000000	-51.553170	0.002000	1.216755	3.997731	-0.999955	0.000000
2.262077	1.000104	6117.442019	4078.719219	0.000000	-0.000000	-51.553170	0.002000	1.216755	3.997731	-0.999955	0.000000
2.282077	1.000104	6117.442019	4078.719219	-0.000000	0.000001	-51.553170	0.002000	1.216755	3.997731	-0.999955	0.000000
2.302077	1.000104	6117.442019	4078.719219	-0.000000	0.000003	-51.553170	0.002000	1.216755	3.997731	-0.999955	0.000000
2.322077	1.000104	6117.442019	4078.719219	-0.000000	0.000003	-51.553170	0.002000	1.216755	3.997731	-0.999955	0.000000
2.342077	1.000104	6117.442019	4078.719219	-0.000000	-0.000002	-51.553170	0.002000	1.216755	3.997731	-0.999955	0.000000
2.362077	1.000104	6117.442019	4078.719219	0.000000	-0.000005	-51.553170	0.002000	1.216755	3.997731	-0.999955	0.000000
2.382077	1.000104	6117.442019	4078.719219	0.000000	-0.000001	-51.553170	0.002000	1.216755	3.997731	-0.999955	0.000000
2.402077	1.000104	6117.442019	4078.719219	0.000000	0.000001	-51.553170	0.002000	1.216755	3.997731	-0.999955	0.000000
2.422077	1.000104	6117.442019	4078.719219	0.000000	0.000000	-51.553170	0.002000	1.216755	3.997731	-0.999955	0.000000
2.442077	1.000104	6117.442019	4078.719219	0.000000	0.000001	-51.553170	0.002000	1.216755	3.997731	-0.999955	0.000000
2.462077	1.000104	6117.442019	4078.719219	-0.000000	0.000001	-51.553170	0.002000	1.216755	3.997731	-0.999955	0.000000
2.482077	1.000104	6117.442019	4078.719219	-0.000000	-0.000001	-51.553170	0.002000	1.216755	3.997731	-0.999955	0.000000
2.502077	1.000104	6117.442019	4078.719219	0.000000	-0.000001	-51.553170	0.002000	1.216755	3.997731	-0.999955	0.000000
2.522077	1.000104	6117.442019	4078.719219	0.000000	-0.000000	-51.553170	0.002000	1.216755	3.997731	-0.999955	0.000000
2.542077	1.000104	6117.442019	4078.719219	0.000000	-0.000001	-51.553170	0.002000	1.216755	3.997731	-0.999955	0.000000
2.562077	1.000104	6117.442019	4078.719219	0.000000	0.000001	-51.553170	0.002000	1.216755	3.997731	-0.999955	0.000000
2.582077	1.000104	6117.442019	4078.719219	-0.000000	0.000001	-51.553170	0.002000	1.216755	3.997731	-0.999955	0.000000
2.602077	1.000104	6117.442019	4078.719219	-0.000000	0.000000	-51.553170	0.002000	1.216755	3.997731	-0.999955	0.000000
2.622077	1.000104	6117.442019	4078.719219	-0.000000	-0.000001	-51.553170	0.002000	1.216755	3.997731	-0.999955	0.000000
2.642077	1.000104	6117.442019	4078.719219	0.000000	-0.000001	-51.553170	0.002000	1.216755	3.997731	-0.999955	0.000000
2.662077	1.000104	6117.442019	4078.719219	0.000000	0.000001	-51.553170	0.002000	1.216755	3.997731	-0.999955	0.000000
2.682077	1.000104	6117.442019	4078.719219	0.000000	0.000001	-51.553170	0.002000	1.216755	3.997731	-0.999955	0.000000
2.702077	1.000104	6117.442019	4078.719219	-0.000000	0.000000	-51.553170	0.002000	1.216755	3.997731	-0.999955	0.000000
2.722077	1.000104	6117.442019	4078.719219	-0.000000	0.000000	-51.553170	0.002000	1.216755	3.997731	-0.999955	0.000000
2.742077	1.000104	6117.442019	4078.719219	-0.000000	-0.000001	-51.553170	0.002000	1.216755	3.997731	-0.999955	0.000000
2.762077	1.000104	6117.442019	4078.719219	0.000000	-0.000001	-51.553170	0.002000	1.216755	3.997731	-0.999955	0.000000
2.782077	1.000104	6117.442019	4078.719219	0.000000	0.000001	-51.553170	0.002000	1.216755	3.997731	-0.999955	0.000000
2.802077	1.000104	6117.442019	4078.719219	0.000000	0.000001	-51.553170	0.002000	1.216755	3.997731	-0.999955	0.000000
2.822077	1.000104	6117.442019	4078.719219	-0.000000	0.000001	-51.553170	0.002000	1.216755	3.997731	-0.999955	0.000000
2.842077	1.000104	6117.442019	4078.719219	-0.000000	-0.000001	-51.553170	0.002000	1.216755	3.997731	-0.999955	0.000000
2.862077	1.000104	6117.442019	4078.719219	0.000000	-0.000001	-51.553170	0.002000	1.216755	3.997731	-0.999955	0.000000
2.882077	1.000104	6117.442019	4078.719219	0.000000	0.000000	-51.553170	0.002000	1.216755	3.997731	-0.999955	0.000000
2.902077	1.000104	6117.442019	4078.719219	0.000000	0.000001	-51.553170	0.002000	1.216755	3.997731	-0.999955	0.000000
2.922077	1.000104	6117.442019	4078.719219	-0.000000	0.000001	-51.553170	0.002000	1.216755	3.997731	-0.999955	0.000000
2.942077	1.000104	6117.442019	4078.719219	-0.000000	-0.000001	-51.553170	0.002000	1.216755	3.997731	-0.999955	0.000000
2.962077	1.000104	6117.442019	4078.719219	0.000000	-0.000001	-51.553170	0.002000	1.216755	3.997731	-0.999955	0.000000
2.982077	1.000104	6117.442019	4078.719219	0.000000	0.000001	-51.553170	0.002000	1.216755	3.997731	-0.999955	0.000000
3.002077	1.000104	6117.442019	4078.719219	-0.000000	0.000000	-51.553170	0.002000	1.216755	3.997731	-0.999955	0.000000
3.022077	1.000104	6117.442019	4078.719219	0.000000	-0.000001	-51.553170	0.002000	1.216755	3.997731	-0.999955	0.000000
3.042077	1.000104	6117.442019	4078.719219	0.000000	0.000001	-51.553170	0.002000	1.216755	3.997731	-0.999955	0.000000
3.062077	1.000104	6117.442019	4078.719219	-0.000000	0.000001	-51.553170	0.002000	1.216755	3.997731	-0.999955	0.000000
3.082077	1.000104	6117.442019	4078.719219	0.000000	-0.000001	-51.553170	0.002000	1.216755	3.997731	-0.999955	0.000000
3.102077	1.000104	6117.442019	4078.719219	0.000000	0.000001	-51.553170	0.002000	1.216755	3.997731	-0.999955	0.000000
3.122077	1.000104	6117.442019	4078.719219	-0.000000	0.000001	-51.553170	0.002000	1.216755	3.997731	-0.999955	0.000000
3.142077	1.000104	6117.442019	4078.719219	-0.000000	-0.000001	-51.553170	0.002000	1.216755	3.997731	-0.999955	0.000000
3.162077	1.000104	6117.442019	4078.719219	0.000000	-0.000001	-51.553170	0.002000	1.216755	3.997731	-0.999955	0.000000
3.182077	1.000104	6117.442019	4078.719219	0.000000	0.000001	-51.553170	0.002000	1.216755	3.997731	-0.999955	0.000000
3.202077	1.000104	6117.442019	4078.719219	-0.000000	0.000001	-51.553170	0.002000	1.216755	3.997731	-0.999955	0.000000
3.222077	1.000104	6117.442019	4078.719219	-0.000000	0.000000	-51.553170	0.002000	1.216755	3.997731	-0.999955	0.000000
3.242077	1.000104	6117.442019	4078.719219	-0.000000	0.000000	-51.553170	0.002000	1.216755	3.997731	-0.999955	0.000000
3.262077	1.000104	6117.442019	4078.719219	-0.000000	-0.000000	-51.553170	0.002000	1.216755	3.997731	-0.999955	0.000000
3.282077	1.000104	6117.442019	4078.719219	-0.000000	-0.000000	-51.553170	0.002000	1.216755	3.997731	-0.999955	0.000000
3.302077	1.000104	6117.442019	4078.719219	-0.000000	-0.000001	-51.553170	0.002000	1.216755	3.997731	-0.999955	0.000000
3.322077	1.000104	6117.442019	4078.719219	0.000000	0.000000	-51.553170	0.002000	1.216755	3.997731	-0.999955	0.000000
3.342077	1.000104	6117.442019	4078.719219	0.000000	0.000000	-51.553170	0.002000	1.216755	3.997731	-0.999955	0.000000
3.362077	1.000104	6117.442019	4078.719219	0.000000	0.000001	-51.553170	0.002000	1.216755	3.997731	-0.999955	0.000000
3.382077	1.000104	6117.442019	4078.719219	-0.000000	0.000001	-51.553170	0.002000	1.216755	3.997731	-0.999955	0.000000
3.402077	1.000104	6117.442019	4078.719219	-0.000000	-0.000001	-51.553170	0.002000	1.216755	3.997731	-0.999955	0.000000
3.422077	1.000104	6117.442019	4078.719219	0.000000	-0.000001	-51.553170	0.002000	1.216755	3.997731	-0.999955	0.000000
3.442077	1.000104	6117.442019	4078.719219	0.000000	-0.000001	-51.553170	0.002000	1.216755	3.997731	-0.999955	0.000000
3.462077	1.000104	6117.442019	4078.719219	0.000000	-0.000001	-51.553170	0.002000	1.216755	3.997731	-0.999955	0.000000
3.482077	1.000104	6117.442019	4078.719219	0.000000	0.000001	-51.553170	0.002000	1.216755	3.997731	-0.999955	0.000000
3.502077	1.000104	6117.442019	4078.719219	0.000000	0.000001	-51.553170	0.002000	1.216755	3.997731	-0.999955	0.000000
3.522077	1.000104	6117.442019	4078.719219	0.000000	0.000001	-51.553170	0.002000	1.216755	3.997731	-0.999955	0.000000
3.542077	1.000104	6117.442019	4078.719219	-0.000000	0.000001	-51.553170	0.002000	1.216755	3.997731	-0.999955	0.000000
3.562077	1.000104	6117.442019	4078.719219	0.000000	-0.000001	-51.553170	0.002000	1.216755	3.997731	-0.999955	0.000000
3.582077	1.000104	6117.442019	4078.719219	-0.000000	0.000000	-51.553170	0.002000	1.216755	3.997731	-0.999955	0.000000
3.602077	1.000104	6117.442019	4078.719219	-0.000000	-0.000001	-51.553170	0.002000	1.216755	3.997731	-0.999955	0.000000
3.622077	1.000104	6117.442019	4078.719219	-0.000000	0.000001	-51.553170	0.002000	1.216755	3.997731	-0.999955	0.000000
3.642077	1.000104	6117.442019	4078.719219	-0.000000	-0.000002	-51.553170	0.002000	1.216755	3.997731	-0.999955	0.000000
3.662077	1.000104	6117.442019	4078.719219	0.000000	-0.000001	-51.553170	0.002000	1.216755	3.997731	-0.999955	0.000000
3.682077	1.000104	6117.442019	4078.719219	-0.000000	0.000002	-51.553170	0.002000	1.216755	3.997731	-0.999955	0.000000
3.702077	1.000104	6117.442019	4078.719219	-0.000000	-0.000000	-51.553170	0.002000	1.216755	3.997731	-0.999955	0.000000
3.722077	1.000104	6117.442019	4078.719219	0.000000	-0.000000	-51.553170	0.002000	1.216755	3.997731	-0.999955	0.000000
3.742077	1.000104	6117.442019	4078.719219	-0.000000	0.000001	-51.553170	0.002000	1.216755	3.997731	-0.999955	0.000000
3.762077	1.000104	6117.442019	4078.719219	-0.000000	-0.000000	-51.553170	0.002000	1.216755	3.997731	-0.999955	0.000000
3.782077	1.000104	6117.442019	4078.719219	-0.000000	-0.000001	-51.553170	0.002000	1.216755	3.997731	-0.999955	0.000000
3.802077	1.000104	6117.442019	4078.719219	0.000000	-0.000001	-51.553170	0.002000	1.216755	3.997731	-0.999955	0.000000
3.822077	1.000104	6117.442019	4078.719219	0.000000	0.000002	-51.553170	0.002000	1.216755	3.997731	-0.999955	0.000000
3.842077	1.000104	6117.442019	4078.719219	0.000000	0.000001	-51.553170	0.002000	1.216755	3.997731	-0.999955	0.000000
3.862077	1.000104	6117.442019	4078.719219	-0.000000	0.000000	-51.553170	0.002000	1.216755	3.997731	-0.999955	0.000000
3.882077	1.000104	6117.442019	4078.719219	-0.000000	0.000001	-51.553170	0.002000	1.216755	3.997731	-0.999955	0.000000
3.902077	1.000104	6117.442019	4078.719219	-0.000000	0.000001	-51.553170	0.002000	1.216755	3.997731	-0.999955	0.000000
3.922077	1.000104	6117.442019	4078.719219	-0.000000	-0.000002	-51.553170	0.002000	1.216755	3.997731	-0.999955	0.000000
3.942077	1.000104	6117.442019	4078.719219	0.000000	-0.000001	-51.553170	0.002000	1.216755	3.997731	-0.999955	0.000000
3.962077	1.000104	6117.442019	4078.719219	-0.000000	0.000001	-51.553170	0.002000	1.216755	3.997731	-0.999955	0.000000
3.982077	1.000104	6117.442019	4078.719219	0.000000	-0.000002	-51.553170	0.002000	1.216755	3.997731	-0.999955	0.000000
4.002077	1.000104	6117.442019	4078.719219	0.000000	0.000001	-51.553170	0.002000	1.216755	3.997731	-0.999955	0.000000
4.022077	1.000104	6117.442019	4078.719219	-0.000000	0.000002	-51.553170	0.002000	1.216755	3.997731	-0.999955	0.000000
4.042077	1.000104	6117.442019	4078.719219	-0.000000	-0.000001	-51.553170	0.002000	1.216755	3.997731	-0.999955	0.000000
4.062077	1.000104	6117.442019	4078.719219	0.000000	-0.000001	-51.553170	0.002000	1.216755	3.997731	-0.999955	0.000000
4.082077	1.000104	6117.442019	4078.719219	0.000000	0.000001	-51.553170	0.002000	1.216755	3.997731	-0.999955	0.000000
4.102077	1.000104	6117.442019	4078.719219	-0.000000	0.000000	-51.553170	0.002000	1.216755	3.997731	-0.999955	0.000000
4.122077	1.000104	6117.442019	4078.719219	-0.000000	-0.000004	-51.553170	0.002000	1.216755	3.997731	-0.999955	0.000000
4.142077	1.000104	6117.442019	4078.719219	0.000000	-0.000009	-51.553170	0.002000	1.216755	3.997731	-0.999955	0.000000
4.162077	1.000104	6117.442019	4078.719219	0.000000	-0.000019	-51.553170	0.002000	1.216755	3.997731	-0.999955	0.000000
4.182077	1.000104	6117.442019	4078.719219	0.000001	-0.000052	-51.553170	0.002000	1.216755	3.997731	-0.999955	0.000000
4.202077	1.000104	6117.442019	4078.719219	0.000002	-0.000152	-51.553170	0.002000	1.216755	3.997731	-0.999955	0.000000
4.222077	1.000104	6117.442019	4078.719219	0.000005	-0.000415	-51.553170	0.002000	1.216755	3.997731	-0.999955	0.000000
4.242077	1.000104	6117.442019	4078.719219	0.000015	-0.001097	-51.553170	0.002000	1.216755	3.997731	-0.999955	0.000000
4.262077	1.000104	6117.442019	4078.719219	0.000039	-0.002846	-51.553170	0.002000	1.216755	3.997731	-0.999955	0.000000
4.282077	1.000104	6117.442019	4078.719219	0.000099	-0.007194	-51.553170	0.002000	1.216755	3.997731	-0.999955	0.000000
4.302077	1.000104	6117.442019	4078.719219	0.000249	-0.017775	-51.553170	0.002000	1.216755	3.997731	-0.999955	0.000000
4.322077	1.000104	6117.442019	4078.719219	0.000610	-0.043064	-51.553170	0.002000	1.216755	3.997731	-0.999955	0.000000
4.342077	1.000104	6117.442018	4078.719218	0.001466	-0.102367	-51.553170	0.002000	1.216755	3.997731	-0.999955	0.000000
4.362077	1.000104	6117.442015	4078.719215	0.003458	-0.238841	-51.553170	0.002000	1.216755	3.997731	-0.999955	0.000000
4.382077	1.000104	6117.442009	4078.719208	0.008007	-0.547113	-51.553170	0.002000	1.216755	3.997731	-0.999955	0.000000
4.402077	1.000104	6117.441996	4078.719193	0.018200	-1.230594	-51.553170	0.002000	1.216755	3.997731	-0.999955	0.000000
4.422077	1.000104	6117.441967	4078.719158	0.040620	-2.718148	-51.553170	0.002000	1.216755	3.997731	-0.999955	0.000000
4.442077	1.000104	6117.441902	4078.719079	0.089014	-5.895959	-51.553170	0.002000	1.216755	3.997731	-0.999955	0.000000
4.462077	1.000104	6117.441761	4078.718909	0.191521	-12.557999	-51.553170	0.002000	1.216755	3.997731	-0.999955	0.000000
4.482077	1.000104	6117.441460	4078.718542	0.404498	-26.267203	-51.553169	0.002000	1.216755	3.997731	-0.999955	0.000000
4.502077	1.000104	6117.440831	4078.717769	0.838683	-53.909830	-51.553168	0.002000	1.216755	3.997730	-0.999955	0.000000
4.522077	1.000104	6117.439538	4078.716169	1.706282	-108.575496	-51.553165	0.002000	1.216755	3.997730	-0.999955	0.000000
4.542077	1.000103	6117.436931	4078.712918	3.405304	-214.511331	-51.553160	0.002000	1.216755	3.997730	-0.999955	0.000000
4.562077	1.000103	6117.431776	4078.706441	6.664351	-415.581853	-51.553150	0.002000	1.216755	3.997730	-0.999956	0.000000
4.582078	1.000101	6117.421780	4078.693783	12.784275	-789.157015	-51.553129	0.002000	1.216755	3.997729	-0.999956	0.000000
4.602078	1.000098	6117.402785	4078.669536	24.027459	-1468.121743	-51.553090	0.002000	1.216755	3.997728	-0.999958	0.000000
4.622078	1.000093	6117.367423	4078.624027	44.220955	-2674.376667	-51.553016	0.002000	1.216755	3.997725	-0.999960	0.000000
4.642078	1.000082	6117.302965	4078.540373	79.650732	-4767.534212	-51.552880	0.002000	1.216755	3.997721	-0.999964	0.000000
4.662079	1.000064	6117.187988	4078.389870	140.321344	-8311.967385	-51.552636	0.002000	1.216755	3.997713	-0.999972	0.000000
4.682080	1.000031	6116.987419	4078.124997	241.623951	-14163.179038	-51.552204	0.002000	1.216755	3.997699	-0.999986	0.000000
4.702081	0.999974	6116.645478	4077.669307	406.377369	-23569.743911	-51.551461	0.002000	1.216755	3.997675	-1.000011	0.000000
4.722085	0.999878	6116.076134	4076.903450	667.064856	-38279.157091	-51.550209	0.002000	1.216755	3.997634	-1.000052	0.000000
4.742090	0.999718	6115.150960	4075.646959	1067.879214	-60624.947948	-51.548155	0.002001	1.216755	3.997569	-1.000121	0.000000
4.762100	0.999461	6113.684781	4073.636076	1665.935890	-93560.193503	-51.544863	0.002001	1.216755	3.997466	-1.000232	0.000000
4.782116	0.999056	6111.420317	4070.499082	2530.789717	-140593.361993	-51.539725	0.002002	1.216755	3.997306	-1.000407	0.000000
4.802141	0.998434	6108.014011	4065.732173	3741.323249	-205582.792410	-51.531911	0.002003	1.216755	3.997066	-1.000675	0.000000
4.822181	0.997506	6103.026182	4058.680627	5379.313111	-292363.569972	-51.520344	0.002005	1.216755	3.996713	-1.001076	0.000000
4.842244	0.996158	6095.919187	4048.531379	7519.642965	-404218.778871	-51.503683	0.002008	1.216755	3.996210	-1.001660	0.000000
4.862338	0.994251	6086.066944	4034.323302	10218.169963	-543261.941651	-51.480333	0.002012	1.216755	3.995511	-1.002488	0.000000
4.882477	0.991628	6072.777653	4014.979842	13499.406053	-709851.852606	-51.448493	0.002017	1.216755	3.994565	-1.003630	0.000000
4.902677	0.988116	6055.328959	3989.364965	17346.949401	-902190.062730	-51.406231	0.002024	1.216755	3.993320	-1.005165	0.000000
4.922959	0.983537	6033.011696	3956.358133	21699.502864	-1116232.195318	-51.351587	0.002033	1.216755	3.991722	-1.007175	0.000000
4.943347	0.977720	6005.175786	3914.938760	26454.143277	-1345972.072050	-51.282691	0.002046	1.216755	3.989719	-1.009743	0.000000
4.963871	0.970511	5971.270849	3864.267253	31476.545282	-1584055.903733	-51.197862	0.002061	1.216755	3.987266	-1.012948	0.000000
4.984563	0.961784	5930.875085	3803.749599	36615.921789	-1822590.760653	-51.095696	0.002079	1.216755	3.984325	-1.016861	0.000000
5.005460	0.951447	5883.708702	3733.075889	41721.274324	-2053968.179811	-50.975106	0.002102	1.216755	3.980863	-1.021545	0.000000
5.026605	0.939442	5829.631554	3652.228961	46655.602459	-2271541.948491	-50.835328	0.002129	1.216755	3.976859	-1.027049	0.000000
5.048041	0.925752	5768.627626	3561.465307	51305.828746	-2470061.446004	-50.675894	0.002160	1.216755	3.972296	-1.033416	0.000000
5.069817	0.910387	5700.780644	3461.275067	55587.692811	-2645842.724639	-50.496571	0.002197	1.216755	3.967163	-1.040675	0.000000
5.091984	0.893386	5626.245718	3352.329883	59446.003289	-2796727.938414	-50.297297	0.002239	1.216755	3.961452	-1.048854	0.000000
5.114598	0.874806	5545.220426	3235.427310	62851.694447	-2921857.613534	-50.078100	0.002286	1.216755	3.955157	-1.057973	0.000000
5.137719	0.854716	5457.919966	3111.439283	65797.142887	-3021451.642111	-49.839032	0.002340	1.216755	3.948269	-1.068056	0.000000
5.161411	0.833191	5364.549002	2981.262268	68293.647142	-3096222.054481	-49.580105	0.002400	1.216755	3.940779	-1.079127	0.000000
5.185745	0.810306	5265.296113	2845.789034	70358.355146	-3147938.645308	-49.301230	0.002468	1.216755	3.932671	-1.091217	0.000000
5.210797	0.786128	5160.319722	2705.882800	72019.296434	-3178056.540257	-49.002164	0.002544	1.216755	3.923928	-1.104367	0.000000
5.236654	0.760721	5049.741528	2562.363132	73307.026062	-3188305.245735	-48.682462	0.002629	1.216755	3.914523	-1.118630	0.000000
5.263412	0.734138	4933.643893	2416.001667	74253.106954	-3180346.754593	-48.341438	0.002724	1.216755	3.904423	-1.134074	0.000000
5.291180	0.706423	4812.047027	2267.526036	74887.451294	-3155830.954351	-47.978112	0.002831	1.216755	3.893587	-1.150783	0.000000
5.320084	0.677624	4684.850832	2117.613584	75237.749812	-3116466.819488	-47.591179	0.002951	1.216755	3.881954	-1.168856	0.000000
5.350270	0.647798	4551.655576	1966.868738	75326.357045	-3064288.774351	-47.178978	0.003087	1.216755	3.869429	-1.188402	0.000000
5.381906	0.617023	4411.488390	1815.750321	75171.591176	-3001876.681719	-46.739484	0.003241	1.216755	3.855846	-1.209538	0.000000
5.415190	0.585396	4262.300363	1664.433703	74783.483179	-2932085.108673	-46.270347	0.003416	1.216755	3.840906	-1.232387	0.000000
5.450350	0.552982	4100.682891	1512.665477	74167.838167	-2857405.133733	-45.768732	0.003617	1.216755	3.824119	-1.257125	0.000000
5.487666	0.519685	3922.050362	1359.667045	73327.737415	-2776712.344955	-45.231235	0.003848	1.216755	3.804778	-1.284093	0.000000
5.527495	0.485042	3722.955664	1204.620711	72263.864659	-2683673.449658	-44.652409	0.004123	1.216755	3.782154	-1.314052	0.000000
5.570357	0.447972	3505.723188	1047.645757	71002.117484	-2563540.921821	-44.023349	0.004465	1.216755	3.756046	-1.348579	0.000000
5.617107	0.406994	3283.868081	891.585534	69539.484894	-2404984.826746	-43.326278	0.004914	1.216755	3.727654	-1.390239	0.000000
5.669172	0.360563	3083.520989	741.685856	67946.850855	-2206740.189278	-42.531163	0.005547	1.216755	3.700313	-1.442841	0.000000
5.729098	0.308430	2937.657019	604.436718	66145.930212	-1988876.562749	-41.584210	0.006484	1.216755	3.679261	-1.510659	0.000000
5.801054	0.251426	2881.288101	483.268410	64320.140131	-1774438.416036	-40.393146	0.007955	1.216755	3.670838	-1.599398	0.000000
5.893149	0.192676	2945.349288	378.579833	62218.207044	-1586382.058791	-38.797521	0.010380	1.216755	3.680377	-1.714967	0.000000
6.019995	0.129731	3178.614884	275.087370	60956.383905	-1390515.521247	-36.406631	0.015417	1.216755	3.713463	-1.886740	0.000000
6.256074	0.072381	4332.235124	209.174390	59198.741759	-1102371.952883	-31.641187	0.027632	1.216755	3.847910	-2.140150	0.000000
-0.002970	3.369184	102408.152748	230021.778289	6.794718	0.000000	0.000665	0.000594	0.000000	5.221498	-0.472477	0.000000
-0.008905	3.375671	102194.013651	229982.392866	19.541712	0.000000	0.001938	0.000592	0.000000	5.220589	-0.471642	0.000000
-0.014823	3.388293	101779.997222	229907.075008	29.882961	0.000000	0.003044	0.000590	0.000000	5.218825	-0.470021	0.000000
-0.020714	3.406394	101192.993476	229802.226972	36.600580	0.000000	0.003894	0.000587	0.000000	5.216313	-0.467707	0.000000
-0.026568	3.429040	100469.746692	229676.553123	38.981181	0.000000	0.004426	0.000583	0.000000	5.213197	-0.464828	0.000000
-0.032381	3.455078	99653.397208	229540.166256	36.901250	0.000000	0.004611	0.000579	0.000000	5.209653	-0.461542	0.000000
-0.038148	3.483219	98789.503461	229403.555611	30.817111	0.000000	0.004455	0.000574	0.000000	5.205871	-0.458019	0.000000
-0.043867	3.512122	97922.300446	229276.568972	21.674556	0.000000	0.003997	0.000569	0.000000	5.202041	-0.454429	0.000000
-0.049538	3.540492	97091.437440	229167.519971	10.753271	0.000000	0.003300	0.000565	0.000000	5.198340	-0.450935	0.000000
-0.055166	3.567171	96329.549485	229082.514630	-0.523618	0.000000	0.002444	0.000561	0.000000	5.194918	-0.447674	0.000000
-0.060753	3.591210	95660.728614	229025.057090	-10.786994	0.000000	0.001518	0.000557	0.000000	5.191892	-0.444757	0.000000
-0.066304	3.611928	95099.927807	228995.958054	-18.897720	0.000000	0.000605	0.000554	0.000000	5.189339	-0.442259	0.000000
-0.071827	3.628937	94653.186551	228993.531812	-24.079649	0.000000	-0.000220	0.000551	0.000000	5.187294	-0.440219	0.000000
-0.077327	3.642138	94318.543055	229014.035146	-25.994353	0.000000	-0.000901	0.000549	0.000000	5.185756	-0.438643	0.000000
-0.082810	3.651692	94087.448014	229052.276324	-24.751182	0.000000	-0.001402	0.000548	0.000000	5.184692	-0.437505	0.000000
-0.088281	3.657970	93946.495355	229102.308014	-20.854722	0.000000	-0.001710	0.000547	0.000000	5.184041	-0.436760	0.000000
-0.093746	3.661480	93879.279027	229158.115302	-15.100545	0.000000	-0.001830	0.000546	0.000000	5.183730	-0.436343	0.000000
