0.002970	3.369686	102390.966502	230017.482056	6.658448	-1943904.365292	-0.000658	0.000594	1.216755	5.221425	-0.472413	0.000000
0.008904	3.376132	102178.349849	229978.551677	19.152531	-1772118.261602	-0.001916	0.000592	1.216755	5.220522	-0.471583	0.000000
0.014821	3.388675	101767.200611	229904.087134	29.296792	-1448552.580101	-0.003011	0.000590	1.216755	5.218771	-0.469972	0.000000
0.020711	3.406667	101184.082300	229800.386942	35.900876	-1009973.888180	-0.003853	0.000587	1.216755	5.216274	-0.467672	0.000000
0.026565	3.429184	100465.311007	229676.018321	38.266240	-504611.319801	-0.004383	0.000583	1.216755	5.213178	-0.464810	0.000000
0.032378	3.455085	99653.555334	229540.941641	36.269298	14378.675708	-0.004570	0.000579	1.216755	5.209653	-0.461542	0.000000
0.038145	3.483092	98793.919501	229405.498505	30.351753	495782.991986	-0.004421	0.000574	1.216755	5.205890	-0.458035	0.000000
0.043864	3.511880	97930.254260	229279.412540	21.432675	896236.032912	-0.003973	0.000569	1.216755	5.202076	-0.454459	0.000000
0.049536	3.540162	97101.933064	229170.911540	10.757281	1184552.875903	-0.003288	0.000565	1.216755	5.198387	-0.450976	0.000000
0.055164	3.566786	96341.444153	229086.063052	-0.288121	1344059.297293	-0.002445	0.000561	1.216755	5.194972	-0.447721	0.000000
0.060751	3.590807	95672.864951	229028.382404	-10.367878	1372960.981195	-0.001530	0.000557	1.216755	5.191947	-0.444806	0.000000
0.066304	3.611542	95111.253705	228998.736665	-18.367873	1282972.054923	-0.000626	0.000554	1.216755	5.189391	-0.442306	0.000000
0.071827	3.628598	94662.850915	228995.531333	-23.524813	1096613.917673	0.000193	0.000551	1.216755	5.187339	-0.440260	0.000000
0.077328	3.641869	94325.959583	229015.134833	-25.499249	843630.425819	0.000872	0.000549	1.216755	5.185791	-0.438675	0.000000
0.082811	3.651506	94092.323407	229052.471254	-24.386237	556995.354175	0.001375	0.000548	1.216755	5.184714	-0.437527	0.000000
0.088283	3.657869	93948.822414	229101.697647	-20.665640	268965.826079	0.001686	0.000547	1.216755	5.184052	-0.436772	0.000000
0.093747	3.661459	93879.298892	229156.879304	-15.102505	7609.034245	0.001813	0.000546	1.216755	5.183731	-0.436346	0.000000
0.099208	3.662855	93866.342150	229212.585022	-8.614729	-205836.634186	0.001777	0.000546	1.216755	5.183671	-0.436181	0.000000
0.104668	3.662646	93892.879641	229264.342509	-2.129871	-358506.657335	0.001613	0.000546	1.216755	5.183794	-0.436206	0.000000
0.110130	3.661386	93943.456977	229308.918690	3.546086	-446250.338381	0.001361	0.000546	1.216755	5.184028	-0.436355	0.000000
0.115594	3.659551	94005.131712	229344.416701	7.828244	-472826.169756	0.001063	0.000547	1.216755	5.184313	-0.436573	0.000000
0.121061	3.657518	94067.955945	229370.206402	10.407400	-448180.555315	0.000757	0.000547	1.216755	5.184603	-0.436814	0.000000
0.126531	3.655562	94125.071296	229386.724765	11.255457	-386162.211718	0.000473	0.000547	1.216755	5.184867	-0.437047	0.000000
0.132004	3.653857	94172.481189	229395.194026	10.586470	-302079.641319	0.000232	0.000547	1.216755	5.185085	-0.437249	0.000000
0.137480	3.652490	94208.592476	229397.308303	8.785584	-210484.804709	0.000047	0.000548	1.216755	5.185252	-0.437411	0.000000
0.142957	3.651482	94233.629155	229394.934378	6.322331	-123474.788877	-0.000079	0.000548	1.216755	5.185367	-0.437531	0.000000
0.148436	3.650805	94249.015381	229389.861532	3.665292	-49671.625830	-0.000152	0.000548	1.216755	5.185438	-0.437612	0.000000
0.153915	3.650404	94256.807035	229383.621486	1.212258	6098.479616	-0.000180	0.000548	1.216755	5.185473	-0.437659	0.000000
0.159394	3.650211	94259.225920	229377.385337	-0.755102	42522.725341	-0.000174	0.000548	1.216755	5.185484	-0.437682	0.000000
0.164874	3.650160	94258.323721	229371.932185	-2.088995	61089.802764	-0.000147	0.000548	1.216755	5.185480	-0.437688	0.000000
0.170354	3.650190	94255.778802	229367.675440	-2.768119	65153.596654	-0.000109	0.000548	1.216755	5.185469	-0.437685	0.000000
0.175834	3.650258	94252.810603	229364.728101	-2.871563	58967.197748	-0.000069	0.000548	1.216755	5.185455	-0.437677	0.000000
0.181313	3.650332	94250.185183	229362.987551	-2.542418	46841.081332	-0.000034	0.000548	1.216755	5.185443	-0.437668	0.000000
0.186793	3.650394	94248.281104	229362.222712	-1.949596	32522.186493	-0.000005	0.000548	1.216755	5.185434	-0.437660	0.000000
0.192272	3.650435	94247.186095	229362.150766	-1.254780	18831.007655	0.000015	0.000548	1.216755	5.185429	-0.437656	0.000000
0.197752	3.650455	94246.800127	229362.495734	-0.588924	7542.605877	0.000026	0.000548	1.216755	5.185427	-0.437653	0.000000
0.203231	3.650459	94246.927596	229363.026181	-0.040002	-538.476092	0.000032	0.000548	1.216755	5.185428	-0.437653	0.000000
0.208710	3.650451	94247.348811	229363.573246	0.348778	-5377.523700	0.000032	0.000548	1.216755	5.185430	-0.437654	0.000000
0.214190	3.650439	94247.867446	229364.032848	0.572758	-7452.932506	0.000030	0.000548	1.216755	5.185432	-0.437655	0.000000
0.219669	3.650426	94248.335557	229364.357123	0.654898	-7502.319525	0.000026	0.000548	1.216755	5.185434	-0.437657	0.000000
0.225148	3.650416	94248.660667	229364.540203	0.633378	-6312.240463	0.000022	0.000548	1.216755	5.185436	-0.437658	0.000000
0.230628	3.650411	94248.800685	229364.602627	0.550358	-4572.300260	0.000019	0.000548	1.216755	5.185437	-0.437658	0.000000
0.236107	3.650413	94248.752249	229364.577397	0.443587	-2796.754328	0.000017	0.000548	1.216755	5.185436	-0.437658	0.000000
0.241587	3.650420	94248.537056	229364.499388	0.341456	-1303.921144	0.000016	0.000548	1.216755	5.185435	-0.437657	0.000000
0.247066	3.650432	94248.189327	229364.398613	0.261328	-236.756826	0.000016	0.000548	1.216755	5.185434	-0.437656	0.000000
0.252545	3.650447	94247.746128	229364.297010	0.210403	393.725159	0.000016	0.000548	1.216755	5.185432	-0.437654	0.000000
0.258025	3.650466	94247.241078	229364.207938	0.188102	658.239117	0.000017	0.000548	1.216755	5.185429	-0.437652	0.000000
0.263504	3.650485	94246.701167	229364.137387	0.189017	663.788652	0.000018	0.000548	1.216755	5.185427	-0.437650	0.000000
0.268983	3.650506	94246.145969	229364.086008	0.205692	519.493436	0.000019	0.000548	1.216755	5.185424	-0.437647	0.000000
0.274462	3.650527	94245.588372	229364.051254	0.230766	315.664316	0.000020	0.000548	1.216755	5.185422	-0.437645	0.000000
0.279942	3.650548	94245.036067	229364.029189	0.258293	114.862259	0.000020	0.000548	1.216755	5.185419	-0.437642	0.000000
0.285421	3.650569	94244.493190	229364.015785	0.284297	-48.124512	0.000021	0.000548	1.216755	5.185417	-0.437640	0.000000
0.290900	3.650589	94243.961753	229364.007660	0.306743	-160.977992	0.000022	0.000548	1.216755	5.185414	-0.437637	0.000000
0.296379	3.650609	94243.442716	229364.002373	0.325151	-226.432243	0.000022	0.000548	1.216755	5.185412	-0.437635	0.000000
0.301858	3.650629	94242.936651	229363.998408	0.340060	-255.076426	0.000022	0.000548	1.216755	5.185410	-0.437632	0.000000
0.307337	3.650648	94242.444084	229363.994983	0.352526	-259.717935	0.000023	0.000548	1.216755	5.185407	-0.437630	0.000000
0.312816	3.650667	94241.965604	229363.991813	0.363730	-251.777652	0.000023	0.000548	1.216755	5.185405	-0.437628	0.000000
0.318295	3.650684	94241.501852	229363.988882	0.374737	-239.577883	0.000023	0.000548	1.216755	5.185403	-0.437626	0.000000
0.323774	3.650702	94241.053442	229363.986277	0.386402	-228.047552	0.000023	0.000548	1.216755	5.185401	-0.437624	0.000000
0.329253	3.650718	94240.620899	229363.984084	0.399349	-219.286488	0.000024	0.000548	1.216755	5.185399	-0.437622	0.000000
0.334732	3.650735	94240.204611	229363.982343	0.414037	-213.482358	0.000024	0.000548	1.216755	5.185397	-0.437620	0.000000
0.340211	3.650750	94239.804810	229363.981043	0.430835	-209.825878	0.000024	0.000548	1.216755	5.185395	-0.437618	0.000000
0.345690	3.650765	94239.421585	229363.980129	0.450086	-207.228053	0.000025	0.000548	1.216755	5.185393	-0.437616	0.000000
0.351169	3.650779	94239.054901	229363.979531	0.472136	-204.768276	0.000025	0.000548	1.216755	5.185392	-0.437615	0.000000
0.356648	3.650793	94238.704625	229363.979177	0.497348	-201.899262	0.000025	0.000548	1.216755	5.185390	-0.437613	0.000000
0.362127	3.650806	94238.370552	229363.979009	0.526095	-198.468455	0.000025	0.000548	1.216755	5.185388	-0.437611	0.000000
0.367605	3.650818	94238.052418	229363.978987	0.558730	-194.633129	0.000026	0.000548	1.216755	5.185387	-0.437610	0.000000
0.373084	3.650830	94237.749912	229363.979087	0.595548	-190.731368	0.000026	0.000548	1.216755	5.185386	-0.437609	0.000000
0.378563	3.650841	94237.462675	229363.979293	0.636741	-187.156546	0.000026	0.000548	1.216755	5.185384	-0.437607	0.000000
0.384042	3.650851	94237.190303	229363.979596	0.682386	-184.255575	0.000026	0.000548	1.216755	5.185383	-0.437606	0.000000
0.389520	3.650861	94236.932337	229363.979982	0.732421	-182.256203	0.000026	0.000548	1.216755	5.185382	-0.437605	0.000000
0.394999	3.650871	94236.688273	229363.980428	0.786627	-181.234198	0.000027	0.000548	1.216755	5.185381	-0.437604	0.000000
0.400478	3.650880	94236.457554	229363.980902	0.844650	-181.107445	0.000027	0.000548	1.216755	5.185380	-0.437603	0.000000
0.405956	3.650888	94236.239581	229363.981361	0.906012	-181.651679	0.000027	0.000548	1.216755	5.185379	-0.437602	0.000000
0.411435	3.650896	94236.033726	229363.981753	0.970133	-182.536322	0.000027	0.000548	1.216755	5.185378	-0.437601	0.000000
0.416914	3.650904	94235.839341	229363.982021	1.036371	-183.370254	0.000027	0.000548	1.216755	5.185377	-0.437600	0.000000
0.422393	3.650911	94235.655779	229363.982113	1.104058	-183.753579	0.000028	0.000548	1.216755	5.185376	-0.437599	0.000000
0.427871	3.650918	94235.482405	229363.981978	1.172539	-183.326265	0.000028	0.000548	1.216755	5.185375	-0.437598	0.000000
0.433350	3.650924	94235.318612	229363.981581	1.241213	-181.807672	0.000028	0.000548	1.216755	5.185374	-0.437597	0.000000
0.438828	3.650930	94235.163834	229363.980897	1.309553	-179.022657	0.000028	0.000548	1.216755	5.185374	-0.437597	0.000000
0.444307	3.650935	94235.017551	229363.979918	1.377136	-174.910862	0.000028	0.000548	1.216755	5.185373	-0.437596	0.000000
0.449786	3.650941	94234.879289	229363.978648	1.443670	-169.515561	0.000029	0.000548	1.216755	5.185372	-0.437595	0.000000
0.455264	3.650946	94234.748621	229363.977105	1.508988	-162.958440	0.000029	0.000548	1.216755	5.185372	-0.437595	0.000000
0.460743	3.650951	94234.625161	229363.975310	1.573042	-155.407151	0.000029	0.000548	1.216755	5.185371	-0.437594	0.000000
0.466221	3.650955	94234.508554	229363.973293	1.635900	-147.040299	0.000029	0.000548	1.216755	5.185371	-0.437594	0.000000
0.471700	3.650959	94234.398471	229363.971079	1.697730	-138.015571	0.000029	0.000548	1.216755	5.185370	-0.437593	0.000000
0.477179	3.650963	94234.294597	229363.968690	1.758774	-128.447940	0.000029	0.000548	1.216755	5.185370	-0.437593	0.000000
0.482657	3.650967	94234.196628	229363.966143	1.819319	-118.403219	0.000029	0.000548	1.216755	5.185369	-0.437592	0.000000
0.488136	3.650971	94234.104265	229363.963446	1.879693	-107.899296	0.000030	0.000548	1.216755	5.185369	-0.437592	0.000000
0.493614	3.650974	94234.017211	229363.960604	1.940231	-96.916878	0.000030	0.000548	1.216755	5.185368	-0.437591	0.000000
0.499093	3.650977	94233.935174	229363.957612	2.001255	-85.417779	0.000030	0.000548	1.216755	5.185368	-0.437591	0.000000
0.504571	3.650980	94233.857864	229363.954465	2.063075	-73.359476	0.000030	0.000548	1.216755	5.185368	-0.437591	0.000000
0.510050	3.650983	94233.785000	229363.951154	2.125970	-60.708029	0.000030	0.000548	1.216755	5.185367	-0.437590	0.000000
0.515529	3.650985	94233.716308	229363.947670	2.190178	-47.447842	0.000030	0.000548	1.216755	5.185367	-0.437590	0.000000
0.521007	3.650988	94233.651526	229363.944005	2.255901	-33.583686	0.000030	0.000548	1.216755	5.185367	-0.437590	0.000000
0.526486	3.650990	94233.590407	229363.940152	2.323302	-19.137715	0.000030	0.000548	1.216755	5.185366	-0.437590	0.000000
0.531964	3.650992	94233.532717	229363.936107	2.392497	-4.144839	0.000030	0.000548	1.216755	5.185366	-0.437589	0.000000
0.537443	3.650994	94233.478237	229363.931864	2.463565	11.352875	0.000030	0.000548	1.216755	5.185366	-0.437589	0.000000
0.542921	3.650996	94233.426765	229363.927423	2.536550	27.312418	0.000030	0.000548	1.216755	5.185366	-0.437589	0.000000
0.548400	3.650998	94233.378111	229363.922782	2.611464	43.694052	0.000030	0.000548	1.216755	5.185365	-0.437589	0.000000
0.553878	3.651000	94233.332099	229363.917940	2.688287	60.462634	0.000030	0.000548	1.216755	5.185365	-0.437588	0.000000
0.559357	3.651001	94233.288567	229363.912897	2.766977	77.589214	0.000030	0.000548	1.216755	5.185365	-0.437588	0.000000
0.564835	3.651003	94233.247364	229363.907652	2.847461	95.049330	0.000030	0.000548	1.216755	5.185365	-0.437588	0.000000
0.570314	3.651004	94233.208348	229363.902206	2.929657	112.821316	0.000029	0.000548	1.216755	5.185365	-0.437588	0.000000
0.575792	3.651006	94233.171391	229363.896558	3.013472	130.886258	0.000029	0.000548	1.216755	5.185365	-0.437588	0.000000
0.581271	3.651007	94233.136369	229363.890707	3.098799	149.225015	0.000029	0.000548	1.216755	5.185364	-0.437588	0.000000
0.586749	3.651008	94233.103170	229363.884654	3.185523	167.818244	0.000029	0.000548	1.216755	5.185364	-0.437587	0.000000
0.592228	3.651009	94233.071690	229363.878398	3.273532	186.645857	0.000029	0.000548	1.216755	5.185364	-0.437587	0.000000
0.597706	3.651010	94233.041829	229363.871939	3.362710	205.688038	0.000028	0.000548	1.216755	5.185364	-0.437587	0.000000
0.603185	3.651011	94233.013496	229363.865277	3.452939	224.924226	0.000028	0.000548	1.216755	5.185364	-0.437587	0.000000
0.608663	3.651012	94232.986607	229363.858411	3.544111	244.334331	0.000028	0.000548	1.216755	5.185364	-0.437587	0.000000
0.614142	3.651013	94232.961080	229363.851342	3.636123	263.900434	0.000028	0.000548	1.216755	5.185364	-0.437587	0.000000
0.619620	3.651014	94232.936842	229363.844070	3.728877	283.605795	0.000027	0.000548	1.216755	5.185363	-0.437587	0.000000
0.625099	3.651015	94232.913822	229363.836595	3.822281	303.435267	0.000027	0.000548	1.216755	5.185363	-0.437587	0.000000
0.630577	3.651015	94232.891954	229363.828918	3.916265	323.375765	0.000027	0.000548	1.216755	5.185363	-0.437587	0.000000
0.636056	3.651016	94232.871177	229363.821037	4.010779	343.417249	0.000026	0.000548	1.216755	5.185363	-0.437586	0.000000
0.641534	3.651017	94232.851432	229363.812953	4.105732	363.544789	0.000026	0.000548	1.216755	5.185363	-0.437586	0.000000
0.647013	3.651017	94232.832665	229363.804667	4.201115	383.745522	0.000025	0.000548	1.216755	5.185363	-0.437586	0.000000
0.652491	3.651018	94232.814824	229363.796178	4.296944	404.012928	0.000025	0.000548	1.216755	5.185363	-0.437586	0.000000
0.657970	3.651018	94232.797860	229363.787486	4.393085	424.326679	0.000024	0.000548	1.216755	5.185363	-0.437586	0.000000
0.663448	3.651019	94232.781727	229363.778589	4.489656	444.685976	0.000024	0.000548	1.216755	5.185363	-0.437586	0.000000
0.668927	3.651019	94232.766381	229363.769484	4.586823	465.136521	0.000023	0.000548	1.216755	5.185363	-0.437586	0.000000
0.674405	3.651020	94232.751783	229363.760171	4.684053	485.676394	0.000023	0.000548	1.216755	5.185363	-0.437586	0.000000
0.679884	3.651020	94232.737896	229363.750648	4.781928	506.387322	0.000022	0.000548	1.216755	5.185363	-0.437586	0.000000
0.685362	3.651021	94232.724689	229363.740914	4.881218	527.520998	0.000022	0.000548	1.216755	5.185362	-0.437586	0.000000
0.690841	3.651021	94232.712135	229363.730974	4.979302	548.962096	0.000021	0.000548	1.216755	5.185362	-0.437586	0.000000
0.696319	3.651021	94232.700215	229363.720843	5.078542	570.742817	0.000021	0.000548	1.216755	5.185362	-0.437586	0.000000
0.701798	3.651021	94232.688907	229363.710529	5.182672	593.494683	0.000020	0.000548	1.216755	5.185362	-0.437586	0.000000
0.707276	3.651022	94232.678187	229363.700061	5.279283	616.010235	0.000019	0.000548	1.216755	5.185362	-0.437586	0.000000
0.712755	3.651022	94232.668020	229363.689477	5.378253	637.696881	0.000018	0.000548	1.216755	5.185362	-0.437586	0.000000
0.718233	3.651022	94232.658345	229363.678756	5.498362	661.337835	0.000018	0.000548	1.216755	5.185362	-0.437586	0.000000
0.723712	3.651022	94232.649063	229363.667929	5.581966	682.037094	0.000017	0.000548	1.216755	5.185362	-0.437586	0.000000
0.729190	3.651022	94232.640061	229363.657041	5.670702	698.034001	0.000016	0.000548	1.216755	5.185362	-0.437586	0.000000
0.734669	3.651023	94232.631165	229363.645864	5.858767	724.806286	0.000015	0.000548	1.216755	5.185362	-0.437586	0.000000
0.740147	3.651023	94232.622165	229363.634448	5.879035	742.817658	0.000015	0.000548	1.216755	5.185362	-0.437586	0.000000
0.745626	3.651023	94232.612954	229363.623032	5.904281	743.200899	0.000014	0.000548	1.216755	5.185362	-0.437586	0.000000
0.751104	3.651023	94232.603322	229363.610685	6.403057	799.064631	0.000013	0.000548	1.216755	5.185362	-0.437586	0.000000
0.756583	3.651023	94232.593045	229363.597820	6.141351	821.721732	0.000012	0.000548	1.216755	5.185362	-0.437586	0.000000
0.762061	3.651024	94232.582424	229363.585970	5.825038	755.896398	0.000011	0.000548	1.216755	5.185362	-0.437586	0.000000
0.767540	3.651024	94232.571272	229363.571136	7.772371	942.305286	0.000010	0.000548	1.216755	5.185362	-0.437586	0.000000
0.773018	3.651024	94232.559062	229363.555121	6.301968	986.815122	0.000009	0.000548	1.216755	5.185362	-0.437586	0.000000
0.778497	3.651024	94232.547470	229363.545470	4.238020	584.968992	0.000008	0.000548	1.216755	5.185362	-0.437585	0.000000
0.783975	3.651024	94232.535724	229363.523560	12.987250	1342.971292	0.000007	0.000548	1.216755	5.185362	-0.437585	0.000000
0.789454	3.651025	94232.520882	229363.495704	6.470525	1537.689434	0.000003	0.000548	1.216755	5.185362	-0.437585	0.000000
0.794932	3.651025	94232.510153	229363.497978	-4.333537	-453.154695	0.000006	0.000548	1.216755	5.185361	-0.437585	0.000000
0.800411	3.651025	94232.499930	229363.443601	36.424112	2921.102418	0.000003	0.000548	1.216755	5.185361	-0.437585	0.000000
0.805889	3.651024	94232.475113	229363.352473	9.416716	4170.082823	-0.000012	0.000548	1.216755	5.185361	-0.437585	0.000000
0.811368	3.651025	94232.468154	229363.396633	-44.370143	-5199.669149	0.000004	0.000548	1.216755	5.185361	-0.437585	0.000000
0.816846	3.651022	94232.464381	229363.171986	147.346392	10218.989201	-0.000008	0.000548	1.216755	5.185361	-0.437586	0.000000
0.822324	3.651018	94232.389164	229362.724045	40.493719	18149.817471	-0.000076	0.000548	1.216755	5.185361	-0.437586	0.000000
0.827803	3.651019	94232.389448	229362.864203	-221.086480	-25146.087090	-0.000011	0.000548	1.216755	5.185361	-0.437586	0.000000
0.833281	3.651004	94232.407446	229361.702741	685.206366	46081.777330	-0.000065	0.000548	1.216755	5.185361	-0.437588	0.000000
0.838760	3.650976	94232.075778	229359.207382	288.338942	94307.538816	-0.000413	0.000548	1.216755	5.185359	-0.437591	0.000000
0.844239	3.650974	94232.055166	229359.149379	-958.344329	-102601.247735	-0.000162	0.000548	1.216755	5.185360	-0.437592	0.000000
0.849717	3.650886	94232.121235	229352.631045	3349.822955	230176.715133	-0.000453	0.000548	1.216755	5.185359	-0.437604	0.000000
0.855196	3.650718	94230.465496	229338.210432	2040.795730	515111.402458	-0.002262	0.000548	1.216755	5.185351	-0.437623	0.000000
0.860675	3.650648	94230.029052	229333.084013	-3763.297520	-362384.420878	-0.001454	0.000548	1.216755	5.185351	-0.437632	0.000000
0.866154	3.650139	94229.945738	229294.948971	16874.473877	1216296.040157	-0.003167	0.000548	1.216755	5.185348	-0.437701	0.000000
0.871635	3.649130	94221.292965	229210.078770	13726.569837	2877126.642217	-0.012765	0.000548	1.216755	5.185305	-0.437820	0.000000
0.877117	3.648413	94216.972332	229154.872614	-12494.963013	-916378.400137	-0.011251	0.000548	1.216755	5.185291	-0.437910	0.000000
0.882599	3.645388	94213.604550	228925.908629	87394.242352	6727457.582378	-0.021878	0.000549	1.216755	5.185264	-0.438317	0.000000
0.888090	3.639290	94166.795862	228419.808545	89668.293429	16482449.236745	-0.073842	0.000550	1.216755	5.185033	-0.439047	0.000000
0.893591	3.633511	94131.517225	227965.127978	-24420.060440	1039445.471995	-0.080954	0.000550	1.216755	5.184894	-0.439774	0.000000
0.899096	3.615498	94094.141397	226584.178376	462898.445222	39401323.732221	-0.148152	0.000553	1.216755	5.184662	-0.442180	0.000000
0.904651	3.579044	93825.325089	223566.303671	585627.096100	101469365.997489	-0.436520	0.000559	1.216755	5.183322	-0.446664	0.000000
0.910275	3.539520	93533.985546	220352.254794	89697.469829	51306011.866167	-0.561862	0.000565	1.216755	5.182050	-0.451680	0.000000
0.915939	3.443736	93154.891348	212743.630352	2394050.050789	267324296.709426	-0.956439	0.000581	1.216755	5.179945	-0.464836	0.000000
0.921874	3.255414	91305.333719	196467.518152	3988477.096412	779285545.186527	-2.590694	0.000614	1.216755	5.170402	-0.489859	0.000000
0.928265	3.084646	88471.477653	180552.791793	430666.566514	721167063.355831	-3.702233	0.000648	1.216755	5.156765	-0.512909	0.000000
0.934839	2.843182	85197.477908	158292.620016	7271509.195675	1581180641.585790	-4.609141	0.000703	1.216755	5.138854	-0.552141	0.000000
0.942351	2.282377	73913.663360	106553.655960	29385882.978572	5569208527.961264	-12.236586	0.000876	1.216755	5.068678	-0.653858	0.000000
0.953249	1.639598	47505.279598	47334.849399	36417428.636342	8330247939.040442	-28.420428	0.001220	1.216755	4.861358	-0.798925	0.000000
0.968657	1.234087	21885.119812	16257.919380	21343252.746182	5124177763.435179	-42.234920	0.001621	1.216755	4.515490	-0.917174	0.000000
0.987033	1.067032	9700.440654	6458.715158	7778994.924892	1631638988.462619	-48.912961	0.001874	1.216755	4.172523	-0.975125	0.000000
1.006621	1.015792	6622.820220	4414.145555	1884815.940920	268665359.020338	-51.001664	0.001969	1.216755	4.026205	-0.994107	0.000000
1.026541	1.003187	6179.509646	4123.630980	349713.927653	32198515.699161	-51.458781	0.001994	1.216755	4.001349	-0.998817	0.000000
1.046528	1.000623	6125.840785	4085.158298	55299.830852	4171226.264184	-51.539357	0.001999	1.216755	3.998226	-0.999766	0.000000
1.066526	1.000180	6118.651539	4079.647295	7366.115902	596304.741021	-51.551443	0.002000	1.216755	3.997802	-0.999928	0.000000
1.086526	1.000114	6117.613361	4078.846050	845.964659	86305.333835	-51.552983	0.002000	1.216755	3.997741	-0.999952	0.000000
1.106526	1.000105	6117.464879	4078.735284	84.112826	11892.443616	-51.553153	0.002000	1.216755	3.997732	-0.999955	0.000000
1.126526	1.000104	6117.444847	4078.721096	7.138740	1521.600245	-51.553169	0.002000	1.216755	3.997731	-0.999955	0.000000
1.146526	1.000104	6117.442343	4078.719423	0.518114	179.685503	-51.553170	0.002000	1.216755	3.997731	-0.999955	0.000000
1.166526	1.000104	6117.442054	4078.719240	0.036822	19.652745	-51.553170	0.002000	1.216755	3.997731	-0.999955	0.000000
1.186526	1.000104	6117.442023	4078.719222	0.004135	2.020740	-51.553170	0.002000	1.216755	3.997731	-0.999955	0.000000
1.206526	1.000104	6117.442020	4078.719220	0.000796	0.202493	-51.553170	0.002000	1.216755	3.997731	-0.999955	0.000000
1.226526	1.000104	6117.442019	4078.719220	0.000159	0.021118	-51.553170	0.002000	1.216755	3.997731	-0.999955	0.000000
1.246526	1.000104	6117.442019	4078.719220	0.000027	0.002465	-51.553170	0.002000	1.216755	3.997731	-0.999955	0.000000
1.266526	1.000104	6117.442019	4078.719219	0.000004	0.000326	-51.553170	0.002000	1.216755	3.997731	-0.999955	0.000000
1.286526	1.000104	6117.442019	4078.719219	0.000001	0.000047	-51.553170	0.002000	1.216755	3.997731	-0.999955	0.000000
1.306526	1.000104	6117.442019	4078.719219	0.000000	0.000008	-51.553170	0.002000	1.216755	3.997731	-0.999955	0.000000
1.326526	1.000104	6117.442019	4078.719219	-0.000000	0.000000	-51.553170	0.002000	1.216755	3.997731	-0.999955	0.000000
1.346526	1.000104	6117.442019	4078.719219	0.000000	-0.000001	-51.553170	0.002000	1.216755	3.997731	-0.999955	0.000000
1.366526	1.000104	6117.442019	4078.719219	0.000000	0.000000	-51.553170	0.002000	1.216755	3.997731	-0.999955	0.000000
1.386526	1.000104	6117.442019	4078.719219	-0.000000	0.000000	-51.553170	0.002000	1.216755	3.997731	-0.999955	0.000000
1.406526	1.000104	6117.442019	4078.719219	0.000000	0.000000	-51.553170	0.002000	1.216755	3.997731	-0.999955	0.000000
1.426526	1.000104	6117.442019	4078.719219	-0.000000	0.000002	-51.553170	0.002000	1.216755	3.997731	-0.999955	0.000000
1.446526	1.000104	6117.442019	4078.719219	-0.000000	-0.000002	-51.553170	0.002000	1.216755	3.997731	-0.999955	0.000000
1.466526	1.000104	6117.442019	4078.719219	0.000000	-0.000001	-51.553170	0.002000	1.216755	3.997731	-0.999955	0.000000
1.486526	1.000104	6117.442019	4078.719219	0.000000	0.000000	-51.553170	0.002000	1.216755	3.997731	-0.999955	0.000000
1.506526	1.000104	6117.442019	4078.719219	0.000000	0.000001	-51.553170	0.002000	1.216755	3.997731	-0.999955	0.000000
1.526526	1.000104	6117.442019	4078.719219	-0.000000	0.000001	-51.553170	0.002000	1.216755	3.997731	-0.999955	0.000000
1.546526	1.000104	6117.442019	4078.719219	-0.000000	0.000001	-51.553170	0.002000	1.216755	3.997731	-0.999955	0.000000
1.566526	1.000104	6117.442019	4078.719219	-0.000000	-0.000000	-51.553170	0.002000	1.216755	3.997731	-0.999955	0.000000
1.586526	1.000104	6117.442019	4078.719219	0.000000	-0.000001	-51.553170	0.002000	1.216755	3.997731	-0.999955	0.000000
1.606526	1.000104	6117.442019	4078.719219	0.000000	0.000001	-51.553170	0.002000	1.216755	3.997731	-0.999955	0.000000
1.626526	1.000104	6117.442019	4078.719219	-0.000000	-0.000000	-51.553170	0.002000	1.216755	3.997731	-0.999955	0.000000
1.646526	1.000104	6117.442019	4078.719219	-0.000000	-0.000001	-51.553170	0.002000	1.216755	3.997731	-0.999955	0.000000
1.666526	1.000104	6117.442019	4078.719219	0.000000	-0.000001	-51.553170	0.002000	1.216755	3.997731	-0.999955	0.000000
1.686526	1.000104	6117.442019	4078.719219	0.000000	-0.000000	-51.553170	0.002000	1.216755	3.997731	-0.999955	0.000000
1.706526	1.000104	6117.442019	4078.719219	0.000000	0.000001	-51.553170	0.002000	1.216755	3.997731	-0.999955	0.000000
1.726526	1.000104	6117.442019	4078.719219	-0.000000	0.000001	-51.553170	0.002000	1.216755	3.997731	-0.999955	0.000000
1.746526	1.000104	6117.442019	4078.719219	-0.000000	0.000000	-51.553170	0.002000	1.216755	3.997731	-0.999955	0.000000
1.766526	1.000104	6117.442019	4078.719219	0.000000	-0.000000	-51.553170	0.002000	1.216755	3.997731	-0.999955	0.000000
1.786526	1.000104	6117.442019	4078.719219	-0.000000	0.000000	-51.553170	0.002000	1.216755	3.997731	-0.999955	0.000000
1.806526	1.000104	6117.442019	4078.719219	-0.000000	-0.000001	-51.553170	0.002000	1.216755	3.997731	-0.999955	0.000000
1.826526	1.000104	6117.442019	4078.719219	0.000000	-0.000000	-51.553170	0.002000	1.216755	3.997731	-0.999955	0.000000
1.846526	1.000104	6117.442019	4078.719219	0.000000	0.000001	-51.553170	0.002000	1.216755	3.997731	-0.999955	0.000000
1.866526	1.000104	6117.442019	4078.719219	-0.000000	0.000000	-51.553170	0.002000	1.216755	3.997731	-0.999955	0.000000
1.886526	1.000104	6117.442019	4078.719219	-0.000000	0.000001	-51.553170	0.002000	1.216755	3.997731	-0.999955	0.000000
1.906526	1.000104	6117.442019	4078.719219	-0.000000	-0.000001	-51.553170	0.002000	1.216755	3.997731	-0.999955	0.000000
1.926526	1.000104	6117.442019	4078.719219	0.000000	-0.000001	-51.553170	0.002000	1.216755	3.997731	-0.999955	0.000000
1.946526	1.000104	6117.442019	4078.719219	0.000000	-0.000000	-51.553170	0.002000	1.216755	3.997731	-0.999955	0.000000
1.966526	1.000104	6117.442019	4078.719219	0.000000	0.000000	-51.553170	0.002000	1.216755	3.997731	-0.999955	0.000000
1.986526	1.000104	6117.442019	4078.719219	0.000000	-0.000000	-51.553170	0.002000	1.216755	3.997731	-0.999955	0.000000
2.006526	1.000104	6117.442019	4078.719219	0.000000	0.000002	-51.553170	0.002000	1.216755	3.997731	-0.999955	0.000000
2.026526	1.000104	6117.442019	4078.719219	-0.000000	0.000000	-51.553170	0.002000	1.216755	3.997731	-0.999955	0.000000
2.046526	1.000104	6117.442019	4078.719219	0.000000	-0.000003	-51.553170	0.002000	1.216755	3.997731	-0.999955	0.000000
2.066526	1.000104	6117.442019	4078.719219	0.000000	0.000001	-51.553170	0.002000	1.216755	3.997731	-0.999955	0.000000
2.086526	1.000104	6117.442019	4078.719219	0.000000	0.000001	-51.553170	0.002000	1.216755	3.997731	-0.999955	0.000000
2.106526	1.000104	6117.442019	4078.719219	-0.000000	0.000000	-51.553170	0.002000	1.216755	3.997731	-0.999955	0.000000
2.126526	1.000104	6117.442019	4078.719219	-0.000000	0.000000	-51.553170	0.002000	1.216755	3.997731	-0.999955	0.000000
2.146526	1.000104	6117.442019	4078.719219	-0.000000	-0.000000	-51.553170	0.002000	1.216755	3.997731	-0.999955	0.000000
2.166526	1.000104	6117.442019	4078.719219	-0.000000	-0.000001	-51.553170	0.002000	1.216755	3.997731	-0.999955	0.000000
2.186526	1.000104	6117.442019	4078.719219	0.000000	-0.000001	-51.553170	0.002000	1.216755	3.997731	-0.999955	0.000000
2.206526	1.000104	6117.442019	4078.719219	0.000000	-0.000000	-51.553170	0.002000	1.216755	3.997731	-0.999955	0.000000
2.226526	1.000104	6117.442019	4078.719219	0.000000	0.000000	-51.553170	0.002000	1.216755	3.997731	-0.999955	0.000000
2.246526	1.000104	6117.442019	4078.719219	-0.000000	0.000002	-51.553170	0.002000	1.216755	3.997731	-0.999955	0.000000
2.266526	1.000104	6117.442019	4078.719219	-0.000000	0.000003	-51.553170	0.002000	1.216755	3.997731	-0.999955	0.000000
2.286526	1.000104	6117.442019	4078.719219	-0.000000	0.000002	-51.553170	0.002000	1.216755	3.997731	-0.999955	0.000000
2.306526	1.000104	6117.442019	4078.719219	0.000000	-0.000002	-51.553170	0.002000	1.216755	3.997731	-0.999955	0.000000
2.326526	1.000104	6117.442019	4078.719219	0.000000	-0.000003	-51.553170	0.002000	1.216755	3.997731	-0.999955	0.000000
2.346526	1.000104	6117.442019	4078.719219	-0.000000	-0.000001	-51.553170	0.002000	1.216755	3.997731	-0.999955	0.000000
2.366526	1.000104	6117.442019	4078.719219	0.000000	-0.000000	-51.553170	0.002000	1.216755	3.997731	-0.999955	0.000000
2.386526	1.000104	6117.442019	4078.719219	0.000000	0.000001	-51.553170	0.002000	1.216755	3.997731	-0.999955	0.000000
2.406526	1.000104	6117.442019	4078.719219	-0.000000	0.000001	-51.553170	0.002000	1.216755	3.997731	-0.999955	0.000000
2.426526	1.000104	6117.442019	4078.719219	-0.000000	0.000000	-51.553170	0.002000	1.216755	3.997731	-0.999955	0.000000
2.446526	1.000104	6117.442019	4078.719219	-0.000000	-0.000001	-51.553170	0.002000	1.216755	3.997731	-0.999955	0.000000
2.466526	1.000104	6117.442019	4078.719219	0.000000	-0.000000	-51.553170	0.002000	1.216755	3.997731	-0.999955	0.000000
2.486526	1.000104	6117.442019	4078.719219	-0.000000	-0.000000	-51.553170	0.002000	1.216755	3.997731	-0.999955	0.000000
2.506526	1.000104	6117.442019	4078.719219	0.000000	-0.000002	-51.553170	0.002000	1.216755	3.997731	-0.999955	0.000000
2.526526	1.000104	6117.442019	4078.719219	0.000000	0.000001	-51.553170	0.002000	1.216755	3.997731	-0.999955	0.000000
2.546526	1.000104	6117.442019	4078.719219	-0.000000	0.000002	-51.553170	0.002000	1.216755	3.997731	-0.999955	0.000000
2.566526	1.000104	6117.442019	4078.719219	-0.000000	-0.000000	-51.553170	0.002000	1.216755	3.997731	-0.999955	0.000000
2.586526	1.000104	6117.442019	4078.719219	-0.000000	-0.000001	-51.553170	0.002000	1.216755	3.997731	-0.999955	0.000000
2.606526	1.000104	6117.442019	4078.719219	0.000000	-0.000001	-51.553170	0.002000	1.216755	3.997731	-0.999955	0.000000
2.626526	1.000104	6117.442019	4078.719219	0.000000	0.000001	-51.553170	0.002000	1.216755	3.997731	-0.999955	0.000000
2.646526	1.000104	6117.442019	4078.719219	0.000000	0.000001	-51.553170	0.002000	1.216755	3.997731	-0.999955	0.000000
2.666526	1.000104	6117.442019	4078.719219	-0.000000	0.000000	-51.553170	0.002000	1.216755	3.997731	-0.999955	0.000000
2.686526	1.000104	6117.442019	4078.719219	-0.000000	0.000000	-51.553170	0.002000	1.216755	3.997731	-0.999955	0.000000
2.706526	1.000104	6117.442019	4078.719219	-0.000000	-0.000001	-51.553170	0.002000	1.216755	3.997731	-0.999955	0.000000
2.726526	1.000104	6117.442019	4078.719219	0.000000	-0.000001	-51.553170	0.002000	1.216755	3.997731	-0.999955	0.000000
2.746526	1.000104	6117.442019	4078.719219	0.000000	0.000001	-51.553170	0.002000	1.216755	3.997731	-0.999955	0.000000
2.766526	1.000104	6117.442019	4078.719219	0.000000	0.000001	-51.553170	0.002000	1.216755	3.997731	-0.999955	0.000000
2.786526	1.000104	6117.442019	4078.719219	-0.000000	0.000001	-51.553170	0.002000	1.216755	3.997731	-0.999955	0.000000
2.806526	1.000104	6117.442019	4078.719219	-0.000000	-0.000001	-51.553170	0.002000	1.216755	3.997731	-0.999955	0.000000
2.826526	1.000104	6117.442019	4078.719219	0.000000	-0.000001	-51.553170	0.002000	1.216755	3.997731	-0.999955	0.000000
2.846526	1.000104	6117.442019	4078.719219	0.000000	0.000000	-51.553170	0.002000	1.216755	3.997731	-0.999955	0.000000
2.866526	1.000104	6117.442019	4078.719219	0.000000	0.000001	-51.553170	0.002000	1.216755	3.997731	-0.999955	0.000000
2.886526	1.000104	6117.442019	4078.719219	-0.000000	0.000001	-51.553170	0.002000	1.216755	3.997731	-0.999955	0.000000
2.906526	1.000104	6117.442019	4078.719219	-0.000000	-0.000001	-51.553170	0.002000	1.216755	3.997731	-0.999955	0.000000
2.926526	1.000104	6117.442019	4078.719219	0.000000	-0.000001	-51.553170	0.002000	1.216755	3.997731	-0.999955	0.000000
2.946526	1.000104	6117.442019	4078.719219	0.000000	0.000001	-51.553170	0.002000	1.216755	3.997731	-0.999955	0.000000
2.966526	1.000104	6117.442019	4078.719219	-0.000000	0.000000	-51.553170	0.002000	1.216755	3.997731	-0.999955	0.000000
2.986526	1.000104	6117.442019	4078.719219	0.000000	-0.000001	-51.553170	0.002000	1.216755	3.997731	-0.999955	0.000000
3.006526	1.000104	6117.442019	4078.719219	0.000000	0.000001	-51.553170	0.002000	1.216755	3.997731	-0.999955	0.000000
3.026526	1.000104	6117.442019	4078.719219	-0.000000	0.000001	-51.553170	0.002000	1.216755	3.997731	-0.999955	0.000000
3.046526	1.000104	6117.442019	4078.719219	0.000000	-0.000001	-51.553170	0.002000	1.216755	3.997731	-0.999955	0.000000
3.066526	1.000104	6117.442019	4078.719219	0.000000	0.000001	-51.553170	0.002000	1.216755	3.997731	-0.999955	0.000000
3.086526	1.000104	6117.442019	4078.719219	-0.000000	0.000001	-51.553170	0.002000	1.216755	3.997731	-0.999955	0.000000
3.106526	1.000104	6117.442019	4078.719219	-0.000000	-0.000001	-51.553170	0.002000	1.216755	3.997731	-0.999955	0.000000
3.126526	1.000104	6117.442019	4078.719219	0.000000	-0.000001	-51.553170	0.002000	1.216755	3.997731	-0.999955	0.000000
3.146526	1.000104	6117.442019	4078.719219	0.000000	0.000001	-51.553170	0.002000	1.216755	3.997731	-0.999955	0.000000
3.166526	1.000104	6117.442019	4078.719219	-0.000000	0.000001	-51.553170	0.002000	1.216755	3.997731	-0.999955	0.000000
3.186526	1.000104	6117.442019	4078.719219	-0.000000	0.000000	-51.553170	0.002000	1.216755	3.997731	-0.999955	0.000000
3.206526	1.000104	6117.442019	4078.719219	-0.000000	0.000000	-51.553170	0.002000	1.216755	3.997731	-0.999955	0.000000
3.226526	1.000104	6117.442019	4078.719219	-0.000000	-0.000000	-51.553170	0.002000	1.216755	3.997731	-0.999955	0.000000
3.246526	1.000104	6117.442019	4078.719219	-0.000000	-0.000000	-51.553170	0.002000	1.216755	3.997731	-0.999955	0.000000
3.266526	1.000104	6117.442019	4078.719219	-0.000000	-0.000001	-51.553170	0.002000	1.216755	3.997731	-0.999955	0.000000
3.286526	1.000104	6117.442019	4078.719219	0.000000	0.000000	-51.553170	0.002000	1.216755	3.997731	-0.999955	0.000000
3.306526	1.000104	6117.442019	4078.719219	0.000000	0.000000	-51.553170	0.002000	1.216755	3.997731	-0.999955	0.000000
3.326526	1.000104	6117.442019	4078.719219	0.000000	0.000002	-51.553170	0.002000	1.216755	3.997731	-0.999955	0.000000
3.346526	1.000104	6117.442019	4078.719219	-0.000000	0.000002	-51.553170	0.002000	1.216755	3.997731	-0.999955	0.000000
3.366526	1.000104	6117.442019	4078.719219	-0.000000	-0.000002	-51.553170	0.002000	1.216755	3.997731	-0.999955	0.000000
3.386526	1.000104	6117.442019	4078.719219	0.000000	-0.000001	-51.553170	0.002000	1.216755	3.997731	-0.999955	0.000000
3.406526	1.000104	6117.442019	4078.719219	0.000000	-0.000000	-51.553170	0.002000	1.216755	3.997731	-0.999955	0.000000
3.426526	1.000104	6117.442019	4078.719219	0.000000	-0.000002	-51.553170	0.002000	1.216755	3.997731	-0.999955	0.000000
3.446526	1.000104	6117.442019	4078.719219	0.000000	0.000001	-51.553170	0.002000	1.216755	3.997731	-0.999955	0.000000
3.466526	1.000104	6117.442019	4078.719219	0.000000	0.000001	-51.553170	0.002000	1.216755	3.997731	-0.999955	0.000000
3.486526	1.000104	6117.442019	4078.719219	0.000000	0.000001	-51.553170	0.002000	1.216755	3.997731	-0.999955	0.000000
3.506526	1.000104	6117.442019	4078.719219	-0.000000	0.000000	-51.553170	0.002000	1.216755	3.997731	-0.999955	0.000000
3.526526	1.000104	6117.442019	4078.719219	0.000000	-0.000001	-51.553170	0.002000	1.216755	3.997731	-0.999955	0.000000
3.546526	1.000104	6117.442019	4078.719219	-0.000000	0.000001	-51.553170	0.002000	1.216755	3.997731	-0.999955	0.000000
3.566526	1.000104	6117.442019	4078.719219	-0.000000	-0.000001	-51.553170	0.002000	1.216755	3.997731	-0.999955	0.000000
3.586526	1.000104	6117.442019	4078.719219	-0.000000	0.000000	-51.553170	0.002000	1.216755	3.997731	-0.999955	0.000000
3.606526	1.000104	6117.442019	4078.719219	-0.000000	-0.000001	-51.553170	0.002000	1.216755	3.997731	-0.999955	0.000000
3.626526	1.000104	6117.442019	4078.719219	0.000000	-0.000001	-51.553170	0.002000	1.216755	3.997731	-0.999955	0.000000
3.646526	1.000104	6117.442019	4078.719219	-0.000000	0.000001	-51.553170	0.002000	1.216755	3.997731	-0.999955	0.000000
3.666526	1.000104	6117.442019	4078.719219	-0.000000	-0.000000	-51.553170	0.002000	1.216755	3.997731	-0.999955	0.000000
3.686526	1.000104	6117.442019	4078.719219	0.000000	-0.000000	-51.553170	0.002000	1.216755	3.997731	-0.999955	0.000000
3.706526	1.000104	6117.442019	4078.719219	-0.000000	0.000001	-51.553170	0.002000	1.216755	3.997731	-0.999955	0.000000
3.726526	1.000104	6117.442019	4078.719219	-0.000000	-0.000000	-51.553170	0.002000	1.216755	3.997731	-0.999955	0.000000
3.746526	1.000104	6117.442019	4078.719219	-0.000000	-0.000001	-51.553170	0.002000	1.216755	3.997731	-0.999955	0.000000
3.766526	1.000104	6117.442019	4078.719219	0.000000	-0.000001	-51.553170	0.002000	1.216755	3.997731	-0.999955	0.000000
3.786526	1.000104	6117.442019	4078.719219	0.000000	0.000001	-51.553170	0.002000	1.216755	3.997731	-0.999955	0.000000
3.806526	1.000104	6117.442019	4078.719219	0.000000	0.000001	-51.553170	0.002000	1.216755	3.997731	-0.999955	0.000000
3.826526	1.000104	6117.442019	4078.719219	-0.000000	0.000000	-51.553170	0.002000	1.216755	3.997731	-0.999955	0.000000
3.846526	1.000104	6117.442019	4078.719219	-0.000000	0.000001	-51.553170	0.002000	1.216755	3.997731	-0.999955	0.000000
3.866526	1.000104	6117.442019	4078.719219	-0.000000	0.000001	-51.553170	0.002000	1.216755	3.997731	-0.999955	0.000000
3.886526	1.000104	6117.442019	4078.719219	-0.000000	-0.000002	-51.553170	0.002000	1.216755	3.997731	-0.999955	0.000000
3.906526	1.000104	6117.442019	4078.719219	0.000000	-0.000001	-51.553170	0.002000	1.216755	3.997731	-0.999955	0.000000
3.926526	1.000104	6117.442019	4078.719219	-0.000000	0.000000	-51.553170	0.002000	1.216755	3.997731	-0.999955	0.000000
3.946526	1.000104	6117.442019	4078.719219	0.000000	-0.000002	-51.553170	0.002000	1.216755	3.997731	-0.999955	0.000000
3.966526	1.000104	6117.442019	4078.719219	0.000000	0.000001	-51.553170	0.002000	1.216755	3.997731	-0.999955	0.000000
3.986526	1.000104	6117.442019	4078.719219	-0.000000	0.000002	-51.553170	0.002000	1.216755	3.997731	-0.999955	0.000000
4.006526	1.000104	6117.442019	4078.719219	-0.000000	-0.000001	-51.553170	0.002000	1.216755	3.997731	-0.999955	0.000000
4.026526	1.000104	6117.442019	4078.719219	0.000000	-0.000001	-51.553170	0.002000	1.216755	3.997731	-0.999955	0.000000
4.046526	1.000104	6117.442019	4078.719219	0.000000	0.000001	-51.553170	0.002000	1.216755	3.997731	-0.999955	0.000000
4.066526	1.000104	6117.442019	4078.719219	-0.000000	-0.000001	-51.553170	0.002000	1.216755	3.997731	-0.999955	0.000000
4.086526	1.000104	6117.442019	4078.719219	-0.000000	-0.000007	-51.553170	0.002000	1.216755	3.997731	-0.999955	0.000000
4.106526	1.000104	6117.442019	4078.719219	0.000000	-0.000017	-51.553170	0.002000	1.216755	3.997731	-0.999955	0.000000
4.126526	1.000104	6117.442019	4078.719219	0.000001	-0.000038	-51.553170	0.002000	1.216755	3.997731	-0.999955	0.000000
4.146526	1.000104	6117.442019	4078.719219	0.000001	-0.000101	-51.553170	0.002000	1.216755	3.997731	-0.999955	0.000000
4.166526	1.000104	6117.442019	4078.719219	0.000004	-0.000286	-51.553170	0.002000	1.216755	3.997731	-0.999955	0.000000
4.186526	1.000104	6117.442019	4078.719219	0.000010	-0.000766	-51.553170	0.002000	1.216755	3.997731	-0.999955	0.000000
4.206526	1.000104	6117.442019	4078.719219	0.000027	-0.001971	-51.553170	0.002000	1.216755	3.997731	-0.999955	0.000000
4.226526	1.000104	6117.442019	4078.719219	0.000069	-0.004995	-51.553170	0.002000	1.216755	3.997731	-0.999955	0.000000
4.246526	1.000104	6117.442019	4078.719219	0.000173	-0.012367	-51.553170	0.002000	1.216755	3.997731	-0.999955	0.000000
4.266526	1.000104	6117.442019	4078.719219	0.000424	-0.029996	-51.553170	0.002000	1.216755	3.997731	-0.999955	0.000000
4.286526	1.000104	6117.442018	4078.719218	0.001022	-0.071417	-51.553170	0.002000	1.216755	3.997731	-0.999955	0.000000
4.306526	1.000104	6117.442016	4078.719216	0.002414	-0.166931	-51.553170	0.002000	1.216755	3.997731	-0.999955	0.000000
4.326526	1.000104	6117.442012	4078.719211	0.005601	-0.383199	-51.553170	0.002000	1.216755	3.997731	-0.999955	0.000000
4.346526	1.000104	6117.442003	4078.719201	0.012760	-0.864043	-51.553170	0.002000	1.216755	3.997731	-0.999955	0.000000
4.366526	1.000104	6117.441983	4078.719176	0.028551	-1.913765	-51.553170	0.002000	1.216755	3.997731	-0.999955	0.000000
4.386526	1.000104	6117.441937	4078.719121	0.062749	-4.163804	-51.553170	0.002000	1.216755	3.997731	-0.999955	0.000000
4.406526	1.000104	6117.441837	4078.719001	0.135444	-8.898504	-51.553170	0.002000	1.216755	3.997731	-0.999955	0.000000
4.426526	1.000104	6117.441624	4078.718741	0.287111	-18.677022	-51.553169	0.002000	1.216755	3.997731	-0.999955	0.000000
4.446526	1.000104	6117.441177	4078.718193	0.597537	-38.500224	-51.553169	0.002000	1.216755	3.997730	-0.999955	0.000000
4.466526	1.000104	6117.440254	4078.717052	1.220908	-77.884290	-51.553167	0.002000	1.216755	3.997730	-0.999955	0.000000
4.486526	1.000104	6117.438384	4078.714725	2.448038	-154.620513	-51.553163	0.002000	1.216755	3.997730	-0.999955	0.000000
4.506526	1.000103	6117.434669	4078.710066	4.815361	-301.130601	-51.553155	0.002000	1.216755	3.997730	-0.999955	0.000000
4.526526	1.000102	6117.427428	4078.700917	9.288521	-575.090453	-51.553141	0.002000	1.216755	3.997730	-0.999956	0.000000
4.546526	1.000100	6117.413589	4078.683292	17.562245	-1076.499032	-51.553112	0.002000	1.216755	3.997729	-0.999957	0.000000
4.566526	1.000096	6117.387667	4078.650014	32.532453	-1974.103036	-51.553058	0.002000	1.216755	3.997727	-0.999959	0.000000
4.586526	1.000088	6117.340098	4078.588445	59.009677	-3544.596273	-51.552958	0.002000	1.216755	3.997723	-0.999962	0.000000
4.606527	1.000075	6117.254634	4078.476898	104.747680	-6227.968174	-51.552777	0.002000	1.216755	3.997717	-0.999968	0.000000
4.626528	1.000050	6117.104388	4078.279098	181.846412	-10701.158957	-51.552455	0.002000	1.216755	3.997707	-0.999978	0.000000
4.646529	1.000007	6116.846093	4077.936026	308.538423	-17969.001784	-51.551896	0.002000	1.216755	3.997689	-0.999997	0.000000
4.666531	0.999934	6116.412152	4077.354385	511.265331	-29465.520007	-51.550946	0.002000	1.216755	3.997658	-1.000028	0.000000
4.686536	0.999813	6115.700208	4076.391148	826.784514	-47149.672818	-51.549372	0.002000	1.216755	3.997608	-1.000080	0.000000
4.706543	0.999614	6114.560332	4074.834065	1303.823544	-73568.417889	-51.546824	0.002001	1.216755	3.997528	-1.000166	0.000000
4.726555	0.999298	6112.780565	4072.378921	2003.564365	-111849.234041	-51.542804	0.002001	1.216755	3.997402	-1.000302	0.000000
4.746574	0.998808	6110.072379	4068.605603	2998.083718	-165579.109745	-51.536622	0.002002	1.216755	3.997211	-1.000514	0.000000
4.766606	0.998068	6106.058610	4062.956666	4365.933964	-238534.290104	-51.527360	0.002004	1.216755	3.996927	-1.000833	0.000000
4.786655	0.996979	6100.267158	4054.723614	6184.454153	-334250.674732	-51.513853	0.002006	1.216755	3.996518	-1.001305	0.000000
4.806730	0.995420	6092.133932	4043.046949	8519.208352	-455468.926256	-51.494680	0.002009	1.216755	3.995941	-1.001981	0.000000
4.826841	0.993247	6081.017701	4026.935498	11412.012972	-603542.393093	-51.468192	0.002014	1.216755	3.995152	-1.002925	0.000000
4.847003	0.990299	6066.227584	4005.308046	14870.000441	-777938.930644	-51.432570	0.002020	1.216755	3.994098	-1.004211	0.000000
4.867234	0.986404	6047.061124	3977.056038	18858.566603	-975976.516274	-51.385912	0.002028	1.216755	3.992729	-1.005915	0.000000
4.887555	0.981391	6022.848088	3941.120948	23300.500353	-1192891.731909	-51.326336	0.002038	1.216755	3.990992	-1.008120	0.000000
4.907993	0.975101	5992.993244	3896.575557	28082.110929	-1422255.982973	-51.252093	0.002051	1.216755	3.988839	-1.010904	0.000000
4.928577	0.967393	5957.011237	3842.696399	33065.227974	-1656658.377859	-51.161657	0.002067	1.216755	3.986230	-1.014342	0.000000
4.949342	0.958158	5914.548385	3779.016075	38102.376481	-1888502.946403	-51.053788	0.002087	1.216755	3.983129	-1.018499	0.000000
4.970325	0.947320	5865.389220	3705.348441	43051.804704	-2110751.891270	-50.927566	0.002111	1.216755	3.979510	-1.023430	0.000000
4.991568	0.934840	5809.448715	3621.785516	47789.544616	-2317484.767487	-50.782372	0.002139	1.216755	3.975354	-1.029180	0.000000
5.013116	0.920712	5746.753517	3528.670188	52216.954209	-2504210.646479	-50.617856	0.002172	1.216755	3.970647	-1.035784	0.000000
5.035017	0.904957	5677.416505	3426.552231	56263.587038	-2667942.249334	-50.433872	0.002210	1.216755	3.965380	-1.043271	0.000000
5.057323	0.887623	5601.609078	3316.136028	59886.116938	-2807097.732495	-50.230411	0.002253	1.216755	3.959547	-1.051663	0.000000
5.080089	0.868769	5519.534419	3198.227909	63064.882054	-2921219.267068	-50.007531	0.002302	1.216755	3.953141	-1.060980	0.000000
5.103376	0.848467	5431.404463	3073.688988	65798.345257	-3010852.265155	-49.765287	0.002357	1.216755	3.946154	-1.071243	0.000000
5.127248	0.826789	5337.416831	2943.391847	68101.992990	-3076815.543867	-49.503675	0.002419	1.216755	3.938576	-1.082477	0.000000
5.151774	0.803807	5237.744169	2808.192638	69995.110874	-3120993.473109	-49.222587	0.002488	1.216755	3.930392	-1.094714	0.000000
5.177034	0.779588	5132.532311	2668.915393	71506.266045	-3144781.149607	-48.921748	0.002565	1.216755	3.921582	-1.107996	0.000000
5.203111	0.754188	5021.887964	2526.337584	72665.281342	-3149862.173414	-48.600679	0.002652	1.216755	3.912120	-1.122377	0.000000
5.230105	0.727657	4905.879264	2381.189217	73502.537629	-3137813.631810	-48.258659	0.002749	1.216755	3.901971	-1.137926	0.000000
5.258124	0.700037	4784.512373	2234.157963	74046.354174	-3110186.200638	-47.894676	0.002857	1.216755	3.891094	-1.154728	0.000000
5.287295	0.671369	4657.672621	2085.883883	74322.628987	-3068590.506606	-47.507394	0.002979	1.216755	3.879426	-1.172884	0.000000
5.317765	0.641710	4524.942884	1936.936350	74351.979440	-3014954.107391	-47.095128	0.003117	1.216755	3.866872	-1.192505	0.000000
5.349704	0.611133	4385.328112	1787.742255	74150.967879	-2951748.702602	-46.655835	0.003273	1.216755	3.853262	-1.213705	0.000000
5.383311	0.579735	4236.754914	1638.448159	73728.297431	-2881695.606102	-46.187153	0.003450	1.216755	3.838294	-1.236609	0.000000
5.418817	0.547577	4075.793445	1488.778930	73088.334339	-2807142.546772	-45.686242	0.003652	1.216755	3.821474	-1.261392	0.000000
5.456503	0.514559	3897.868469	1337.945823	72233.346436	-2726859.489430	-45.149696	0.003887	1.216755	3.802091	-1.288400	0.000000
5.496731	0.480214	3699.588625	1185.134393	71162.968369	-2634497.707326	-44.572066	0.004165	1.216755	3.779419	-1.318399	0.000000
5.540026	0.443457	3483.406592	1030.476946	69902.046514	-2515607.164036	-43.944420	0.004510	1.216755	3.753271	-1.352981	0.000000
5.587256	0.402814	3262.935619	876.797687	68447.015895	-2359184.460121	-43.248984	0.004965	1.216755	3.724875	-1.394724	0.000000
5.639869	0.356759	3064.315598	729.283861	66865.582505	-2164371.985503	-42.455647	0.005606	1.216755	3.697598	-1.447450	0.000000
5.700447	0.305054	2920.347159	594.292210	65082.554306	-1950813.095218	-41.510702	0.006556	1.216755	3.676693	-1.515441	0.000000
5.773224	0.248553	2865.840946	475.182529	63270.554706	-1741266.782485	-40.321676	0.008047	1.216755	3.668502	-1.604390	0.000000
5.866418	0.190347	2931.534312	372.246505	61195.334560	-1557796.612419	-38.728391	0.010507	1.216755	3.678334	-1.720251	0.000000
5.994913	0.128070	3166.500205	270.528336	59921.026294	-1366633.638036	-36.338923	0.015616	1.216755	3.711804	-1.892339	0.000000
6.234278	0.071417	4322.619276	205.929246	58197.093029	-1085956.854787	-31.575429	0.028004	1.216755	3.846945	-2.145975	0.000000
-0.002970	3.369686	102390.966502	230017.482056	6.658448	0.000000	0.000658	0.000594	0.000000	5.221425	-0.472413	0.000000
-0.008904	3.376132	102178.349849	229978.551677	19.152531	0.000000	0.001916	0.000592	0.000000	5.220522	-0.471583	0.000000
-0.014821	3.388675	101767.200611	229904.087134	29.296792	0.000000	0.003011	0.000590	0.000000	5.218771	-0.469972	0.000000
-0.020711	3.406667	101184.082300	229800.386942	35.900876	0.000000	0.003853	0.000587	0.000000	5.216274	-0.467672	0.000000
-0.026565	3.429184	100465.311007	229676.018321	38.266240	0.000000	0.004383	0.000583	0.000000	5.213178	-0.464810	0.000000
-0.032378	3.455085	99653.555334	229540.941641	36.269298	0.000000	0.004570	0.000579	0.000000	5.209653	-0.461542	0.000000
-0.038145	3.483092	98793.919501	229405.498505	30.351753	0.000000	0.004421	0.000574	0.000000	5.205890	-0.458035	0.000000
-0.043864	3.511880	97930.254260	229279.412540	21.432675	0.000000	0.003973	0.000569	0.000000	5.202076	-0.454459	0.000000
-0.049536	3.540162	97101.933064	229170.911540	10.757281	0.000000	0.003288	0.000565	0.000000	5.198387	-0.450976	0.000000
-0.055164	3.566786	96341.444153	229086.063052	-0.288121	0.000000	0.002445	0.000561	0.000000	5.194972	-0.447721	0.000000
-0.060751	3.590807	95672.864951	229028.382404	-10.367878	0.000000	0.001530	0.000557	0.000000	5.191947	-0.444806	0.000000
-0.066304	3.611542	95111.253705	228998.736665	-18.367873	0.000000	0.000626	0.000554	0.000000	5.189391	-0.442306	0.000000
-0.071827	3.628598	94662.850915	228995.531333	-23.524813	0.000000	-0.000193	0.000551	0.000000	5.187339	-0.440260	0.000000
-0.077328	3.641869	94325.959583	229015.134833	-25.499249	0.000000	-0.000872	0.000549	0.000000	5.185791	-0.438675	0.000000
-0.082811	3.651506	94092.323407	229052.471254	-24.386237	0.000000	-0.001375	0.000548	0.000000	5.184714	-0.437527	0.000000
-0.088283	3.657869	93948.822414	229101.697647	-20.665640	0.000000	-0.001686	0.000547	0.000000	5.184052	-0.436772	0.000000
-0.093747	3.661459	93879.298892	229156.879304	-15.102505	0.000000	-0.001813	0.000546	0.000000	5.183731	-0.436346	0.000000
