0.002969	3.370221	102372.682570	230012.930566	6.515598	-1919596.635643	-0.000650	0.000593	1.216755	5.221348	-0.472344	0.000000
0.008902	3.376623	102161.677219	229974.480008	18.744600	-1750867.099370	-0.001893	0.000592	1.216755	5.220451	-0.471520	0.000000
0.014819	3.389082	101753.563407	229900.915454	28.682480	-1432962.293553	-0.002976	0.000590	1.216755	5.218712	-0.469920	0.000000
0.020708	3.406959	101174.560595	229798.426398	35.167719	-1001830.260736	-0.003811	0.000587	1.216755	5.216233	-0.467635	0.000000
0.026562	3.429338	100460.533425	229675.435904	37.517231	-504654.507356	-0.004337	0.000583	1.216755	5.213157	-0.464791	0.000000
0.032375	3.455093	99653.652689	229541.744052	35.607224	6513.109705	-0.004526	0.000579	1.216755	5.209654	-0.461540	0.000000
0.038141	3.482960	98798.542658	229407.537065	29.863971	481454.715463	-0.004384	0.000574	1.216755	5.205911	-0.458051	0.000000
0.043861	3.511625	97938.647225	229282.407698	21.178543	877555.245420	-0.003947	0.000570	1.216755	5.202113	-0.454491	0.000000
0.049534	3.539812	97113.046666	229174.492940	10.760181	1164048.522625	-0.003275	0.000565	1.216755	5.198437	-0.451018	0.000000
0.055162	3.566377	96354.071635	229089.819119	-0.043121	1324316.100271	-0.002445	0.000561	1.216755	5.195029	-0.447771	0.000000
0.060750	3.590377	95685.781152	229031.912395	-9.930451	1356277.104767	-0.001542	0.000557	1.216755	5.192006	-0.444858	0.000000
0.066304	3.611129	95123.341579	229001.698097	-17.813627	1271080.617373	-0.000648	0.000554	1.216755	5.189446	-0.442355	0.000000
0.071828	3.628235	94673.202939	228997.676716	-22.942709	1090499.149207	0.000165	0.000551	1.216755	5.187386	-0.440303	0.000000
0.077328	3.641580	94333.945786	229016.333405	-24.977293	843456.050089	0.000842	0.000549	1.216755	5.185827	-0.438709	0.000000
0.082812	3.651305	94097.622162	229052.713791	-23.997813	562148.425902	0.001345	0.000548	1.216755	5.184738	-0.437551	0.000000
0.088284	3.657759	93951.414384	229101.084960	-20.458772	278204.622814	0.001661	0.000547	1.216755	5.184064	-0.436785	0.000000
0.093748	3.661434	93879.428487	229155.597358	-15.093823	19289.389702	0.001795	0.000546	1.216755	5.183731	-0.436349	0.000000
0.099209	3.662901	93864.454190	229210.871406	-8.789070	-193493.671446	0.001766	0.000546	1.216755	5.183662	-0.436175	0.000000
0.104669	3.662746	93889.541393	229262.449882	-2.445375	-347149.210590	0.001610	0.000546	1.216755	5.183778	-0.436194	0.000000
0.110131	3.661520	93939.276748	229307.080782	3.148616	-437174.247724	0.001365	0.000546	1.216755	5.184009	-0.436339	0.000000
0.115595	3.659698	94000.684682	229342.821485	7.413711	-466830.523588	0.001072	0.000546	1.216755	5.184292	-0.436556	0.000000
0.121062	3.657663	94063.725825	229368.979432	10.034880	-445517.352351	0.000769	0.000547	1.216755	5.184584	-0.436797	0.000000
0.126532	3.655691	94121.413174	229385.923698	10.968930	-386578.782123	0.000486	0.000547	1.216755	5.184850	-0.437031	0.000000
0.132005	3.653962	94169.607128	229394.813461	10.409358	-304935.468952	0.000245	0.000547	1.216755	5.185072	-0.437237	0.000000
0.137480	3.652568	94206.577880	229397.292564	8.719683	-214912.735180	0.000058	0.000548	1.216755	5.185242	-0.437402	0.000000
0.142957	3.651533	94232.435165	229395.194978	6.350802	-128552.368328	-0.000072	0.000548	1.216755	5.185361	-0.437525	0.000000
0.148435	3.650831	94248.521033	229390.295863	3.758564	-54571.512238	-0.000147	0.000548	1.216755	5.185435	-0.437609	0.000000
0.153915	3.650411	94256.844670	229384.129685	1.335291	2001.244544	-0.000178	0.000548	1.216755	5.185474	-0.437658	0.000000
0.159394	3.650204	94259.614184	229377.883143	-0.635799	39597.092146	-0.000175	0.000548	1.216755	5.185486	-0.437683	0.000000
0.164874	3.650144	94258.894089	229372.358675	-1.999880	59447.599699	-0.000149	0.000548	1.216755	5.185483	-0.437690	0.000000
0.170354	3.650172	94256.393437	229367.995574	-2.725441	64690.532932	-0.000112	0.000548	1.216755	5.185471	-0.437687	0.000000
0.175834	3.650240	94253.371205	229364.930861	-2.880672	59430.098110	-0.000073	0.000548	1.216755	5.185457	-0.437679	0.000000
0.181313	3.650316	94250.633911	229363.081004	-2.599211	47904.055988	-0.000037	0.000548	1.216755	5.185445	-0.437670	0.000000
0.186793	3.650382	94248.595579	229362.227524	-2.043377	33856.568842	-0.000008	0.000548	1.216755	5.185436	-0.437662	0.000000
0.192272	3.650427	94247.370895	229362.093571	-1.371696	20158.403768	0.000013	0.000548	1.216755	5.185430	-0.437657	0.000000
0.197752	3.650451	94246.877036	229362.403454	-0.715200	8665.922073	0.000026	0.000548	1.216755	5.185428	-0.437654	0.000000
0.203231	3.650457	94246.926462	229362.921940	-0.164385	274.080961	0.000031	0.000548	1.216755	5.185428	-0.437653	0.000000
0.208710	3.650452	94247.300211	229363.474096	0.233645	-4900.700147	0.000032	0.000548	1.216755	5.185430	-0.437654	0.000000
0.214190	3.650440	94247.797730	229363.949138	0.470028	-7275.316735	0.000030	0.000548	1.216755	5.185432	-0.437655	0.000000
0.219669	3.650427	94248.264269	229364.293143	0.564074	-7550.798577	0.000027	0.000548	1.216755	5.185434	-0.437656	0.000000
0.225148	3.650418	94248.599965	229364.495589	0.551398	-6500.920049	0.000023	0.000548	1.216755	5.185436	-0.437658	0.000000
0.230628	3.650413	94248.756167	229364.574060	0.472851	-4821.226307	0.000020	0.000548	1.216755	5.185436	-0.437658	0.000000
0.236107	3.650414	94248.724556	229364.560212	0.366012	-3043.676869	0.000018	0.000548	1.216755	5.185436	-0.437658	0.000000
0.241587	3.650420	94248.523705	229364.488848	0.259933	-1509.100872	0.000017	0.000548	1.216755	5.185435	-0.437657	0.000000
0.247066	3.650432	94248.186374	229364.390737	0.173096	-382.136838	0.000016	0.000548	1.216755	5.185434	-0.437656	0.000000
0.252545	3.650447	94247.749442	229364.288973	0.113925	308.996410	0.000017	0.000548	1.216755	5.185432	-0.437654	0.000000
0.258025	3.650465	94247.247142	229364.198117	0.082904	623.878830	0.000017	0.000548	1.216755	5.185429	-0.437652	0.000000
0.263504	3.650485	94246.707453	229364.125179	0.075401	664.356058	0.000018	0.000548	1.216755	5.185427	-0.437650	0.000000
0.268983	3.650506	94246.150980	229364.071532	0.084412	539.166690	0.000019	0.000548	1.216755	5.185424	-0.437647	0.000000
0.274462	3.650527	94245.591482	229364.035039	0.102745	341.324256	0.000020	0.000548	1.216755	5.185422	-0.437645	0.000000
0.279942	3.650548	94245.037261	229364.011910	0.124457	137.497584	0.000021	0.000548	1.216755	5.185419	-0.437642	0.000000
0.285421	3.650569	94244.492802	229363.998078	0.145511	-33.347119	0.000021	0.000548	1.216755	5.185417	-0.437640	0.000000
0.290900	3.650589	94243.960251	229363.990019	0.163825	-155.494378	0.000022	0.000548	1.216755	5.185414	-0.437637	0.000000
0.296379	3.650609	94243.440554	229363.985119	0.178945	-229.433131	0.000022	0.000548	1.216755	5.185412	-0.437635	0.000000
0.301858	3.650629	94242.934187	229363.981700	0.191539	-264.654269	0.000023	0.000548	1.216755	5.185409	-0.437633	0.000000
0.307337	3.650648	94242.441556	229363.978862	0.202873	-273.779093	0.000023	0.000548	1.216755	5.185407	-0.437630	0.000000
0.312816	3.650666	94241.963140	229363.976245	0.214390	-268.625596	0.000023	0.000548	1.216755	5.185405	-0.437628	0.000000
0.318295	3.650684	94241.499496	229363.973796	0.227424	-258.175380	0.000024	0.000548	1.216755	5.185403	-0.437626	0.000000
0.323774	3.650702	94241.051191	229363.971597	0.243045	-248.035154	0.000024	0.000548	1.216755	5.185401	-0.437624	0.000000
0.329253	3.650718	94240.618725	229363.969745	0.262021	-240.845785	0.000024	0.000548	1.216755	5.185399	-0.437622	0.000000
0.334732	3.650734	94240.202483	229363.968296	0.284830	-237.136547	0.000024	0.000548	1.216755	5.185397	-0.437620	0.000000
0.340211	3.650750	94239.802705	229363.967253	0.311722	-236.241861	0.000025	0.000548	1.216755	5.185395	-0.437618	0.000000
0.345690	3.650765	94239.419489	229363.966573	0.342765	-237.055241	0.000025	0.000548	1.216755	5.185393	-0.437616	0.000000
0.351169	3.650779	94239.052809	229363.966191	0.377894	-238.531668	0.000025	0.000548	1.216755	5.185392	-0.437615	0.000000
0.356648	3.650792	94238.702540	229363.966036	0.416941	-239.939564	0.000026	0.000548	1.216755	5.185390	-0.437613	0.000000
0.362127	3.650805	94238.368477	229363.966049	0.459642	-240.922345	0.000026	0.000548	1.216755	5.185388	-0.437612	0.000000
0.367605	3.650818	94238.050357	229363.966188	0.505649	-241.439254	0.000026	0.000548	1.216755	5.185387	-0.437610	0.000000
0.373084	3.650829	94237.747865	229363.966424	0.554541	-241.651715	0.000026	0.000548	1.216755	5.185386	-0.437609	0.000000
0.378563	3.650841	94237.460642	229363.966744	0.605829	-241.803621	0.000027	0.000548	1.216755	5.185384	-0.437607	0.000000
0.384042	3.650851	94237.188278	229363.967139	0.658970	-242.121410	0.000027	0.000548	1.216755	5.185383	-0.437606	0.000000
0.389520	3.650861	94236.930316	229363.967598	0.713398	-242.747444	0.000027	0.000548	1.216755	5.185382	-0.437605	0.000000
0.394999	3.650871	94236.686248	229363.968105	0.768546	-243.703854	0.000028	0.000548	1.216755	5.185381	-0.437604	0.000000
0.400478	3.650880	94236.455520	229363.968633	0.823863	-244.889262	0.000028	0.000548	1.216755	5.185380	-0.437603	0.000000
0.405957	3.650888	94236.237536	229363.969147	0.878855	-246.096089	0.000028	0.000548	1.216755	5.185379	-0.437602	0.000000
0.411435	3.650896	94236.031670	229363.969604	0.933098	-247.042537	0.000028	0.000548	1.216755	5.185378	-0.437601	0.000000
0.416914	3.650904	94235.837277	229363.969956	0.986254	-247.414374	0.000029	0.000548	1.216755	5.185377	-0.437600	0.000000
0.422393	3.650911	94235.653714	229363.970156	1.038076	-246.910281	0.000029	0.000548	1.216755	5.185376	-0.437599	0.000000
0.427871	3.650917	94235.480348	229363.970163	1.088429	-245.283309	0.000029	0.000548	1.216755	5.185375	-0.437598	0.000000
0.433350	3.650924	94235.316576	229363.969944	1.137271	-242.370362	0.000029	0.000548	1.216755	5.185374	-0.437597	0.000000
0.438828	3.650930	94235.161831	229363.969480	1.184639	-238.112108	0.000030	0.000548	1.216755	5.185374	-0.437597	0.000000
0.444307	3.650935	94235.015594	229363.968765	1.230663	-232.553293	0.000030	0.000548	1.216755	5.185373	-0.437596	0.000000
0.449786	3.650941	94234.877390	229363.967804	1.275540	-225.827234	0.000030	0.000548	1.216755	5.185372	-0.437595	0.000000
0.455264	3.650946	94234.746791	229363.966613	1.319511	-218.129816	0.000030	0.000548	1.216755	5.185372	-0.437595	0.000000
0.460743	3.650951	94234.623407	229363.965216	1.362851	-209.686101	0.000031	0.000548	1.216755	5.185371	-0.437594	0.000000
0.466221	3.650955	94234.506884	229363.963636	1.405867	-200.714415	0.000031	0.000548	1.216755	5.185371	-0.437594	0.000000
0.471700	3.650959	94234.396888	229363.961900	1.448860	-191.396790	0.000031	0.000548	1.216755	5.185370	-0.437593	0.000000
0.477179	3.650963	94234.293106	229363.960026	1.492128	-181.860955	0.000031	0.000548	1.216755	5.185370	-0.437593	0.000000
0.482657	3.650967	94234.195231	229363.958030	1.535957	-172.173151	0.000031	0.000548	1.216755	5.185369	-0.437592	0.000000
0.488136	3.650971	94234.102965	229363.955919	1.580609	-162.341269	0.000032	0.000548	1.216755	5.185369	-0.437592	0.000000
0.493614	3.650974	94234.016011	229363.953694	1.626318	-152.328682	0.000032	0.000548	1.216755	5.185368	-0.437591	0.000000
0.499093	3.650977	94233.934077	229363.951351	1.673286	-142.072139	0.000032	0.000548	1.216755	5.185368	-0.437591	0.000000
0.504571	3.650980	94233.856874	229363.948883	1.721691	-131.499324	0.000032	0.000548	1.216755	5.185368	-0.437591	0.000000
0.510050	3.650983	94233.784121	229363.946279	1.771685	-120.543275	0.000032	0.000548	1.216755	5.185367	-0.437590	0.000000
0.515529	3.650985	94233.715546	229363.943529	1.823392	-109.152629	0.000032	0.000548	1.216755	5.185367	-0.437590	0.000000
0.521007	3.650988	94233.650886	229363.940625	1.876916	-97.297020	0.000032	0.000548	1.216755	5.185367	-0.437590	0.000000
0.526486	3.650990	94233.589893	229363.937559	1.932342	-84.965224	0.000032	0.000548	1.216755	5.185366	-0.437590	0.000000
0.531964	3.650992	94233.532334	229363.934325	1.989739	-72.160684	0.000033	0.000548	1.216755	5.185366	-0.437589	0.000000
0.537443	3.650994	94233.477991	229363.930918	2.049154	-58.897257	0.000033	0.000548	1.216755	5.185366	-0.437589	0.000000
0.542921	3.650996	94233.426658	229363.927336	2.110628	-45.193119	0.000033	0.000548	1.216755	5.185366	-0.437589	0.000000
0.548400	3.650998	94233.378148	229363.923577	2.174181	-31.066072	0.000033	0.000548	1.216755	5.185365	-0.437589	0.000000
0.553878	3.651000	94233.332285	229363.919639	2.239821	-16.532420	0.000033	0.000548	1.216755	5.185365	-0.437588	0.000000
0.559357	3.651001	94233.288904	229363.915522	2.307547	-1.604569	0.000033	0.000548	1.216755	5.185365	-0.437588	0.000000
0.564835	3.651003	94233.247856	229363.911224	2.377342	13.708628	0.000033	0.000548	1.216755	5.185365	-0.437588	0.000000
0.570314	3.651004	94233.208999	229363.906746	2.449172	29.399916	0.000033	0.000548	1.216755	5.185365	-0.437588	0.000000
0.575792	3.651006	94233.172202	229363.902084	2.522996	45.461691	0.000033	0.000548	1.216755	5.185365	-0.437588	0.000000
0.581271	3.651007	94233.137345	229363.897239	2.598763	61.886280	0.000033	0.000548	1.216755	5.185364	-0.437588	0.000000
0.586749	3.651008	94233.104314	229363.892210	2.676401	78.664450	0.000032	0.000548	1.216755	5.185364	-0.437587	0.000000
0.592228	3.651009	94233.073004	229363.886994	2.755838	95.784467	0.000032	0.000548	1.216755	5.185364	-0.437587	0.000000
0.597706	3.651010	94233.043316	229363.881590	2.836986	113.232132	0.000032	0.000548	1.216755	5.185364	-0.437587	0.000000
0.603185	3.651011	94233.015159	229363.875998	2.919749	130.990725	0.000032	0.000548	1.216755	5.185364	-0.437587	0.000000
0.608663	3.651012	94232.988447	229363.870216	3.004034	149.043045	0.000032	0.000548	1.216755	5.185364	-0.437587	0.000000
0.614142	3.651013	94232.963100	229363.864243	3.089737	167.371402	0.000032	0.000548	1.216755	5.185364	-0.437587	0.000000
0.619620	3.651014	94232.939043	229363.858078	3.176744	185.955706	0.000031	0.000548	1.216755	5.185363	-0.437587	0.000000
0.625099	3.651015	94232.916206	229363.851721	3.264952	204.775526	0.000031	0.000548	1.216755	5.185363	-0.437587	0.000000
0.630577	3.651016	94232.894523	229363.845169	3.354261	223.811516	0.000031	0.000548	1.216755	5.185363	-0.437587	0.000000
0.636056	3.651016	94232.873932	229363.838423	3.444563	243.041128	0.000031	0.000548	1.216755	5.185363	-0.437586	0.000000
0.641534	3.651017	94232.854375	229363.831481	3.535755	262.440613	0.000030	0.000548	1.216755	5.185363	-0.437586	0.000000
0.647013	3.651018	94232.835796	229363.824344	3.627755	281.985432	0.000030	0.000548	1.216755	5.185363	-0.437586	0.000000
0.652491	3.651018	94232.818145	229363.817009	3.720475	301.650772	0.000030	0.000548	1.216755	5.185363	-0.437586	0.000000
0.657970	3.651019	94232.801371	229363.809477	3.813819	321.411575	0.000029	0.000548	1.216755	5.185363	-0.437586	0.000000
0.663448	3.651019	94232.785428	229363.801744	3.907778	341.261815	0.000029	0.000548	1.216755	5.185363	-0.437586	0.000000
0.668927	3.651020	94232.770273	229363.793809	4.002270	361.216131	0.000029	0.000548	1.216755	5.185363	-0.437586	0.000000
0.674405	3.651020	94232.755867	229363.785669	4.097170	381.301959	0.000028	0.000548	1.216755	5.185363	-0.437586	0.000000
0.679884	3.651020	94232.742174	229363.777324	4.192696	401.611480	0.000028	0.000548	1.216755	5.185363	-0.437586	0.000000
0.685362	3.651021	94232.729164	229363.768775	4.288694	422.248607	0.000027	0.000548	1.216755	5.185362	-0.437586	0.000000
0.690841	3.651021	94232.716812	229363.760028	4.384714	443.228984	0.000027	0.000548	1.216755	5.185362	-0.437586	0.000000
0.696319	3.651021	94232.705097	229363.751096	4.481878	464.656340	0.000026	0.000548	1.216755	5.185362	-0.437586	0.000000
0.701798	3.651022	94232.693997	229363.741994	4.579632	486.511252	0.000026	0.000548	1.216755	5.185362	-0.437586	0.000000
0.707276	3.651022	94232.683488	229363.732749	4.675724	508.256727	0.000025	0.000548	1.216755	5.185362	-0.437586	0.000000
0.712755	3.651022	94232.673530	229363.723384	4.775355	529.893610	0.000025	0.000548	1.216755	5.185362	-0.437586	0.000000
0.718233	3.651022	94232.664056	229363.713906	4.876463	551.363584	0.000024	0.000548	1.216755	5.185362	-0.437586	0.000000
0.723712	3.651023	94232.654973	229363.704332	4.968082	570.870851	0.000023	0.000548	1.216755	5.185362	-0.437586	0.000000
0.729190	3.651023	94232.646153	229363.694638	5.074062	589.824531	0.000023	0.000548	1.216755	5.185362	-0.437586	0.000000
0.734669	3.651023	94232.637428	229363.684744	5.186860	610.197191	0.000022	0.000548	1.216755	5.185362	-0.437586	0.000000
0.740147	3.651023	94232.628623	229363.674664	5.252931	625.594477	0.000021	0.000548	1.216755	5.185362	-0.437586	0.000000
0.745626	3.651023	94232.619578	229363.664311	5.380928	643.240861	0.000021	0.000548	1.216755	5.185362	-0.437586	0.000000
0.751104	3.651024	94232.610114	229363.653443	5.545124	672.840349	0.000020	0.000548	1.216755	5.185362	-0.437586	0.000000
0.756583	3.651024	94232.600142	229363.642359	5.485852	682.427845	0.000019	0.000548	1.216755	5.185362	-0.437586	0.000000
0.762061	3.651024	94232.589695	229363.630989	5.698006	699.862065	0.000018	0.000548	1.216755	5.185362	-0.437586	0.000000
0.767540	3.651024	94232.578664	229363.618476	6.107733	770.610037	0.000017	0.000548	1.216755	5.185362	-0.437585	0.000000
0.773018	3.651025	94232.567157	229363.606379	5.463536	743.178543	0.000017	0.000548	1.216755	5.185362	-0.437585	0.000000
0.778497	3.651025	94232.555620	229363.594596	6.014669	735.330813	0.000016	0.000548	1.216755	5.185362	-0.437585	0.000000
0.783975	3.651025	94232.543547	229363.578902	7.633626	978.466772	0.000015	0.000548	1.216755	5.185362	-0.437585	0.000000
0.789454	3.651025	94232.531120	229363.566109	4.312067	772.982205	0.000013	0.000548	1.216755	5.185362	-0.437585	0.000000
0.794932	3.651026	94232.520021	229363.556046	6.241528	618.264462	0.000014	0.000548	1.216755	5.185361	-0.437585	0.000000
0.800411	3.651026	94232.507424	229363.528027	13.839964	1678.073613	0.000011	0.000548	1.216755	5.185361	-0.437585	0.000000
0.805889	3.651026	94232.493387	229363.512149	-1.629777	719.117947	0.000009	0.000548	1.216755	5.185361	-0.437585	0.000000
0.811368	3.651026	94232.485511	229363.509938	5.874550	-180.908655	0.000012	0.000548	1.216755	5.185361	-0.437585	0.000000
0.816846	3.651025	94232.470623	229363.421342	43.033849	4774.006841	0.000002	0.000548	1.216755	5.185361	-0.437585	0.000000
0.822324	3.651025	94232.447383	229363.378839	-27.087461	680.000573	-0.000005	0.000548	1.216755	5.185361	-0.437585	0.000000
0.827803	3.651026	94232.451785	229363.399515	2.899770	-3950.592620	0.000015	0.000548	1.216755	5.185361	-0.437585	0.000000
0.833281	3.651021	94232.423824	229362.998981	186.263981	19587.685463	-0.000029	0.000548	1.216755	5.185361	-0.437586	0.000000
0.838760	3.651019	94232.350347	229362.752004	-127.098021	2838.886392	-0.000066	0.000548	1.216755	5.185361	-0.437586	0.000000
0.844238	3.651019	94232.401226	229362.775300	-5.772239	-19963.909198	0.000022	0.000548	1.216755	5.185361	-0.437586	0.000000
0.849717	3.650993	94232.303165	229360.716477	902.123687	92667.477549	-0.000189	0.000548	1.216755	5.185360	-0.437590	0.000000
0.855195	3.650975	94231.961073	229359.018644	-478.127700	27510.436199	-0.000407	0.000548	1.216755	5.185359	-0.437591	0.000000
0.860674	3.650962	94232.170950	229358.340406	24.812099	-80961.741948	-0.000042	0.000548	1.216755	5.185360	-0.437594	0.000000
0.866153	3.650821	94231.685387	229347.201206	4537.485907	461976.930070	-0.001094	0.000548	1.216755	5.185357	-0.437612	0.000000
0.871632	3.650691	94229.892882	229335.667443	-1424.476203	229537.587913	-0.002386	0.000548	1.216755	5.185349	-0.437626	0.000000
0.877111	3.650558	94230.491307	229326.980022	770.683022	-266244.955772	-0.001035	0.000548	1.216755	5.185353	-0.437646	0.000000
0.882590	3.649769	94227.763078	229264.705800	23337.633276	2377105.640295	-0.006446	0.000548	1.216755	5.185336	-0.437747	0.000000
0.888071	3.648875	94217.992897	229188.215591	-1658.409703	1698470.985797	-0.014122	0.000548	1.216755	5.185292	-0.437848	0.000000
0.893553	3.647799	94218.170205	229111.308857	8720.307217	-441572.516658	-0.010161	0.000548	1.216755	5.185296	-0.437998	0.000000
0.899037	3.643271	94201.906352	228754.169413	122595.206558	12631769.432561	-0.038927	0.000549	1.216755	5.185201	-0.438580	0.000000
0.904533	3.637330	94146.980821	228255.821440	23232.193176	11977227.249609	-0.084831	0.000550	1.216755	5.184948	-0.439275	0.000000
0.910035	3.629483	94130.033794	227667.962629	75968.681806	3651639.684073	-0.081583	0.000551	1.216755	5.184883	-0.440330	0.000000
0.915550	3.603361	94027.518776	225600.854728	658560.026664	70857129.966893	-0.238620	0.000555	1.216755	5.184305	-0.443712	0.000000
0.921135	3.565584	93696.511577	222435.118188	312548.774462	89451527.306792	-0.518158	0.000561	1.216755	5.182744	-0.448289	0.000000
0.926769	3.516340	93463.651493	218555.266998	522868.467488	69629452.789748	-0.596611	0.000569	1.216755	5.181694	-0.454881	0.000000
0.932488	3.381770	92713.246203	207562.329576	3565336.297988	466983467.041196	-1.430874	0.000591	1.216755	5.177562	-0.473162	0.000000
0.938599	3.187049	90255.517259	190196.739385	2888907.655019	820675850.574457	-3.197723	0.000628	1.216755	5.165297	-0.498842	0.000000
0.945082	3.022185	87524.716691	174698.148392	749548.046742	771352557.418601	-3.765442	0.000662	1.216755	5.151995	-0.522455	0.000000
0.951799	2.674629	82658.807741	142965.208424	14230225.251656	2666489815.571349	-6.220945	0.000748	1.216755	5.123687	-0.581205	0.000000
0.960233	2.036602	65778.056281	83309.941369	35863373.367795	7281103493.789084	-17.573931	0.000982	1.216755	5.012676	-0.704727	0.000000
0.972821	1.458074	36923.492882	32477.104586	31889728.081131	7564398903.945536	-34.229462	0.001372	1.216755	4.747288	-0.848459	0.000000
0.989546	1.152456	15918.076458	11116.363240	15578874.320272	3656960792.271280	-45.422129	0.001735	1.216755	4.377934	-0.944720	0.000000
1.008523	1.040452	7952.906582	5277.721175	4845578.936385	906910060.538102	-50.012891	0.001922	1.216755	4.094610	-0.984912	0.000000
1.028290	1.008958	6352.002267	4238.895169	1043538.579069	125137081.184475	-51.257603	0.001982	1.216755	4.011169	-0.996664	0.000000
1.048248	1.001745	6147.089200	4100.769979	182397.956489	15099393.637779	-51.505327	0.001997	1.216755	3.999469	-0.999352	0.000000
1.068241	1.000366	6121.583113	4081.914099	27074.356455	2040950.360894	-51.546572	0.001999	1.216755	3.997975	-0.999860	0.000000
1.088240	1.000140	6118.039388	4079.172975	3409.379126	296183.158904	-51.552387	0.002000	1.216755	3.997766	-0.999942	0.000000
1.108240	1.000108	6117.525086	4078.779622	371.931342	42310.836294	-51.553089	0.002000	1.216755	3.997735	-0.999953	0.000000
1.128240	1.000105	6117.452810	4078.726649	34.974163	5683.779490	-51.553163	0.002000	1.216755	3.997731	-0.999955	0.000000
1.148240	1.000104	6117.443317	4078.720063	2.795641	706.418722	-51.553170	0.002000	1.216755	3.997731	-0.999955	0.000000
1.168240	1.000104	6117.442164	4078.719309	0.195251	81.058521	-51.553170	0.002000	1.216755	3.997731	-0.999955	0.000000
1.188240	1.000104	6117.442034	4078.719228	0.015325	8.646551	-51.553170	0.002000	1.216755	3.997731	-0.999955	0.000000
1.208240	1.000104	6117.442021	4078.719220	0.002198	0.875793	-51.553170	0.002000	1.216755	3.997731	-0.999955	0.000000
1.228240	1.000104	6117.442019	4078.719220	0.000448	0.088243	-51.553170	0.002000	1.216755	3.997731	-0.999955	0.000000
1.248240	1.000104	6117.442019	4078.719220	0.000085	0.009524	-51.553170	0.002000	1.216755	3.997731	-0.999955	0.000000
1.268240	1.000104	6117.442019	4078.719220	0.000014	0.001168	-51.553170	0.002000	1.216755	3.997731	-0.999955	0.000000
1.288240	1.000104	6117.442019	4078.719219	0.000002	0.000159	-51.553170	0.002000	1.216755	3.997731	-0.999955	0.000000
1.308240	1.000104	6117.442019	4078.719219	0.000000	0.000022	-51.553170	0.002000	1.216755	3.997731	-0.999955	0.000000
1.328240	1.000104	6117.442019	4078.719219	0.000000	0.000002	-51.553170	0.002000	1.216755	3.997731	-0.999955	0.000000
1.348240	1.000104	6117.442019	4078.719219	0.000000	0.000000	-51.553170	0.002000	1.216755	3.997731	-0.999955	0.000000
1.368240	1.000104	6117.442019	4078.719219	0.000000	0.000001	-51.553170	0.002000	1.216755	3.997731	-0.999955	0.000000
1.388240	1.000104	6117.442019	4078.719219	-0.000000	0.000002	-51.553170	0.002000	1.216755	3.997731	-0.999955	0.000000
1.408240	1.000104	6117.442019	4078.719219	-0.000000	-0.000002	-51.553170	0.002000	1.216755	3.997731	-0.999955	0.000000
1.428240	1.000104	6117.442019	4078.719219	0.000000	-0.000001	-51.553170	0.002000	1.216755	3.997731	-0.999955	0.000000
1.448240	1.000104	6117.442019	4078.719219	0.000000	-0.000000	-51.553170	0.002000	1.216755	3.997731	-0.999955	0.000000
1.468240	1.000104	6117.442019	4078.719219	0.000000	0.000001	-51.553170	0.002000	1.216755	3.997731	-0.999955	0.000000
1.488240	1.000104	6117.442019	4078.719219	-0.000000	0.000000	-51.553170	0.002000	1.216755	3.997731	-0.999955	0.000000
1.508240	1.000104	6117.442019	4078.719219	-0.000000	0.000001	-51.553170	0.002000	1.216755	3.997731	-0.999955	0.000000
1.528240	1.000104	6117.442019	4078.719219	-0.000000	-0.000000	-51.553170	0.002000	1.216755	3.997731	-0.999955	0.000000
1.548240	1.000104	6117.442019	4078.719219	0.000000	-0.000001	-51.553170	0.002000	1.216755	3.997731	-0.999955	0.000000
1.568240	1.000104	6117.442019	4078.719219	0.000000	0.000001	-51.553170	0.002000	1.216755	3.997731	-0.999955	0.000000
1.588240	1.000104	6117.442019	4078.719219	-0.000000	-0.000000	-51.553170	0.002000	1.216755	3.997731	-0.999955	0.000000
1.608240	1.000104	6117.442019	4078.719219	-0.000000	-0.000001	-51.553170	0.002000	1.216755	3.997731	-0.999955	0.000000
1.628240	1.000104	6117.442019	4078.719219	0.000000	-0.000001	-51.553170	0.002000	1.216755	3.997731	-0.999955	0.000000
1.648240	1.000104	6117.442019	4078.719219	0.000000	0.000000	-51.553170	0.002000	1.216755	3.997731	-0.999955	0.000000
1.668240	1.000104	6117.442019	4078.719219	0.000000	0.000001	-51.553170	0.002000	1.216755	3.997731	-0.999955	0.000000
1.688240	1.000104	6117.442019	4078.719219	-0.000000	0.000001	-51.553170	0.002000	1.216755	3.997731	-0.999955	0.000000
1.708240	1.000104	6117.442019	4078.719219	-0.000000	-0.000000	-51.553170	0.002000	1.216755	3.997731	-0.999955	0.000000
1.728240	1.000104	6117.442019	4078.719219	0.000000	-0.000000	-51.553170	0.002000	1.216755	3.997731	-0.999955	0.000000
1.748240	1.000104	6117.442019	4078.719219	-0.000000	0.000001	-51.553170	0.002000	1.216755	3.997731	-0.999955	0.000000
1.768240	1.000104	6117.442019	4078.719219	-0.000000	-0.000001	-51.553170	0.002000	1.216755	3.997731	-0.999955	0.000000
1.788240	1.000104	6117.442019	4078.719219	0.000000	-0.000000	-51.553170	0.002000	1.216755	3.997731	-0.999955	0.000000
1.808240	1.000104	6117.442019	4078.719219	0.000000	0.000001	-51.553170	0.002000	1.216755	3.997731	-0.999955	0.000000
1.828240	1.000104	6117.442019	4078.719219	-0.000000	0.000000	-51.553170	0.002000	1.216755	3.997731	-0.999955	0.000000
1.848240	1.000104	6117.442019	4078.719219	-0.000000	0.000001	-51.553170	0.002000	1.216755	3.997731	-0.999955	0.000000
1.868240	1.000104	6117.442019	4078.719219	-0.000000	-0.000001	-51.553170	0.002000	1.216755	3.997731	-0.999955	0.000000
1.888240	1.000104	6117.442019	4078.719219	0.000000	-0.000001	-51.553170	0.002000	1.216755	3.997731	-0.999955	0.000000
1.908240	1.000104	6117.442019	4078.719219	0.000000	-0.000000	-51.553170	0.002000	1.216755	3.997731	-0.999955	0.000000
1.928240	1.000104	6117.442019	4078.719219	0.000000	0.000000	-51.553170	0.002000	1.216755	3.997731	-0.999955	0.000000
1.948240	1.000104	6117.442019	4078.719219	0.000000	-0.000000	-51.553170	0.002000	1.216755	3.997731	-0.999955	0.000000
1.968240	1.000104	6117.442019	4078.719219	0.000000	0.000001	-51.553170	0.002000	1.216755	3.997731	-0.999955	0.000000
1.988240	1.000104	6117.442019	4078.719219	-0.000000	0.000000	-51.553170	0.002000	1.216755	3.997731	-0.999955	0.000000
2.008240	1.000104	6117.442019	4078.719219	0.000000	-0.000002	-51.553170	0.002000	1.216755	3.997731	-0.999955	0.000000
2.028240	1.000104	6117.442019	4078.719219	0.000000	0.000000	-51.553170	0.002000	1.216755	3.997731	-0.999955	0.000000
2.048240	1.000104	6117.442019	4078.719219	0.000000	0.000001	-51.553170	0.002000	1.216755	3.997731	-0.999955	0.000000
2.068240	1.000104	6117.442019	4078.719219	-0.000000	0.000000	-51.553170	0.002000	1.216755	3.997731	-0.999955	0.000000
2.088240	1.000104	6117.442019	4078.719219	-0.000000	0.000000	-51.553170	0.002000	1.216755	3.997731	-0.999955	0.000000
2.108240	1.000104	6117.442019	4078.719219	-0.000000	-0.000000	-51.553170	0.002000	1.216755	3.997731	-0.999955	0.000000
2.128240	1.000104	6117.442019	4078.719219	-0.000000	-0.000001	-51.553170	0.002000	1.216755	3.997731	-0.999955	0.000000
2.148240	1.000104	6117.442019	4078.719219	0.000000	-0.000001	-51.553170	0.002000	1.216755	3.997731	-0.999955	0.000000
2.168240	1.000104	6117.442019	4078.719219	0.000000	-0.000000	-51.553170	0.002000	1.216755	3.997731	-0.999955	0.000000
2.188240	1.000104	6117.442019	4078.719219	0.000000	0.000001	-51.553170	0.002000	1.216755	3.997731	-0.999955	0.000000
2.208240	1.000104	6117.442019	4078.719219	-0.000000	0.000002	-51.553170	0.002000	1.216755	3.997731	-0.999955	0.000000
2.228240	1.000104	6117.442019	4078.719219	-0.000000	0.000002	-51.553170	0.002000	1.216755	3.997731	-0.999955	0.000000
2.248240	1.000104	6117.442019	4078.719219	0.000000	0.000001	-51.553170	0.002000	1.216755	3.997731	-0.999955	0.000000
2.268240	1.000104	6117.442019	4078.719219	0.000000	-0.000001	-51.553170	0.002000	1.216755	3.997731	-0.999955	0.000000
2.288240	1.000104	6117.442019	4078.719219	-0.000000	-0.000002	-51.553170	0.002000	1.216755	3.997731	-0.999955	0.000000
2.308240	1.000104	6117.442019	4078.719219	-0.000000	-0.000001	-51.553170	0.002000	1.216755	3.997731	-0.999955	0.000000
2.328240	1.000104	6117.442019	4078.719219	0.000000	-0.000000	-51.553170	0.002000	1.216755	3.997731	-0.999955	0.000000
2.348240	1.000104	6117.442019	4078.719219	0.000000	0.000001	-51.553170	0.002000	1.216755	3.997731	-0.999955	0.000000
2.368240	1.000104	6117.442019	4078.719219	-0.000000	0.000001	-51.553170	0.002000	1.216755	3.997731	-0.999955	0.000000
2.388240	1.000104	6117.442019	4078.719219	-0.000000	0.000000	-51.553170	0.002000	1.216755	3.997731	-0.999955	0.000000
2.408240	1.000104	6117.442019	4078.719219	-0.000000	-0.000001	-51.553170	0.002000	1.216755	3.997731	-0.999955	0.000000
2.428240	1.000104	6117.442019	4078.719219	0.000000	0.000000	-51.553170	0.002000	1.216755	3.997731	-0.999955	0.000000
2.448240	1.000104	6117.442019	4078.719219	-0.000000	0.000001	-51.553170	0.002000	1.216755	3.997731	-0.999955	0.000000
2.468240	1.000104	6117.442019	4078.719219	-0.000000	-0.000002	-51.553170	0.002000	1.216755	3.997731	-0.999955	0.000000
2.488240	1.000104	6117.442019	4078.719219	0.000000	-0.000001	-51.553170	0.002000	1.216755	3.997731	-0.999955	0.000000
2.508240	1.000104	6117.442019	4078.719219	-0.000000	0.000001	-51.553170	0.002000	1.216755	3.997731	-0.999955	0.000000
2.528240	1.000104	6117.442019	4078.719219	-0.000000	0.000001	-51.553170	0.002000	1.216755	3.997731	-0.999955	0.000000
2.548240	1.000104	6117.442019	4078.719219	-0.000000	-0.000001	-51.553170	0.002000	1.216755	3.997731	-0.999955	0.000000
2.568240	1.000104	6117.442019	4078.719219	0.000000	-0.000001	-51.553170	0.002000	1.216755	3.997731	-0.999955	0.000000
2.588240	1.000104	6117.442019	4078.719219	0.000000	0.000001	-51.553170	0.002000	1.216755	3.997731	-0.999955	0.000000
2.608240	1.000104	6117.442019	4078.719219	0.000000	0.000001	-51.553170	0.002000	1.216755	3.997731	-0.999955	0.000000
2.628240	1.000104	6117.442019	4078.719219	-0.000000	0.000000	-51.553170	0.002000	1.216755	3.997731	-0.999955	0.000000
2.648240	1.000104	6117.442019	4078.719219	-0.000000	0.000000	-51.553170	0.002000	1.216755	3.997731	-0.999955	0.000000
2.668240	1.000104	6117.442019	4078.719219	-0.000000	-0.000001	-51.553170	0.002000	1.216755	3.997731	-0.999955	0.000000
2.688240	1.000104	6117.442019	4078.719219	0.000000	-0.000001	-51.553170	0.002000	1.216755	3.997731	-0.999955	0.000000
2.708240	1.000104	6117.442019	4078.719219	0.000000	0.000001	-51.553170	0.002000	1.216755	3.997731	-0.999955	0.000000
2.728240	1.000104	6117.442019	4078.719219	0.000000	0.000001	-51.553170	0.002000	1.216755	3.997731	-0.999955	0.000000
2.748240	1.000104	6117.442019	4078.719219	-0.000000	0.000001	-51.553170	0.002000	1.216755	3.997731	-0.999955	0.000000
2.768240	1.000104	6117.442019	4078.719219	0.000000	-0.000002	-51.553170	0.002000	1.216755	3.997731	-0.999955	0.000000
2.788240	1.000104	6117.442019	4078.719219	0.000000	-0.000000	-51.553170	0.002000	1.216755	3.997731	-0.999955	0.000000
2.808240	1.000104	6117.442019	4078.719219	-0.000000	0.000001	-51.553170	0.002000	1.216755	3.997731	-0.999955	0.000000
2.828240	1.000104	6117.442019	4078.719219	-0.000000	0.000000	-51.553170	0.002000	1.216755	3.997731	-0.999955	0.000000
2.848240	1.000104	6117.442019	4078.719219	-0.000000	-0.000000	-51.553170	0.002000	1.216755	3.997731	-0.999955	0.000000
2.868240	1.000104	6117.442019	4078.719219	-0.000000	-0.000000	-51.553170	0.002000	1.216755	3.997731	-0.999955	0.000000
2.888240	1.000104	6117.442019	4078.719219	-0.000000	-0.000001	-51.553170	0.002000	1.216755	3.997731	-0.999955	0.000000
2.908240	1.000104	6117.442019	4078.719219	0.000000	0.000001	-51.553170	0.002000	1.216755	3.997731	-0.999955	0.000000
2.928240	1.000104	6117.442019	4078.719219	-0.000000	0.000001	-51.553170	0.002000	1.216755	3.997731	-0.999955	0.000000
2.948240	1.000104	6117.442019	4078.719219	-0.000000	-0.000002	-51.553170	0.002000	1.216755	3.997731	-0.999955	0.000000
2.968240	1.000104	6117.442019	4078.719219	0.000000	0.000000	-51.553170	0.002000	1.216755	3.997731	-0.999955	0.000000
2.988240	1.000104	6117.442019	4078.719219	-0.000000	0.000001	-51.553170	0.002000	1.216755	3.997731	-0.999955	0.000000
3.008240	1.000104	6117.442019	4078.719219	0.000000	-0.000001	-51.553170	0.002000	1.216755	3.997731	-0.999955	0.000000
3.028240	1.000104	6117.442019	4078.719219	0.000000	0.000001	-51.553170	0.002000	1.216755	3.997731	-0.999955	0.000000
3.048240	1.000104	6117.442019	4078.719219	0.000000	0.000001	-51.553170	0.002000	1.216755	3.997731	-0.999955	0.000000
3.068240	1.000104	6117.442019	4078.719219	-0.000000	-0.000000	-51.553170	0.002000	1.216755	3.997731	-0.999955	0.000000
3.088240	1.000104	6117.442019	4078.719219	-0.000000	-0.000001	-51.553170	0.002000	1.216755	3.997731	-0.999955	0.000000
3.108240	1.000104	6117.442019	4078.719219	0.000000	-0.000001	-51.553170	0.002000	1.216755	3.997731	-0.999955	0.000000
3.128240	1.000104	6117.442019	4078.719219	0.000000	0.000002	-51.553170	0.002000	1.216755	3.997731	-0.999955	0.000000
3.148240	1.000104	6117.442019	4078.719219	-0.000000	0.000001	-51.553170	0.002000	1.216755	3.997731	-0.999955	0.000000
3.168240	1.000104	6117.442019	4078.719219	-0.000000	-0.000001	-51.553170	0.002000	1.216755	3.997731	-0.999955	0.000000
3.188240	1.000104	6117.442019	4078.719219	0.000000	-0.000000	-51.553170	0.002000	1.216755	3.997731	-0.999955	0.000000
3.208240	1.000104	6117.442019	4078.719219	-0.000000	-0.000000	-51.553170	0.002000	1.216755	3.997731	-0.999955	0.000000
3.228240	1.000104	6117.442019	4078.719219	0.000000	-0.000001	-51.553170	0.002000	1.216755	3.997731	-0.999955	0.000000
3.248240	1.000104	6117.442019	4078.719219	-0.000000	0.000001	-51.553170	0.002000	1.216755	3.997731	-0.999955	0.000000
3.268240	1.000104	6117.442019	4078.719219	0.000000	-0.000000	-51.553170	0.002000	1.216755	3.997731	-0.999955	0.000000
3.288240	1.000104	6117.442019	4078.719219	0.000000	0.000001	-51.553170	0.002000	1.216755	3.997731	-0.999955	0.000000
3.308240	1.000104	6117.442019	4078.719219	-0.000000	0.000002	-51.553170	0.002000	1.216755	3.997731	-0.999955	0.000000
3.328240	1.000104	6117.442019	4078.719219	-0.000000	-0.000002	-51.553170	0.002000	1.216755	3.997731	-0.999955	0.000000
3.348240	1.000104	6117.442019	4078.719219	0.000000	-0.000001	-51.553170	0.002000	1.216755	3.997731	-0.999955	0.000000
3.368240	1.000104	6117.442019	4078.719219	0.000000	0.000001	-51.553170	0.002000	1.216755	3.997731	-0.999955	0.000000
3.388240	1.000104	6117.442019	4078.719219	0.000000	-0.000001	-51.553170	0.002000	1.216755	3.997731	-0.999955	0.000000
3.408240	1.000104	6117.442019	4078.719219	0.000000	0.000001	-51.553170	0.002000	1.216755	3.997731	-0.999955	0.000000
3.428240	1.000104	6117.442019	4078.719219	0.000000	0.000000	-51.553170	0.002000	1.216755	3.997731	-0.999955	0.000000
3.448240	1.000104	6117.442019	4078.719219	0.000000	0.000001	-51.553170	0.002000	1.216755	3.997731	-0.999955	0.000000
3.468240	1.000104	6117.442019	4078.719219	-0.000000	-0.000000	-51.553170	0.002000	1.216755	3.997731	-0.999955	0.000000
3.488240	1.000104	6117.442019	4078.719219	0.000000	-0.000001	-51.553170	0.002000	1.216755	3.997731	-0.999955	0.000000
3.508240	1.000104	6117.442019	4078.719219	-0.000000	0.000003	-51.553170	0.002000	1.216755	3.997731	-0.999955	0.000000
3.528240	1.000104	6117.442019	4078.719219	-0.000000	-0.000001	-51.553170	0.002000	1.216755	3.997731	-0.999955	0.000000
3.548240	1.000104	6117.442019	4078.719219	-0.000000	-0.000001	-51.553170	0.002000	1.216755	3.997731	-0.999955	0.000000
3.568240	1.000104	6117.442019	4078.719219	-0.000000	-0.000002	-51.553170	0.002000	1.216755	3.997731	-0.999955	0.000000
3.588240	1.000104	6117.442019	4078.719219	0.000000	-0.000000	-51.553170	0.002000	1.216755	3.997731	-0.999955	0.000000
3.608240	1.000104	6117.442019	4078.719219	-0.000000	0.000003	-51.553170	0.002000	1.216755	3.997731	-0.999955	0.000000
3.628240	1.000104	6117.442019	4078.719219	-0.000000	-0.000001	-51.553170	0.002000	1.216755	3.997731	-0.999955	0.000000
3.648240	1.000104	6117.442019	4078.719219	0.000000	-0.000001	-51.553170	0.002000	1.216755	3.997731	-0.999955	0.000000
3.668240	1.000104	6117.442019	4078.719219	0.000000	-0.000000	-51.553170	0.002000	1.216755	3.997731	-0.999955	0.000000
3.688240	1.000104	6117.442019	4078.719219	0.000000	0.000001	-51.553170	0.002000	1.216755	3.997731	-0.999955	0.000000
3.708240	1.000104	6117.442019	4078.719219	-0.000000	-0.000001	-51.553170	0.002000	1.216755	3.997731	-0.999955	0.000000
3.728240	1.000104	6117.442019	4078.719219	0.000000	-0.000002	-51.553170	0.002000	1.216755	3.997731	-0.999955	0.000000
3.748240	1.000104	6117.442019	4078.719219	0.000000	0.000002	-51.553170	0.002000	1.216755	3.997731	-0.999955	0.000000
3.768240	1.000104	6117.442019	4078.719219	0.000000	0.000001	-51.553170	0.002000	1.216755	3.997731	-0.999955	0.000000
3.788240	1.000104	6117.442019	4078.719219	-0.000000	0.000000	-51.553170	0.002000	1.216755	3.997731	-0.999955	0.000000
3.808240	1.000104	6117.442019	4078.719219	-0.000000	0.000001	-51.553170	0.002000	1.216755	3.997731	-0.999955	0.000000
3.828240	1.000104	6117.442019	4078.719219	-0.000000	-0.000000	-51.553170	0.002000	1.216755	3.997731	-0.999955	0.000000
3.848240	1.000104	6117.442019	4078.719219	0.000000	-0.000002	-51.553170	0.002000	1.216755	3.997731	-0.999955	0.000000
3.868240	1.000104	6117.442019	4078.719219	0.000000	0.000001	-51.553170	0.002000	1.216755	3.997731	-0.999955	0.000000
3.888240	1.000104	6117.442019	4078.719219	-0.000000	0.000000	-51.553170	0.002000	1.216755	3.997731	-0.999955	0.000000
3.908240	1.000104	6117.442019	4078.719219	0.000000	-0.000003	-51.553170	0.002000	1.216755	3.997731	-0.999955	0.000000
3.928240	1.000104	6117.442019	4078.719219	0.000000	0.000001	-51.553170	0.002000	1.216755	3.997731	-0.999955	0.000000
3.948240	1.000104	6117.442019	4078.719219	-0.000000	0.000002	-51.553170	0.002000	1.216755	3.997731	-0.999955	0.000000
3.968240	1.000104	6117.442019	4078.719219	-0.000000	-0.000001	-51.553170	0.002000	1.216755	3.997731	-0.999955	0.000000
3.988240	1.000104	6117.442019	4078.719219	0.000000	-0.000002	-51.553170	0.002000	1.216755	3.997731	-0.999955	0.000000
4.008240	1.000104	6117.442019	4078.719219	0.000000	0.000001	-51.553170	0.002000	1.216755	3.997731	-0.999955	0.000000
4.028240	1.000104	6117.442019	4078.719219	-0.000000	-0.000003	-51.553170	0.002000	1.216755	3.997731	-0.999955	0.000000
4.048240	1.000104	6117.442019	4078.719219	0.000000	-0.000014	-51.553170	0.002000	1.216755	3.997731	-0.999955	0.000000
4.068240	1.000104	6117.442019	4078.719219	0.000001	-0.000031	-51.553170	0.002000	1.216755	3.997731	-0.999955	0.000000
4.088240	1.000104	6117.442019	4078.719219	0.000001	-0.000074	-51.553170	0.002000	1.216755	3.997731	-0.999955	0.000000
4.108240	1.000104	6117.442019	4078.719219	0.000003	-0.000204	-51.553170	0.002000	1.216755	3.997731	-0.999955	0.000000
4.128240	1.000104	6117.442019	4078.719219	0.000007	-0.000554	-51.553170	0.002000	1.216755	3.997731	-0.999955	0.000000
4.148240	1.000104	6117.442019	4078.719219	0.000019	-0.001437	-51.553170	0.002000	1.216755	3.997731	-0.999955	0.000000
4.168240	1.000104	6117.442019	4078.719219	0.000050	-0.003620	-51.553170	0.002000	1.216755	3.997731	-0.999955	0.000000
4.188240	1.000104	6117.442019	4078.719219	0.000125	-0.008958	-51.553170	0.002000	1.216755	3.997731	-0.999955	0.000000
4.208240	1.000104	6117.442019	4078.719219	0.000307	-0.021743	-51.553170	0.002000	1.216755	3.997731	-0.999955	0.000000
4.228240	1.000104	6117.442018	4078.719218	0.000740	-0.051773	-51.553170	0.002000	1.216755	3.997731	-0.999955	0.000000
4.248240	1.000104	6117.442017	4078.719217	0.001750	-0.121087	-51.553170	0.002000	1.216755	3.997731	-0.999955	0.000000
4.268240	1.000104	6117.442014	4078.719214	0.004063	-0.278197	-51.553170	0.002000	1.216755	3.997731	-0.999955	0.000000
4.288240	1.000104	6117.442008	4078.719206	0.009267	-0.628011	-51.553170	0.002000	1.216755	3.997731	-0.999955	0.000000
4.308240	1.000104	6117.441993	4078.719188	0.020763	-1.393077	-51.553170	0.002000	1.216755	3.997731	-0.999955	0.000000
4.328240	1.000104	6117.441959	4078.719148	0.045707	-3.036475	-51.553170	0.002000	1.216755	3.997731	-0.999955	0.000000
4.348240	1.000104	6117.441887	4078.719060	0.098857	-6.503158	-51.553170	0.002000	1.216755	3.997731	-0.999955	0.000000
4.368240	1.000104	6117.441731	4078.718871	0.210038	-13.683205	-51.553170	0.002000	1.216755	3.997731	-0.999955	0.000000
4.388240	1.000104	6117.441403	4078.718469	0.438270	-28.288623	-51.553169	0.002000	1.216755	3.997731	-0.999955	0.000000
4.408240	1.000104	6117.440725	4078.717632	0.898237	-57.407747	-51.553168	0.002000	1.216755	3.997730	-0.999955	0.000000
4.428240	1.000104	6117.439347	4078.715920	1.807208	-114.377036	-51.553165	0.002000	1.216755	3.997730	-0.999955	0.000000
4.448240	1.000103	6117.436600	4078.712480	3.568394	-223.642331	-51.553159	0.002000	1.216755	3.997730	-0.999955	0.000000
4.468240	1.000103	6117.431224	4078.705697	6.912373	-428.990105	-51.553148	0.002000	1.216755	3.997730	-0.999956	0.000000
4.488240	1.000101	6117.420903	4078.692576	13.130764	-806.922120	-51.553127	0.002000	1.216755	3.997729	-0.999956	0.000000
4.508240	1.000098	6117.401476	4078.667686	24.448935	-1487.649002	-51.553087	0.002000	1.216755	3.997728	-0.999958	0.000000
4.528241	1.000092	6117.365636	4078.621399	44.598008	-2686.753570	-51.553012	0.002000	1.216755	3.997725	-0.999960	0.000000
4.548241	1.000082	6117.300870	4078.537064	79.655271	-4750.816049	-51.552875	0.002000	1.216755	3.997721	-0.999964	0.000000
4.568241	1.000063	6117.186283	4078.386595	139.217878	-8219.718257	-51.552630	0.002000	1.216755	3.997713	-0.999972	0.000000
4.588242	1.000031	6116.987925	4078.123863	237.944410	-13906.281607	-51.552202	0.002000	1.216755	3.997699	-0.999986	0.000000
4.608244	0.999975	6116.652172	4077.675177	397.426885	-22989.588652	-51.551470	0.002000	1.216755	3.997675	-1.000011	0.000000
4.628247	0.999880	6116.096837	4076.926244	648.227729	-37111.237738	-51.550246	0.002000	1.216755	3.997636	-1.000051	0.000000
4.648253	0.999725	6115.199914	4075.705249	1031.729635	-58454.065221	-51.548249	0.002001	1.216755	3.997573	-1.000118	0.000000
4.668262	0.999476	6113.786323	4073.762352	1601.224062	-89772.161232	-51.545069	0.002001	1.216755	3.997473	-1.000226	0.000000
4.688278	0.999085	6111.613766	4070.746940	2421.469537	-134333.029571	-51.540131	0.002002	1.216755	3.997320	-1.000394	0.000000
4.708302	0.998490	6108.359645	4066.185374	3565.893532	-195733.126675	-51.532655	0.002003	1.216755	3.997090	-1.000651	0.000000
4.728341	0.997605	6103.611874	4059.463500	5110.819762	-277563.187206	-51.521633	0.002005	1.216755	3.996754	-1.001034	0.000000
4.748401	0.996323	6096.866885	4049.819392	7126.677123	-382932.852209	-51.505808	0.002007	1.216755	3.996277	-1.001589	0.000000
4.768491	0.994515	6087.537867	4036.351996	9667.047873	-513911.827350	-51.483688	0.002011	1.216755	3.995615	-1.002374	0.000000
4.788624	0.992032	6074.974974	4018.049970	12757.426296	-670992.756668	-51.453584	0.002016	1.216755	3.994721	-1.003454	0.000000
4.808814	0.988713	6058.496979	3993.841760	16386.262427	-852708.274491	-51.413680	0.002023	1.216755	3.993546	-1.004904	0.000000
4.829081	0.984391	6037.431099	3962.663412	20500.837964	-1055521.099400	-51.362126	0.002032	1.216755	3.992039	-1.006800	0.000000
4.849449	0.978901	6011.155373	3923.535898	25009.559355	-1274046.566018	-51.297145	0.002043	1.216755	3.990150	-1.009220	0.000000
4.869944	0.972098	5979.136933	3875.640539	29790.591041	-1501578.522205	-51.217128	0.002057	1.216755	3.987836	-1.012241	0.000000
4.890598	0.963857	5940.960212	3818.380721	34705.003454	-1730807.131010	-51.120718	0.002075	1.216755	3.985060	-1.015929	0.000000
4.911445	0.954088	5896.341388	3751.420804	39611.507474	-1954571.938677	-51.006850	0.002096	1.216755	3.981792	-1.020344	0.000000
4.932524	0.942731	5845.128382	3674.698070	44379.759948	-2166502.822748	-50.874766	0.002121	1.216755	3.978009	-1.025536	0.000000
4.953877	0.929764	5787.288409	3588.408963	48900.069804	-2361453.228434	-50.723989	0.002151	1.216755	3.973696	-1.031542	0.000000
4.975549	0.915192	5722.886830	3492.975148	53088.597363	-2535697.841906	-50.554279	0.002185	1.216755	3.968841	-1.038394	0.000000
4.997588	0.899049	5652.061450	3388.997189	56888.437540	-2686921.549233	-50.365566	0.002225	1.216755	3.963437	-1.046114	0.000000
5.020047	0.881386	5574.995961	3277.203422	60267.600095	-2814059.025047	-50.157887	0.002269	1.216755	3.957479	-1.054724	0.000000
5.042981	0.862266	5491.895962	3158.401265	63214.526147	-2917080.589331	-49.931317	0.002319	1.216755	3.950961	-1.064242	0.000000
5.066449	0.841761	5402.967114	3033.434270	65733.790236	-2996706.848611	-49.685909	0.002376	1.216755	3.943874	-1.074688	0.000000
5.090516	0.819942	5308.398525	2903.146583	67843.858587	-3053892.901528	-49.421640	0.002439	1.216755	3.936209	-1.086088	0.000000
5.115252	0.796878	5208.344584	2768.353733	69565.387728	-3090643.988364	-49.138375	0.002510	1.216755	3.927948	-1.098474	0.000000
5.140735	0.772630	5102.938470	2629.838449	70927.541390	-3108215.293979	-48.835806	0.002589	1.216755	3.919070	-1.111890	0.000000
5.167052	0.747253	4992.271160	2488.334474	71958.977904	-3108251.223462	-48.513419	0.002676	1.216755	3.909550	-1.126390	0.000000
5.194299	0.720789	4876.396310	2344.529295	72688.701548	-3092237.477088	-48.170457	0.002775	1.216755	3.899353	-1.142045	0.000000
5.222589	0.693278	4755.305909	2199.070168	73143.317172	-3061621.776856	-47.805874	0.002885	1.216755	3.888434	-1.158943	0.000000
5.252048	0.664758	4628.870534	2052.559672	73346.866929	-3017914.441103	-47.418305	0.003009	1.216755	3.876731	-1.177184	0.000000
5.282824	0.635281	4496.655349	1905.532062	73318.206855	-2962935.308801	-47.006041	0.003148	1.216755	3.864147	-1.196879	0.000000
5.315090	0.604920	4357.642442	1758.382290	73072.139675	-2899046.839695	-46.567019	0.003306	1.216755	3.850510	-1.218145	0.000000
5.349044	0.573767	4209.733324	1611.228247	72616.051960	-2828836.434796	-46.098868	0.003486	1.216755	3.835514	-1.241105	0.000000
5.384922	0.541883	4049.476645	1463.773401	71952.903028	-2754506.131983	-45.598744	0.003691	1.216755	3.818659	-1.265934	0.000000
5.423006	0.509161	3872.309326	1315.219752	71084.159190	-2674722.960037	-45.063239	0.003928	1.216755	3.799232	-1.292982	0.000000
5.463663	0.475132	3674.900170	1164.757215	70008.462600	-2583127.469140	-44.486905	0.004209	1.216755	3.776509	-1.323022	0.000000
5.507423	0.438706	3459.837108	1012.532222	68749.571108	-2465585.163220	-43.860779	0.004559	1.216755	3.750321	-1.357660	0.000000
5.555169	0.398418	3240.835879	861.348751	67303.432958	-2311433.152102	-43.167093	0.005020	1.216755	3.721922	-1.399492	0.000000
5.608370	0.352760	3044.042458	716.332296	65734.478570	-2120225.911069	-42.375657	0.005670	1.216755	3.694714	-1.452347	0.000000
5.669650	0.301506	2902.073676	583.701053	63970.751031	-1911166.244395	-41.432853	0.006633	1.216755	3.673966	-1.520524	0.000000
5.743309	0.245538	2849.526226	466.741371	62173.856287	-1706704.606743	-40.246004	0.008145	1.216755	3.666021	-1.609693	0.000000
5.837685	0.187905	2916.933065	365.635925	60126.798340	-1527997.886783	-38.655206	0.010644	1.216755	3.676164	-1.725863	0.000000
5.967954	0.126330	3153.684682	265.770132	58840.773288	-1341715.063300	-36.267283	0.015832	1.216755	3.710041	-1.898283	0.000000
6.210855	0.070408	4312.422796	202.539189	57151.832990	-1068782.297644	-31.505847	0.028406	1.216755	3.845918	-2.152158	0.000000
-0.002969	3.370221	102372.682570	230012.930566	6.515598	0.000000	0.000650	0.000593	0.000000	5.221348	-0.472344	0.000000
-0.008902	3.376623	102161.677219	229974.480008	18.744600	0.000000	0.001893	0.000592	0.000000	5.220451	-0.471520	0.000000
-0.014819	3.389082	101753.563407	229900.915454	28.682480	0.000000	0.002976	0.000590	0.000000	5.218712	-0.469920	0.000000
-0.020708	3.406959	101174.560595	229798.426398	35.167719	0.000000	0.003811	0.000587	0.000000	5.216233	-0.467635	0.000000
-0.026562	3.429338	100460.533425	229675.435904	37.517231	0.000000	0.004337	0.000583	0.000000	5.213157	-0.464791	0.000000
-0.032375	3.455093	99653.652689	229541.744052	35.607224	0.000000	0.004526	0.000579	0.000000	5.209654	-0.461540	0.000000
-0.038141	3.482960	98798.542658	229407.537065	29.863971	0.000000	0.004384	0.000574	0.000000	5.205911	-0.458051	0.000000
-0.043861	3.511625	97938.647225	229282.407698	21.178543	0.000000	0.003947	0.000570	0.000000	5.202113	-0.454491	0.000000
-0.049534	3.539812	97113.046666	229174.492940	10.760181	0.000000	0.003275	0.000565	0.000000	5.198437	-0.451018	0.000000
-0.055162	3.566377	96354.071635	229089.819119	-0.043121	0.000000	0.002445	0.000561	0.000000	5.195029	-0.447771	0.000000
-0.060750	3.590377	95685.781152	229031.912395	-9.930451	0.000000	0.001542	0.000557	0.000000	5.192006	-0.444858	0.000000
-0.066304	3.611129	95123.341579	229001.698097	-17.813627	0.000000	0.000648	0.000554	0.000000	5.189446	-0.442355	0.000000
-0.071828	3.628235	94673.202939	228997.676716	-22.942709	0.000000	-0.000165	0.000551	0.000000	5.187386	-0.440303	0.000000
-0.077328	3.641580	94333.945786	229016.333405	-24.977293	0.000000	-0.000842	0.000549	0.000000	5.185827	-0.438709	0.000000
-0.082812	3.651305	94097.622162	229052.713791	-23.997813	0.000000	-0.001345	0.000548	0.000000	5.184738	-0.437551	0.000000
-0.088284	3.657759	93951.414384	229101.084960	-20.458772	0.000000	-0.001661	0.000547	0.000000	5.184064	-0.436785	0.000000
-0.093748	3.661434	93879.428487	229155.597358	-15.093823	0.000000	-0.001795	0.000546	0.000000	5.183731	-0.436349	0.000000
