0.002969	3.370411	102366.208036	230011.323600	6.465541	-1911043.485617	-0.000647	0.000593	1.216755	5.221320	-0.472319	0.000000
0.008902	3.376797	102155.771189	229973.041889	18.601662	-1743386.663666	-0.001885	0.000592	1.216755	5.220426	-0.471497	0.000000
0.014818	3.389227	101748.728563	229899.794091	28.467243	-1427468.788500	-0.002964	0.000590	1.216755	5.218692	-0.469901	0.000000
0.020707	3.407062	101171.178608	229797.731429	34.910863	-998951.058899	-0.003795	0.000587	1.216755	5.216219	-0.467621	0.000000
0.026561	3.429393	100458.827113	229675.226354	37.254829	-504650.540848	-0.004321	0.000583	1.216755	5.213150	-0.464784	0.000000
0.032373	3.455097	99653.669596	229542.022650	35.375248	3768.039224	-0.004511	0.000579	1.216755	5.209654	-0.461540	0.000000
0.038140	3.482914	98800.161184	229408.251931	29.692971	476435.688469	-0.004372	0.000574	1.216755	5.205918	-0.458057	0.000000
0.043860	3.511535	97941.602171	229283.460910	21.089262	871000.613852	-0.003938	0.000570	1.216755	5.202127	-0.454502	0.000000
0.049533	3.539689	97116.969082	229175.754543	10.760796	1156843.863695	-0.003270	0.000565	1.216755	5.198454	-0.451034	0.000000
0.055161	3.566232	96358.536418	229091.144492	0.042207	1317367.310272	-0.002445	0.000561	1.216755	5.195049	-0.447789	0.000000
0.060750	3.590225	95690.355981	229033.160487	-9.777687	1350390.742676	-0.001546	0.000557	1.216755	5.192027	-0.444877	0.000000
0.066303	3.610983	95127.631460	229002.748071	-17.619730	1266866.552485	-0.000656	0.000554	1.216755	5.189465	-0.442373	0.000000
0.071828	3.628106	94676.886011	228998.440871	-22.738634	1088306.196508	0.000155	0.000551	1.216755	5.187403	-0.440319	0.000000
0.077329	3.641476	94336.797446	229016.764875	-24.793693	843346.651794	0.000831	0.000549	1.216755	5.185841	-0.438721	0.000000
0.082812	3.651232	94099.526167	229052.808337	-23.860306	563913.463135	0.001335	0.000548	1.216755	5.184747	-0.437560	0.000000
0.088284	3.657718	93952.361020	229100.877056	-20.384220	281414.399410	0.001653	0.000547	1.216755	5.184068	-0.436789	0.000000
0.093749	3.661424	93879.501312	229155.151587	-15.088229	23371.953753	0.001788	0.000546	1.216755	5.183731	-0.436350	0.000000
0.099209	3.662917	93863.808028	229210.270801	-8.847415	-189159.654388	0.001763	0.000546	1.216755	5.183659	-0.436173	0.000000
0.104670	3.662781	93888.375086	229261.783150	-2.553340	-343141.986097	0.001609	0.000546	1.216755	5.183773	-0.436190	0.000000
0.110131	3.661567	93937.804589	229306.430378	3.011444	-433951.465890	0.001366	0.000546	1.216755	5.184002	-0.436334	0.000000
0.115595	3.659751	93999.110256	229342.254139	7.269841	-464678.125917	0.001075	0.000546	1.216755	5.184285	-0.436549	0.000000
0.121062	3.657714	94062.221290	229368.540183	9.904930	-444530.935189	0.000773	0.000547	1.216755	5.184577	-0.436791	0.000000
0.126532	3.655738	94120.105900	229385.633830	10.868399	-386677.168428	0.000491	0.000547	1.216755	5.184844	-0.437026	0.000000
0.132005	3.654000	94168.574291	229394.672047	10.346686	-305900.346130	0.000250	0.000547	1.216755	5.185067	-0.437232	0.000000
0.137480	3.652596	94205.848372	229397.280822	8.695827	-216444.126307	0.000062	0.000548	1.216755	5.185239	-0.437399	0.000000
0.142957	3.651551	94231.997202	229395.282313	6.360205	-130328.140723	-0.000069	0.000548	1.216755	5.185359	-0.437523	0.000000
0.148435	3.650841	94248.333300	229390.446389	3.791152	-56300.122487	-0.000146	0.000548	1.216755	5.185434	-0.437607	0.000000
0.153915	3.650414	94256.848723	229384.308171	1.378960	542.606973	-0.000177	0.000548	1.216755	5.185474	-0.437658	0.000000
0.159394	3.650202	94259.746109	229378.059595	-0.592746	38542.807716	-0.000175	0.000548	1.216755	5.185487	-0.437683	0.000000
0.164874	3.650139	94259.093967	229372.511147	-1.966806	58842.189689	-0.000150	0.000548	1.216755	5.185484	-0.437691	0.000000
0.170354	3.650165	94256.611819	229368.111167	-2.708235	64502.079282	-0.000114	0.000548	1.216755	5.185472	-0.437688	0.000000
0.175834	3.650233	94253.572417	229365.005168	-2.881454	59573.120409	-0.000074	0.000548	1.216755	5.185458	-0.437680	0.000000
0.181313	3.650311	94250.796558	229363.116442	-2.616780	48265.881943	-0.000038	0.000548	1.216755	5.185446	-0.437670	0.000000
0.186793	3.650377	94248.710921	229362.231099	-2.074179	34321.888046	-0.000009	0.000548	1.216755	5.185436	-0.437662	0.000000
0.192272	3.650424	94247.439928	229362.074547	-1.411001	20628.200740	0.000012	0.000548	1.216755	5.185430	-0.437657	0.000000
0.197752	3.650449	94246.907086	229362.371337	-0.758226	9068.871585	0.000025	0.000548	1.216755	5.185428	-0.437654	0.000000
0.203231	3.650457	94246.927939	229362.885005	-0.207167	570.305647	0.000031	0.000548	1.216755	5.185428	-0.437653	0.000000
0.208710	3.650452	94247.283971	229363.438530	0.193748	-4722.191695	0.000032	0.000548	1.216755	5.185430	-0.437654	0.000000
0.214190	3.650440	94247.773263	229363.918785	0.434199	-7203.376193	0.000030	0.000548	1.216755	5.185432	-0.437655	0.000000
0.219669	3.650428	94248.238719	229364.269687	0.532209	-7560.722011	0.000027	0.000548	1.216755	5.185434	-0.437656	0.000000
0.225148	3.650418	94248.577868	229364.479032	0.522469	-6562.816178	0.000023	0.000548	1.216755	5.185436	-0.437658	0.000000
0.230628	3.650413	94248.739706	229364.563309	0.445349	-4906.728651	0.000020	0.000548	1.216755	5.185436	-0.437658	0.000000
0.236107	3.650414	94248.714104	229364.553651	0.338345	-3130.284204	0.000018	0.000548	1.216755	5.185436	-0.437658	0.000000
0.241587	3.650421	94248.518466	229364.484795	0.230739	-1582.085228	0.000017	0.000548	1.216755	5.185435	-0.437657	0.000000
0.247066	3.650432	94248.184985	229364.387755	0.141421	-434.436929	0.000016	0.000548	1.216755	5.185434	-0.437656	0.000000
0.252545	3.650447	94247.750430	229364.286021	0.079280	278.225089	0.000017	0.000548	1.216755	5.185432	-0.437654	0.000000
0.258025	3.650465	94247.249228	229364.194579	0.045225	611.342205	0.000017	0.000548	1.216755	5.185429	-0.437652	0.000000
0.263504	3.650485	94246.709700	229364.120806	0.034956	664.725360	0.000018	0.000548	1.216755	5.185427	-0.437650	0.000000
0.268983	3.650505	94246.152818	229364.066343	0.041689	546.800967	0.000019	0.000548	1.216755	5.185424	-0.437647	0.000000
0.274462	3.650527	94245.592655	229364.029208	0.058363	351.417481	0.000020	0.000548	1.216755	5.185422	-0.437645	0.000000
0.279942	3.650548	94245.037743	229364.005672	0.079090	146.637730	0.000021	0.000548	1.216755	5.185419	-0.437642	0.000000
0.285421	3.650569	94244.492700	229363.991659	0.099841	-27.102104	0.000021	0.000548	1.216755	5.185417	-0.437640	0.000000
0.290900	3.650589	94243.959731	229363.983598	0.118535	-152.856373	0.000022	0.000548	1.216755	5.185414	-0.437637	0.000000
0.296379	3.650609	94243.439777	229363.978814	0.134720	-230.270563	0.000022	0.000548	1.216755	5.185412	-0.437635	0.000000
0.301858	3.650629	94242.933286	229363.975571	0.149065	-268.392920	0.000023	0.000548	1.216755	5.185409	-0.437633	0.000000
0.307337	3.650648	94242.440619	229363.972923	0.162838	-279.728012	0.000023	0.000548	1.216755	5.185407	-0.437630	0.000000
0.312816	3.650666	94241.962218	229363.970479	0.177468	-276.189987	0.000023	0.000548	1.216755	5.185405	-0.437628	0.000000
0.318295	3.650684	94241.498608	229363.968174	0.194246	-266.957626	0.000024	0.000548	1.216755	5.185403	-0.437626	0.000000
0.323774	3.650702	94241.050334	229363.966087	0.214164	-257.846231	0.000024	0.000548	1.216755	5.185401	-0.437624	0.000000
0.329253	3.650718	94240.617891	229363.964316	0.237866	-251.662212	0.000024	0.000548	1.216755	5.185399	-0.437622	0.000000
0.334732	3.650734	94240.201660	229363.962924	0.265671	-249.031461	0.000025	0.000548	1.216755	5.185397	-0.437620	0.000000
0.340211	3.650750	94239.801882	229363.961921	0.297619	-249.316817	0.000025	0.000548	1.216755	5.185395	-0.437618	0.000000
0.345690	3.650765	94239.418661	229363.961269	0.333550	-251.387397	0.000025	0.000548	1.216755	5.185393	-0.437616	0.000000
0.351169	3.650779	94239.051974	229363.960906	0.373162	-254.140366	0.000025	0.000548	1.216755	5.185392	-0.437615	0.000000
0.356648	3.650792	94238.701698	229363.960765	0.416049	-256.773472	0.000026	0.000548	1.216755	5.185390	-0.437613	0.000000
0.362127	3.650805	94238.367629	229363.960786	0.461732	-258.861842	0.000026	0.000548	1.216755	5.185388	-0.437612	0.000000
0.367605	3.650818	94238.049505	229363.960929	0.509693	-260.308752	0.000026	0.000548	1.216755	5.185387	-0.437610	0.000000
0.373084	3.650829	94237.747012	229363.961166	0.559380	-261.237637	0.000027	0.000548	1.216755	5.185386	-0.437609	0.000000
0.378563	3.650841	94237.459787	229363.961486	0.610235	-261.871877	0.000027	0.000548	1.216755	5.185384	-0.437607	0.000000
0.384042	3.650851	94237.187421	229363.961880	0.661706	-262.434540	0.000027	0.000548	1.216755	5.185383	-0.437606	0.000000
0.389520	3.650861	94236.929457	229363.962340	0.713272	-263.079675	0.000028	0.000548	1.216755	5.185382	-0.437605	0.000000
0.394999	3.650871	94236.685386	229363.962852	0.764462	-263.852931	0.000028	0.000548	1.216755	5.185381	-0.437604	0.000000
0.400478	3.650880	94236.454655	229363.963392	0.814867	-264.685424	0.000028	0.000548	1.216755	5.185380	-0.437603	0.000000
0.405957	3.650888	94236.236668	229363.963926	0.864165	-265.408100	0.000028	0.000548	1.216755	5.185379	-0.437602	0.000000
0.411435	3.650896	94236.030799	229363.964413	0.912126	-265.779777	0.000029	0.000548	1.216755	5.185378	-0.437601	0.000000
0.416914	3.650904	94235.836406	229363.964807	0.958599	-265.528180	0.000029	0.000548	1.216755	5.185377	-0.437600	0.000000
0.422393	3.650911	94235.652846	229363.965063	1.003531	-264.393008	0.000029	0.000548	1.216755	5.185376	-0.437599	0.000000
0.427871	3.650917	94235.479487	229363.965139	1.046957	-262.162346	0.000030	0.000548	1.216755	5.185375	-0.437598	0.000000
0.433350	3.650924	94235.315725	229363.965005	1.088971	-258.703617	0.000030	0.000548	1.216755	5.185374	-0.437597	0.000000
0.438828	3.650930	94235.160996	229363.964641	1.129739	-253.981059	0.000030	0.000548	1.216755	5.185374	-0.437597	0.000000
0.444307	3.650935	94235.014778	229363.964039	1.169473	-248.055010	0.000030	0.000548	1.216755	5.185373	-0.437596	0.000000
0.449786	3.650941	94234.876598	229363.963205	1.208418	-241.068500	0.000031	0.000548	1.216755	5.185372	-0.437595	0.000000
0.455264	3.650946	94234.746024	229363.962154	1.246842	-233.220171	0.000031	0.000548	1.216755	5.185372	-0.437595	0.000000
0.460743	3.650950	94234.622670	229363.960908	1.285022	-224.733680	0.000031	0.000548	1.216755	5.185371	-0.437594	0.000000
0.466221	3.650955	94234.506176	229363.959490	1.323236	-215.822878	0.000031	0.000548	1.216755	5.185371	-0.437594	0.000000
0.471700	3.650959	94234.396212	229363.957925	1.361755	-206.663521	0.000032	0.000548	1.216755	5.185370	-0.437593	0.000000
0.477179	3.650963	94234.292461	229363.956232	1.400830	-197.375871	0.000032	0.000548	1.216755	5.185370	-0.437593	0.000000
0.482657	3.650967	94234.194619	229363.954425	1.440689	-188.017963	0.000032	0.000548	1.216755	5.185369	-0.437592	0.000000
0.488136	3.650971	94234.102385	229363.952511	1.481538	-178.591336	0.000032	0.000548	1.216755	5.185369	-0.437592	0.000000
0.493614	3.650974	94234.015464	229363.950491	1.523561	-169.052350	0.000032	0.000548	1.216755	5.185368	-0.437591	0.000000
0.499093	3.650977	94233.933564	229363.948360	1.566917	-159.329431	0.000033	0.000548	1.216755	5.185368	-0.437591	0.000000
0.504571	3.650980	94233.856396	229363.946112	1.611735	-149.343061	0.000033	0.000548	1.216755	5.185368	-0.437591	0.000000
0.510050	3.650983	94233.783679	229363.943736	1.658131	-139.020338	0.000033	0.000548	1.216755	5.185367	-0.437590	0.000000
0.515529	3.650985	94233.715141	229363.941223	1.706205	-128.303549	0.000033	0.000548	1.216755	5.185367	-0.437590	0.000000
0.521007	3.650988	94233.650519	229363.938563	1.756042	-117.155347	0.000033	0.000548	1.216755	5.185367	-0.437590	0.000000
0.526486	3.650990	94233.589567	229363.935749	1.807713	-105.558369	0.000033	0.000548	1.216755	5.185366	-0.437590	0.000000
0.531964	3.650992	94233.532050	229363.932774	1.861281	-93.511354	0.000033	0.000548	1.216755	5.185366	-0.437589	0.000000
0.537443	3.650994	94233.477750	229363.929635	1.916800	-81.023057	0.000033	0.000548	1.216755	5.185366	-0.437589	0.000000
0.542921	3.650996	94233.426463	229363.926328	1.974312	-68.107318	0.000034	0.000548	1.216755	5.185366	-0.437589	0.000000
0.548400	3.650998	94233.377999	229363.922852	2.033850	-54.778530	0.000034	0.000548	1.216755	5.185365	-0.437589	0.000000
0.553878	3.651000	94233.332183	229363.919206	2.095441	-41.048289	0.000034	0.000548	1.216755	5.185365	-0.437588	0.000000
0.559357	3.651001	94233.288851	229363.915389	2.159100	-26.924586	0.000034	0.000548	1.216755	5.185365	-0.437588	0.000000
0.564835	3.651003	94233.247853	229363.911399	2.224825	-12.412946	0.000034	0.000548	1.216755	5.185365	-0.437588	0.000000
0.570314	3.651004	94233.209047	229363.907235	2.292609	2.482956	0.000034	0.000548	1.216755	5.185365	-0.437588	0.000000
0.575792	3.651006	94233.172304	229363.902898	2.362436	17.760860	0.000034	0.000548	1.216755	5.185365	-0.437588	0.000000
0.581271	3.651007	94233.137501	229363.898384	2.434271	33.417536	0.000034	0.000548	1.216755	5.185364	-0.437588	0.000000
0.586749	3.651008	94233.104525	229363.893693	2.508072	49.447512	0.000034	0.000548	1.216755	5.185364	-0.437587	0.000000
0.592228	3.651009	94233.073272	229363.888823	2.583788	65.843163	0.000033	0.000548	1.216755	5.185364	-0.437587	0.000000
0.597706	3.651010	94233.043641	229363.883773	2.661353	82.594635	0.000033	0.000548	1.216755	5.185364	-0.437587	0.000000
0.603185	3.651011	94233.015543	229363.878541	2.740692	99.689107	0.000033	0.000548	1.216755	5.185364	-0.437587	0.000000
0.608663	3.651012	94232.988891	229363.873125	2.821724	117.111811	0.000033	0.000548	1.216755	5.185364	-0.437587	0.000000
0.614142	3.651013	94232.963605	229363.867525	2.904362	134.846725	0.000033	0.000548	1.216755	5.185364	-0.437587	0.000000
0.619620	3.651014	94232.939610	229363.861738	2.988511	152.876471	0.000033	0.000548	1.216755	5.185363	-0.437587	0.000000
0.625099	3.651015	94232.916836	229363.855763	3.074070	171.182447	0.000033	0.000548	1.216755	5.185363	-0.437587	0.000000
0.630577	3.651016	94232.895216	229363.849599	3.160935	189.743709	0.000032	0.000548	1.216755	5.185363	-0.437586	0.000000
0.636056	3.651016	94232.874689	229363.843245	3.249009	208.538356	0.000032	0.000548	1.216755	5.185363	-0.437586	0.000000
0.641534	3.651017	94232.855197	229363.836700	3.338181	227.543034	0.000032	0.000548	1.216755	5.185363	-0.437586	0.000000
0.647013	3.651018	94232.836684	229363.829962	3.428346	246.727981	0.000032	0.000548	1.216755	5.185363	-0.437586	0.000000
0.652491	3.651018	94232.819098	229363.823030	3.519428	266.066873	0.000031	0.000548	1.216755	5.185363	-0.437586	0.000000
0.657970	3.651019	94232.802391	229363.815903	3.611317	285.537933	0.000031	0.000548	1.216755	5.185363	-0.437586	0.000000
0.663448	3.651019	94232.786514	229363.808578	3.703915	305.125791	0.000031	0.000548	1.216755	5.185363	-0.437586	0.000000
0.668927	3.651020	94232.771427	229363.801053	3.797213	324.845597	0.000030	0.000548	1.216755	5.185363	-0.437586	0.000000
0.674405	3.651020	94232.757088	229363.793326	3.891106	344.737844	0.000030	0.000548	1.216755	5.185363	-0.437586	0.000000
0.679884	3.651021	94232.743464	229363.785395	3.985472	364.858428	0.000030	0.000548	1.216755	5.185363	-0.437586	0.000000
0.685362	3.651021	94232.730523	229363.777263	4.080534	385.313178	0.000029	0.000548	1.216755	5.185362	-0.437586	0.000000
0.690841	3.651021	94232.718241	229363.768934	4.176074	406.180734	0.000029	0.000548	1.216755	5.185362	-0.437586	0.000000
0.696319	3.651022	94232.706598	229363.760423	4.271653	427.405517	0.000028	0.000548	1.216755	5.185362	-0.437586	0.000000
0.701798	3.651022	94232.695572	229363.751748	4.368445	448.982597	0.000028	0.000548	1.216755	5.185362	-0.437586	0.000000
0.707276	3.651022	94232.685137	229363.742928	4.465643	470.727604	0.000027	0.000548	1.216755	5.185362	-0.437586	0.000000
0.712755	3.651022	94232.675250	229363.733992	4.561215	491.985435	0.000027	0.000548	1.216755	5.185362	-0.437586	0.000000
0.718233	3.651023	94232.665849	229363.724951	4.660661	512.782945	0.000026	0.000548	1.216755	5.185362	-0.437586	0.000000
0.723712	3.651023	94232.656833	229363.715799	4.760796	533.065544	0.000025	0.000548	1.216755	5.185362	-0.437586	0.000000
0.729190	3.651023	94232.648074	229363.706533	4.851675	551.268848	0.000025	0.000548	1.216755	5.185362	-0.437586	0.000000
0.734669	3.651023	94232.639415	229363.697102	4.958683	569.413147	0.000024	0.000548	1.216755	5.185362	-0.437586	0.000000
0.740147	3.651023	94232.630673	229363.687413	5.068971	589.342972	0.000024	0.000548	1.216755	5.185362	-0.437586	0.000000
0.745626	3.651024	94232.621678	229363.677480	5.133286	604.738694	0.000023	0.000548	1.216755	5.185362	-0.437586	0.000000
0.751104	3.651024	94232.612299	229363.667208	5.268005	624.123330	0.000022	0.000548	1.216755	5.185362	-0.437586	0.000000
0.756583	3.651024	94232.602406	229363.656394	5.422752	654.962068	0.000021	0.000548	1.216755	5.185362	-0.437586	0.000000
0.762061	3.651024	94232.591981	229363.645392	5.356145	664.243622	0.000021	0.000548	1.216755	5.185362	-0.437585	0.000000
0.767540	3.651024	94232.581113	229363.634085	5.602153	685.872066	0.000020	0.000548	1.216755	5.185362	-0.437585	0.000000
0.773018	3.651025	94232.569732	229363.621688	5.972895	756.352317	0.000019	0.000548	1.216755	5.185362	-0.437585	0.000000
0.778497	3.651025	94232.558012	229363.609904	5.293271	720.336501	0.000018	0.000548	1.216755	5.185362	-0.437585	0.000000
0.783975	3.651025	94232.546384	229363.598256	6.007434	726.357070	0.000018	0.000548	1.216755	5.185362	-0.437585	0.000000
0.789454	3.651025	94232.534279	229363.582717	7.460482	967.430742	0.000016	0.000548	1.216755	5.185362	-0.437585	0.000000
0.794932	3.651026	94232.522003	229363.570735	3.957554	722.010890	0.000015	0.000548	1.216755	5.185362	-0.437585	0.000000
0.800411	3.651026	94232.511116	229363.560426	6.655829	634.036592	0.000015	0.000548	1.216755	5.185361	-0.437585	0.000000
0.805889	3.651026	94232.498511	229363.531931	13.541523	1696.252331	0.000012	0.000548	1.216755	5.185361	-0.437585	0.000000
0.811368	3.651026	94232.484897	229363.518561	-2.861065	551.735259	0.000011	0.000548	1.216755	5.185361	-0.437585	0.000000
0.816846	3.651027	94232.477470	229363.514021	8.247299	-41.970371	0.000014	0.000548	1.216755	5.185361	-0.437585	0.000000
0.822324	3.651026	94232.461789	229363.421464	42.367326	4959.122863	0.000003	0.000548	1.216755	5.185361	-0.437585	0.000000
0.827803	3.651026	94232.439589	229363.389046	-32.496941	-15.472047	-0.000002	0.000548	1.216755	5.185361	-0.437585	0.000000
0.833281	3.651026	94232.445279	229363.397802	14.352541	-3258.677174	0.000017	0.000548	1.216755	5.185361	-0.437585	0.000000
0.838760	3.651021	94232.412641	229362.974856	184.930171	20651.327266	-0.000032	0.000548	1.216755	5.185361	-0.437586	0.000000
0.844238	3.651020	94232.342626	229362.770825	-152.255715	-259.169663	-0.000061	0.000548	1.216755	5.185361	-0.437586	0.000000
0.849717	3.651018	94232.398883	229362.736303	47.878754	-16782.680777	0.000025	0.000548	1.216755	5.185361	-0.437586	0.000000
0.855195	3.650991	94232.277607	229360.555984	902.967761	98336.915188	-0.000211	0.000548	1.216755	5.185360	-0.437590	0.000000
0.860674	3.650976	94231.948116	229359.037425	-595.578966	13624.378055	-0.000393	0.000548	1.216755	5.185359	-0.437591	0.000000
0.866153	3.650958	94232.182658	229358.073861	275.576209	-66421.812276	-0.000039	0.000548	1.216755	5.185360	-0.437594	0.000000
0.871631	3.650811	94231.584585	229346.276220	4575.922982	491801.432360	-0.001213	0.000548	1.216755	5.185356	-0.437613	0.000000
0.877110	3.650688	94229.835132	229335.448808	-1966.865594	168092.937368	-0.002350	0.000548	1.216755	5.185349	-0.437626	0.000000
0.882589	3.650535	94230.545489	229325.303596	1949.327122	-198789.863591	-0.001044	0.000548	1.216755	5.185353	-0.437649	0.000000
0.888068	3.649707	94227.269661	229259.427985	23697.748460	2534258.598595	-0.007064	0.000548	1.216755	5.185333	-0.437754	0.000000
0.893550	3.648840	94217.614824	229185.409254	-4116.853369	1433033.103501	-0.014096	0.000548	1.216755	5.185291	-0.437852	0.000000
0.899032	3.647656	94218.276318	229100.766978	14314.160946	-120952.385083	-0.010348	0.000548	1.216755	5.185296	-0.438018	0.000000
0.904516	3.642902	94199.308026	228723.680692	125275.194399	13473425.371694	-0.042177	0.000549	1.216755	5.185187	-0.438625	0.000000
0.910013	3.637033	94144.396274	228231.673939	12351.982043	10889084.849751	-0.085541	0.000550	1.216755	5.184938	-0.439311	0.000000
0.915515	3.628604	94129.354579	227602.136242	102647.909950	5225267.038978	-0.083403	0.000551	1.216755	5.184878	-0.440450	0.000000
0.921032	3.601212	94012.967630	225423.910743	677616.524298	75648516.645726	-0.256053	0.000555	1.216755	5.184230	-0.443979	0.000000
0.926622	3.563453	93677.521563	222258.549243	265762.157032	85782311.199816	-0.526899	0.000561	1.216755	5.182662	-0.448551	0.000000
0.932257	3.511571	93449.546117	218183.166503	642415.825030	78220835.004471	-0.609658	0.000570	1.216755	5.181615	-0.455542	0.000000
0.937990	3.370732	92617.512600	206620.444452	3714082.241046	501358774.078040	-1.524917	0.000593	1.216755	5.177058	-0.474633	0.000000
0.944130	3.176851	90083.200872	189246.654742	2644437.823265	816455132.810000	-3.276913	0.000630	1.216755	5.164472	-0.500192	0.000000
0.950622	3.010452	87364.577328	173608.874537	1019730.605055	799863489.132240	-3.783505	0.000664	1.216755	5.151150	-0.524326	0.000000
0.957378	2.642941	82113.355571	140071.842305	15532308.376291	2886216589.693462	-6.590894	0.000757	1.216755	5.120382	-0.586780	0.000000
0.965996	1.997468	64266.091745	79632.952328	36514438.175668	7506535087.928714	-18.526981	0.001001	1.216755	5.001643	-0.713298	0.000000
0.978858	1.432628	35325.530819	30505.713294	30994474.325594	7378803398.251200	-35.089258	0.001396	1.216755	4.727440	-0.855807	0.000000
0.995769	1.141897	15136.792982	10492.336630	14727147.262423	3435971171.778009	-45.845692	0.001751	1.216755	4.356514	-0.948390	0.000000
1.014823	1.037215	7756.838279	5148.736452	4469241.777108	818602489.711793	-50.145606	0.001928	1.216755	4.085066	-0.986113	0.000000
1.034611	1.008164	6324.765707	4221.044068	946486.202764	110455132.458135	-51.286328	0.001984	1.216755	4.009633	-0.996961	0.000000
1.054573	1.001584	6143.806991	4098.402998	163968.742574	13391093.902950	-51.510361	0.001997	1.216755	3.999278	-0.999412	0.000000
1.074568	1.000339	6121.140288	4081.573326	24089.256332	1821510.357446	-51.547321	0.001999	1.216755	3.997949	-0.999870	0.000000
1.094567	1.000136	6117.975150	4079.123376	3007.179126	264643.070039	-51.552482	0.002000	1.216755	3.997762	-0.999943	0.000000
1.114567	1.000108	6117.515903	4078.772784	325.342210	37703.774759	-51.553100	0.002000	1.216755	3.997735	-0.999954	0.000000
1.134567	1.000105	6117.451575	4078.725777	30.314197	5043.205325	-51.553164	0.002000	1.216755	3.997731	-0.999955	0.000000
1.154567	1.000104	6117.443163	4078.719961	2.400174	623.866672	-51.553170	0.002000	1.216755	3.997731	-0.999955	0.000000
1.174567	1.000104	6117.442146	4078.719298	0.166971	71.261136	-51.553170	0.002000	1.216755	3.997731	-0.999955	0.000000
1.194567	1.000104	6117.442032	4078.719227	0.013421	7.572686	-51.553170	0.002000	1.216755	3.997731	-0.999955	0.000000
1.214567	1.000104	6117.442021	4078.719220	0.001996	0.765577	-51.553170	0.002000	1.216755	3.997731	-0.999955	0.000000
1.234567	1.000104	6117.442019	4078.719220	0.000409	0.077278	-51.553170	0.002000	1.216755	3.997731	-0.999955	0.000000
1.254567	1.000104	6117.442019	4078.719220	0.000077	0.008393	-51.553170	0.002000	1.216755	3.997731	-0.999955	0.000000
1.274567	1.000104	6117.442019	4078.719220	0.000012	0.001038	-51.553170	0.002000	1.216755	3.997731	-0.999955	0.000000
1.294567	1.000104	6117.442019	4078.719219	0.000002	0.000142	-51.553170	0.002000	1.216755	3.997731	-0.999955	0.000000
1.314567	1.000104	6117.442019	4078.719219	0.000000	0.000019	-51.553170	0.002000	1.216755	3.997731	-0.999955	0.000000
1.334567	1.000104	6117.442019	4078.719219	0.000000	0.000003	-51.553170	0.002000	1.216755	3.997731	-0.999955	0.000000
1.354567	1.000104	6117.442019	4078.719219	0.000000	0.000001	-51.553170	0.002000	1.216755	3.997731	-0.999955	0.000000
1.374567	1.000104	6117.442019	4078.719219	-0.000000	0.000002	-51.553170	0.002000	1.216755	3.997731	-0.999955	0.000000
1.394567	1.000104	6117.442019	4078.719219	-0.000000	-0.000001	-51.553170	0.002000	1.216755	3.997731	-0.999955	0.000000
1.414567	1.000104	6117.442019	4078.719219	0.000000	-0.000002	-51.553170	0.002000	1.216755	3.997731	-0.999955	0.000000
1.434567	1.000104	6117.442019	4078.719219	0.000000	-0.000000	-51.553170	0.002000	1.216755	3.997731	-0.999955	0.000000
1.454567	1.000104	6117.442019	4078.719219	0.000000	0.000001	-51.553170	0.002000	1.216755	3.997731	-0.999955	0.000000
1.474567	1.000104	6117.442019	4078.719219	-0.000000	0.000000	-51.553170	0.002000	1.216755	3.997731	-0.999955	0.000000
1.494567	1.000104	6117.442019	4078.719219	-0.000000	0.000001	-51.553170	0.002000	1.216755	3.997731	-0.999955	0.000000
1.514567	1.000104	6117.442019	4078.719219	-0.000000	-0.000000	-51.553170	0.002000	1.216755	3.997731	-0.999955	0.000000
1.534567	1.000104	6117.442019	4078.719219	0.000000	-0.000001	-51.553170	0.002000	1.216755	3.997731	-0.999955	0.000000
1.554567	1.000104	6117.442019	4078.719219	0.000000	0.000001	-51.553170	0.002000	1.216755	3.997731	-0.999955	0.000000
1.574567	1.000104	6117.442019	4078.719219	-0.000000	-0.000000	-51.553170	0.002000	1.216755	3.997731	-0.999955	0.000000
1.594567	1.000104	6117.442019	4078.719219	-0.000000	-0.000001	-51.553170	0.002000	1.216755	3.997731	-0.999955	0.000000
1.614567	1.000104	6117.442019	4078.719219	0.000000	-0.000001	-51.553170	0.002000	1.216755	3.997731	-0.999955	0.000000
1.634567	1.000104	6117.442019	4078.719219	0.000000	0.000000	-51.553170	0.002000	1.216755	3.997731	-0.999955	0.000000
1.654567	1.000104	6117.442019	4078.719219	0.000000	0.000001	-51.553170	0.002000	1.216755	3.997731	-0.999955	0.000000
1.674567	1.000104	6117.442019	4078.719219	-0.000000	0.000001	-51.553170	0.002000	1.216755	3.997731	-0.999955	0.000000
1.694567	1.000104	6117.442019	4078.719219	-0.000000	-0.000000	-51.553170	0.002000	1.216755	3.997731	-0.999955	0.000000
1.714567	1.000104	6117.442019	4078.719219	0.000000	-0.000000	-51.553170	0.002000	1.216755	3.997731	-0.999955	0.000000
1.734567	1.000104	6117.442019	4078.719219	-0.000000	0.000001	-51.553170	0.002000	1.216755	3.997731	-0.999955	0.000000
1.754567	1.000104	6117.442019	4078.719219	-0.000000	-0.000001	-51.553170	0.002000	1.216755	3.997731	-0.999955	0.000000
1.774567	1.000104	6117.442019	4078.719219	0.000000	-0.000000	-51.553170	0.002000	1.216755	3.997731	-0.999955	0.000000
1.794567	1.000104	6117.442019	4078.719219	0.000000	0.000001	-51.553170	0.002000	1.216755	3.997731	-0.999955	0.000000
1.814567	1.000104	6117.442019	4078.719219	-0.000000	0.000000	-51.553170	0.002000	1.216755	3.997731	-0.999955	0.000000
1.834567	1.000104	6117.442019	4078.719219	-0.000000	0.000001	-51.553170	0.002000	1.216755	3.997731	-0.999955	0.000000
1.854567	1.000104	6117.442019	4078.719219	-0.000000	-0.000001	-51.553170	0.002000	1.216755	3.997731	-0.999955	0.000000
1.874567	1.000104	6117.442019	4078.719219	0.000000	-0.000001	-51.553170	0.002000	1.216755	3.997731	-0.999955	0.000000
1.894567	1.000104	6117.442019	4078.719219	0.000000	-0.000000	-51.553170	0.002000	1.216755	3.997731	-0.999955	0.000000
1.914567	1.000104	6117.442019	4078.719219	0.000000	0.000000	-51.553170	0.002000	1.216755	3.997731	-0.999955	0.000000
1.934567	1.000104	6117.442019	4078.719219	0.000000	-0.000000	-51.553170	0.002000	1.216755	3.997731	-0.999955	0.000000
1.954567	1.000104	6117.442019	4078.719219	0.000000	0.000001	-51.553170	0.002000	1.216755	3.997731	-0.999955	0.000000
1.974567	1.000104	6117.442019	4078.719219	-0.000000	0.000000	-51.553170	0.002000	1.216755	3.997731	-0.999955	0.000000
1.994567	1.000104	6117.442019	4078.719219	0.000000	-0.000002	-51.553170	0.002000	1.216755	3.997731	-0.999955	0.000000
2.014567	1.000104	6117.442019	4078.719219	0.000000	0.000000	-51.553170	0.002000	1.216755	3.997731	-0.999955	0.000000
2.034567	1.000104	6117.442019	4078.719219	0.000000	0.000001	-51.553170	0.002000	1.216755	3.997731	-0.999955	0.000000
2.054567	1.000104	6117.442019	4078.719219	-0.000000	0.000000	-51.553170	0.002000	1.216755	3.997731	-0.999955	0.000000
2.074567	1.000104	6117.442019	4078.719219	-0.000000	0.000000	-51.553170	0.002000	1.216755	3.997731	-0.999955	0.000000
2.094567	1.000104	6117.442019	4078.719219	-0.000000	-0.000000	-51.553170	0.002000	1.216755	3.997731	-0.999955	0.000000
2.114567	1.000104	6117.442019	4078.719219	-0.000000	-0.000001	-51.553170	0.002000	1.216755	3.997731	-0.999955	0.000000
2.134567	1.000104	6117.442019	4078.719219	0.000000	-0.000001	-51.553170	0.002000	1.216755	3.997731	-0.999955	0.000000
2.154567	1.000104	6117.442019	4078.719219	0.000000	-0.000000	-51.553170	0.002000	1.216755	3.997731	-0.999955	0.000000
2.174567	1.000104	6117.442019	4078.719219	0.000000	0.000001	-51.553170	0.002000	1.216755	3.997731	-0.999955	0.000000
2.194567	1.000104	6117.442019	4078.719219	-0.000000	0.000002	-51.553170	0.002000	1.216755	3.997731	-0.999955	0.000000
2.214567	1.000104	6117.442019	4078.719219	-0.000000	0.000001	-51.553170	0.002000	1.216755	3.997731	-0.999955	0.000000
2.234567	1.000104	6117.442019	4078.719219	0.000000	0.000000	-51.553170	0.002000	1.216755	3.997731	-0.999955	0.000000
2.254567	1.000104	6117.442019	4078.719219	0.000000	-0.000001	-51.553170	0.002000	1.216755	3.997731	-0.999955	0.000000
2.274567	1.000104	6117.442019	4078.719219	-0.000000	-0.000002	-51.553170	0.002000	1.216755	3.997731	-0.999955	0.000000
2.294567	1.000104	6117.442019	4078.719219	-0.000000	-0.000002	-51.553170	0.002000	1.216755	3.997731	-0.999955	0.000000
2.314567	1.000104	6117.442019	4078.719219	0.000000	-0.000000	-51.553170	0.002000	1.216755	3.997731	-0.999955	0.000000
2.334567	1.000104	6117.442019	4078.719219	0.000000	0.000001	-51.553170	0.002000	1.216755	3.997731	-0.999955	0.000000
2.354567	1.000104	6117.442019	4078.719219	-0.000000	0.000001	-51.553170	0.002000	1.216755	3.997731	-0.999955	0.000000
2.374567	1.000104	6117.442019	4078.719219	-0.000000	0.000000	-51.553170	0.002000	1.216755	3.997731	-0.999955	0.000000
2.394567	1.000104	6117.442019	4078.719219	-0.000000	-0.000001	-51.553170	0.002000	1.216755	3.997731	-0.999955	0.000000
2.414567	1.000104	6117.442019	4078.719219	0.000000	0.000000	-51.553170	0.002000	1.216755	3.997731	-0.999955	0.000000
2.434567	1.000104	6117.442019	4078.719219	-0.000000	0.000001	-51.553170	0.002000	1.216755	3.997731	-0.999955	0.000000
2.454567	1.000104	6117.442019	4078.719219	-0.000000	-0.000002	-51.553170	0.002000	1.216755	3.997731	-0.999955	0.000000
2.474567	1.000104	6117.442019	4078.719219	0.000000	-0.000001	-51.553170	0.002000	1.216755	3.997731	-0.999955	0.000000
2.494567	1.000104	6117.442019	4078.719219	0.000000	0.000001	-51.553170	0.002000	1.216755	3.997731	-0.999955	0.000000
2.514567	1.000104	6117.442019	4078.719219	-0.000000	0.000001	-51.553170	0.002000	1.216755	3.997731	-0.999955	0.000000
2.534567	1.000104	6117.442019	4078.719219	-0.000000	-0.000001	-51.553170	0.002000	1.216755	3.997731	-0.999955	0.000000
2.554567	1.000104	6117.442019	4078.719219	0.000000	-0.000001	-51.553170	0.002000	1.216755	3.997731	-0.999955	0.000000
2.574567	1.000104	6117.442019	4078.719219	0.000000	0.000001	-51.553170	0.002000	1.216755	3.997731	-0.999955	0.000000
2.594567	1.000104	6117.442019	4078.719219	0.000000	0.000001	-51.553170	0.002000	1.216755	3.997731	-0.999955	0.000000
2.614567	1.000104	6117.442019	4078.719219	-0.000000	0.000000	-51.553170	0.002000	1.216755	3.997731	-0.999955	0.000000
2.634567	1.000104	6117.442019	4078.719219	-0.000000	0.000000	-51.553170	0.002000	1.216755	3.997731	-0.999955	0.000000
2.654567	1.000104	6117.442019	4078.719219	-0.000000	-0.000001	-51.553170	0.002000	1.216755	3.997731	-0.999955	0.000000
2.674567	1.000104	6117.442019	4078.719219	0.000000	-0.000001	-51.553170	0.002000	1.216755	3.997731	-0.999955	0.000000
2.694567	1.000104	6117.442019	4078.719219	0.000000	0.000001	-51.553170	0.002000	1.216755	3.997731	-0.999955	0.000000
2.714567	1.000104	6117.442019	4078.719219	0.000000	0.000001	-51.553170	0.002000	1.216755	3.997731	-0.999955	0.000000
2.734567	1.000104	6117.442019	4078.719219	-0.000000	0.000001	-51.553170	0.002000	1.216755	3.997731	-0.999955	0.000000
2.754567	1.000104	6117.442019	4078.719219	0.000000	-0.000002	-51.553170	0.002000	1.216755	3.997731	-0.999955	0.000000
2.774567	1.000104	6117.442019	4078.719219	0.000000	-0.000001	-51.553170	0.002000	1.216755	3.997731	-0.999955	0.000000
2.794567	1.000104	6117.442019	4078.719219	-0.000000	0.000001	-51.553170	0.002000	1.216755	3.997731	-0.999955	0.000000
2.814567	1.000104	6117.442019	4078.719219	-0.000000	0.000000	-51.553170	0.002000	1.216755	3.997731	-0.999955	0.000000
2.834567	1.000104	6117.442019	4078.719219	-0.000000	-0.000000	-51.553170	0.002000	1.216755	3.997731	-0.999955	0.000000
2.854567	1.000104	6117.442019	4078.719219	-0.000000	-0.000000	-51.553170	0.002000	1.216755	3.997731	-0.999955	0.000000
2.874567	1.000104	6117.442019	4078.719219	-0.000000	-0.000001	-51.553170	0.002000	1.216755	3.997731	-0.999955	0.000000
2.894567	1.000104	6117.442019	4078.719219	0.000000	0.000001	-51.553170	0.002000	1.216755	3.997731	-0.999955	0.000000
2.914567	1.000104	6117.442019	4078.719219	-0.000000	0.000001	-51.553170	0.002000	1.216755	3.997731	-0.999955	0.000000
2.934567	1.000104	6117.442019	4078.719219	-0.000000	-0.000002	-51.553170	0.002000	1.216755	3.997731	-0.999955	0.000000
2.954567	1.000104	6117.442019	4078.719219	0.000000	0.000000	-51.553170	0.002000	1.216755	3.997731	-0.999955	0.000000
2.974567	1.000104	6117.442019	4078.719219	-0.000000	0.000001	-51.553170	0.002000	1.216755	3.997731	-0.999955	0.000000
2.994567	1.000104	6117.442019	4078.719219	0.000000	-0.000001	-51.553170	0.002000	1.216755	3.997731	-0.999955	0.000000
3.014567	1.000104	6117.442019	4078.719219	0.000000	0.000001	-51.553170	0.002000	1.216755	3.997731	-0.999955	0.000000
3.034567	1.000104	6117.442019	4078.719219	0.000000	0.000001	-51.553170	0.002000	1.216755	3.997731	-0.999955	0.000000
3.054567	1.000104	6117.442019	4078.719219	-0.000000	-0.000000	-51.553170	0.002000	1.216755	3.997731	-0.999955	0.000000
3.074567	1.000104	6117.442019	4078.719219	-0.000000	-0.000001	-51.553170	0.002000	1.216755	3.997731	-0.999955	0.000000
3.094567	1.000104	6117.442019	4078.719219	0.000000	-0.000001	-51.553170	0.002000	1.216755	3.997731	-0.999955	0.000000
3.114567	1.000104	6117.442019	4078.719219	0.000000	0.000003	-51.553170	0.002000	1.216755	3.997731	-0.999955	0.000000
3.134567	1.000104	6117.442019	4078.719219	-0.000000	0.000001	-51.553170	0.002000	1.216755	3.997731	-0.999955	0.000000
3.154567	1.000104	6117.442019	4078.719219	-0.000000	-0.000001	-51.553170	0.002000	1.216755	3.997731	-0.999955	0.000000
3.174567	1.000104	6117.442019	4078.719219	0.000000	-0.000000	-51.553170	0.002000	1.216755	3.997731	-0.999955	0.000000
3.194567	1.000104	6117.442019	4078.719219	-0.000000	-0.000000	-51.553170	0.002000	1.216755	3.997731	-0.999955	0.000000
3.214567	1.000104	6117.442019	4078.719219	0.000000	-0.000001	-51.553170	0.002000	1.216755	3.997731	-0.999955	0.000000
3.234567	1.000104	6117.442019	4078.719219	-0.000000	0.000001	-51.553170	0.002000	1.216755	3.997731	-0.999955	0.000000
3.254567	1.000104	6117.442019	4078.719219	0.000000	-0.000000	-51.553170	0.002000	1.216755	3.997731	-0.999955	0.000000
3.274567	1.000104	6117.442019	4078.719219	0.000000	0.000001	-51.553170	0.002000	1.216755	3.997731	-0.999955	0.000000
3.294567	1.000104	6117.442019	4078.719219	-0.000000	0.000001	-51.553170	0.002000	1.216755	3.997731	-0.999955	0.000000
3.314567	1.000104	6117.442019	4078.719219	-0.000000	-0.000002	-51.553170	0.002000	1.216755	3.997731	-0.999955	0.000000
3.334567	1.000104	6117.442019	4078.719219	0.000000	-0.000001	-51.553170	0.002000	1.216755	3.997731	-0.999955	0.000000
3.354567	1.000104	6117.442019	4078.719219	0.000000	0.000000	-51.553170	0.002000	1.216755	3.997731	-0.999955	0.000000
3.374567	1.000104	6117.442019	4078.719219	0.000000	-0.000001	-51.553170	0.002000	1.216755	3.997731	-0.999955	0.000000
3.394567	1.000104	6117.442019	4078.719219	0.000000	0.000001	-51.553170	0.002000	1.216755	3.997731	-0.999955	0.000000
3.414567	1.000104	6117.442019	4078.719219	0.000000	0.000000	-51.553170	0.002000	1.216755	3.997731	-0.999955	0.000000
3.434567	1.000104	6117.442019	4078.719219	0.000000	0.000001	-51.553170	0.002000	1.216755	3.997731	-0.999955	0.000000
3.454567	1.000104	6117.442019	4078.719219	-0.000000	-0.000001	-51.553170	0.002000	1.216755	3.997731	-0.999955	0.000000
3.474567	1.000104	6117.442019	4078.719219	0.000000	-0.000001	-51.553170	0.002000	1.216755	3.997731	-0.999955	0.000000
3.494567	1.000104	6117.442019	4078.719219	-0.000000	0.000004	-51.553170	0.002000	1.216755	3.997731	-0.999955	0.000000
3.514567	1.000104	6117.442019	4078.719219	-0.000000	-0.000001	-51.553170	0.002000	1.216755	3.997731	-0.999955	0.000000
3.534567	1.000104	6117.442019	4078.719219	-0.000000	-0.000001	-51.553170	0.002000	1.216755	3.997731	-0.999955	0.000000
3.554567	1.000104	6117.442019	4078.719219	-0.000000	-0.000002	-51.553170	0.002000	1.216755	3.997731	-0.999955	0.000000
3.574567	1.000104	6117.442019	4078.719219	0.000000	-0.000000	-51.553170	0.002000	1.216755	3.997731	-0.999955	0.000000
3.594567	1.000104	6117.442019	4078.719219	-0.000000	0.000003	-51.553170	0.002000	1.216755	3.997731	-0.999955	0.000000
3.614567	1.000104	6117.442019	4078.719219	-0.000000	-0.000001	-51.553170	0.002000	1.216755	3.997731	-0.999955	0.000000
3.634567	1.000104	6117.442019	4078.719219	0.000000	-0.000001	-51.553170	0.002000	1.216755	3.997731	-0.999955	0.000000
3.654567	1.000104	6117.442019	4078.719219	0.000000	-0.000000	-51.553170	0.002000	1.216755	3.997731	-0.999955	0.000000
3.674567	1.000104	6117.442019	4078.719219	0.000000	0.000001	-51.553170	0.002000	1.216755	3.997731	-0.999955	0.000000
3.694567	1.000104	6117.442019	4078.719219	-0.000000	-0.000001	-51.553170	0.002000	1.216755	3.997731	-0.999955	0.000000
3.714567	1.000104	6117.442019	4078.719219	0.000000	-0.000002	-51.553170	0.002000	1.216755	3.997731	-0.999955	0.000000
3.734567	1.000104	6117.442019	4078.719219	0.000000	0.000001	-51.553170	0.002000	1.216755	3.997731	-0.999955	0.000000
3.754567	1.000104	6117.442019	4078.719219	0.000000	0.000001	-51.553170	0.002000	1.216755	3.997731	-0.999955	0.000000
3.774567	1.000104	6117.442019	4078.719219	-0.000000	0.000000	-51.553170	0.002000	1.216755	3.997731	-0.999955	0.000000
3.794567	1.000104	6117.442019	4078.719219	-0.000000	0.000001	-51.553170	0.002000	1.216755	3.997731	-0.999955	0.000000
3.814567	1.000104	6117.442019	4078.719219	-0.000000	-0.000000	-51.553170	0.002000	1.216755	3.997731	-0.999955	0.000000
3.834567	1.000104	6117.442019	4078.719219	0.000000	-0.000001	-51.553170	0.002000	1.216755	3.997731	-0.999955	0.000000
3.854567	1.000104	6117.442019	4078.719219	0.000000	0.000001	-51.553170	0.002000	1.216755	3.997731	-0.999955	0.000000
3.874567	1.000104	6117.442019	4078.719219	-0.000000	0.000000	-51.553170	0.002000	1.216755	3.997731	-0.999955	0.000000
3.894567	1.000104	6117.442019	4078.719219	0.000000	-0.000003	-51.553170	0.002000	1.216755	3.997731	-0.999955	0.000000
3.914567	1.000104	6117.442019	4078.719219	0.000000	0.000001	-51.553170	0.002000	1.216755	3.997731	-0.999955	0.000000
3.934567	1.000104	6117.442019	4078.719219	-0.000000	0.000002	-51.553170	0.002000	1.216755	3.997731	-0.999955	0.000000
3.954567	1.000104	6117.442019	4078.719219	-0.000000	-0.000001	-51.553170	0.002000	1.216755	3.997731	-0.999955	0.000000
3.974567	1.000104	6117.442019	4078.719219	0.000000	-0.000002	-51.553170	0.002000	1.216755	3.997731	-0.999955	0.000000
3.994567	1.000104	6117.442019	4078.719219	0.000000	0.000001	-51.553170	0.002000	1.216755	3.997731	-0.999955	0.000000
4.014567	1.000104	6117.442019	4078.719219	-0.000000	-0.000004	-51.553170	0.002000	1.216755	3.997731	-0.999955	0.000000
4.034567	1.000104	6117.442019	4078.719219	0.000000	-0.000017	-51.553170	0.002000	1.216755	3.997731	-0.999955	0.000000
4.054567	1.000104	6117.442019	4078.719219	0.000001	-0.000040	-51.553170	0.002000	1.216755	3.997731	-0.999955	0.000000
4.074567	1.000104	6117.442019	4078.719219	0.000001	-0.000095	-51.553170	0.002000	1.216755	3.997731	-0.999955	0.000000
4.094567	1.000104	6117.442019	4078.719219	0.000003	-0.000261	-51.553170	0.002000	1.216755	3.997731	-0.999955	0.000000
4.114567	1.000104	6117.442019	4078.719219	0.000009	-0.000694	-51.553170	0.002000	1.216755	3.997731	-0.999955	0.000000
4.134567	1.000104	6117.442019	4078.719219	0.000024	-0.001786	-51.553170	0.002000	1.216755	3.997731	-0.999955	0.000000
4.154567	1.000104	6117.442019	4078.719219	0.000062	-0.004473	-51.553170	0.002000	1.216755	3.997731	-0.999955	0.000000
4.174567	1.000104	6117.442019	4078.719219	0.000154	-0.010984	-51.553170	0.002000	1.216755	3.997731	-0.999955	0.000000
4.194567	1.000104	6117.442019	4078.719219	0.000376	-0.026477	-51.553170	0.002000	1.216755	3.997731	-0.999955	0.000000
4.214567	1.000104	6117.442018	4078.719218	0.000899	-0.062653	-51.553170	0.002000	1.216755	3.997731	-0.999955	0.000000
4.234567	1.000104	6117.442017	4078.719217	0.002113	-0.145633	-51.553170	0.002000	1.216755	3.997731	-0.999955	0.000000
4.254567	1.000104	6117.442013	4078.719212	0.004875	-0.332597	-51.553170	0.002000	1.216755	3.997731	-0.999955	0.000000
4.274567	1.000104	6117.442005	4078.719203	0.011051	-0.746466	-51.553170	0.002000	1.216755	3.997731	-0.999955	0.000000
4.294567	1.000104	6117.441988	4078.719182	0.024618	-1.646438	-51.553170	0.002000	1.216755	3.997731	-0.999955	0.000000
4.314567	1.000104	6117.441948	4078.719134	0.053885	-3.568686	-51.553170	0.002000	1.216755	3.997731	-0.999955	0.000000
4.334567	1.000104	6117.441863	4078.719031	0.115892	-7.600898	-51.553170	0.002000	1.216755	3.997731	-0.999955	0.000000
4.354567	1.000104	6117.441681	4078.718809	0.244873	-15.905815	-51.553169	0.002000	1.216755	3.997731	-0.999955	0.000000
4.374567	1.000104	6117.441300	4078.718341	0.508168	-32.705568	-51.553169	0.002000	1.216755	3.997731	-0.999955	0.000000
4.394567	1.000104	6117.440515	4078.717371	1.035817	-66.014952	-51.553167	0.002000	1.216755	3.997730	-0.999955	0.000000
4.414567	1.000104	6117.438931	4078.715397	2.072729	-130.820809	-51.553164	0.002000	1.216755	3.997730	-0.999955	0.000000
4.434567	1.000103	6117.435788	4078.711453	4.070582	-254.426685	-51.553158	0.002000	1.216755	3.997730	-0.999955	0.000000
4.454567	1.000102	6117.429670	4078.703719	7.842635	-485.430949	-51.553145	0.002000	1.216755	3.997730	-0.999956	0.000000
4.474567	1.000100	6117.417989	4078.688838	14.817484	-908.198382	-51.553121	0.002000	1.216755	3.997729	-0.999957	0.000000
4.494567	1.000097	6117.396120	4078.660759	27.440324	-1665.377844	-51.553076	0.002000	1.216755	3.997727	-0.999958	0.000000
4.514567	1.000091	6117.355993	4078.608824	49.783072	-2991.540110	-51.552991	0.002000	1.216755	3.997725	-0.999961	0.000000
4.534567	1.000079	6117.283870	4078.514709	88.431526	-5261.128384	-51.552838	0.002000	1.216755	3.997719	-0.999966	0.000000
4.554568	1.000059	6117.156960	4078.347701	153.709634	-9053.118812	-51.552567	0.002000	1.216755	3.997711	-0.999975	0.000000
4.574569	1.000022	6116.938468	4078.057676	261.264516	-15232.398300	-51.552094	0.002000	1.216755	3.997695	-0.999990	0.000000
4.594571	0.999961	6116.570662	4077.565092	433.955693	-25043.156465	-51.551290	0.002000	1.216755	3.997669	-1.000017	0.000000
4.614575	0.999857	6115.965666	4076.747412	703.855483	-40202.112655	-51.549954	0.002000	1.216755	3.997627	-1.000061	0.000000
4.634581	0.999688	6114.993948	4075.421716	1113.975793	-62969.549495	-51.547785	0.002001	1.216755	3.997558	-1.000134	0.000000
4.654591	0.999419	6113.470991	4073.323948	1719.118736	-96165.825255	-51.544351	0.002001	1.216755	3.997451	-1.000250	0.000000
4.674608	0.998999	6111.143382	4070.086338	2585.074223	-143094.325873	-51.539048	0.002002	1.216755	3.997287	-1.000431	0.000000
4.694635	0.998362	6107.676390	4065.215988	3785.370791	-207334.405129	-51.531066	0.002003	1.216755	3.997042	-1.000706	0.000000
4.714677	0.997421	6102.645953	4058.079035	5395.049331	-292385.822295	-51.519363	0.002005	1.216755	3.996686	-1.001114	0.000000
4.734741	0.996064	6095.538316	4047.895911	7481.556431	-401181.559545	-51.502652	0.002008	1.216755	3.996182	-1.001701	0.000000
4.754837	0.994162	6085.760146	4033.753133	10093.774367	-535533.856077	-51.479420	0.002012	1.216755	3.995488	-1.002527	0.000000
4.774978	0.991564	6072.660510	4014.635386	13251.174077	-695623.100608	-51.447968	0.002017	1.216755	3.994557	-1.003659	0.000000
4.795179	0.988108	6055.563746	3989.478237	16935.665589	-879660.061294	-51.406487	0.002024	1.216755	3.993337	-1.005169	0.000000
4.815460	0.983629	6033.809547	3957.237188	21088.539036	-1083830.785672	-51.353150	0.002033	1.216755	3.991779	-1.007135	0.000000
4.835845	0.977967	6006.794505	3916.964355	25613.809254	-1302568.717717	-51.286222	0.002045	1.216755	3.989835	-1.009634	0.000000
4.856362	0.970981	5974.008537	3867.881276	30387.579942	-1529111.280432	-51.204146	0.002060	1.216755	3.987464	-1.012739	0.000000
4.877041	0.962552	5935.060660	3809.436539	35271.419517	-1756220.936285	-51.105624	0.002078	1.216755	3.984629	-1.016517	0.000000
4.897919	0.952595	5889.690937	3741.339983	40126.794730	-1976915.838801	-50.989653	0.002100	1.216755	3.981302	-1.021024	0.000000
4.919033	0.941058	5837.768369	3663.570259	44827.688735	-2185072.157572	-50.855530	0.002125	1.216755	3.977463	-1.026306	0.000000
4.940426	0.927923	5779.277066	3576.357773	49269.480960	-2375814.052274	-50.702824	0.002155	1.216755	3.973095	-1.032402	0.000000
4.962144	0.913200	5714.294504	3480.148886	53373.388242	-2545674.358970	-50.531328	0.002190	1.216755	3.968189	-1.039339	0.000000
4.984233	0.896926	5642.965901	3375.559178	57086.991489	-2692558.467251	-50.340998	0.002230	1.216755	3.962738	-1.047141	0.000000
5.006748	0.879152	5565.478235	3263.323038	60381.920129	-2815571.296790	-50.131883	0.002275	1.216755	3.956737	-1.055826	0.000000
5.029741	0.859945	5482.036981	3144.246328	63249.311860	-2914800.877506	-49.904061	0.002326	1.216755	3.950181	-1.065412	0.000000
5.053275	0.839374	5392.845228	3019.165248	65695.418582	-2991040.972811	-49.657585	0.002383	1.216755	3.943060	-1.075921	0.000000
5.077412	0.817510	5298.088854	2888.913255	67739.896607	-3045242.425730	-49.392421	0.002446	1.216755	3.935364	-1.087378	0.000000
5.102223	0.794421	5197.915290	2754.291087	69403.229648	-3079513.926371	-49.108429	0.002518	1.216755	3.927077	-1.099815	0.000000
5.127787	0.770168	5092.453650	2616.067124	70715.078525	-3095006.531628	-48.805285	0.002597	1.216755	3.918177	-1.113276	0.000000
5.154189	0.744801	4981.789360	2474.959904	71703.546120	-3093362.451647	-48.482463	0.002685	1.216755	3.908637	-1.127817	0.000000
5.181528	0.718364	4865.971113	2331.642307	72397.130908	-3076034.953772	-48.139195	0.002784	1.216755	3.898423	-1.143509	0.000000
5.209914	0.690894	4744.986068	2186.747795	72821.827708	-3044436.186874	-47.774423	0.002895	1.216755	3.887490	-1.160439	0.000000
5.239476	0.662428	4618.699761	2040.866202	73001.035857	-3000042.109912	-47.386772	0.003019	1.216755	3.875776	-1.178709	0.000000
5.270362	0.633016	4486.671270	1894.519865	72953.009725	-2944635.897926	-46.974525	0.003159	1.216755	3.863181	-1.198430	0.000000
5.302743	0.602732	4347.874767	1748.092909	72691.955454	-2880542.730952	-46.535613	0.003318	1.216755	3.849535	-1.219719	0.000000
5.336822	0.571667	4200.203097	1601.693540	72224.816332	-2810304.456848	-46.067661	0.003499	1.216755	3.834529	-1.242698	0.000000
5.372833	0.539880	4040.197559	1455.018051	71554.082824	-2736073.146966	-45.567825	0.003705	1.216755	3.817663	-1.267543	0.000000
5.411059	0.507264	3863.299645	1307.265525	70680.952486	-2656481.587374	-45.032695	0.003943	1.216755	3.798220	-1.294604	0.000000
5.451868	0.473345	3666.199664	1157.627626	69603.741991	-2565168.113356	-44.456825	0.004225	1.216755	3.775480	-1.324659	0.000000
5.495794	0.437037	3451.533132	1006.255846	68345.835413	-2448109.242156	-43.831241	0.004576	1.216755	3.749277	-1.359317	0.000000
5.543724	0.396874	3233.051623	855.947031	66903.043552	-2294760.087932	-43.138179	0.005039	1.216755	3.720878	-1.401179	0.000000
5.597135	0.351356	3036.902345	711.804939	65338.628423	-2104818.633561	-42.347418	0.005692	1.216755	3.693693	-1.454081	0.000000
5.658664	0.300261	2895.637496	579.999487	63581.793238	-1897332.457493	-41.405371	0.006661	1.216755	3.673001	-1.522322	0.000000
5.732638	0.244480	2843.778062	463.791389	61790.347255	-1694642.329732	-40.219296	0.008181	1.216755	3.665144	-1.611569	0.000000
5.827436	0.187048	2911.786046	363.325927	59753.196551	-1517594.339013	-38.629378	0.010692	1.216755	3.675397	-1.727849	0.000000
5.958338	0.125720	3149.164350	264.107521	58463.394897	-1333009.711738	-36.242010	0.015908	1.216755	3.709418	-1.900386	0.000000
6.202503	0.070055	4308.820274	201.353860	56786.674041	-1062769.766753	-31.481300	0.028549	1.216755	3.845555	-2.154344	0.000000
-0.002969	3.370411	102366.208036	230011.323600	6.465541	0.000000	0.000647	0.000593	0.000000	5.221320	-0.472319	0.000000
-0.008902	3.376797	102155.771189	229973.041889	18.601662	0.000000	0.001885	0.000592	0.000000	5.220426	-0.471497	0.000000
-0.014818	3.389227	101748.728563	229899.794091	28.467243	0.000000	0.002964	0.000590	0.000000	5.218692	-0.469901	0.000000
-0.020707	3.407062	101171.178608	229797.731429	34.910863	0.000000	0.003795	0.000587	0.000000	5.216219	-0.467621	0.000000
-0.026561	3.429393	100458.827113	229675.226354	37.254829	0.000000	0.004321	0.000583	0.000000	5.213150	-0.464784	0.000000
-0.032373	3.455097	99653.669596	229542.022650	35.375248	0.000000	0.004511	0.000579	0.000000	5.209654	-0.461540	0.000000
-0.038140	3.482914	98800.161184	229408.251931	29.692971	0.000000	0.004372	0.000574	0.000000	5.205918	-0.458057	0.000000
-0.043860	3.511535	97941.602171	229283.460910	21.089262	0.000000	0.003938	0.000570	0.000000	5.202127	-0.454502	0.000000
-0.049533	3.539689	97116.969082	229175.754543	10.760796	0.000000	0.003270	0.000565	0.000000	5.198454	-0.451034	0.000000
-0.055161	3.566232	96358.536418	229091.144492	0.042207	0.000000	0.002445	0.000561	0.000000	5.195049	-0.447789	0.000000
-0.060750	3.590225	95690.355981	229033.160487	-9.777687	0.000000	0.001546	0.000557	0.000000	5.192027	-0.444877	0.000000
-0.066303	3.610983	95127.631460	229002.748071	-17.619730	0.000000	0.000656	0.000554	0.000000	5.189465	-0.442373	0.000000
-0.071828	3.628106	94676.886011	228998.440871	-22.738634	0.000000	-0.000155	0.000551	0.000000	5.187403	-0.440319	0.000000
-0.077329	3.641476	94336.797446	229016.764875	-24.793693	0.000000	-0.000831	0.000549	0.000000	5.185841	-0.438721	0.000000
-0.082812	3.651232	94099.526167	229052.808337	-23.860306	0.000000	-0.001335	0.000548	0.000000	5.184747	-0.437560	0.000000
-0.088284	3.657718	93952.361020	229100.877056	-20.384220	0.000000	-0.001653	0.000547	0.000000	5.184068	-0.436789	0.000000
-0.093749	3.661424	93879.501312	229155.151587	-15.088229	0.000000	-0.001788	0.000546	0.000000	5.183731	-0.436350	0.000000
