0.002969	3.371050	102344.408839	230005.931525	6.299042	-1882455.851984	-0.000637	0.000593	1.216755	5.221228	-0.472237	0.000000
0.008900	3.377384	102135.878093	229968.214215	18.126240	-1718373.447940	-0.001858	0.000592	1.216755	5.220341	-0.471422	0.000000
0.014815	3.389714	101732.427836	229896.025434	27.751382	-1409077.226794	-0.002922	0.000590	1.216755	5.218622	-0.469839	0.000000
0.020704	3.407412	101159.752237	229795.388847	34.056603	-989274.329039	-0.003745	0.000587	1.216755	5.216170	-0.467577	0.000000
0.026557	3.429580	100453.026136	229674.508170	36.382068	-504562.913718	-0.004267	0.000583	1.216755	5.213124	-0.464760	0.000000
0.032369	3.455111	99653.658782	229542.939419	34.603470	-5319.775856	-0.004460	0.000579	1.216755	5.209654	-0.461538	0.000000
0.038136	3.482761	98805.538922	229410.631949	29.123571	459747.205957	-0.004328	0.000574	1.216755	5.205941	-0.458076	0.000000
0.043856	3.511234	97951.485197	229286.978576	20.791069	849163.217522	-0.003907	0.000570	1.216755	5.202170	-0.454539	0.000000
0.049530	3.539274	97130.125064	229179.976891	10.760984	1132801.163227	-0.003254	0.000565	1.216755	5.198513	-0.451084	0.000000
0.055159	3.565746	96373.542631	229095.588886	0.323765	1294133.694139	-0.002445	0.000561	1.216755	5.195117	-0.447848	0.000000
0.060749	3.589713	95705.762687	229037.355295	-9.271730	1330654.414571	-0.001560	0.000557	1.216755	5.192097	-0.444939	0.000000
0.066303	3.610489	95142.110961	229006.288131	-16.976145	1252666.450475	-0.000681	0.000554	1.216755	5.189532	-0.442432	0.000000
0.071828	3.627669	94689.352756	229001.030679	-22.059599	1080817.963418	0.000123	0.000551	1.216755	5.187460	-0.440371	0.000000
0.077329	3.641126	94346.489443	229018.244510	-24.180503	842797.471542	0.000795	0.000549	1.216755	5.185885	-0.438763	0.000000
0.082814	3.650985	94106.043069	229053.159833	-23.397845	569629.212180	0.001301	0.000548	1.216755	5.184777	-0.437589	0.000000
0.088286	3.657579	93955.659169	229100.211838	-20.128728	291986.100955	0.001623	0.000547	1.216755	5.184083	-0.436806	0.000000
0.093750	3.661387	93879.850610	229153.682275	-15.060344	36912.659493	0.001766	0.000546	1.216755	5.183733	-0.436354	0.000000
0.099211	3.662966	93861.719397	229208.272735	-9.031532	-174709.290493	0.001749	0.000546	1.216755	5.183649	-0.436167	0.000000
0.104671	3.662896	93884.510145	229259.552068	-2.903133	-329708.299008	0.001605	0.000546	1.216755	5.183755	-0.436176	0.000000
0.110132	3.661724	93932.880445	229304.242665	2.562648	-423070.279214	0.001370	0.000546	1.216755	5.183979	-0.436315	0.000000
0.115596	3.659926	93993.811854	229340.335028	6.796045	-457322.902574	0.001085	0.000546	1.216755	5.184261	-0.436528	0.000000
0.121062	3.657888	94057.131455	229367.043468	9.474393	-441047.090358	0.000787	0.000547	1.216755	5.184553	-0.436770	0.000000
0.126532	3.655894	94115.659582	229384.634425	10.532970	-386822.423351	0.000506	0.000547	1.216755	5.184823	-0.437007	0.000000
0.132005	3.654129	94165.039227	229394.170566	10.135282	-308971.746735	0.000265	0.000547	1.216755	5.185051	-0.437217	0.000000
0.137480	3.652693	94203.330209	229397.217596	8.612804	-221458.743364	0.000074	0.000548	1.216755	5.185227	-0.437387	0.000000
0.142957	3.651615	94230.463897	229395.557179	6.388322	-136218.986722	-0.000059	0.000548	1.216755	5.185352	-0.437515	0.000000
0.148435	3.650875	94247.651686	229390.940308	3.897937	-62091.669000	-0.000140	0.000548	1.216755	5.185431	-0.437603	0.000000
0.153914	3.650424	94256.825713	229384.903103	1.524780	-4394.439849	-0.000175	0.000548	1.216755	5.185474	-0.437657	0.000000
0.159394	3.650195	94260.167837	229378.654023	-0.446689	34926.282782	-0.000176	0.000548	1.216755	5.185489	-0.437684	0.000000
0.164874	3.650121	94259.757918	229373.029817	-1.852051	56714.416130	-0.000153	0.000548	1.216755	5.185487	-0.437693	0.000000
0.170354	3.650143	94257.349146	229368.508814	-2.645130	63774.564211	-0.000117	0.000548	1.216755	5.185476	-0.437690	0.000000
0.175834	3.650211	94254.259758	229365.265021	-2.878006	59974.128224	-0.000078	0.000548	1.216755	5.185462	-0.437682	0.000000
0.181313	3.650291	94251.358386	229363.244952	-2.669959	49426.855170	-0.000042	0.000548	1.216755	5.185448	-0.437673	0.000000
0.186793	3.650362	94249.114643	229362.250609	-2.172940	35859.196057	-0.000012	0.000548	1.216755	5.185438	-0.437664	0.000000
0.192272	3.650413	94247.686438	229362.015569	-1.540091	22207.325153	0.000010	0.000548	1.216755	5.185431	-0.437658	0.000000
0.197752	3.650443	94247.019471	229362.265734	-0.901891	10444.216321	0.000024	0.000548	1.216755	5.185428	-0.437655	0.000000
0.203231	3.650454	94246.940554	229362.760911	-0.352060	1599.808163	0.000031	0.000548	1.216755	5.185428	-0.437653	0.000000
0.208710	3.650452	94247.233418	229363.317345	0.056808	-4083.723357	0.000033	0.000548	1.216755	5.185429	-0.437654	0.000000
0.214190	3.650442	94247.692050	229363.814116	0.309703	-6925.398836	0.000031	0.000548	1.216755	5.185431	-0.437655	0.000000
0.219669	3.650430	94248.151734	229364.187846	0.420452	-7564.890393	0.000028	0.000548	1.216755	5.185434	-0.437656	0.000000
0.225148	3.650420	94248.501278	229364.420535	0.420709	-6750.855015	0.000024	0.000548	1.216755	5.185435	-0.437657	0.000000
0.230628	3.650415	94248.681643	229364.524812	0.349248	-5183.289041	0.000021	0.000548	1.216755	5.185436	-0.437658	0.000000
0.236107	3.650415	94248.676407	229364.529866	0.243337	-3418.174343	0.000018	0.000548	1.216755	5.185436	-0.437658	0.000000
0.241587	3.650421	94248.498816	229364.470064	0.133078	-1829.453906	0.000017	0.000548	1.216755	5.185435	-0.437657	0.000000
0.247066	3.650432	94248.178928	229364.377132	0.038808	-615.122737	0.000017	0.000548	1.216755	5.185434	-0.437656	0.000000
0.252545	3.650447	94247.752992	229364.275843	-0.028937	169.047267	0.000017	0.000548	1.216755	5.185432	-0.437654	0.000000
0.258025	3.650465	94247.255986	229364.182604	-0.067723	563.869555	0.000017	0.000548	1.216755	5.185429	-0.437652	0.000000
0.263504	3.650484	94246.717334	229364.106052	-0.080679	661.552184	0.000018	0.000548	1.216755	5.185427	-0.437650	0.000000
0.268983	3.650505	94246.159245	229364.048761	-0.073855	568.833069	0.000019	0.000548	1.216755	5.185424	-0.437647	0.000000
0.274462	3.650526	94245.596886	229364.009315	-0.053994	381.948545	0.000020	0.000548	1.216755	5.185422	-0.437645	0.000000
0.279942	3.650547	94245.039599	229363.984226	-0.027012	173.470058	0.000021	0.000548	1.216755	5.185419	-0.437642	0.000000
0.285421	3.650568	94244.492496	229363.969416	0.002783	-11.187080	0.000021	0.000548	1.216755	5.185417	-0.437640	0.000000
0.290900	3.650589	94243.958001	229363.961168	0.032888	-150.753680	0.000022	0.000548	1.216755	5.185414	-0.437637	0.000000
0.296379	3.650609	94243.437079	229363.956601	0.062345	-241.776326	0.000022	0.000548	1.216755	5.185412	-0.437635	0.000000
0.301858	3.650629	94242.930082	229363.953781	0.091283	-291.534720	0.000023	0.000548	1.216755	5.185409	-0.437633	0.000000
0.307337	3.650648	94242.437233	229363.951604	0.120410	-311.891661	0.000023	0.000548	1.216755	5.185407	-0.437630	0.000000
0.312816	3.650666	94241.958833	229363.949577	0.150586	-314.894301	0.000024	0.000548	1.216755	5.185405	-0.437628	0.000000
0.318295	3.650684	94241.495301	229363.947582	0.182526	-310.259214	0.000024	0.000548	1.216755	5.185403	-0.437626	0.000000
0.323774	3.650701	94241.047111	229363.945686	0.216638	-304.443686	0.000024	0.000548	1.216755	5.185401	-0.437624	0.000000
0.329253	3.650718	94240.614721	229363.944002	0.252980	-300.803312	0.000025	0.000548	1.216755	5.185399	-0.437622	0.000000
0.334732	3.650734	94240.198503	229363.942618	0.291317	-300.328538	0.000025	0.000548	1.216755	5.185397	-0.437620	0.000000
0.340211	3.650750	94239.798707	229363.941570	0.331202	-302.551992	0.000025	0.000548	1.216755	5.185395	-0.437618	0.000000
0.345690	3.650764	94239.415448	229363.940846	0.372068	-306.358194	0.000026	0.000548	1.216755	5.185393	-0.437616	0.000000
0.351169	3.650779	94239.048716	229363.940403	0.413314	-310.568252	0.000026	0.000548	1.216755	5.185392	-0.437615	0.000000
0.356648	3.650792	94238.698398	229363.940184	0.454378	-314.272720	0.000026	0.000548	1.216755	5.185390	-0.437613	0.000000
0.362127	3.650805	94238.364298	229363.940140	0.494775	-316.951689	0.000027	0.000548	1.216755	5.185388	-0.437612	0.000000
0.367605	3.650818	94238.046153	229363.940234	0.534115	-318.454846	0.000027	0.000548	1.216755	5.185387	-0.437610	0.000000
0.373084	3.650829	94237.743648	229363.940443	0.572120	-318.901539	0.000028	0.000548	1.216755	5.185386	-0.437609	0.000000
0.378563	3.650840	94237.456419	229363.940758	0.608609	-318.556795	0.000028	0.000548	1.216755	5.185384	-0.437607	0.000000
0.384042	3.650851	94237.184053	229363.941172	0.643494	-317.722345	0.000028	0.000548	1.216755	5.185383	-0.437606	0.000000
0.389520	3.650861	94236.926090	229363.941681	0.676770	-316.652675	0.000029	0.000548	1.216755	5.185382	-0.437605	0.000000
0.394999	3.650870	94236.682022	229363.942274	0.708501	-315.505983	0.000029	0.000548	1.216755	5.185381	-0.437604	0.000000
0.400478	3.650879	94236.451293	229363.942928	0.738805	-314.325659	0.000029	0.000548	1.216755	5.185380	-0.437603	0.000000
0.405957	3.650888	94236.233309	229363.943614	0.767839	-313.047609	0.000030	0.000548	1.216755	5.185379	-0.437602	0.000000
0.411435	3.650896	94236.027449	229363.944291	0.795793	-311.526655	0.000030	0.000548	1.216755	5.185378	-0.437601	0.000000
0.416914	3.650903	94235.833070	229363.944915	0.822875	-309.570006	0.000030	0.000548	1.216755	5.185377	-0.437600	0.000000
0.422393	3.650910	94235.649533	229363.945441	0.849297	-306.978594	0.000031	0.000548	1.216755	5.185376	-0.437599	0.000000
0.427871	3.650917	94235.476208	229363.945828	0.875269	-303.585769	0.000031	0.000548	1.216755	5.185375	-0.437598	0.000000
0.433350	3.650924	94235.312493	229363.946043	0.900999	-299.284840	0.000031	0.000548	1.216755	5.185374	-0.437597	0.000000
0.438828	3.650930	94235.157823	229363.946064	0.926681	-294.047808	0.000032	0.000548	1.216755	5.185374	-0.437597	0.000000
0.444307	3.650935	94235.011675	229363.945881	0.952496	-287.927509	0.000032	0.000548	1.216755	5.185373	-0.437596	0.000000
0.449786	3.650941	94234.873576	229363.945498	0.978602	-281.047649	0.000032	0.000548	1.216755	5.185372	-0.437595	0.000000
0.455264	3.650946	94234.743091	229363.944925	1.005156	-273.581135	0.000033	0.000548	1.216755	5.185372	-0.437595	0.000000
0.460743	3.650950	94234.619831	229363.944183	1.032292	-265.719896	0.000033	0.000548	1.216755	5.185371	-0.437594	0.000000
0.466222	3.650955	94234.503436	229363.943291	1.060128	-257.647194	0.000033	0.000548	1.216755	5.185371	-0.437594	0.000000
0.471700	3.650959	94234.393572	229363.942273	1.088777	-249.511303	0.000033	0.000548	1.216755	5.185370	-0.437593	0.000000
0.477179	3.650963	94234.289921	229363.941147	1.118332	-241.409833	0.000034	0.000548	1.216755	5.185370	-0.437593	0.000000
0.482657	3.650967	94234.192178	229363.939925	1.148878	-233.383979	0.000034	0.000548	1.216755	5.185369	-0.437592	0.000000
0.488136	3.650970	94234.100044	229363.938614	1.180494	-225.420803	0.000034	0.000548	1.216755	5.185369	-0.437592	0.000000
0.493614	3.650974	94234.013223	229363.937217	1.213240	-217.467193	0.000034	0.000548	1.216755	5.185368	-0.437591	0.000000
0.499093	3.650977	94233.931424	229363.935728	1.247178	-209.445619	0.000035	0.000548	1.216755	5.185368	-0.437591	0.000000
0.504572	3.650980	94233.854360	229363.934142	1.282362	-201.269179	0.000035	0.000548	1.216755	5.185368	-0.437591	0.000000
0.510050	3.650983	94233.781750	229363.932450	1.318843	-192.858308	0.000035	0.000548	1.216755	5.185367	-0.437590	0.000000
0.515529	3.650985	94233.713323	229363.930641	1.356676	-184.148921	0.000035	0.000548	1.216755	5.185367	-0.437590	0.000000
0.521007	3.650988	94233.648816	229363.928708	1.395907	-175.096673	0.000035	0.000548	1.216755	5.185367	-0.437590	0.000000
0.526486	3.650990	94233.587984	229363.926644	1.436592	-165.677602	0.000036	0.000548	1.216755	5.185366	-0.437590	0.000000
0.531964	3.650992	94233.530592	229363.924443	1.478782	-155.883698	0.000036	0.000548	1.216755	5.185366	-0.437589	0.000000
0.537443	3.650994	94233.476421	229363.922101	1.522534	-145.718828	0.000036	0.000548	1.216755	5.185366	-0.437589	0.000000
0.542921	3.650996	94233.425267	229363.919616	1.567903	-135.190992	0.000036	0.000548	1.216755	5.185366	-0.437589	0.000000
0.548400	3.650998	94233.376942	229363.916987	1.614941	-124.308516	0.000036	0.000548	1.216755	5.185365	-0.437589	0.000000
0.553878	3.651000	94233.331268	229363.914213	1.663706	-113.077479	0.000036	0.000548	1.216755	5.185365	-0.437588	0.000000
0.559357	3.651001	94233.288084	229363.911294	1.714248	-101.500001	0.000036	0.000548	1.216755	5.185365	-0.437588	0.000000
0.564835	3.651003	94233.247237	229363.908229	1.766617	-89.574263	0.000037	0.000548	1.216755	5.185365	-0.437588	0.000000
0.570314	3.651004	94233.208587	229363.905018	1.820860	-77.294301	0.000037	0.000548	1.216755	5.185365	-0.437588	0.000000
0.575792	3.651006	94233.172003	229363.901660	1.877013	-64.653055	0.000037	0.000548	1.216755	5.185365	-0.437588	0.000000
0.581271	3.651007	94233.137364	229363.898153	1.935113	-51.643435	0.000037	0.000548	1.216755	5.185364	-0.437588	0.000000
0.586749	3.651008	94233.104557	229363.894496	1.995190	-38.258128	0.000037	0.000548	1.216755	5.185364	-0.437587	0.000000
0.592228	3.651009	94233.073477	229363.890687	2.057260	-24.491745	0.000037	0.000548	1.216755	5.185364	-0.437587	0.000000
0.597706	3.651010	94233.044024	229363.886724	2.121336	-10.341224	0.000037	0.000548	1.216755	5.185364	-0.437587	0.000000
0.603185	3.651011	94233.016107	229363.882606	2.187419	4.194764	0.000037	0.000548	1.216755	5.185364	-0.437587	0.000000
0.608663	3.651012	94232.989641	229363.878330	2.255503	19.115144	0.000037	0.000548	1.216755	5.185364	-0.437587	0.000000
0.614142	3.651013	94232.964545	229363.873894	2.325571	34.417586	0.000037	0.000548	1.216755	5.185364	-0.437587	0.000000
0.619620	3.651014	94232.940744	229363.869296	2.397592	50.097315	0.000037	0.000548	1.216755	5.185363	-0.437587	0.000000
0.625099	3.651015	94232.918167	229363.864532	2.471525	66.146845	0.000037	0.000548	1.216755	5.185363	-0.437587	0.000000
0.630577	3.651016	94232.896749	229363.859601	2.547316	82.555021	0.000037	0.000548	1.216755	5.185363	-0.437586	0.000000
0.636056	3.651016	94232.876427	229363.854501	2.624914	99.308043	0.000036	0.000548	1.216755	5.185363	-0.437586	0.000000
0.641534	3.651017	94232.857143	229363.849229	2.704246	116.386627	0.000036	0.000548	1.216755	5.185363	-0.437586	0.000000
0.647013	3.651018	94232.838840	229363.843782	2.785230	133.766957	0.000036	0.000548	1.216755	5.185363	-0.437586	0.000000
0.652491	3.651018	94232.821468	229363.838158	2.867790	151.424952	0.000036	0.000548	1.216755	5.185363	-0.437586	0.000000
0.657970	3.651019	94232.804975	229363.832353	2.951842	169.342172	0.000036	0.000548	1.216755	5.185363	-0.437586	0.000000
0.663448	3.651019	94232.789317	229363.826364	3.037276	187.510206	0.000036	0.000548	1.216755	5.185363	-0.437586	0.000000
0.668927	3.651020	94232.774449	229363.820187	3.124018	205.941594	0.000035	0.000548	1.216755	5.185363	-0.437586	0.000000
0.674405	3.651020	94232.760333	229363.813818	3.211980	224.677182	0.000035	0.000548	1.216755	5.185363	-0.437586	0.000000
0.679884	3.651021	94232.746935	229363.807257	3.301048	243.775493	0.000035	0.000548	1.216755	5.185363	-0.437586	0.000000
0.685362	3.651021	94232.734224	229363.800505	3.391167	263.306293	0.000035	0.000548	1.216755	5.185362	-0.437586	0.000000
0.690841	3.651021	94232.722178	229363.793568	3.482232	283.312529	0.000034	0.000548	1.216755	5.185362	-0.437586	0.000000
0.696319	3.651022	94232.710775	229363.786460	3.574037	303.753438	0.000034	0.000548	1.216755	5.185362	-0.437586	0.000000
0.701798	3.651022	94232.699993	229363.779197	3.666687	324.510240	0.000034	0.000548	1.216755	5.185362	-0.437586	0.000000
0.707276	3.651022	94232.689802	229363.771802	3.760068	345.359545	0.000033	0.000548	1.216755	5.185362	-0.437586	0.000000
0.712755	3.651023	94232.680157	229363.764294	3.853557	365.909838	0.000033	0.000548	1.216755	5.185362	-0.437586	0.000000
0.718233	3.651023	94232.670988	229363.756684	3.948037	385.869749	0.000032	0.000548	1.216755	5.185362	-0.437586	0.000000
0.723712	3.651023	94232.662198	229363.748970	4.043511	405.106919	0.000032	0.000548	1.216755	5.185362	-0.437586	0.000000
0.729190	3.651023	94232.653653	229363.741131	4.137360	423.292732	0.000031	0.000548	1.216755	5.185362	-0.437586	0.000000
0.734669	3.651023	94232.645198	229363.733128	4.233835	440.857403	0.000031	0.000548	1.216755	5.185362	-0.437586	0.000000
0.740147	3.651024	94232.636661	229363.724897	4.333480	458.809356	0.000030	0.000548	1.216755	5.185362	-0.437586	0.000000
0.745626	3.651024	94232.627877	229363.716391	4.423763	476.394461	0.000030	0.000548	1.216755	5.185362	-0.437586	0.000000
0.751104	3.651024	94232.618713	229363.707563	4.523658	494.975666	0.000029	0.000548	1.216755	5.185362	-0.437585	0.000000
0.756583	3.651024	94232.609070	229363.698338	4.637510	517.497596	0.000029	0.000548	1.216755	5.185362	-0.437585	0.000000
0.762061	3.651025	94232.598913	229363.688769	4.705513	537.658702	0.000028	0.000548	1.216755	5.185362	-0.437585	0.000000
0.767540	3.651025	94232.588281	229363.678896	4.812643	558.259149	0.000027	0.000548	1.216755	5.185362	-0.437585	0.000000
0.773018	3.651025	94232.577223	229363.668563	4.988433	591.441191	0.000027	0.000548	1.216755	5.185362	-0.437585	0.000000
0.778497	3.651025	94232.565837	229363.658080	4.949416	607.534332	0.000026	0.000548	1.216755	5.185362	-0.437585	0.000000
0.783975	3.651026	94232.554320	229363.647610	5.074986	618.098073	0.000025	0.000548	1.216755	5.185362	-0.437585	0.000000
0.789454	3.651026	94232.542674	229363.636247	5.544898	684.939597	0.000025	0.000548	1.216755	5.185362	-0.437585	0.000000
0.794932	3.651026	94232.530953	229363.625139	5.018553	674.955824	0.000024	0.000548	1.216755	5.185362	-0.437585	0.000000
0.800411	3.651026	94232.519587	229363.614935	5.181945	632.919646	0.000023	0.000548	1.216755	5.185361	-0.437585	0.000000
0.805889	3.651027	94232.508135	229363.601143	7.066417	861.266110	0.000022	0.000548	1.216755	5.185361	-0.437585	0.000000
0.811368	3.651027	94232.496367	229363.588659	4.351145	752.647696	0.000021	0.000548	1.216755	5.185361	-0.437585	0.000000
0.816846	3.651027	94232.485991	229363.580957	4.495434	461.177691	0.000021	0.000548	1.216755	5.185361	-0.437585	0.000000
0.822324	3.651027	94232.474840	229363.556738	13.199421	1452.340227	0.000019	0.000548	1.216755	5.185361	-0.437585	0.000000
0.827803	3.651027	94232.461465	229363.537141	0.752396	962.174537	0.000016	0.000548	1.216755	5.185361	-0.437585	0.000000
0.833281	3.651028	94232.453816	229363.540507	-0.002597	-541.402064	0.000020	0.000548	1.216755	5.185361	-0.437585	0.000000
0.838760	3.651027	94232.442251	229363.465688	41.615745	4023.579573	0.000013	0.000548	1.216755	5.185361	-0.437585	0.000000
0.844238	3.651027	94232.418759	229363.402276	-13.617625	2131.304919	0.000002	0.000548	1.216755	5.185361	-0.437585	0.000000
0.849717	3.651028	94232.420501	229363.443951	-21.845806	-5187.897841	0.000022	0.000548	1.216755	5.185361	-0.437585	0.000000
0.855195	3.651024	94232.404606	229363.109200	178.878240	16185.695286	-0.000009	0.000548	1.216755	5.185361	-0.437586	0.000000
0.860674	3.651020	94232.327748	229362.768462	-61.783384	9725.375237	-0.000063	0.000548	1.216755	5.185361	-0.437586	0.000000
0.866152	3.651021	94232.362516	229362.887164	-117.184229	-25037.129040	0.000024	0.000548	1.216755	5.185361	-0.437586	0.000000
0.871631	3.650999	94232.318254	229361.164983	854.879211	75844.141076	-0.000124	0.000548	1.216755	5.185360	-0.437589	0.000000
0.877109	3.650977	94231.963870	229359.077254	-173.143491	58504.516576	-0.000413	0.000548	1.216755	5.185359	-0.437591	0.000000
0.882588	3.650971	94232.095573	229358.870073	-487.359807	-103159.362579	-0.000060	0.000548	1.216755	5.185360	-0.437592	0.000000
0.888066	3.650850	94231.863584	229349.493719	4242.038226	376946.655534	-0.000804	0.000548	1.216755	5.185358	-0.437608	0.000000
0.893545	3.650701	94230.046697	229336.460420	-26.870410	365283.011093	-0.002395	0.000548	1.216755	5.185350	-0.437625	0.000000
0.899024	3.650606	94230.287623	229330.243407	-1611.972534	-367424.071853	-0.001108	0.000548	1.216755	5.185352	-0.437639	0.000000
0.904503	3.649923	94228.779190	229277.347309	21553.099821	1942959.891778	-0.005003	0.000548	1.216755	5.185341	-0.437728	0.000000
0.909985	3.648967	94219.093235	229195.878178	4622.504625	2275344.624358	-0.013881	0.000548	1.216755	5.185296	-0.437838	0.000000
0.915467	3.648096	94217.708469	229132.601848	-2501.547782	-923406.395393	-0.010201	0.000548	1.216755	5.185295	-0.437956	0.000000
0.920950	3.644150	94207.418450	228826.133664	112027.548644	10376075.103161	-0.031450	0.000549	1.216755	5.185230	-0.438472	0.000000
0.926444	3.638073	94154.109660	228317.152218	50756.598609	14285652.821774	-0.081808	0.000550	1.216755	5.184978	-0.439187	0.000000
0.931946	3.631341	94130.819242	227805.828420	22727.711513	1247051.357210	-0.079545	0.000551	1.216755	5.184891	-0.440074	0.000000
0.937456	3.608424	94058.639487	226014.591674	594884.780288	58499408.675010	-0.198889	0.000554	1.216755	5.184468	-0.443080	0.000000
0.943029	3.570814	93745.575813	222872.164544	428650.944143	96684804.878118	-0.491379	0.000560	1.216755	5.182960	-0.447652	0.000000
0.948660	3.526679	93493.268247	219358.079449	288753.473145	55807411.777427	-0.575341	0.000567	1.216755	5.181853	-0.453448	0.000000
0.954352	3.407673	92917.663822	209750.539896	3142505.189271	384114808.936269	-1.220202	0.000587	1.216755	5.178652	-0.469697	0.000000
0.960391	3.212993	90676.689269	192597.059259	3422090.877408	819118299.907969	-2.979330	0.000622	1.216755	5.167328	-0.495426	0.000000
0.966845	3.048500	87901.794702	177152.928757	360617.037557	728777111.082847	-3.738642	0.000656	1.216755	5.153939	-0.518339	0.000000
0.973488	2.747068	83819.305502	149559.715793	11243559.594305	2180585376.652009	-5.452470	0.000728	1.216755	5.130668	-0.568601	0.000000
0.981514	2.133273	69252.657270	92441.784616	33769379.949581	6655381913.017320	-15.337843	0.000938	1.216755	5.037251	-0.684131	0.000000
0.993429	1.524760	40976.860553	37780.224078	33922627.438463	7955895809.685047	-32.030794	0.001312	1.216755	4.794211	-0.829694	0.000000
1.009668	1.181147	18034.606462	12863.426398	17761061.620350	4219047126.124817	-44.284268	0.001693	1.216755	4.431481	-0.934872	0.000000
1.028434	1.049486	8523.028505	5656.769880	5874015.781314	1154777868.183258	-49.640349	0.001906	1.216755	4.121389	-0.981569	0.000000
1.048142	1.011223	6434.864633	4292.836730	1321515.817632	169571579.472583	-51.174390	0.001978	1.216755	4.015813	-0.995817	0.000000
1.068087	1.002212	6157.017715	4107.860793	236194.765830	20297208.208074	-51.490507	0.001996	1.216755	4.000047	-0.999179	0.000000
1.088079	1.000448	6122.907056	4082.929028	35954.396235	2699617.765894	-51.544325	0.001999	1.216755	3.998054	-0.999830	0.000000
1.108078	1.000153	6118.230848	4079.321091	4626.727333	390102.672020	-51.552099	0.002000	1.216755	3.997777	-0.999938	0.000000
1.128078	1.000110	6117.552575	4078.800192	515.058092	56059.039093	-51.553057	0.002000	1.216755	3.997737	-0.999953	0.000000
1.148078	1.000105	6117.456535	4078.729295	49.520539	7608.559429	-51.553160	0.002000	1.216755	3.997731	-0.999955	0.000000
1.168078	1.000104	6117.443784	4078.720376	4.052636	956.555966	-51.553169	0.002000	1.216755	3.997731	-0.999955	0.000000
1.188078	1.000104	6117.442218	4078.719343	0.286646	111.000034	-51.553170	0.002000	1.216755	3.997731	-0.999955	0.000000
1.208078	1.000104	6117.442040	4078.719232	0.021427	11.954334	-51.553170	0.002000	1.216755	3.997731	-0.999955	0.000000
1.228078	1.000104	6117.442021	4078.719221	0.002797	1.217241	-51.553170	0.002000	1.216755	3.997731	-0.999955	0.000000
1.248078	1.000104	6117.442019	4078.719220	0.000563	0.122242	-51.553170	0.002000	1.216755	3.997731	-0.999955	0.000000
1.268078	1.000104	6117.442019	4078.719220	0.000109	0.012998	-51.553170	0.002000	1.216755	3.997731	-0.999955	0.000000
1.288078	1.000104	6117.442019	4078.719220	0.000018	0.001563	-51.553170	0.002000	1.216755	3.997731	-0.999955	0.000000
1.308078	1.000104	6117.442019	4078.719219	0.000003	0.000214	-51.553170	0.002000	1.216755	3.997731	-0.999955	0.000000
1.328078	1.000104	6117.442019	4078.719219	0.000000	0.000032	-51.553170	0.002000	1.216755	3.997731	-0.999955	0.000000
1.348078	1.000104	6117.442019	4078.719219	-0.000000	0.000003	-51.553170	0.002000	1.216755	3.997731	-0.999955	0.000000
1.368078	1.000104	6117.442019	4078.719219	0.000000	-0.000001	-51.553170	0.002000	1.216755	3.997731	-0.999955	0.000000
1.388078	1.000104	6117.442019	4078.719219	0.000000	-0.000000	-51.553170	0.002000	1.216755	3.997731	-0.999955	0.000000
1.408078	1.000104	6117.442019	4078.719219	0.000000	0.000001	-51.553170	0.002000	1.216755	3.997731	-0.999955	0.000000
1.428078	1.000104	6117.442019	4078.719219	-0.000000	0.000000	-51.553170	0.002000	1.216755	3.997731	-0.999955	0.000000
1.448078	1.000104	6117.442019	4078.719219	-0.000000	0.000001	-51.553170	0.002000	1.216755	3.997731	-0.999955	0.000000
1.468078	1.000104	6117.442019	4078.719219	-0.000000	-0.000000	-51.553170	0.002000	1.216755	3.997731	-0.999955	0.000000
1.488078	1.000104	6117.442019	4078.719219	0.000000	-0.000001	-51.553170	0.002000	1.216755	3.997731	-0.999955	0.000000
1.508078	1.000104	6117.442019	4078.719219	0.000000	0.000001	-51.553170	0.002000	1.216755	3.997731	-0.999955	0.000000
1.528078	1.000104	6117.442019	4078.719219	-0.000000	-0.000000	-51.553170	0.002000	1.216755	3.997731	-0.999955	0.000000
1.548078	1.000104	6117.442019	4078.719219	-0.000000	-0.000001	-51.553170	0.002000	1.216755	3.997731	-0.999955	0.000000
1.568078	1.000104	6117.442019	4078.719219	0.000000	-0.000001	-51.553170	0.002000	1.216755	3.997731	-0.999955	0.000000
1.588078	1.000104	6117.442019	4078.719219	0.000000	0.000000	-51.553170	0.002000	1.216755	3.997731	-0.999955	0.000000
1.608078	1.000104	6117.442019	4078.719219	0.000000	0.000001	-51.553170	0.002000	1.216755	3.997731	-0.999955	0.000000
1.628078	1.000104	6117.442019	4078.719219	-0.000000	0.000001	-51.553170	0.002000	1.216755	3.997731	-0.999955	0.000000
1.648078	1.000104	6117.442019	4078.719219	-0.000000	-0.000001	-51.553170	0.002000	1.216755	3.997731	-0.999955	0.000000
1.668078	1.000104	6117.442019	4078.719219	0.000000	-0.000000	-51.553170	0.002000	1.216755	3.997731	-0.999955	0.000000
1.688078	1.000104	6117.442019	4078.719219	-0.000000	0.000001	-51.553170	0.002000	1.216755	3.997731	-0.999955	0.000000
1.708078	1.000104	6117.442019	4078.719219	-0.000000	-0.000001	-51.553170	0.002000	1.216755	3.997731	-0.999955	0.000000
1.728078	1.000104	6117.442019	4078.719219	0.000000	-0.000000	-51.553170	0.002000	1.216755	3.997731	-0.999955	0.000000
1.748078	1.000104	6117.442019	4078.719219	0.000000	0.000001	-51.553170	0.002000	1.216755	3.997731	-0.999955	0.000000
1.768078	1.000104	6117.442019	4078.719219	-0.000000	0.000000	-51.553170	0.002000	1.216755	3.997731	-0.999955	0.000000
1.788078	1.000104	6117.442019	4078.719219	-0.000000	0.000001	-51.553170	0.002000	1.216755	3.997731	-0.999955	0.000000
1.808078	1.000104	6117.442019	4078.719219	-0.000000	-0.000001	-51.553170	0.002000	1.216755	3.997731	-0.999955	0.000000
1.828078	1.000104	6117.442019	4078.719219	0.000000	-0.000001	-51.553170	0.002000	1.216755	3.997731	-0.999955	0.000000
1.848078	1.000104	6117.442019	4078.719219	0.000000	-0.000000	-51.553170	0.002000	1.216755	3.997731	-0.999955	0.000000
1.868078	1.000104	6117.442019	4078.719219	0.000000	0.000000	-51.553170	0.002000	1.216755	3.997731	-0.999955	0.000000
1.888078	1.000104	6117.442019	4078.719219	0.000000	-0.000000	-51.553170	0.002000	1.216755	3.997731	-0.999955	0.000000
1.908078	1.000104	6117.442019	4078.719219	0.000000	0.000001	-51.553170	0.002000	1.216755	3.997731	-0.999955	0.000000
1.928078	1.000104	6117.442019	4078.719219	-0.000000	0.000000	-51.553170	0.002000	1.216755	3.997731	-0.999955	0.000000
1.948078	1.000104	6117.442019	4078.719219	0.000000	-0.000002	-51.553170	0.002000	1.216755	3.997731	-0.999955	0.000000
1.968078	1.000104	6117.442019	4078.719219	0.000000	0.000000	-51.553170	0.002000	1.216755	3.997731	-0.999955	0.000000
1.988078	1.000104	6117.442019	4078.719219	0.000000	0.000001	-51.553170	0.002000	1.216755	3.997731	-0.999955	0.000000
2.008078	1.000104	6117.442019	4078.719219	-0.000000	0.000000	-51.553170	0.002000	1.216755	3.997731	-0.999955	0.000000
2.028078	1.000104	6117.442019	4078.719219	-0.000000	0.000000	-51.553170	0.002000	1.216755	3.997731	-0.999955	0.000000
2.048078	1.000104	6117.442019	4078.719219	-0.000000	-0.000000	-51.553170	0.002000	1.216755	3.997731	-0.999955	0.000000
2.068078	1.000104	6117.442019	4078.719219	-0.000000	-0.000001	-51.553170	0.002000	1.216755	3.997731	-0.999955	0.000000
2.088078	1.000104	6117.442019	4078.719219	0.000000	-0.000001	-51.553170	0.002000	1.216755	3.997731	-0.999955	0.000000
2.108078	1.000104	6117.442019	4078.719219	0.000000	0.000000	-51.553170	0.002000	1.216755	3.997731	-0.999955	0.000000
2.128078	1.000104	6117.442019	4078.719219	0.000000	0.000001	-51.553170	0.002000	1.216755	3.997731	-0.999955	0.000000
2.148078	1.000104	6117.442019	4078.719219	-0.000000	0.000002	-51.553170	0.002000	1.216755	3.997731	-0.999955	0.000000
2.168078	1.000104	6117.442019	4078.719219	-0.000000	0.000001	-51.553170	0.002000	1.216755	3.997731	-0.999955	0.000000
2.188078	1.000104	6117.442019	4078.719219	0.000000	-0.000001	-51.553170	0.002000	1.216755	3.997731	-0.999955	0.000000
2.208078	1.000104	6117.442019	4078.719219	0.000000	-0.000000	-51.553170	0.002000	1.216755	3.997731	-0.999955	0.000000
2.228078	1.000104	6117.442019	4078.719219	-0.000000	-0.000001	-51.553170	0.002000	1.216755	3.997731	-0.999955	0.000000
2.248078	1.000104	6117.442019	4078.719219	-0.000000	-0.000001	-51.553170	0.002000	1.216755	3.997731	-0.999955	0.000000
2.268078	1.000104	6117.442019	4078.719219	0.000000	-0.000001	-51.553170	0.002000	1.216755	3.997731	-0.999955	0.000000
2.288078	1.000104	6117.442019	4078.719219	0.000000	0.000001	-51.553170	0.002000	1.216755	3.997731	-0.999955	0.000000
2.308078	1.000104	6117.442019	4078.719219	-0.000000	0.000001	-51.553170	0.002000	1.216755	3.997731	-0.999955	0.000000
2.328078	1.000104	6117.442019	4078.719219	-0.000000	0.000000	-51.553170	0.002000	1.216755	3.997731	-0.999955	0.000000
2.348078	1.000104	6117.442019	4078.719219	-0.000000	-0.000001	-51.553170	0.002000	1.216755	3.997731	-0.999955	0.000000
2.368078	1.000104	6117.442019	4078.719219	0.000000	0.000000	-51.553170	0.002000	1.216755	3.997731	-0.999955	0.000000
2.388078	1.000104	6117.442019	4078.719219	-0.000000	0.000001	-51.553170	0.002000	1.216755	3.997731	-0.999955	0.000000
2.408078	1.000104	6117.442019	4078.719219	-0.000000	-0.000001	-51.553170	0.002000	1.216755	3.997731	-0.999955	0.000000
2.428078	1.000104	6117.442019	4078.719219	0.000000	-0.000001	-51.553170	0.002000	1.216755	3.997731	-0.999955	0.000000
2.448078	1.000104	6117.442019	4078.719219	0.000000	0.000001	-51.553170	0.002000	1.216755	3.997731	-0.999955	0.000000
2.468078	1.000104	6117.442019	4078.719219	-0.000000	0.000001	-51.553170	0.002000	1.216755	3.997731	-0.999955	0.000000
2.488078	1.000104	6117.442019	4078.719219	-0.000000	-0.000001	-51.553170	0.002000	1.216755	3.997731	-0.999955	0.000000
2.508078	1.000104	6117.442019	4078.719219	0.000000	-0.000001	-51.553170	0.002000	1.216755	3.997731	-0.999955	0.000000
2.528078	1.000104	6117.442019	4078.719219	0.000000	0.000001	-51.553170	0.002000	1.216755	3.997731	-0.999955	0.000000
2.548078	1.000104	6117.442019	4078.719219	0.000000	0.000001	-51.553170	0.002000	1.216755	3.997731	-0.999955	0.000000
2.568078	1.000104	6117.442019	4078.719219	-0.000000	0.000000	-51.553170	0.002000	1.216755	3.997731	-0.999955	0.000000
2.588078	1.000104	6117.442019	4078.719219	-0.000000	0.000000	-51.553170	0.002000	1.216755	3.997731	-0.999955	0.000000
2.608078	1.000104	6117.442019	4078.719219	-0.000000	-0.000001	-51.553170	0.002000	1.216755	3.997731	-0.999955	0.000000
2.628078	1.000104	6117.442019	4078.719219	0.000000	-0.000001	-51.553170	0.002000	1.216755	3.997731	-0.999955	0.000000
2.648078	1.000104	6117.442019	4078.719219	0.000000	0.000001	-51.553170	0.002000	1.216755	3.997731	-0.999955	0.000000
2.668078	1.000104	6117.442019	4078.719219	0.000000	0.000001	-51.553170	0.002000	1.216755	3.997731	-0.999955	0.000000
2.688078	1.000104	6117.442019	4078.719219	-0.000000	0.000001	-51.553170	0.002000	1.216755	3.997731	-0.999955	0.000000
2.708078	1.000104	6117.442019	4078.719219	0.000000	-0.000001	-51.553170	0.002000	1.216755	3.997731	-0.999955	0.000000
2.728078	1.000104	6117.442019	4078.719219	0.000000	-0.000001	-51.553170	0.002000	1.216755	3.997731	-0.999955	0.000000
2.748078	1.000104	6117.442019	4078.719219	-0.000000	0.000001	-51.553170	0.002000	1.216755	3.997731	-0.999955	0.000000
2.768078	1.000104	6117.442019	4078.719219	-0.000000	0.000000	-51.553170	0.002000	1.216755	3.997731	-0.999955	0.000000
2.788078	1.000104	6117.442019	4078.719219	-0.000000	-0.000000	-51.553170	0.002000	1.216755	3.997731	-0.999955	0.000000
2.808078	1.000104	6117.442019	4078.719219	-0.000000	-0.000000	-51.553170	0.002000	1.216755	3.997731	-0.999955	0.000000
2.828078	1.000104	6117.442019	4078.719219	-0.000000	-0.000001	-51.553170	0.002000	1.216755	3.997731	-0.999955	0.000000
2.848078	1.000104	6117.442019	4078.719219	0.000000	0.000001	-51.553170	0.002000	1.216755	3.997731	-0.999955	0.000000
2.868078	1.000104	6117.442019	4078.719219	-0.000000	0.000001	-51.553170	0.002000	1.216755	3.997731	-0.999955	0.000000
2.888078	1.000104	6117.442019	4078.719219	-0.000000	-0.000002	-51.553170	0.002000	1.216755	3.997731	-0.999955	0.000000
2.908078	1.000104	6117.442019	4078.719219	0.000000	0.000000	-51.553170	0.002000	1.216755	3.997731	-0.999955	0.000000
2.928078	1.000104	6117.442019	4078.719219	-0.000000	0.000001	-51.553170	0.002000	1.216755	3.997731	-0.999955	0.000000
2.948078	1.000104	6117.442019	4078.719219	0.000000	-0.000001	-51.553170	0.002000	1.216755	3.997731	-0.999955	0.000000
2.968078	1.000104	6117.442019	4078.719219	0.000000	0.000001	-51.553170	0.002000	1.216755	3.997731	-0.999955	0.000000
2.988078	1.000104	6117.442019	4078.719219	0.000000	0.000001	-51.553170	0.002000	1.216755	3.997731	-0.999955	0.000000
3.008078	1.000104	6117.442019	4078.719219	-0.000000	-0.000000	-51.553170	0.002000	1.216755	3.997731	-0.999955	0.000000
3.028078	1.000104	6117.442019	4078.719219	-0.000000	-0.000001	-51.553170	0.002000	1.216755	3.997731	-0.999955	0.000000
3.048078	1.000104	6117.442019	4078.719219	0.000000	-0.000001	-51.553170	0.002000	1.216755	3.997731	-0.999955	0.000000
3.068078	1.000104	6117.442019	4078.719219	0.000000	0.000002	-51.553170	0.002000	1.216755	3.997731	-0.999955	0.000000
3.088078	1.000104	6117.442019	4078.719219	-0.000000	0.000001	-51.553170	0.002000	1.216755	3.997731	-0.999955	0.000000
3.108078	1.000104	6117.442019	4078.719219	-0.000000	-0.000001	-51.553170	0.002000	1.216755	3.997731	-0.999955	0.000000
3.128078	1.000104	6117.442019	4078.719219	0.000000	-0.000000	-51.553170	0.002000	1.216755	3.997731	-0.999955	0.000000
3.148078	1.000104	6117.442019	4078.719219	-0.000000	-0.000000	-51.553170	0.002000	1.216755	3.997731	-0.999955	0.000000
3.168078	1.000104	6117.442019	4078.719219	0.000000	-0.000001	-51.553170	0.002000	1.216755	3.997731	-0.999955	0.000000
3.188078	1.000104	6117.442019	4078.719219	-0.000000	0.000001	-51.553170	0.002000	1.216755	3.997731	-0.999955	0.000000
3.208078	1.000104	6117.442019	4078.719219	0.000000	-0.000000	-51.553170	0.002000	1.216755	3.997731	-0.999955	0.000000
3.228078	1.000104	6117.442019	4078.719219	0.000000	0.000001	-51.553170	0.002000	1.216755	3.997731	-0.999955	0.000000
3.248078	1.000104	6117.442019	4078.719219	-0.000000	0.000001	-51.553170	0.002000	1.216755	3.997731	-0.999955	0.000000
3.268078	1.000104	6117.442019	4078.719219	-0.000000	-0.000002	-51.553170	0.002000	1.216755	3.997731	-0.999955	0.000000
3.288078	1.000104	6117.442019	4078.719219	0.000000	-0.000002	-51.553170	0.002000	1.216755	3.997731	-0.999955	0.000000
3.308078	1.000104	6117.442019	4078.719219	0.000000	0.000000	-51.553170	0.002000	1.216755	3.997731	-0.999955	0.000000
3.328078	1.000104	6117.442019	4078.719219	0.000000	-0.000001	-51.553170	0.002000	1.216755	3.997731	-0.999955	0.000000
3.348078	1.000104	6117.442019	4078.719219	0.000000	0.000001	-51.553170	0.002000	1.216755	3.997731	-0.999955	0.000000
3.368078	1.000104	6117.442019	4078.719219	0.000000	0.000000	-51.553170	0.002000	1.216755	3.997731	-0.999955	0.000000
3.388078	1.000104	6117.442019	4078.719219	0.000000	0.000001	-51.553170	0.002000	1.216755	3.997731	-0.999955	0.000000
3.408078	1.000104	6117.442019	4078.719219	-0.000000	-0.000000	-51.553170	0.002000	1.216755	3.997731	-0.999955	0.000000
3.428078	1.000104	6117.442019	4078.719219	0.000000	-0.000001	-51.553170	0.002000	1.216755	3.997731	-0.999955	0.000000
3.448078	1.000104	6117.442019	4078.719219	-0.000000	0.000004	-51.553170	0.002000	1.216755	3.997731	-0.999955	0.000000
3.468078	1.000104	6117.442019	4078.719219	-0.000000	-0.000001	-51.553170	0.002000	1.216755	3.997731	-0.999955	0.000000
3.488078	1.000104	6117.442019	4078.719219	-0.000000	-0.000002	-51.553170	0.002000	1.216755	3.997731	-0.999955	0.000000
3.508078	1.000104	6117.442019	4078.719219	-0.000000	-0.000002	-51.553170	0.002000	1.216755	3.997731	-0.999955	0.000000
3.528078	1.000104	6117.442019	4078.719219	0.000000	-0.000000	-51.553170	0.002000	1.216755	3.997731	-0.999955	0.000000
3.548078	1.000104	6117.442019	4078.719219	-0.000000	0.000003	-51.553170	0.002000	1.216755	3.997731	-0.999955	0.000000
3.568078	1.000104	6117.442019	4078.719219	-0.000000	-0.000001	-51.553170	0.002000	1.216755	3.997731	-0.999955	0.000000
3.588078	1.000104	6117.442019	4078.719219	0.000000	-0.000001	-51.553170	0.002000	1.216755	3.997731	-0.999955	0.000000
3.608078	1.000104	6117.442019	4078.719219	0.000000	-0.000000	-51.553170	0.002000	1.216755	3.997731	-0.999955	0.000000
3.628078	1.000104	6117.442019	4078.719219	0.000000	0.000001	-51.553170	0.002000	1.216755	3.997731	-0.999955	0.000000
3.648078	1.000104	6117.442019	4078.719219	-0.000000	-0.000001	-51.553170	0.002000	1.216755	3.997731	-0.999955	0.000000
3.668078	1.000104	6117.442019	4078.719219	0.000000	-0.000002	-51.553170	0.002000	1.216755	3.997731	-0.999955	0.000000
3.688078	1.000104	6117.442019	4078.719219	0.000000	0.000001	-51.553170	0.002000	1.216755	3.997731	-0.999955	0.000000
3.708078	1.000104	6117.442019	4078.719219	0.000000	0.000001	-51.553170	0.002000	1.216755	3.997731	-0.999955	0.000000
3.728078	1.000104	6117.442019	4078.719219	-0.000000	0.000000	-51.553170	0.002000	1.216755	3.997731	-0.999955	0.000000
3.748078	1.000104	6117.442019	4078.719219	-0.000000	0.000001	-51.553170	0.002000	1.216755	3.997731	-0.999955	0.000000
3.768078	1.000104	6117.442019	4078.719219	-0.000000	-0.000000	-51.553170	0.002000	1.216755	3.997731	-0.999955	0.000000
3.788078	1.000104	6117.442019	4078.719219	0.000000	-0.000001	-51.553170	0.002000	1.216755	3.997731	-0.999955	0.000000
3.808078	1.000104	6117.442019	4078.719219	0.000000	0.000001	-51.553170	0.002000	1.216755	3.997731	-0.999955	0.000000
3.828078	1.000104	6117.442019	4078.719219	-0.000000	-0.000000	-51.553170	0.002000	1.216755	3.997731	-0.999955	0.000000
3.848078	1.000104	6117.442019	4078.719219	0.000000	-0.000003	-51.553170	0.002000	1.216755	3.997731	-0.999955	0.000000
3.868078	1.000104	6117.442019	4078.719219	0.000000	0.000001	-51.553170	0.002000	1.216755	3.997731	-0.999955	0.000000
3.888078	1.000104	6117.442019	4078.719219	-0.000000	0.000001	-51.553170	0.002000	1.216755	3.997731	-0.999955	0.000000
3.908078	1.000104	6117.442019	4078.719219	-0.000000	-0.000001	-51.553170	0.002000	1.216755	3.997731	-0.999955	0.000000
3.928078	1.000104	6117.442019	4078.719219	0.000000	-0.000002	-51.553170	0.002000	1.216755	3.997731	-0.999955	0.000000
3.948078	1.000104	6117.442019	4078.719219	0.000000	-0.000002	-51.553170	0.002000	1.216755	3.997731	-0.999955	0.000000
3.968078	1.000104	6117.442019	4078.719219	0.000000	-0.000012	-51.553170	0.002000	1.216755	3.997731	-0.999955	0.000000
3.988078	1.000104	6117.442019	4078.719219	0.000000	-0.000036	-51.553170	0.002000	1.216755	3.997731	-0.999955	0.000000
4.008078	1.000104	6117.442019	4078.719219	0.000001	-0.000086	-51.553170	0.002000	1.216755	3.997731	-0.999955	0.000000
4.028078	1.000104	6117.442019	4078.719219	0.000003	-0.000216	-51.553170	0.002000	1.216755	3.997731	-0.999955	0.000000
4.048078	1.000104	6117.442019	4078.719219	0.000008	-0.000575	-51.553170	0.002000	1.216755	3.997731	-0.999955	0.000000
4.068078	1.000104	6117.442019	4078.719219	0.000020	-0.001472	-51.553170	0.002000	1.216755	3.997731	-0.999955	0.000000
4.088078	1.000104	6117.442019	4078.719219	0.000051	-0.003676	-51.553170	0.002000	1.216755	3.997731	-0.999955	0.000000
4.108078	1.000104	6117.442019	4078.719219	0.000126	-0.008993	-51.553170	0.002000	1.216755	3.997731	-0.999955	0.000000
4.128078	1.000104	6117.442019	4078.719219	0.000307	-0.021585	-51.553170	0.002000	1.216755	3.997731	-0.999955	0.000000
4.148078	1.000104	6117.442018	4078.719218	0.000732	-0.050897	-51.553170	0.002000	1.216755	3.997731	-0.999955	0.000000
4.168078	1.000104	6117.442017	4078.719217	0.001714	-0.117969	-51.553170	0.002000	1.216755	3.997731	-0.999955	0.000000
4.188078	1.000104	6117.442014	4078.719214	0.003944	-0.268742	-51.553170	0.002000	1.216755	3.997731	-0.999955	0.000000
4.208078	1.000104	6117.442008	4078.719206	0.008920	-0.601826	-51.553170	0.002000	1.216755	3.997731	-0.999955	0.000000
4.228078	1.000104	6117.441994	4078.719189	0.019829	-1.325029	-51.553170	0.002000	1.216755	3.997731	-0.999955	0.000000
4.248078	1.000104	6117.441962	4078.719151	0.043333	-2.867882	-51.553170	0.002000	1.216755	3.997731	-0.999955	0.000000
4.268078	1.000104	6117.441893	4078.719068	0.093076	-6.101627	-51.553170	0.002000	1.216755	3.997731	-0.999955	0.000000
4.288078	1.000104	6117.441747	4078.718890	0.196480	-12.759035	-51.553170	0.002000	1.216755	3.997731	-0.999955	0.000000
4.308078	1.000104	6117.441442	4078.718514	0.407560	-26.217610	-51.553169	0.002000	1.216755	3.997731	-0.999955	0.000000
4.328078	1.000104	6117.440813	4078.717736	0.830517	-52.928333	-51.553168	0.002000	1.216755	3.997730	-0.999955	0.000000
4.348078	1.000104	6117.439542	4078.716154	1.662196	-104.929775	-51.553165	0.002000	1.216755	3.997730	-0.999955	0.000000
4.368078	1.000103	6117.437021	4078.712991	3.266179	-204.234394	-51.553160	0.002000	1.216755	3.997730	-0.999955	0.000000
4.388078	1.000103	6117.432110	4078.706784	6.298935	-390.132883	-51.553150	0.002000	1.216755	3.997730	-0.999956	0.000000
4.408078	1.000101	6117.422722	4078.694831	11.917528	-731.084731	-51.553131	0.002000	1.216755	3.997729	-0.999956	0.000000
4.428078	1.000098	6117.405119	4078.672244	22.110618	-1343.364841	-51.553094	0.002000	1.216755	3.997728	-0.999957	0.000000
4.448078	1.000093	6117.372753	4078.630390	40.206481	-2419.204799	-51.553026	0.002000	1.216755	3.997726	-0.999960	0.000000
4.468078	1.000084	6117.314432	4078.554366	71.620537	-4267.432116	-51.552903	0.002000	1.216755	3.997722	-0.999964	0.000000
4.488079	1.000067	6117.211502	4078.419082	124.902849	-7369.206125	-51.552683	0.002000	1.216755	3.997714	-0.999971	0.000000
4.508080	1.000038	6117.033669	4078.183367	213.122377	-12449.796975	-51.552299	0.002000	1.216755	3.997702	-0.999983	0.000000
4.528081	0.999988	6116.733090	4077.781479	355.565651	-20563.780923	-51.551643	0.002000	1.216755	3.997681	-1.000005	0.000000
4.548084	0.999903	6116.236384	4077.111403	579.619632	-33185.009093	-51.550548	0.002000	1.216755	3.997646	-1.000041	0.000000
4.568089	0.999764	6115.434429	4076.019578	922.547979	-52284.242088	-51.548763	0.002000	1.216755	3.997589	-1.000101	0.000000
4.588097	0.999541	6114.170222	4074.282189	1432.671997	-80367.672257	-51.545920	0.002001	1.216755	3.997500	-1.000197	0.000000
4.608111	0.999192	6112.225666	4071.584083	2169.281825	-120441.746872	-51.541502	0.002002	1.216755	3.997363	-1.000348	0.000000
4.628133	0.998659	6109.308923	4067.497547	3200.524351	-175867.777148	-51.534807	0.002003	1.216755	3.997157	-1.000578	0.000000
4.648168	0.997866	6105.044836	4061.464638	4598.644524	-250080.906300	-51.524918	0.002004	1.216755	3.996856	-1.000921	0.000000
4.668222	0.996713	6098.971369	4052.787920	6432.387773	-346177.512776	-51.510687	0.002007	1.216755	3.996426	-1.001420	0.000000
4.688303	0.995084	6090.544990	4040.634859	8757.142578	-466417.731353	-51.490739	0.002010	1.216755	3.995828	-1.002127	0.000000
4.708421	0.992840	6079.156948	4024.060230	11604.651376	-611662.460833	-51.463499	0.002014	1.216755	3.995019	-1.003103	0.000000
4.728593	0.989829	6064.160501	4002.048363	14973.574325	-781050.097410	-51.427257	0.002021	1.216755	3.993950	-1.004416	0.000000
4.748834	0.985891	6044.906723	3973.573009	18824.612063	-971768.430796	-51.380246	0.002029	1.216755	3.992574	-1.006141	0.000000
4.769166	0.980869	6020.784159	3937.668315	23080.929511	-1179190.646848	-51.320740	0.002039	1.216755	3.990843	-1.008352	0.000000
4.789614	0.974617	5991.256344	3893.500987	27634.633981	-1397290.527476	-51.247153	0.002052	1.216755	3.988713	-1.011121	0.000000
4.810208	0.967009	5955.891377	3840.432619	32357.982746	-1619268.267249	-51.158115	0.002068	1.216755	3.986147	-1.014515	0.000000
4.830980	0.957950	5914.379481	3778.062928	37116.869618	-1838251.766920	-51.052526	0.002088	1.216755	3.983116	-1.018595	0.000000
4.851965	0.947373	5866.537078	3706.248636	41783.782808	-2047932.806190	-50.929580	0.002111	1.216755	3.979594	-1.023407	0.000000
4.873204	0.935246	5812.298559	3625.097728	46247.966999	-2243034.729868	-50.788744	0.002138	1.216755	3.975565	-1.028994	0.000000
4.894738	0.921567	5751.698795	3534.943131	50421.631625	-2419566.219929	-50.629731	0.002170	1.216755	3.971019	-1.035384	0.000000
4.916612	0.906359	5684.850209	3436.302459	54242.126393	-2574873.261917	-50.452436	0.002207	1.216755	3.965946	-1.042603	0.000000
4.938876	0.889665	5611.918001	3329.831216	57670.907462	-2707535.270237	-50.256880	0.002248	1.216755	3.960343	-1.050669	0.000000
4.961581	0.871545	5533.096339	3216.275632	60690.498226	-2817163.381022	-50.043146	0.002295	1.216755	3.954204	-1.059599	0.000000
4.984782	0.852064	5448.587596	3096.430198	63299.968283	-2904184.113551	-49.811319	0.002347	1.216755	3.947523	-1.069410	0.000000
5.008539	0.831292	5358.584629	2971.102420	65510.465277	-2969561.592680	-49.561438	0.002406	1.216755	3.940292	-1.080123	0.000000
5.032917	0.809297	5263.261337	2841.087903	67340.474782	-3014769.747952	-49.293440	0.002471	1.216755	3.932500	-1.091763	0.000000
5.057986	0.786142	5162.741969	2707.137174	68821.654460	-3040705.021357	-49.007152	0.002544	1.216755	3.924128	-1.104366	0.000000
5.083823	0.761883	5057.141729	2569.970857	69973.211819	-3049644.733820	-48.702208	0.002625	1.216755	3.915154	-1.117974	0.000000
5.110518	0.736565	4946.528150	2430.257817	70825.090408	-3042730.086740	-48.378043	0.002715	1.216755	3.905551	-1.132647	0.000000
5.138166	0.710228	4830.933866	2288.623524	71404.056047	-3021306.083941	-48.033846	0.002816	1.216755	3.895284	-1.148457	0.000000
5.166882	0.682903	4710.330492	2145.656956	71734.069684	-2986668.069252	-47.668525	0.002929	1.216755	3.884305	-1.165493	0.000000
5.196793	0.654624	4584.567263	2001.907003	71836.429612	-2940180.908222	-47.280670	0.003055	1.216755	3.872553	-1.183858	0.000000
5.228051	0.625439	4453.183464	1857.857796	71727.449965	-2883510.008482	-46.868540	0.003198	1.216755	3.859926	-1.203662	0.000000
5.260828	0.595418	4315.127258	1713.858767	71419.428204	-2818860.261146	-46.430047	0.003359	1.216755	3.846250	-1.225023	0.000000
5.295328	0.564649	4168.263149	1569.987217	70917.899591	-2748627.004476	-45.962806	0.003542	1.216755	3.831213	-1.248065	0.000000
5.331789	0.533189	4009.108666	1425.916755	70223.883433	-2674800.070182	-45.463971	0.003751	1.216755	3.814306	-1.272961	0.000000
5.370497	0.500926	3833.121667	1280.837928	69337.727388	-2595904.943080	-44.930131	0.003993	1.216755	3.794813	-1.300067	0.000000
5.411825	0.467382	3637.065614	1133.949050	68256.751045	-2505577.778247	-44.355842	0.004279	1.216755	3.772013	-1.330168	0.000000
5.456315	0.431466	3423.735029	985.418792	67003.113367	-2390166.688567	-43.732099	0.004635	1.216755	3.745763	-1.364891	0.000000
5.504869	0.391723	3207.000365	838.020102	65572.218860	-2239519.647784	-43.041142	0.005106	1.216755	3.717362	-1.406856	0.000000
5.558992	0.346672	3013.009560	696.784044	64023.572228	-2053792.872272	-42.252662	0.005769	1.216755	3.690261	-1.459911	0.000000
5.621369	0.296110	2874.098853	567.720913	62290.134875	-1851529.299421	-41.313173	0.006754	1.216755	3.669757	-1.528370	0.000000
5.696411	0.240955	2824.534626	454.006496	60517.389822	-1654694.322724	-40.129709	0.008300	1.216755	3.662194	-1.617880	0.000000
5.792642	0.184197	2894.545274	355.664699	58513.338914	-1483125.447137	-38.542750	0.010858	1.216755	3.672816	-1.734524	0.000000
5.925696	0.123692	3134.012123	258.593704	57212.196560	-1304146.363010	-36.157282	0.016169	1.216755	3.707322	-1.907453	0.000000
6.174152	0.068880	4296.721719	197.419934	55579.773478	-1042847.637235	-31.398997	0.029036	1.216755	3.844334	-2.161691	0.000000
-0.002969	3.371050	102344.408839	230005.931525	6.299042	0.000000	0.000637	0.000593	0.000000	5.221228	-0.472237	0.000000
-0.008900	3.377384	102135.878093	229968.214215	18.126240	0.000000	0.001858	0.000592	0.000000	5.220341	-0.471422	0.000000
-0.014815	3.389714	101732.427836	229896.025434	27.751382	0.000000	0.002922	0.000590	0.000000	5.218622	-0.469839	0.000000
-0.020704	3.407412	101159.752237	229795.388847	34.056603	0.000000	0.003745	0.000587	0.000000	5.216170	-0.467577	0.000000
-0.026557	3.429580	100453.026136	229674.508170	36.382068	0.000000	0.004267	0.000583	0.000000	5.213124	-0.464760	0.000000
-0.032369	3.455111	99653.658782	229542.939419	34.603470	0.000000	0.004460	0.000579	0.000000	5.209654	-0.461538	0.000000
-0.038136	3.482761	98805.538922	229410.631949	29.123571	0.000000	0.004328	0.000574	0.000000	5.205941	-0.458076	0.000000
-0.043856	3.511234	97951.485197	229286.978576	20.791069	0.000000	0.003907	0.000570	0.000000	5.202170	-0.454539	0.000000
-0.049530	3.539274	97130.125064	229179.976891	10.760984	0.000000	0.003254	0.000565	0.000000	5.198513	-0.451084	0.000000
-0.055159	3.565746	96373.542631	229095.588886	0.323765	0.000000	0.002445	0.000561	0.000000	5.195117	-0.447848	0.000000
-0.060749	3.589713	95705.762687	229037.355295	-9.271730	0.000000	0.001560	0.000557	0.000000	5.192097	-0.444939	0.000000
-0.066303	3.610489	95142.110961	229006.288131	-16.976145	0.000000	0.000681	0.000554	0.000000	5.189532	-0.442432	0.000000
-0.071828	3.627669	94689.352756	229001.030679	-22.059599	0.000000	-0.000123	0.000551	0.000000	5.187460	-0.440371	0.000000
-0.077329	3.641126	94346.489443	229018.244510	-24.180503	0.000000	-0.000795	0.000549	0.000000	5.185885	-0.438763	0.000000
-0.082814	3.650985	94106.043069	229053.159833	-23.397845	0.000000	-0.001301	0.000548	0.000000	5.184777	-0.437589	0.000000
-0.088286	3.657579	93955.659169	229100.211838	-20.128728	0.000000	-0.001623	0.000547	0.000000	5.184083	-0.436806	0.000000
-0.093750	3.661387	93879.850610	229153.682275	-15.060344	0.000000	-0.001766	0.000546	0.000000	5.183733	-0.436354	0.000000
