0.002968	3.371643	102324.188479	230000.955572	6.147423	-1856229.022584	-0.000629	0.000593	1.216755	5.221142	-0.472160	0.000000
0.008899	3.377929	102117.414731	229963.756130	17.693319	-1695410.463407	-0.001833	0.000592	1.216755	5.220263	-0.471352	0.000000
0.014813	3.390168	101717.277011	229892.539345	27.099519	-1392161.986484	-0.002885	0.000590	1.216755	5.218557	-0.469781	0.000000
0.020700	3.407739	101149.098846	229793.212358	33.278669	-980322.128256	-0.003699	0.000587	1.216755	5.216124	-0.467535	0.000000
0.026554	3.429757	100447.567949	229673.824680	35.587106	-504379.089680	-0.004217	0.000583	1.216755	5.213101	-0.464738	0.000000
0.032366	3.455127	99653.555097	229543.760615	33.900054	-13536.442599	-0.004413	0.000579	1.216755	5.209654	-0.461536	0.000000
0.038133	3.482621	98810.427975	229412.802650	28.603769	444556.384984	-0.004289	0.000574	1.216755	5.205963	-0.458093	0.000000
0.043853	3.510958	97960.560974	229290.202404	20.517374	829225.271208	-0.003879	0.000570	1.216755	5.202211	-0.454573	0.000000
0.049527	3.538892	97142.258118	229183.858524	10.758174	1110794.344802	-0.003240	0.000565	1.216755	5.198567	-0.451131	0.000000
0.055157	3.565296	96387.425080	229099.686533	0.576693	1272805.397141	-0.002444	0.000561	1.216755	5.195179	-0.447903	0.000000
0.060747	3.589238	95720.057895	229041.235980	-8.814252	1312460.946044	-0.001573	0.000557	1.216755	5.192162	-0.444996	0.000000
0.066302	3.610030	95155.590482	229009.578356	-16.392185	1239479.613031	-0.000704	0.000554	1.216755	5.189593	-0.442488	0.000000
0.071828	3.627261	94701.007171	229003.456058	-21.441180	1073730.029563	0.000093	0.000551	1.216755	5.187514	-0.440420	0.000000
0.077330	3.640796	94355.604090	229019.653824	-23.619041	842042.195974	0.000762	0.000549	1.216755	5.185927	-0.438803	0.000000
0.082815	3.650751	94112.234362	229053.531403	-22.970261	574621.852796	0.001269	0.000548	1.216755	5.184806	-0.437617	0.000000
0.088287	3.657445	93958.871627	229099.642687	-19.886493	301470.814483	0.001595	0.000547	1.216755	5.184098	-0.436822	0.000000
0.093752	3.661348	93880.318887	229152.363032	-15.023191	49191.644609	0.001745	0.000546	1.216755	5.183735	-0.436359	0.000000
0.099213	3.663008	93859.903146	229206.453018	-9.186740	-161501.881689	0.001737	0.000546	1.216755	5.183641	-0.436162	0.000000
0.104672	3.663000	93881.012142	229257.502133	-3.210272	-317331.037045	0.001601	0.000546	1.216755	5.183739	-0.436164	0.000000
0.110133	3.661868	93928.359643	229302.217110	2.162637	-412940.300714	0.001373	0.000546	1.216755	5.183958	-0.436298	0.000000
0.115597	3.660089	93988.902671	229338.543453	6.369347	-450356.944547	0.001094	0.000546	1.216755	5.184238	-0.436509	0.000000
0.121063	3.658051	94052.378645	229365.631370	9.082684	-437596.752439	0.000800	0.000547	1.216755	5.184531	-0.436751	0.000000
0.126533	3.656042	94111.474794	229383.675668	10.223793	-386704.551219	0.000521	0.000547	1.216755	5.184804	-0.436990	0.000000
0.132005	3.654252	94161.681522	229393.670789	9.936003	-311577.675192	0.000278	0.000547	1.216755	5.185035	-0.437202	0.000000
0.137480	3.652785	94200.909052	229397.126338	8.528878	-225913.744954	0.000086	0.000548	1.216755	5.185216	-0.437376	0.000000
0.142957	3.651677	94228.960110	229395.785489	6.405643	-141557.921596	-0.000051	0.000548	1.216755	5.185345	-0.437508	0.000000
0.148435	3.650910	94246.950056	229391.380291	3.988283	-67418.835384	-0.000135	0.000548	1.216755	5.185428	-0.437599	0.000000
0.153914	3.650435	94256.752418	229385.446169	1.652901	-9003.504860	-0.000173	0.000548	1.216755	5.185473	-0.437656	0.000000
0.159394	3.650190	94260.526553	229379.205394	-0.315927	31485.196210	-0.000176	0.000548	1.216755	5.185491	-0.437685	0.000000
0.164874	3.650106	94260.359940	229373.517905	-1.747778	54621.737575	-0.000155	0.000548	1.216755	5.185490	-0.437695	0.000000
0.170354	3.650122	94258.034787	229368.889170	-2.586728	62973.865422	-0.000121	0.000548	1.216755	5.185479	-0.437693	0.000000
0.175834	3.650190	94254.910206	229365.519460	-2.873801	60235.443576	-0.000082	0.000548	1.216755	5.185465	-0.437685	0.000000
0.181313	3.650272	94251.898805	229363.377112	-2.718132	50423.524955	-0.000045	0.000548	1.216755	5.185451	-0.437675	0.000000
0.186793	3.650347	94249.510394	229362.279466	-2.264032	37242.286042	-0.000015	0.000548	1.216755	5.185440	-0.437666	0.000000
0.192272	3.650403	94247.934872	229361.968418	-1.660316	23665.588964	0.000008	0.000548	1.216755	5.185432	-0.437659	0.000000
0.197752	3.650437	94247.139717	229362.171857	-1.036435	11742.846975	0.000023	0.000548	1.216755	5.185429	-0.437655	0.000000
0.203231	3.650451	94246.963404	229362.646733	-0.487787	2596.566257	0.000030	0.000548	1.216755	5.185428	-0.437654	0.000000
0.208710	3.650451	94247.192782	229363.203441	-0.070334	-3442.028519	0.000033	0.000548	1.216755	5.185429	-0.437654	0.000000
0.214190	3.650443	94247.618789	229363.714004	0.196899	-6620.313987	0.000031	0.000548	1.216755	5.185431	-0.437655	0.000000
0.219669	3.650432	94248.070047	229364.108259	0.324018	-7530.823623	0.000028	0.000548	1.216755	5.185433	-0.437656	0.000000
0.225148	3.650422	94248.427383	229364.362665	0.339877	-6900.402521	0.000025	0.000548	1.216755	5.185435	-0.437657	0.000000
0.230628	3.650416	94248.624185	229364.486033	0.281646	-5428.678911	0.000021	0.000548	1.216755	5.185436	-0.437658	0.000000
0.236107	3.650416	94248.637932	229364.505498	0.186158	-3686.157850	0.000019	0.000548	1.216755	5.185436	-0.437658	0.000000
0.241587	3.650422	94248.477698	229364.454872	0.083982	-2068.959269	0.000017	0.000548	1.216755	5.185435	-0.437657	0.000000
0.247066	3.650432	94248.171268	229364.366386	-0.003539	-798.534921	0.000017	0.000548	1.216755	5.185434	-0.437656	0.000000
0.252545	3.650447	94247.754174	229364.265923	-0.064718	49.189389	0.000017	0.000548	1.216755	5.185432	-0.437654	0.000000
0.258025	3.650464	94247.261757	229364.171187	-0.096134	500.666699	0.000017	0.000548	1.216755	5.185429	-0.437652	0.000000
0.263504	3.650484	94246.724394	229364.092011	-0.100281	640.134668	0.000018	0.000548	1.216755	5.185427	-0.437650	0.000000
0.268983	3.650504	94246.165436	229364.031888	-0.083011	571.958966	0.000019	0.000548	1.216755	5.185424	-0.437647	0.000000
0.274463	3.650526	94245.601103	229363.989988	-0.051279	394.038717	0.000020	0.000548	1.216755	5.185422	-0.437645	0.000000
0.279942	3.650547	94245.041543	229363.963101	-0.011535	182.868511	0.000021	0.000548	1.216755	5.185419	-0.437642	0.000000
0.285421	3.650568	94244.492386	229363.947188	0.031194	-11.517830	0.000021	0.000548	1.216755	5.185417	-0.437640	0.000000
0.290900	3.650589	94243.956308	229363.938423	0.073613	-163.662643	0.000022	0.000548	1.216755	5.185414	-0.437637	0.000000
0.296379	3.650609	94243.434330	229363.933751	0.114010	-266.978687	0.000023	0.000548	1.216755	5.185412	-0.437635	0.000000
0.301858	3.650628	94242.926736	229363.931055	0.151871	-326.850267	0.000023	0.000548	1.216755	5.185409	-0.437633	0.000000
0.307337	3.650647	94242.433624	229363.929082	0.187415	-354.353889	0.000023	0.000548	1.216755	5.185407	-0.437630	0.000000
0.312816	3.650666	94241.955166	229363.927238	0.221173	-361.564898	0.000024	0.000548	1.216755	5.185405	-0.437628	0.000000
0.318295	3.650684	94241.491670	229363.925356	0.253702	-358.704859	0.000024	0.000548	1.216755	5.185403	-0.437626	0.000000
0.323774	3.650701	94241.043540	229363.923488	0.285393	-352.916287	0.000025	0.000548	1.216755	5.185401	-0.437624	0.000000
0.329253	3.650718	94240.611193	229363.921759	0.316420	-348.213214	0.000025	0.000548	1.216755	5.185399	-0.437622	0.000000
0.334732	3.650734	94240.194987	229363.920284	0.346756	-346.105577	0.000025	0.000548	1.216755	5.185397	-0.437620	0.000000
0.340211	3.650749	94239.795175	229363.919126	0.376253	-346.471708	0.000026	0.000548	1.216755	5.185395	-0.437618	0.000000
0.345690	3.650764	94239.411883	229363.918297	0.404702	-348.385016	0.000026	0.000548	1.216755	5.185393	-0.437616	0.000000
0.351169	3.650778	94239.045114	229363.917771	0.431900	-350.744263	0.000027	0.000548	1.216755	5.185392	-0.437615	0.000000
0.356648	3.650792	94238.694765	229363.917504	0.457704	-352.654023	0.000027	0.000548	1.216755	5.185390	-0.437613	0.000000
0.362127	3.650805	94238.360645	229363.917450	0.482047	-353.587357	0.000027	0.000548	1.216755	5.185388	-0.437612	0.000000
0.367605	3.650817	94238.042494	229363.917573	0.504945	-353.387648	0.000028	0.000548	1.216755	5.185387	-0.437610	0.000000
0.373084	3.650829	94237.739994	229363.917849	0.526488	-352.180736	0.000028	0.000548	1.216755	5.185386	-0.437609	0.000000
0.378563	3.650840	94237.452778	229363.918264	0.546817	-350.255737	0.000029	0.000548	1.216755	5.185384	-0.437607	0.000000
0.384042	3.650851	94237.180431	229363.918812	0.566117	-347.947097	0.000029	0.000548	1.216755	5.185383	-0.437606	0.000000
0.389520	3.650861	94236.922488	229363.919483	0.584590	-345.544585	0.000029	0.000548	1.216755	5.185382	-0.437605	0.000000
0.394999	3.650870	94236.678439	229363.920264	0.602440	-343.239315	0.000030	0.000548	1.216755	5.185381	-0.437604	0.000000
0.400478	3.650879	94236.447730	229363.921132	0.619871	-341.101360	0.000030	0.000548	1.216755	5.185380	-0.437603	0.000000
0.405957	3.650888	94236.229765	229363.922055	0.637076	-339.084179	0.000031	0.000548	1.216755	5.185379	-0.437602	0.000000
0.411435	3.650896	94236.023925	229363.922992	0.654221	-337.050792	0.000031	0.000548	1.216755	5.185378	-0.437601	0.000000
0.416914	3.650903	94235.829571	229363.923898	0.671459	-334.810236	0.000031	0.000548	1.216755	5.185377	-0.437600	0.000000
0.422393	3.650910	94235.646062	229363.924728	0.688920	-332.158282	0.000032	0.000548	1.216755	5.185376	-0.437599	0.000000
0.427871	3.650917	94235.472774	229363.925439	0.706717	-328.915268	0.000032	0.000548	1.216755	5.185375	-0.437598	0.000000
0.433350	3.650923	94235.309104	229363.925998	0.724938	-324.957590	0.000032	0.000548	1.216755	5.185374	-0.437597	0.000000
0.438829	3.650929	94235.154488	229363.926382	0.743658	-320.236793	0.000033	0.000548	1.216755	5.185374	-0.437597	0.000000
0.444307	3.650935	94235.008404	229363.926579	0.762944	-314.781668	0.000033	0.000548	1.216755	5.185373	-0.437596	0.000000
0.449786	3.650940	94234.870374	229363.926591	0.782847	-308.690632	0.000033	0.000548	1.216755	5.185372	-0.437595	0.000000
0.455264	3.650945	94234.739966	229363.926429	0.803418	-302.111938	0.000034	0.000548	1.216755	5.185372	-0.437595	0.000000
0.460743	3.650950	94234.616786	229363.926108	0.824702	-295.215829	0.000034	0.000548	1.216755	5.185371	-0.437594	0.000000
0.466222	3.650955	94234.500472	229363.925651	0.846738	-288.168141	0.000034	0.000548	1.216755	5.185371	-0.437594	0.000000
0.471700	3.650959	94234.390689	229363.925077	0.869568	-281.104721	0.000035	0.000548	1.216755	5.185370	-0.437593	0.000000
0.477179	3.650963	94234.287120	229363.924406	0.893225	-274.116571	0.000035	0.000548	1.216755	5.185370	-0.437593	0.000000
0.482657	3.650967	94234.189457	229363.923651	0.917750	-267.243277	0.000035	0.000548	1.216755	5.185369	-0.437592	0.000000
0.488136	3.650970	94234.097403	229363.922818	0.943172	-260.474015	0.000036	0.000548	1.216755	5.185369	-0.437592	0.000000
0.493614	3.650974	94234.010661	229363.921910	0.969520	-253.759304	0.000036	0.000548	1.216755	5.185368	-0.437592	0.000000
0.499093	3.650977	94233.928941	229363.920925	0.996827	-247.026091	0.000036	0.000548	1.216755	5.185368	-0.437591	0.000000
0.504572	3.650980	94233.851958	229363.919856	1.025126	-240.192220	0.000036	0.000548	1.216755	5.185368	-0.437591	0.000000
0.510050	3.650982	94233.779431	229363.918696	1.054440	-233.180662	0.000037	0.000548	1.216755	5.185367	-0.437590	0.000000
0.515529	3.650985	94233.711089	229363.917435	1.084801	-225.929617	0.000037	0.000548	1.216755	5.185367	-0.437590	0.000000
0.521007	3.650988	94233.646672	229363.916066	1.116246	-218.395950	0.000037	0.000548	1.216755	5.185367	-0.437590	0.000000
0.526486	3.650990	94233.585932	229363.914583	1.148813	-210.556350	0.000037	0.000548	1.216755	5.185366	-0.437590	0.000000
0.531964	3.650992	94233.528636	229363.912980	1.182543	-202.403742	0.000038	0.000548	1.216755	5.185366	-0.437589	0.000000
0.537443	3.650994	94233.474566	229363.911255	1.217480	-193.941633	0.000038	0.000548	1.216755	5.185366	-0.437589	0.000000
0.542921	3.650996	94233.423516	229363.909406	1.253670	-185.179545	0.000038	0.000548	1.216755	5.185366	-0.437589	0.000000
0.548400	3.650998	94233.375297	229363.907431	1.291168	-176.127967	0.000038	0.000548	1.216755	5.185365	-0.437589	0.000000
0.553878	3.651000	94233.329734	229363.905332	1.330025	-166.794016	0.000038	0.000548	1.216755	5.185365	-0.437588	0.000000
0.559357	3.651001	94233.286664	229363.903108	1.370297	-157.180646	0.000039	0.000548	1.216755	5.185365	-0.437588	0.000000
0.564835	3.651003	94233.245934	229363.900759	1.412039	-147.286185	0.000039	0.000548	1.216755	5.185365	-0.437588	0.000000
0.570314	3.651004	94233.207405	229363.898287	1.455308	-137.104772	0.000039	0.000548	1.216755	5.185365	-0.437588	0.000000
0.575792	3.651006	94233.170945	229363.895689	1.500163	-126.627017	0.000039	0.000548	1.216755	5.185364	-0.437588	0.000000
0.581271	3.651007	94233.136435	229363.892966	1.546654	-115.841875	0.000039	0.000548	1.216755	5.185364	-0.437588	0.000000
0.586749	3.651008	94233.103759	229363.890118	1.594838	-104.738635	0.000039	0.000548	1.216755	5.185364	-0.437587	0.000000
0.592228	3.651009	94233.072814	229363.887141	1.644772	-93.305490	0.000039	0.000548	1.216755	5.185364	-0.437587	0.000000
0.597706	3.651010	94233.043501	229363.884036	1.696502	-81.531808	0.000039	0.000548	1.216755	5.185364	-0.437587	0.000000
0.603185	3.651011	94233.015728	229363.880801	1.750072	-69.408237	0.000040	0.000548	1.216755	5.185364	-0.437587	0.000000
0.608663	3.651012	94232.989409	229363.877432	1.805526	-56.926242	0.000040	0.000548	1.216755	5.185364	-0.437587	0.000000
0.614142	3.651013	94232.964465	229363.873929	1.862900	-44.078279	0.000040	0.000548	1.216755	5.185364	-0.437587	0.000000
0.619620	3.651014	94232.940820	229363.870289	1.922222	-30.858709	0.000040	0.000548	1.216755	5.185363	-0.437587	0.000000
0.625099	3.651015	94232.918403	229363.866509	1.983518	-17.264097	0.000040	0.000548	1.216755	5.185363	-0.437587	0.000000
0.630577	3.651016	94232.897149	229363.862587	2.046799	-3.292969	0.000040	0.000548	1.216755	5.185363	-0.437586	0.000000
0.636056	3.651016	94232.876995	229363.858520	2.112062	11.051163	0.000040	0.000548	1.216755	5.185363	-0.437586	0.000000
0.641534	3.651017	94232.857883	229363.854305	2.179308	25.760188	0.000040	0.000548	1.216755	5.185363	-0.437586	0.000000
0.647013	3.651018	94232.839756	229363.849938	2.248522	40.825188	0.000040	0.000548	1.216755	5.185363	-0.437586	0.000000
0.652491	3.651018	94232.822562	229363.845417	2.319665	56.235162	0.000040	0.000548	1.216755	5.185363	-0.437586	0.000000
0.657970	3.651019	94232.806252	229363.840735	2.392713	71.985042	0.000039	0.000548	1.216755	5.185363	-0.437586	0.000000
0.663448	3.651019	94232.790779	229363.835890	2.467617	88.084437	0.000039	0.000548	1.216755	5.185363	-0.437586	0.000000
0.668927	3.651020	94232.776101	229363.830876	2.544321	104.560695	0.000039	0.000548	1.216755	5.185363	-0.437586	0.000000
0.674405	3.651020	94232.762178	229363.825689	2.622773	121.463333	0.000039	0.000548	1.216755	5.185363	-0.437586	0.000000
0.679884	3.651021	94232.748977	229363.820327	2.702904	138.856447	0.000039	0.000548	1.216755	5.185363	-0.437586	0.000000
0.685362	3.651021	94232.736470	229363.814792	2.784636	156.798678	0.000039	0.000548	1.216755	5.185362	-0.437586	0.000000
0.690841	3.651022	94232.724632	229363.809089	2.867888	175.311529	0.000039	0.000548	1.216755	5.185362	-0.437586	0.000000
0.696319	3.651022	94232.713443	229363.803232	2.952538	194.343019	0.000038	0.000548	1.216755	5.185362	-0.437586	0.000000
0.701798	3.651022	94232.702878	229363.797236	3.038517	213.746862	0.000038	0.000548	1.216755	5.185362	-0.437586	0.000000
0.707276	3.651023	94232.692906	229363.791121	3.125716	233.280610	0.000038	0.000548	1.216755	5.185362	-0.437586	0.000000
0.712755	3.651023	94232.683477	229363.784903	3.213916	252.618650	0.000038	0.000548	1.216755	5.185362	-0.437586	0.000000
0.718233	3.651023	94232.674520	229363.778591	3.303239	271.469278	0.000037	0.000548	1.216755	5.185362	-0.437586	0.000000
0.723712	3.651023	94232.665931	229363.772177	3.393611	289.659179	0.000037	0.000548	1.216755	5.185362	-0.437586	0.000000
0.729190	3.651024	94232.657580	229363.765640	3.484421	307.119417	0.000037	0.000548	1.216755	5.185362	-0.437586	0.000000
0.734669	3.651024	94232.649313	229363.758939	3.576545	324.122602	0.000036	0.000548	1.216755	5.185362	-0.437586	0.000000
0.740147	3.651024	94232.640963	229363.752020	3.670013	341.214088	0.000036	0.000548	1.216755	5.185362	-0.437586	0.000000
0.745626	3.651024	94232.632372	229363.744830	3.762118	358.640884	0.000036	0.000548	1.216755	5.185362	-0.437585	0.000000
0.751104	3.651024	94232.623410	229363.737324	3.856908	377.075480	0.000035	0.000548	1.216755	5.185362	-0.437585	0.000000
0.756583	3.651025	94232.613986	229363.729461	3.955044	397.357043	0.000035	0.000548	1.216755	5.185362	-0.437585	0.000000
0.762061	3.651025	94232.604065	229363.721251	4.043815	418.142605	0.000034	0.000548	1.216755	5.185362	-0.437585	0.000000
0.767540	3.651025	94232.593672	229363.712716	4.141634	439.870109	0.000034	0.000548	1.216755	5.185362	-0.437585	0.000000
0.773018	3.651025	94232.582868	229363.703852	4.253857	464.700930	0.000033	0.000548	1.216755	5.185362	-0.437585	0.000000
0.778497	3.651026	94232.571752	229363.694766	4.320474	485.851364	0.000033	0.000548	1.216755	5.185362	-0.437585	0.000000
0.783975	3.651026	94232.560452	229363.685525	4.424102	505.689233	0.000032	0.000548	1.216755	5.185362	-0.437585	0.000000
0.789454	3.651026	94232.549057	229363.675970	4.598898	536.913165	0.000031	0.000548	1.216755	5.185362	-0.437585	0.000000
0.794932	3.651027	94232.537653	229363.666370	4.560656	550.847675	0.000031	0.000548	1.216755	5.185362	-0.437585	0.000000
0.800411	3.651027	94232.526387	229363.656862	4.677134	558.281819	0.000030	0.000548	1.216755	5.185362	-0.437585	0.000000
0.805889	3.651027	94232.515203	229363.646496	5.148883	622.616541	0.000029	0.000548	1.216755	5.185361	-0.437585	0.000000
0.811368	3.651027	94232.504080	229363.636347	4.633732	613.105685	0.000029	0.000548	1.216755	5.185361	-0.437585	0.000000
0.816846	3.651028	94232.493387	229363.627107	4.761805	567.980753	0.000028	0.000548	1.216755	5.185361	-0.437585	0.000000
0.822325	3.651028	94232.482658	229363.614281	6.658832	794.116396	0.000027	0.000548	1.216755	5.185361	-0.437585	0.000000
0.827803	3.651028	94232.471606	229363.602586	4.006176	694.544064	0.000026	0.000548	1.216755	5.185361	-0.437585	0.000000
0.833281	3.651028	94232.461923	229363.595803	3.995736	392.956393	0.000026	0.000548	1.216755	5.185361	-0.437585	0.000000
0.838760	3.651028	94232.451508	229363.572681	12.753601	1373.882487	0.000024	0.000548	1.216755	5.185361	-0.437585	0.000000
0.844238	3.651029	94232.438788	229363.553502	0.621855	926.143443	0.000022	0.000548	1.216755	5.185361	-0.437585	0.000000
0.849717	3.651029	94232.431710	229363.557953	-0.833658	-621.942488	0.000026	0.000548	1.216755	5.185361	-0.437585	0.000000
0.855195	3.651028	94232.420976	229363.485235	40.982277	3889.537849	0.000019	0.000548	1.216755	5.185361	-0.437585	0.000000
0.860674	3.651028	94232.398043	229363.420827	-12.712956	2195.659373	0.000008	0.000548	1.216755	5.185361	-0.437585	0.000000
0.866152	3.651029	94232.399997	229363.464461	-24.144117	-5316.860241	0.000027	0.000548	1.216755	5.185361	-0.437585	0.000000
0.871631	3.651025	94232.385624	229363.136933	177.200996	15780.529022	-0.000003	0.000548	1.216755	5.185361	-0.437585	0.000000
0.877109	3.651021	94232.309202	229362.789277	-56.048634	10241.517068	-0.000057	0.000548	1.216755	5.185361	-0.437586	0.000000
0.882588	3.651023	94232.342737	229362.914159	-126.122239	-25362.105310	0.000029	0.000548	1.216755	5.185361	-0.437586	0.000000
0.888066	3.651001	94232.303457	229361.225345	847.341448	74097.678934	-0.000113	0.000548	1.216755	5.185360	-0.437589	0.000000
0.893545	3.650978	94231.949598	229359.107119	-145.230673	61006.459119	-0.000408	0.000548	1.216755	5.185359	-0.437591	0.000000
0.899023	3.650972	94232.073579	229358.928140	-526.683223	-104318.358618	-0.000058	0.000548	1.216755	5.185360	-0.437592	0.000000
0.904502	3.650853	94231.863154	229349.720463	4201.917034	368505.768380	-0.000774	0.000548	1.216755	5.185358	-0.437608	0.000000
0.909981	3.650703	94230.049931	229336.571628	101.402020	376295.003214	-0.002385	0.000548	1.216755	5.185350	-0.437624	0.000000
0.915460	3.650610	94230.254131	229330.506733	-1791.996428	-372361.715703	-0.001115	0.000548	1.216755	5.185352	-0.437638	0.000000
0.920939	3.649938	94228.847124	229278.490554	21332.967649	1900823.335790	-0.004873	0.000548	1.216755	5.185342	-0.437727	0.000000
0.926420	3.648977	94219.194041	229196.663260	5195.992248	2321502.044591	-0.013833	0.000548	1.216755	5.185296	-0.437836	0.000000
0.931902	3.648120	94217.647308	229134.276420	-3342.638750	-946980.338979	-0.010229	0.000548	1.216755	5.185294	-0.437953	0.000000
0.937385	3.644229	94207.849775	228832.488447	110813.079096	10161207.218758	-0.030805	0.000549	1.216755	5.185232	-0.438463	0.000000
0.942879	3.638144	94154.799738	228322.970503	53248.510009	14465486.007350	-0.081437	0.000550	1.216755	5.184981	-0.439179	0.000000
0.948381	3.631492	94130.844618	227816.938651	18753.102994	1124052.170115	-0.079496	0.000551	1.216755	5.184891	-0.440053	0.000000
0.953890	3.608870	94061.148267	226050.813307	588034.782261	57349481.816936	-0.195499	0.000554	1.216755	5.184481	-0.443024	0.000000
0.959462	3.571296	93750.190103	222912.564487	438993.078725	97197900.289312	-0.488559	0.000560	1.216755	5.182981	-0.447594	0.000000
0.965093	3.527537	93495.736502	219424.474868	271566.421189	55016926.914004	-0.574012	0.000567	1.216755	5.181866	-0.453329	0.000000
0.970783	3.409948	92934.250927	209941.221145	3100612.267539	376744681.473592	-1.202455	0.000587	1.216755	5.178741	-0.469391	0.000000
0.976816	3.215429	90714.842684	192821.136203	3465041.472065	818055405.055527	-2.957846	0.000622	1.216755	5.167513	-0.495106	0.000000
0.983267	3.050763	87935.580789	177364.809620	343466.827249	726584127.213294	-3.736825	0.000656	1.216755	5.154110	-0.517991	0.000000
0.989904	2.753296	83913.839761	150125.889684	10986285.483598	2140001272.204166	-5.391515	0.000726	1.216755	5.131233	-0.567526	0.000000
0.997896	2.142128	69552.751019	93280.345251	33545385.559154	6594116621.030136	-15.141652	0.000934	1.216755	5.039326	-0.682284	0.000000
1.009750	1.531158	41355.538836	38298.962996	34094562.708927	7986489572.226258	-31.823905	0.001306	1.216755	4.798369	-0.827930	0.000000
1.025942	1.183978	18242.554636	13039.576392	17966530.139362	4271607363.828758	-44.173052	0.001689	1.216755	4.436426	-0.933910	0.000000
1.044688	1.050396	8582.052695	5696.358731	5975781.292745	1179744443.072231	-49.602711	0.001904	1.216755	4.124082	-0.981233	0.000000
1.064389	1.011455	6443.752204	4298.598384	1350027.866009	174312869.338756	-51.165778	0.001977	1.216755	4.016309	-0.995730	0.000000
1.084333	1.002260	6158.079943	4108.614023	241796.410155	20855691.804369	-51.488955	0.001995	1.216755	4.000108	-0.999161	0.000000
1.104325	1.000457	6123.047484	4083.036347	36891.464443	2769699.438306	-51.544086	0.001999	1.216755	3.998062	-0.999827	0.000000
1.124324	1.000154	6118.251100	4079.336777	4756.837270	400032.085486	-51.552068	0.002000	1.216755	3.997778	-0.999937	0.000000
1.144323	1.000110	6117.555491	4078.802382	530.520969	57514.312836	-51.553054	0.002000	1.216755	3.997737	-0.999953	0.000000
1.164323	1.000105	6117.456933	4078.729578	51.110030	7813.290534	-51.553160	0.002000	1.216755	3.997731	-0.999955	0.000000
1.184323	1.000104	6117.443834	4078.720410	4.191764	983.322715	-51.553169	0.002000	1.216755	3.997731	-0.999955	0.000000
1.204323	1.000104	6117.442224	4078.719347	0.296887	114.223891	-51.553170	0.002000	1.216755	3.997731	-0.999955	0.000000
1.224323	1.000104	6117.442041	4078.719232	0.022109	12.312543	-51.553170	0.002000	1.216755	3.997731	-0.999955	0.000000
1.244323	1.000104	6117.442021	4078.719221	0.002861	1.254379	-51.553170	0.002000	1.216755	3.997731	-0.999955	0.000000
1.264323	1.000104	6117.442019	4078.719220	0.000574	0.125945	-51.553170	0.002000	1.216755	3.997731	-0.999955	0.000000
1.284323	1.000104	6117.442019	4078.719220	0.000112	0.013378	-51.553170	0.002000	1.216755	3.997731	-0.999955	0.000000
1.304323	1.000104	6117.442019	4078.719220	0.000019	0.001606	-51.553170	0.002000	1.216755	3.997731	-0.999955	0.000000
1.324323	1.000104	6117.442019	4078.719219	0.000003	0.000216	-51.553170	0.002000	1.216755	3.997731	-0.999955	0.000000
1.344323	1.000104	6117.442019	4078.719219	0.000000	0.000031	-51.553170	0.002000	1.216755	3.997731	-0.999955	0.000000
1.364323	1.000104	6117.442019	4078.719219	0.000000	0.000005	-51.553170	0.002000	1.216755	3.997731	-0.999955	0.000000
1.384323	1.000104	6117.442019	4078.719219	-0.000000	0.000001	-51.553170	0.002000	1.216755	3.997731	-0.999955	0.000000
1.404323	1.000104	6117.442019	4078.719219	-0.000000	0.000001	-51.553170	0.002000	1.216755	3.997731	-0.999955	0.000000
1.424323	1.000104	6117.442019	4078.719219	-0.000000	-0.000000	-51.553170	0.002000	1.216755	3.997731	-0.999955	0.000000
1.444323	1.000104	6117.442019	4078.719219	0.000000	-0.000001	-51.553170	0.002000	1.216755	3.997731	-0.999955	0.000000
1.464323	1.000104	6117.442019	4078.719219	0.000000	0.000001	-51.553170	0.002000	1.216755	3.997731	-0.999955	0.000000
1.484323	1.000104	6117.442019	4078.719219	-0.000000	-0.000000	-51.553170	0.002000	1.216755	3.997731	-0.999955	0.000000
1.504323	1.000104	6117.442019	4078.719219	-0.000000	-0.000001	-51.553170	0.002000	1.216755	3.997731	-0.999955	0.000000
1.524323	1.000104	6117.442019	4078.719219	0.000000	-0.000001	-51.553170	0.002000	1.216755	3.997731	-0.999955	0.000000
1.544323	1.000104	6117.442019	4078.719219	0.000000	0.000000	-51.553170	0.002000	1.216755	3.997731	-0.999955	0.000000
1.564323	1.000104	6117.442019	4078.719219	0.000000	0.000001	-51.553170	0.002000	1.216755	3.997731	-0.999955	0.000000
1.584323	1.000104	6117.442019	4078.719219	-0.000000	0.000001	-51.553170	0.002000	1.216755	3.997731	-0.999955	0.000000
1.604323	1.000104	6117.442019	4078.719219	-0.000000	-0.000001	-51.553170	0.002000	1.216755	3.997731	-0.999955	0.000000
1.624323	1.000104	6117.442019	4078.719219	0.000000	-0.000000	-51.553170	0.002000	1.216755	3.997731	-0.999955	0.000000
1.644323	1.000104	6117.442019	4078.719219	-0.000000	0.000001	-51.553170	0.002000	1.216755	3.997731	-0.999955	0.000000
1.664323	1.000104	6117.442019	4078.719219	-0.000000	-0.000001	-51.553170	0.002000	1.216755	3.997731	-0.999955	0.000000
1.684323	1.000104	6117.442019	4078.719219	0.000000	-0.000000	-51.553170	0.002000	1.216755	3.997731	-0.999955	0.000000
1.704323	1.000104	6117.442019	4078.719219	0.000000	0.000001	-51.553170	0.002000	1.216755	3.997731	-0.999955	0.000000
1.724323	1.000104	6117.442019	4078.719219	-0.000000	0.000000	-51.553170	0.002000	1.216755	3.997731	-0.999955	0.000000
1.744323	1.000104	6117.442019	4078.719219	-0.000000	0.000001	-51.553170	0.002000	1.216755	3.997731	-0.999955	0.000000
1.764323	1.000104	6117.442019	4078.719219	-0.000000	-0.000001	-51.553170	0.002000	1.216755	3.997731	-0.999955	0.000000
1.784323	1.000104	6117.442019	4078.719219	0.000000	-0.000001	-51.553170	0.002000	1.216755	3.997731	-0.999955	0.000000
1.804323	1.000104	6117.442019	4078.719219	0.000000	-0.000000	-51.553170	0.002000	1.216755	3.997731	-0.999955	0.000000
1.824323	1.000104	6117.442019	4078.719219	0.000000	0.000000	-51.553170	0.002000	1.216755	3.997731	-0.999955	0.000000
1.844323	1.000104	6117.442019	4078.719219	0.000000	-0.000000	-51.553170	0.002000	1.216755	3.997731	-0.999955	0.000000
1.864323	1.000104	6117.442019	4078.719219	0.000000	0.000001	-51.553170	0.002000	1.216755	3.997731	-0.999955	0.000000
1.884323	1.000104	6117.442019	4078.719219	-0.000000	0.000000	-51.553170	0.002000	1.216755	3.997731	-0.999955	0.000000
1.904323	1.000104	6117.442019	4078.719219	0.000000	-0.000001	-51.553170	0.002000	1.216755	3.997731	-0.999955	0.000000
1.924323	1.000104	6117.442019	4078.719219	0.000000	0.000000	-51.553170	0.002000	1.216755	3.997731	-0.999955	0.000000
1.944323	1.000104	6117.442019	4078.719219	0.000000	0.000001	-51.553170	0.002000	1.216755	3.997731	-0.999955	0.000000
1.964323	1.000104	6117.442019	4078.719219	-0.000000	0.000000	-51.553170	0.002000	1.216755	3.997731	-0.999955	0.000000
1.984323	1.000104	6117.442019	4078.719219	-0.000000	0.000000	-51.553170	0.002000	1.216755	3.997731	-0.999955	0.000000
2.004323	1.000104	6117.442019	4078.719219	-0.000000	-0.000000	-51.553170	0.002000	1.216755	3.997731	-0.999955	0.000000
2.024323	1.000104	6117.442019	4078.719219	-0.000000	-0.000001	-51.553170	0.002000	1.216755	3.997731	-0.999955	0.000000
2.044323	1.000104	6117.442019	4078.719219	0.000000	-0.000001	-51.553170	0.002000	1.216755	3.997731	-0.999955	0.000000
2.064323	1.000104	6117.442019	4078.719219	0.000000	0.000000	-51.553170	0.002000	1.216755	3.997731	-0.999955	0.000000
2.084323	1.000104	6117.442019	4078.719219	0.000000	0.000001	-51.553170	0.002000	1.216755	3.997731	-0.999955	0.000000
2.104323	1.000104	6117.442019	4078.719219	-0.000000	0.000002	-51.553170	0.002000	1.216755	3.997731	-0.999955	0.000000
2.124323	1.000104	6117.442019	4078.719219	-0.000000	0.000001	-51.553170	0.002000	1.216755	3.997731	-0.999955	0.000000
2.144323	1.000104	6117.442019	4078.719219	0.000000	-0.000001	-51.553170	0.002000	1.216755	3.997731	-0.999955	0.000000
2.164323	1.000104	6117.442019	4078.719219	0.000000	-0.000000	-51.553170	0.002000	1.216755	3.997731	-0.999955	0.000000
2.184323	1.000104	6117.442019	4078.719219	-0.000000	-0.000001	-51.553170	0.002000	1.216755	3.997731	-0.999955	0.000000
2.204323	1.000104	6117.442019	4078.719219	-0.000000	-0.000001	-51.553170	0.002000	1.216755	3.997731	-0.999955	0.000000
2.224323	1.000104	6117.442019	4078.719219	0.000000	-0.000001	-51.553170	0.002000	1.216755	3.997731	-0.999955	0.000000
2.244323	1.000104	6117.442019	4078.719219	0.000000	0.000001	-51.553170	0.002000	1.216755	3.997731	-0.999955	0.000000
2.264323	1.000104	6117.442019	4078.719219	-0.000000	0.000001	-51.553170	0.002000	1.216755	3.997731	-0.999955	0.000000
2.284323	1.000104	6117.442019	4078.719219	-0.000000	0.000000	-51.553170	0.002000	1.216755	3.997731	-0.999955	0.000000
2.304323	1.000104	6117.442019	4078.719219	-0.000000	-0.000001	-51.553170	0.002000	1.216755	3.997731	-0.999955	0.000000
2.324323	1.000104	6117.442019	4078.719219	0.000000	0.000000	-51.553170	0.002000	1.216755	3.997731	-0.999955	0.000000
2.344323	1.000104	6117.442019	4078.719219	-0.000000	0.000001	-51.553170	0.002000	1.216755	3.997731	-0.999955	0.000000
2.364323	1.000104	6117.442019	4078.719219	-0.000000	-0.000001	-51.553170	0.002000	1.216755	3.997731	-0.999955	0.000000
2.384323	1.000104	6117.442019	4078.719219	0.000000	-0.000001	-51.553170	0.002000	1.216755	3.997731	-0.999955	0.000000
2.404323	1.000104	6117.442019	4078.719219	0.000000	0.000001	-51.553170	0.002000	1.216755	3.997731	-0.999955	0.000000
2.424323	1.000104	6117.442019	4078.719219	-0.000000	0.000001	-51.553170	0.002000	1.216755	3.997731	-0.999955	0.000000
2.444323	1.000104	6117.442019	4078.719219	-0.000000	-0.000003	-51.553170	0.002000	1.216755	3.997731	-0.999955	0.000000
2.464323	1.000104	6117.442019	4078.719219	0.000000	-0.000002	-51.553170	0.002000	1.216755	3.997731	-0.999955	0.000000
2.484323	1.000104	6117.442019	4078.719219	0.000000	0.000003	-51.553170	0.002000	1.216755	3.997731	-0.999955	0.000000
2.504323	1.000104	6117.442019	4078.719219	-0.000000	0.000002	-51.553170	0.002000	1.216755	3.997731	-0.999955	0.000000
2.524323	1.000104	6117.442019	4078.719219	-0.000000	0.000000	-51.553170	0.002000	1.216755	3.997731	-0.999955	0.000000
2.544323	1.000104	6117.442019	4078.719219	-0.000000	0.000000	-51.553170	0.002000	1.216755	3.997731	-0.999955	0.000000
2.564323	1.000104	6117.442019	4078.719219	-0.000000	-0.000001	-51.553170	0.002000	1.216755	3.997731	-0.999955	0.000000
2.584323	1.000104	6117.442019	4078.719219	0.000000	-0.000001	-51.553170	0.002000	1.216755	3.997731	-0.999955	0.000000
2.604323	1.000104	6117.442019	4078.719219	0.000000	0.000001	-51.553170	0.002000	1.216755	3.997731	-0.999955	0.000000
2.624323	1.000104	6117.442019	4078.719219	0.000000	0.000001	-51.553170	0.002000	1.216755	3.997731	-0.999955	0.000000
2.644323	1.000104	6117.442019	4078.719219	-0.000000	0.000001	-51.553170	0.002000	1.216755	3.997731	-0.999955	0.000000
2.664323	1.000104	6117.442019	4078.719219	0.000000	-0.000001	-51.553170	0.002000	1.216755	3.997731	-0.999955	0.000000
2.684323	1.000104	6117.442019	4078.719219	0.000000	-0.000001	-51.553170	0.002000	1.216755	3.997731	-0.999955	0.000000
2.704323	1.000104	6117.442019	4078.719219	-0.000000	0.000001	-51.553170	0.002000	1.216755	3.997731	-0.999955	0.000000
2.724323	1.000104	6117.442019	4078.719219	-0.000000	0.000000	-51.553170	0.002000	1.216755	3.997731	-0.999955	0.000000
2.744323	1.000104	6117.442019	4078.719219	-0.000000	-0.000000	-51.553170	0.002000	1.216755	3.997731	-0.999955	0.000000
2.764323	1.000104	6117.442019	4078.719219	-0.000000	-0.000000	-51.553170	0.002000	1.216755	3.997731	-0.999955	0.000000
2.784323	1.000104	6117.442019	4078.719219	-0.000000	-0.000001	-51.553170	0.002000	1.216755	3.997731	-0.999955	0.000000
2.804323	1.000104	6117.442019	4078.719219	0.000000	0.000001	-51.553170	0.002000	1.216755	3.997731	-0.999955	0.000000
2.824323	1.000104	6117.442019	4078.719219	-0.000000	0.000001	-51.553170	0.002000	1.216755	3.997731	-0.999955	0.000000
2.844323	1.000104	6117.442019	4078.719219	-0.000000	-0.000001	-51.553170	0.002000	1.216755	3.997731	-0.999955	0.000000
2.864323	1.000104	6117.442019	4078.719219	0.000000	0.000000	-51.553170	0.002000	1.216755	3.997731	-0.999955	0.000000
2.884323	1.000104	6117.442019	4078.719219	-0.000000	0.000001	-51.553170	0.002000	1.216755	3.997731	-0.999955	0.000000
2.904323	1.000104	6117.442019	4078.719219	0.000000	-0.000001	-51.553170	0.002000	1.216755	3.997731	-0.999955	0.000000
2.924323	1.000104	6117.442019	4078.719219	0.000000	0.000001	-51.553170	0.002000	1.216755	3.997731	-0.999955	0.000000
2.944323	1.000104	6117.442019	4078.719219	0.000000	0.000001	-51.553170	0.002000	1.216755	3.997731	-0.999955	0.000000
2.964323	1.000104	6117.442019	4078.719219	-0.000000	-0.000000	-51.553170	0.002000	1.216755	3.997731	-0.999955	0.000000
2.984323	1.000104	6117.442019	4078.719219	-0.000000	-0.000001	-51.553170	0.002000	1.216755	3.997731	-0.999955	0.000000
3.004323	1.000104	6117.442019	4078.719219	0.000000	-0.000000	-51.553170	0.002000	1.216755	3.997731	-0.999955	0.000000
3.024323	1.000104	6117.442019	4078.719219	0.000000	0.000002	-51.553170	0.002000	1.216755	3.997731	-0.999955	0.000000
3.044323	1.000104	6117.442019	4078.719219	-0.000000	0.000001	-51.553170	0.002000	1.216755	3.997731	-0.999955	0.000000
3.064323	1.000104	6117.442019	4078.719219	-0.000000	-0.000000	-51.553170	0.002000	1.216755	3.997731	-0.999955	0.000000
3.084323	1.000104	6117.442019	4078.719219	0.000000	-0.000000	-51.553170	0.002000	1.216755	3.997731	-0.999955	0.000000
3.104323	1.000104	6117.442019	4078.719219	-0.000000	-0.000000	-51.553170	0.002000	1.216755	3.997731	-0.999955	0.000000
3.124323	1.000104	6117.442019	4078.719219	0.000000	-0.000001	-51.553170	0.002000	1.216755	3.997731	-0.999955	0.000000
3.144323	1.000104	6117.442019	4078.719219	-0.000000	0.000001	-51.553170	0.002000	1.216755	3.997731	-0.999955	0.000000
3.164323	1.000104	6117.442019	4078.719219	0.000000	-0.000000	-51.553170	0.002000	1.216755	3.997731	-0.999955	0.000000
3.184323	1.000104	6117.442019	4078.719219	0.000000	0.000001	-51.553170	0.002000	1.216755	3.997731	-0.999955	0.000000
3.204323	1.000104	6117.442019	4078.719219	-0.000000	0.000001	-51.553170	0.002000	1.216755	3.997731	-0.999955	0.000000
3.224323	1.000104	6117.442019	4078.719219	-0.000000	-0.000001	-51.553170	0.002000	1.216755	3.997731	-0.999955	0.000000
3.244323	1.000104	6117.442019	4078.719219	0.000000	-0.000001	-51.553170	0.002000	1.216755	3.997731	-0.999955	0.000000
3.264323	1.000104	6117.442019	4078.719219	0.000000	0.000000	-51.553170	0.002000	1.216755	3.997731	-0.999955	0.000000
3.284323	1.000104	6117.442019	4078.719219	0.000000	-0.000001	-51.553170	0.002000	1.216755	3.997731	-0.999955	0.000000
3.304323	1.000104	6117.442019	4078.719219	0.000000	0.000001	-51.553170	0.002000	1.216755	3.997731	-0.999955	0.000000
3.324323	1.000104	6117.442019	4078.719219	0.000000	0.000000	-51.553170	0.002000	1.216755	3.997731	-0.999955	0.000000
3.344323	1.000104	6117.442019	4078.719219	0.000000	0.000001	-51.553170	0.002000	1.216755	3.997731	-0.999955	0.000000
3.364323	1.000104	6117.442019	4078.719219	-0.000000	-0.000000	-51.553170	0.002000	1.216755	3.997731	-0.999955	0.000000
3.384323	1.000104	6117.442019	4078.719219	0.000000	-0.000001	-51.553170	0.002000	1.216755	3.997731	-0.999955	0.000000
3.404323	1.000104	6117.442019	4078.719219	-0.000000	0.000003	-51.553170	0.002000	1.216755	3.997731	-0.999955	0.000000
3.424323	1.000104	6117.442019	4078.719219	-0.000000	-0.000001	-51.553170	0.002000	1.216755	3.997731	-0.999955	0.000000
3.444323	1.000104	6117.442019	4078.719219	-0.000000	-0.000001	-51.553170	0.002000	1.216755	3.997731	-0.999955	0.000000
3.464323	1.000104	6117.442019	4078.719219	-0.000000	-0.000001	-51.553170	0.002000	1.216755	3.997731	-0.999955	0.000000
3.484323	1.000104	6117.442019	4078.719219	0.000000	-0.000000	-51.553170	0.002000	1.216755	3.997731	-0.999955	0.000000
3.504323	1.000104	6117.442019	4078.719219	-0.000000	0.000003	-51.553170	0.002000	1.216755	3.997731	-0.999955	0.000000
3.524323	1.000104	6117.442019	4078.719219	-0.000000	-0.000001	-51.553170	0.002000	1.216755	3.997731	-0.999955	0.000000
3.544323	1.000104	6117.442019	4078.719219	0.000000	-0.000001	-51.553170	0.002000	1.216755	3.997731	-0.999955	0.000000
3.564323	1.000104	6117.442019	4078.719219	0.000000	-0.000000	-51.553170	0.002000	1.216755	3.997731	-0.999955	0.000000
3.584323	1.000104	6117.442019	4078.719219	0.000000	0.000001	-51.553170	0.002000	1.216755	3.997731	-0.999955	0.000000
3.604323	1.000104	6117.442019	4078.719219	-0.000000	-0.000001	-51.553170	0.002000	1.216755	3.997731	-0.999955	0.000000
3.624323	1.000104	6117.442019	4078.719219	0.000000	-0.000001	-51.553170	0.002000	1.216755	3.997731	-0.999955	0.000000
3.644323	1.000104	6117.442019	4078.719219	0.000000	0.000001	-51.553170	0.002000	1.216755	3.997731	-0.999955	0.000000
3.664323	1.000104	6117.442019	4078.719219	0.000000	0.000001	-51.553170	0.002000	1.216755	3.997731	-0.999955	0.000000
3.684323	1.000104	6117.442019	4078.719219	-0.000000	0.000000	-51.553170	0.002000	1.216755	3.997731	-0.999955	0.000000
3.704323	1.000104	6117.442019	4078.719219	-0.000000	0.000001	-51.553170	0.002000	1.216755	3.997731	-0.999955	0.000000
3.724323	1.000104	6117.442019	4078.719219	-0.000000	-0.000000	-51.553170	0.002000	1.216755	3.997731	-0.999955	0.000000
3.744323	1.000104	6117.442019	4078.719219	0.000000	-0.000001	-51.553170	0.002000	1.216755	3.997731	-0.999955	0.000000
3.764323	1.000104	6117.442019	4078.719219	0.000000	0.000001	-51.553170	0.002000	1.216755	3.997731	-0.999955	0.000000
3.784323	1.000104	6117.442019	4078.719219	-0.000000	-0.000000	-51.553170	0.002000	1.216755	3.997731	-0.999955	0.000000
3.804323	1.000104	6117.442019	4078.719219	0.000000	-0.000003	-51.553170	0.002000	1.216755	3.997731	-0.999955	0.000000
3.824323	1.000104	6117.442019	4078.719219	0.000000	0.000001	-51.553170	0.002000	1.216755	3.997731	-0.999955	0.000000
3.844323	1.000104	6117.442019	4078.719219	-0.000000	0.000001	-51.553170	0.002000	1.216755	3.997731	-0.999955	0.000000
3.864323	1.000104	6117.442019	4078.719219	-0.000000	-0.000002	-51.553170	0.002000	1.216755	3.997731	-0.999955	0.000000
3.884323	1.000104	6117.442019	4078.719219	0.000000	-0.000004	-51.553170	0.002000	1.216755	3.997731	-0.999955	0.000000
3.904323	1.000104	6117.442019	4078.719219	0.000000	-0.000009	-51.553170	0.002000	1.216755	3.997731	-0.999955	0.000000
3.924323	1.000104	6117.442019	4078.719219	0.000000	-0.000026	-51.553170	0.002000	1.216755	3.997731	-0.999955	0.000000
3.944323	1.000104	6117.442019	4078.719219	0.000001	-0.000068	-51.553170	0.002000	1.216755	3.997731	-0.999955	0.000000
3.964323	1.000104	6117.442019	4078.719219	0.000002	-0.000178	-51.553170	0.002000	1.216755	3.997731	-0.999955	0.000000
3.984323	1.000104	6117.442019	4078.719219	0.000006	-0.000456	-51.553170	0.002000	1.216755	3.997731	-0.999955	0.000000
4.004323	1.000104	6117.442019	4078.719219	0.000016	-0.001164	-51.553170	0.002000	1.216755	3.997731	-0.999955	0.000000
4.024323	1.000104	6117.442019	4078.719219	0.000040	-0.002895	-51.553170	0.002000	1.216755	3.997731	-0.999955	0.000000
4.044323	1.000104	6117.442019	4078.719219	0.000100	-0.007065	-51.553170	0.002000	1.216755	3.997731	-0.999955	0.000000
4.064323	1.000104	6117.442019	4078.719219	0.000241	-0.016920	-51.553170	0.002000	1.216755	3.997731	-0.999955	0.000000
4.084323	1.000104	6117.442019	4078.719219	0.000573	-0.039817	-51.553170	0.002000	1.216755	3.997731	-0.999955	0.000000
4.104323	1.000104	6117.442018	4078.719218	0.001340	-0.092123	-51.553170	0.002000	1.216755	3.997731	-0.999955	0.000000
4.124323	1.000104	6117.442015	4078.719215	0.003078	-0.209597	-51.553170	0.002000	1.216755	3.997731	-0.999955	0.000000
4.144323	1.000104	6117.442010	4078.719209	0.006953	-0.468932	-51.553170	0.002000	1.216755	3.997731	-0.999955	0.000000
4.164323	1.000104	6117.441999	4078.719196	0.015444	-1.031732	-51.553170	0.002000	1.216755	3.997731	-0.999955	0.000000
4.184323	1.000104	6117.441975	4078.719166	0.033732	-2.232365	-51.553170	0.002000	1.216755	3.997731	-0.999955	0.000000
4.204323	1.000104	6117.441921	4078.719101	0.072442	-4.749548	-51.553170	0.002000	1.216755	3.997731	-0.999955	0.000000
4.224323	1.000104	6117.441808	4078.718963	0.152947	-9.935005	-51.553170	0.002000	1.216755	3.997731	-0.999955	0.000000
4.244323	1.000104	6117.441570	4078.718670	0.317413	-20.428366	-51.553169	0.002000	1.216755	3.997731	-0.999955	0.000000
4.264323	1.000104	6117.441080	4078.718065	0.647338	-41.285723	-51.553168	0.002000	1.216755	3.997730	-0.999955	0.000000
4.284323	1.000104	6117.440088	4078.716831	1.297192	-81.960096	-51.553166	0.002000	1.216755	3.997730	-0.999955	0.000000
4.304323	1.000104	6117.438119	4078.714362	2.553009	-159.807241	-51.553162	0.002000	1.216755	3.997730	-0.999955	0.000000
4.324323	1.000103	6117.434277	4078.709510	4.933290	-305.925410	-51.553155	0.002000	1.216755	3.997730	-0.999955	0.000000
4.344323	1.000102	6117.426917	4078.700146	9.355985	-574.756885	-51.553139	0.002000	1.216755	3.997729	-0.999956	0.000000
4.364323	1.000100	6117.413080	4078.682411	17.406983	-1059.279723	-51.553111	0.002000	1.216755	3.997729	-0.999957	0.000000
4.384324	1.000096	6117.387562	4078.649452	31.756540	-1914.194064	-51.553057	0.002000	1.216755	3.997727	-0.999959	0.000000
4.404324	1.000088	6117.341422	4078.589392	56.779936	-3389.873886	-51.552960	0.002000	1.216755	3.997723	-0.999962	0.000000
4.424324	1.000075	6117.259671	4078.482115	99.441331	-5879.756632	-51.552785	0.002000	1.216755	3.997718	-0.999967	0.000000
4.444325	1.000052	6117.117803	4078.294407	170.486407	-9982.799503	-51.552479	0.002000	1.216755	3.997708	-0.999977	0.000000
4.464326	1.000012	6116.876825	4077.972850	285.948125	-16580.046348	-51.551955	0.002000	1.216755	3.997691	-0.999995	0.000000
4.484329	0.999944	6116.476416	4077.433870	468.887905	-26919.647724	-51.551075	0.002000	1.216755	3.997663	-1.000024	0.000000
4.504332	0.999832	6115.826008	4076.550502	751.163521	-42697.642867	-51.549631	0.002000	1.216755	3.997617	-1.000072	0.000000
4.524339	0.999651	6114.793870	4075.135751	1174.841512	-66113.032725	-51.547317	0.002001	1.216755	3.997544	-1.000150	0.000000
4.544350	0.999365	6113.194757	4072.923189	1792.686944	-99867.242001	-51.543695	0.002001	1.216755	3.997431	-1.000273	0.000000
4.564368	0.998926	6110.777377	4069.546394	2667.043295	-147072.917664	-51.538164	0.002002	1.216755	3.997261	-1.000463	0.000000
4.584397	0.998266	6107.213691	4064.520155	3866.401950	-211047.401460	-51.529929	0.002003	1.216755	3.997009	-1.000748	0.000000
4.604441	0.997301	6102.092704	4057.227609	5459.383747	-294966.220828	-51.517974	0.002005	1.216755	3.996647	-1.001165	0.000000
4.624508	0.995924	6094.921615	4046.918221	7506.203012	-401418.188764	-51.501062	0.002008	1.216755	3.996138	-1.001762	0.000000
4.644607	0.994010	6085.136635	4032.721238	10048.785891	-531906.573166	-51.477751	0.002012	1.216755	3.995444	-1.002594	0.000000
4.664751	0.991416	6072.124466	4013.677591	13101.262175	-686410.858665	-51.446436	0.002017	1.216755	3.994518	-1.003724	0.000000
4.684955	0.987990	6055.253161	3988.789899	16643.181175	-863108.479878	-51.405421	0.002024	1.216755	3.993314	-1.005221	0.000000
4.705238	0.983578	6033.908979	3957.086335	20617.388675	-1058353.608030	-51.353007	0.002033	1.216755	3.991785	-1.007158	0.000000
4.725623	0.978032	6007.533986	3917.690296	24933.254826	-1266994.136406	-51.287584	0.002045	1.216755	3.989888	-1.009606	0.000000
4.746137	0.971221	5975.658320	3869.885362	29476.448765	-1482694.856881	-51.207720	0.002059	1.216755	3.987583	-1.012633	0.000000
4.766809	0.963037	5937.922841	3813.166236	34119.402301	-1698866.904784	-51.112221	0.002077	1.216755	3.984837	-1.016300	0.000000
4.787673	0.953401	5894.089557	3747.268498	38735.155413	-1909114.115359	-51.000168	0.002098	1.216755	3.981625	-1.020658	0.000000
4.808766	0.942266	5844.039308	3672.174507	43208.227361	-2107821.355790	-50.870920	0.002123	1.216755	3.977927	-1.025752	0.000000
4.830126	0.929616	5787.759173	3588.097529	47442.449494	-2290497.357431	-50.724091	0.002151	1.216755	3.973729	-1.031613	0.000000
4.851798	0.915462	5725.322858	3495.449346	51364.950428	-2453918.401999	-50.559499	0.002185	1.216755	3.969024	-1.038269	0.000000
4.873825	0.899835	5656.867678	3394.798049	54926.644783	-2596101.525118	-50.377120	0.002223	1.216755	3.963804	-1.045738	0.000000
4.896257	0.882787	5582.571146	3286.822743	58100.161474	-2716158.494465	-50.177018	0.002266	1.216755	3.958066	-1.054038	0.000000
4.919145	0.864378	5502.629424	3172.270224	60876.424013	-2814083.374842	-49.959293	0.002314	1.216755	3.951806	-1.063184	0.000000
4.942545	0.844674	5417.238855	3051.917230	63260.349342	-2890546.096752	-49.724030	0.002368	1.216755	3.945017	-1.073193	0.000000
4.966515	0.823744	5326.581169	2926.540440	65266.496585	-2946626.765905	-49.471247	0.002428	1.216755	3.937690	-1.084084	0.000000
4.991121	0.801652	5230.814722	2796.896256	66915.465773	-2983762.698423	-49.200856	0.002495	1.216755	3.929814	-1.095886	0.000000
5.016434	0.778457	5130.052145	2663.694420	68236.685485	-3003063.463644	-48.912640	0.002569	1.216755	3.921368	-1.108632	0.000000
5.042531	0.754211	5024.386439	2527.607086	69251.595348	-3006501.326405	-48.606206	0.002652	1.216755	3.912332	-1.122370	0.000000
5.069501	0.728955	4913.872664	2389.260798	69987.519791	-2995192.027982	-48.280950	0.002744	1.216755	3.902674	-1.137159	0.000000
5.097442	0.702723	4798.529422	2249.239553	70469.385238	-2970388.577747	-47.936025	0.002846	1.216755	3.892360	-1.153072	0.000000
5.126468	0.675544	4678.314920	2108.093756	70719.426422	-2933279.437660	-47.570306	0.002961	1.216755	3.881342	-1.170201	0.000000
5.156708	0.647446	4553.064176	1966.336950	70757.115950	-2885131.892683	-47.182357	0.003089	1.216755	3.869558	-1.188648	0.000000
5.188315	0.618476	4422.299031	1824.420345	70597.090000	-2827509.504484	-46.770415	0.003234	1.216755	3.856903	-1.208526	0.000000
5.221465	0.588702	4284.944385	1682.663508	70250.010867	-2762512.461676	-46.332374	0.003397	1.216755	3.843201	-1.229952	0.000000
5.256361	0.558211	4138.839541	1541.117295	69720.218960	-2692409.208918	-45.865846	0.003583	1.216755	3.828135	-1.253047	0.000000
5.293245	0.527055	3980.481304	1399.436192	69007.509340	-2619046.996427	-45.367982	0.003795	1.216755	3.811193	-1.277988	0.000000
5.332406	0.495119	3805.343993	1256.804490	68111.512983	-2540862.122339	-44.835371	0.004039	1.216755	3.791653	-1.305133	0.000000
5.374220	0.461920	3610.259902	1112.427620	67028.750283	-2451495.659689	-44.262575	0.004330	1.216755	3.768799	-1.335275	0.000000
5.419239	0.426366	3398.169347	966.490345	65780.290250	-2337636.874057	-43.640557	0.004691	1.216755	3.742507	-1.370057	0.000000
5.468378	0.387008	3183.050628	821.743575	64361.264933	-2189489.264112	-42.951565	0.005168	1.216755	3.714105	-1.412117	0.000000
5.523169	0.342388	2991.047732	683.151591	62827.819833	-2007609.399264	-42.165210	0.005841	1.216755	3.687083	-1.465314	0.000000
5.586343	0.292316	2854.298818	556.580576	61116.309854	-1810087.506191	-41.228097	0.006842	1.216755	3.666753	-1.533973	0.000000
5.662389	0.237736	2806.834581	445.129398	59361.363157	-1618535.972784	-40.047065	0.008413	1.216755	3.659462	-1.623724	0.000000
5.759965	0.181595	2878.673779	348.715388	57387.653922	-1451906.815875	-38.462849	0.011014	1.216755	3.670427	-1.740704	0.000000
5.895043	0.121844	3120.048734	253.592646	56077.820231	-1277976.867635	-36.079182	0.016414	1.216755	3.705382	-1.913994	0.000000
6.147536	0.067811	4285.540445	193.847784	54482.352198	-1024698.337574	-31.323123	0.029494	1.216755	3.843201	-2.168489	0.000000
-0.002968	3.371643	102324.188479	230000.955572	6.147423	0.000000	0.000629	0.000593	0.000000	5.221142	-0.472160	0.000000
-0.008899	3.377929	102117.414731	229963.756130	17.693319	0.000000	0.001833	0.000592	0.000000	5.220263	-0.471352	0.000000
-0.014813	3.390168	101717.277011	229892.539345	27.099519	0.000000	0.002885	0.000590	0.000000	5.218557	-0.469781	0.000000
-0.020700	3.407739	101149.098846	229793.212358	33.278669	0.000000	0.003699	0.000587	0.000000	5.216124	-0.467535	0.000000
-0.026554	3.429757	100447.567949	229673.824680	35.587106	0.000000	0.004217	0.000583	0.000000	5.213101	-0.464738	0.000000
-0.032366	3.455127	99653.555097	229543.760615	33.900054	0.000000	0.004413	0.000579	0.000000	5.209654	-0.461536	0.000000
-0.038133	3.482621	98810.427975	229412.802650	28.603769	0.000000	0.004289	0.000574	0.000000	5.205963	-0.458093	0.000000
-0.043853	3.510958	97960.560974	229290.202404	20.517374	0.000000	0.003879	0.000570	0.000000	5.202211	-0.454573	0.000000
-0.049527	3.538892	97142.258118	229183.858524	10.758174	0.000000	0.003240	0.000565	0.000000	5.198567	-0.451131	0.000000
-0.055157	3.565296	96387.425080	229099.686533	0.576693	0.000000	0.002444	0.000561	0.000000	5.195179	-0.447903	0.000000
-0.060747	3.589238	95720.057895	229041.235980	-8.814252	0.000000	0.001573	0.000557	0.000000	5.192162	-0.444996	0.000000
-0.066302	3.610030	95155.590482	229009.578356	-16.392185	0.000000	0.000704	0.000554	0.000000	5.189593	-0.442488	0.000000
-0.071828	3.627261	94701.007171	229003.456058	-21.441180	0.000000	-0.000093	0.000551	0.000000	5.187514	-0.440420	0.000000
-0.077330	3.640796	94355.604090	229019.653824	-23.619041	0.000000	-0.000762	0.000549	0.000000	5.185927	-0.438803	0.000000
-0.082815	3.650751	94112.234362	229053.531403	-22.970261	0.000000	-0.001269	0.000548	0.000000	5.184806	-0.437617	0.000000
-0.088287	3.657445	93958.871627	229099.642687	-19.886493	0.000000	-0.001595	0.000547	0.000000	5.184098	-0.436822	0.000000
-0.093752	3.661348	93880.318887	229152.363032	-15.023191	0.000000	-0.001745	0.000546	0.000000	5.183735	-0.436359	0.000000
