0.002967	3.372411	102298.073665	229994.565835	5.955623	-1822771.124170	-0.000618	0.000593	1.216755	5.221031	-0.472061	0.000000
0.008897	3.378634	102093.553321	229958.027156	17.145660	-1666093.896147	-0.001802	0.000592	1.216755	5.220161	-0.471261	0.000000
0.014810	3.390755	101697.665725	229888.050998	26.274814	-1370521.343611	-0.002836	0.000590	1.216755	5.218474	-0.469705	0.000000
0.020696	3.408163	101135.261918	229790.396570	32.294252	-968793.793677	-0.003639	0.000587	1.216755	5.216065	-0.467481	0.000000
0.026549	3.429987	100440.408136	229672.917525	34.580646	-503995.619156	-0.004154	0.000583	1.216755	5.213070	-0.464708	0.000000
0.032361	3.455151	99653.287307	229544.779893	33.008550	-23845.734280	-0.004352	0.000579	1.216755	5.209652	-0.461533	0.000000
0.038128	3.482446	98816.600283	229415.553752	27.943340	425347.193712	-0.004237	0.000574	1.216755	5.205990	-0.458115	0.000000
0.043849	3.510606	97972.151297	229294.310564	20.166875	803925.383253	-0.003842	0.000570	1.216755	5.202262	-0.454617	0.000000
0.049524	3.538402	97157.827171	229188.822085	10.749049	1082789.086859	-0.003220	0.000565	1.216755	5.198637	-0.451192	0.000000
0.055154	3.564717	96405.300547	229104.943253	0.890303	1245574.733646	-0.002443	0.000561	1.216755	5.195260	-0.447973	0.000000
0.060745	3.588624	95738.525091	229046.233035	-8.241717	1289125.321882	-0.001588	0.000557	1.216755	5.192245	-0.445071	0.000000
0.066301	3.609434	95173.067375	229013.836674	-15.658238	1222429.539084	-0.000733	0.000554	1.216755	5.189673	-0.442559	0.000000
0.071828	3.626730	94716.186710	229006.620912	-20.660956	1064378.850056	0.000055	0.000551	1.216755	5.187583	-0.440483	0.000000
0.077331	3.640365	94367.552315	229021.525923	-22.907198	840723.906631	0.000720	0.000549	1.216755	5.185982	-0.438854	0.000000
0.082816	3.650441	94120.438685	229054.075746	-22.423757	580637.565405	0.001228	0.000548	1.216755	5.184844	-0.437654	0.000000
0.088289	3.657265	93963.239269	229098.975726	-19.570950	313269.470576	0.001560	0.000547	1.216755	5.184118	-0.436843	0.000000
0.093754	3.661290	93881.130686	229150.721701	-14.964972	64653.450444	0.001718	0.000546	1.216755	5.183739	-0.436366	0.000000
0.099214	3.663056	93857.732438	229204.151525	-9.371858	-144724.732115	0.001720	0.000546	1.216755	5.183631	-0.436157	0.000000
0.104674	3.663130	93876.621706	229254.883702	-3.590014	-301469.721247	0.001594	0.000546	1.216755	5.183719	-0.436148	0.000000
0.110135	3.662051	93922.591353	229299.607921	1.660724	-399813.505976	0.001377	0.000546	1.216755	5.183931	-0.436276	0.000000
0.115598	3.660298	93982.574151	229336.214974	5.827399	-441166.372156	0.001106	0.000546	1.216755	5.184209	-0.436484	0.000000
0.121064	3.658262	94046.198865	229363.775330	8.578167	-432838.545552	0.000816	0.000547	1.216755	5.184503	-0.436726	0.000000
0.126533	3.656234	94105.986631	229382.393477	9.817466	-386199.102286	0.000539	0.000547	1.216755	5.184779	-0.436967	0.000000
0.132005	3.654413	94157.234491	229392.976793	9.664176	-314599.074545	0.000296	0.000547	1.216755	5.185015	-0.437183	0.000000
0.137480	3.652909	94197.660709	229396.962258	8.400893	-231384.470986	0.000102	0.000548	1.216755	5.185201	-0.437362	0.000000
0.142957	3.651760	94226.900756	229396.042116	6.406405	-148267.148056	-0.000039	0.000548	1.216755	5.185336	-0.437498	0.000000
0.148435	3.650957	94245.942955	229391.922003	4.084696	-74224.488008	-0.000127	0.000548	1.216755	5.185423	-0.437594	0.000000
0.153914	3.650453	94256.580975	229386.134194	1.802458	-14987.311550	-0.000170	0.000548	1.216755	5.185472	-0.437653	0.000000
0.159394	3.650185	94260.940575	229379.916661	-0.156284	26926.982010	-0.000177	0.000548	1.216755	5.185492	-0.437685	0.000000
0.164874	3.650087	94261.114912	229374.157608	-1.614221	51754.918817	-0.000158	0.000548	1.216755	5.185493	-0.437697	0.000000
0.170354	3.650096	94258.920444	229369.396521	-2.503631	61760.886923	-0.000126	0.000548	1.216755	5.185483	-0.437696	0.000000
0.175833	3.650162	94255.767079	229365.867283	-2.851810	60410.420482	-0.000087	0.000548	1.216755	5.185469	-0.437688	0.000000
0.181313	3.650247	94252.623500	229363.566734	-2.755007	51586.689502	-0.000050	0.000548	1.216755	5.185454	-0.437678	0.000000
0.186793	3.650327	94250.051846	229362.332807	-2.347578	38953.860548	-0.000019	0.000548	1.216755	5.185442	-0.437668	0.000000
0.192272	3.650389	94248.284531	229361.919161	-1.772436	25523.520670	0.000005	0.000548	1.216755	5.185434	-0.437661	0.000000
0.197752	3.650428	94247.318806	229362.057278	-1.157333	13435.141993	0.000021	0.000548	1.216755	5.185430	-0.437656	0.000000
0.203231	3.650447	94247.009926	229362.501293	-0.599512	3925.564037	0.000029	0.000548	1.216755	5.185428	-0.437654	0.000000
0.208710	3.650451	94247.150275	229363.054635	-0.159181	-2560.515497	0.000032	0.000548	1.216755	5.185429	-0.437654	0.000000
0.214190	3.650444	94247.527961	229363.580512	0.139314	-6176.326883	0.000032	0.000548	1.216755	5.185431	-0.437654	0.000000
0.219669	3.650434	94247.963657	229364.000003	0.300852	-7449.780730	0.000029	0.000548	1.216755	5.185433	-0.437656	0.000000
0.225148	3.650425	94248.328105	229364.282215	0.350018	-7074.893645	0.000025	0.000548	1.216755	5.185434	-0.437657	0.000000
0.230628	3.650419	94248.544785	229364.430717	0.321118	-5746.335847	0.000022	0.000548	1.216755	5.185435	-0.437658	0.000000
0.236107	3.650418	94248.582960	229364.469647	0.249571	-4049.847992	0.000019	0.000548	1.216755	5.185436	-0.437658	0.000000
0.241587	3.650422	94248.445884	229364.431791	0.165755	-2408.026724	0.000017	0.000548	1.216755	5.185435	-0.437657	0.000000
0.247066	3.650432	94248.157980	229364.349817	0.091632	-1071.833720	0.000017	0.000548	1.216755	5.185434	-0.437656	0.000000
0.252545	3.650446	94247.753510	229364.250910	0.039891	-143.566925	0.000017	0.000548	1.216755	5.185432	-0.437654	0.000000
0.258025	3.650464	94247.268050	229364.154420	0.014963	383.608231	0.000017	0.000548	1.216755	5.185429	-0.437652	0.000000
0.263504	3.650483	94246.733089	229364.071755	0.015124	582.257539	0.000018	0.000548	1.216755	5.185427	-0.437650	0.000000
0.268983	3.650504	94246.173431	229364.007670	0.034947	552.350486	0.000019	0.000548	1.216755	5.185424	-0.437647	0.000000
0.274463	3.650525	94245.606694	229363.962184	0.067564	392.873493	0.000020	0.000548	1.216755	5.185422	-0.437645	0.000000
0.279942	3.650546	94245.044147	229363.932528	0.106369	184.699874	0.000021	0.000548	1.216755	5.185419	-0.437642	0.000000
0.285421	3.650567	94244.492171	229363.914780	0.146067	-16.500772	0.000022	0.000548	1.216755	5.185417	-0.437640	0.000000
0.290900	3.650588	94243.953844	229363.905015	0.183095	-179.915924	0.000022	0.000548	1.216755	5.185414	-0.437637	0.000000
0.296379	3.650608	94243.430310	229363.899969	0.215585	-294.802572	0.000023	0.000548	1.216755	5.185412	-0.437635	0.000000
0.301858	3.650628	94242.921794	229363.897292	0.243017	-363.931131	0.000023	0.000548	1.216755	5.185409	-0.437633	0.000000
0.307337	3.650647	94242.428247	229363.895528	0.265780	-397.220444	0.000024	0.000548	1.216755	5.185407	-0.437630	0.000000
0.312816	3.650666	94241.949669	229363.893937	0.284727	-406.702835	0.000024	0.000548	1.216755	5.185405	-0.437628	0.000000
0.318295	3.650683	94241.486218	229363.892268	0.300834	-403.243934	0.000025	0.000548	1.216755	5.185403	-0.437626	0.000000
0.323774	3.650701	94241.038188	229363.890541	0.314975	-394.923035	0.000025	0.000548	1.216755	5.185401	-0.437624	0.000000
0.329253	3.650718	94240.605933	229363.888886	0.327811	-386.687027	0.000026	0.000548	1.216755	5.185399	-0.437622	0.000000
0.334732	3.650734	94240.189785	229363.887441	0.339784	-380.798838	0.000026	0.000548	1.216755	5.185397	-0.437620	0.000000
0.340211	3.650749	94239.789995	229363.886298	0.351149	-377.641404	0.000026	0.000548	1.216755	5.185395	-0.437618	0.000000
0.345690	3.650764	94239.406699	229363.885495	0.362025	-376.557378	0.000027	0.000548	1.216755	5.185393	-0.437616	0.000000
0.351169	3.650778	94239.039916	229363.885026	0.372470	-376.530308	0.000027	0.000548	1.216755	5.185392	-0.437615	0.000000
0.356648	3.650792	94238.689556	229363.884856	0.382521	-376.631008	0.000028	0.000548	1.216755	5.185390	-0.437613	0.000000
0.362127	3.650805	94238.355434	229363.884942	0.392216	-376.242018	0.000028	0.000548	1.216755	5.185388	-0.437612	0.000000
0.367605	3.650817	94238.037295	229363.885245	0.401630	-375.104024	0.000029	0.000548	1.216755	5.185387	-0.437610	0.000000
0.373084	3.650829	94237.734819	229363.885736	0.410849	-373.252785	0.000029	0.000548	1.216755	5.185386	-0.437609	0.000000
0.378563	3.650840	94237.447636	229363.886397	0.419977	-370.910209	0.000030	0.000548	1.216755	5.185384	-0.437607	0.000000
0.384042	3.650850	94237.175324	229363.887212	0.429124	-368.366529	0.000030	0.000548	1.216755	5.185383	-0.437606	0.000000
0.389520	3.650860	94236.917418	229363.888170	0.438398	-365.885176	0.000030	0.000548	1.216755	5.185382	-0.437605	0.000000
0.394999	3.650870	94236.673403	229363.889252	0.447899	-363.642530	0.000031	0.000548	1.216755	5.185381	-0.437604	0.000000
0.400478	3.650879	94236.442723	229363.890435	0.457711	-361.700575	0.000031	0.000548	1.216755	5.185380	-0.437603	0.000000
0.405957	3.650887	94236.224786	229363.891686	0.467908	-360.007574	0.000032	0.000548	1.216755	5.185379	-0.437602	0.000000
0.411435	3.650895	94236.018972	229363.892963	0.478544	-358.421683	0.000032	0.000548	1.216755	5.185378	-0.437601	0.000000
0.416914	3.650903	94235.824646	229363.894223	0.489659	-356.747423	0.000032	0.000548	1.216755	5.185377	-0.437600	0.000000
0.422393	3.650910	94235.641171	229363.895420	0.501285	-354.774583	0.000033	0.000548	1.216755	5.185376	-0.437599	0.000000
0.427871	3.650917	94235.467923	229363.896513	0.513444	-352.316715	0.000033	0.000548	1.216755	5.185375	-0.437598	0.000000
0.433350	3.650923	94235.304303	229363.897468	0.526149	-349.241456	0.000034	0.000548	1.216755	5.185374	-0.437598	0.000000
0.438829	3.650929	94235.149747	229363.898263	0.539411	-345.487417	0.000034	0.000548	1.216755	5.185374	-0.437597	0.000000
0.444307	3.650935	94235.003732	229363.898886	0.553238	-341.069811	0.000034	0.000548	1.216755	5.185373	-0.437596	0.000000
0.449786	3.650940	94234.865781	229363.899338	0.567641	-336.072372	0.000035	0.000548	1.216755	5.185372	-0.437595	0.000000
0.455264	3.650945	94234.735458	229363.899627	0.582632	-330.627927	0.000035	0.000548	1.216755	5.185372	-0.437595	0.000000
0.460743	3.650950	94234.612367	229363.899770	0.598224	-324.893940	0.000035	0.000548	1.216755	5.185371	-0.437594	0.000000
0.466222	3.650954	94234.496144	229363.899787	0.614433	-319.025674	0.000036	0.000548	1.216755	5.185371	-0.437594	0.000000
0.471700	3.650959	94234.386453	229363.899699	0.631281	-313.154557	0.000036	0.000548	1.216755	5.185370	-0.437593	0.000000
0.477179	3.650963	94234.282974	229363.899523	0.648789	-307.371380	0.000036	0.000548	1.216755	5.185370	-0.437593	0.000000
0.482657	3.650966	94234.185400	229363.899274	0.666975	-301.718226	0.000037	0.000548	1.216755	5.185369	-0.437592	0.000000
0.488136	3.650970	94234.093432	229363.898959	0.685861	-296.191984	0.000037	0.000548	1.216755	5.185369	-0.437592	0.000000
0.493614	3.650973	94234.006775	229363.898582	0.705471	-290.751433	0.000037	0.000548	1.216755	5.185368	-0.437592	0.000000
0.499093	3.650977	94233.925142	229363.898140	0.725819	-285.330939	0.000038	0.000548	1.216755	5.185368	-0.437591	0.000000
0.504572	3.650979	94233.848245	229363.897630	0.746925	-279.855429	0.000038	0.000548	1.216755	5.185368	-0.437591	0.000000
0.510050	3.650982	94233.775807	229363.897043	0.768807	-274.253693	0.000038	0.000548	1.216755	5.185367	-0.437590	0.000000
0.515529	3.650985	94233.707557	229363.896372	0.791490	-268.466604	0.000039	0.000548	1.216755	5.185367	-0.437590	0.000000
0.521007	3.650987	94233.643235	229363.895610	0.814992	-262.452492	0.000039	0.000548	1.216755	5.185367	-0.437590	0.000000
0.526486	3.650990	94233.582595	229363.894751	0.839334	-256.189236	0.000039	0.000548	1.216755	5.185366	-0.437590	0.000000
0.531964	3.650992	94233.525402	229363.893790	0.864546	-249.670808	0.000039	0.000548	1.216755	5.185366	-0.437589	0.000000
0.537443	3.650994	94233.471439	229363.892725	0.890656	-242.902266	0.000040	0.000548	1.216755	5.185366	-0.437589	0.000000
0.542921	3.650996	94233.420500	229363.891555	0.917692	-235.895584	0.000040	0.000548	1.216755	5.185366	-0.437589	0.000000
0.548400	3.650998	94233.372396	229363.890278	0.945693	-228.663911	0.000040	0.000548	1.216755	5.185365	-0.437589	0.000000
0.553878	3.651000	94233.326951	229363.888897	0.974694	-221.218073	0.000041	0.000548	1.216755	5.185365	-0.437588	0.000000
0.559357	3.651001	94233.284002	229363.887411	1.004730	-213.565924	0.000041	0.000548	1.216755	5.185365	-0.437588	0.000000
0.564835	3.651003	94233.243397	229363.885823	1.035844	-205.709457	0.000041	0.000548	1.216755	5.185365	-0.437588	0.000000
0.570314	3.651004	94233.204997	229363.884132	1.068079	-197.646635	0.000041	0.000548	1.216755	5.185365	-0.437588	0.000000
0.575792	3.651006	94233.168669	229363.882340	1.101478	-189.371950	0.000041	0.000548	1.216755	5.185364	-0.437588	0.000000
0.581271	3.651007	94233.134294	229363.880446	1.136087	-180.876513	0.000042	0.000548	1.216755	5.185364	-0.437588	0.000000
0.586749	3.651008	94233.101758	229363.878452	1.171952	-172.150342	0.000042	0.000548	1.216755	5.185364	-0.437587	0.000000
0.592228	3.651009	94233.070957	229363.876355	1.209123	-163.183007	0.000042	0.000548	1.216755	5.185364	-0.437587	0.000000
0.597707	3.651010	94233.041791	229363.874157	1.247652	-153.963171	0.000042	0.000548	1.216755	5.185364	-0.437587	0.000000
0.603185	3.651011	94233.014171	229363.871855	1.287591	-144.478981	0.000042	0.000548	1.216755	5.185364	-0.437587	0.000000
0.608664	3.651012	94232.988009	229363.869449	1.328987	-134.719117	0.000042	0.000548	1.216755	5.185364	-0.437587	0.000000
0.614142	3.651013	94232.963225	229363.866938	1.371891	-124.673136	0.000043	0.000548	1.216755	5.185364	-0.437587	0.000000
0.619621	3.651014	94232.939746	229363.864319	1.416364	-114.329782	0.000043	0.000548	1.216755	5.185363	-0.437587	0.000000
0.625099	3.651015	94232.917501	229363.861592	1.462454	-103.678846	0.000043	0.000548	1.216755	5.185363	-0.437587	0.000000
0.630578	3.651016	94232.896423	229363.858753	1.510203	-92.713971	0.000043	0.000548	1.216755	5.185363	-0.437586	0.000000
0.636056	3.651016	94232.876449	229363.855801	1.559669	-81.431510	0.000043	0.000548	1.216755	5.185363	-0.437586	0.000000
0.641535	3.651017	94232.857523	229363.852733	1.610898	-69.828199	0.000043	0.000548	1.216755	5.185363	-0.437586	0.000000
0.647013	3.651018	94232.839587	229363.849545	1.663928	-57.903159	0.000043	0.000548	1.216755	5.185363	-0.437586	0.000000
0.652491	3.651018	94232.822589	229363.846235	1.718803	-45.653252	0.000043	0.000548	1.216755	5.185363	-0.437586	0.000000
0.657970	3.651019	94232.806479	229363.842796	1.775556	-33.064159	0.000043	0.000548	1.216755	5.185363	-0.437586	0.000000
0.663448	3.651020	94232.791212	229363.839226	1.834219	-20.107992	0.000043	0.000548	1.216755	5.185363	-0.437586	0.000000
0.668927	3.651020	94232.776745	229363.835518	1.894825	-6.737169	0.000043	0.000548	1.216755	5.185363	-0.437586	0.000000
0.674405	3.651020	94232.763040	229363.831669	1.957384	7.114094	0.000043	0.000548	1.216755	5.185363	-0.437586	0.000000
0.679884	3.651021	94232.750065	229363.827676	2.021906	21.516651	0.000043	0.000548	1.216755	5.185363	-0.437586	0.000000
0.685362	3.651021	94232.737792	229363.823542	2.088391	36.527718	0.000043	0.000548	1.216755	5.185363	-0.437586	0.000000
0.690841	3.651022	94232.726198	229363.819273	2.156819	52.161672	0.000043	0.000548	1.216755	5.185362	-0.437586	0.000000
0.696319	3.651022	94232.715259	229363.814881	2.227148	68.359683	0.000043	0.000548	1.216755	5.185362	-0.437586	0.000000
0.701798	3.651022	94232.704951	229363.810381	2.299331	84.973003	0.000043	0.000548	1.216755	5.185362	-0.437586	0.000000
0.707276	3.651023	94232.695237	229363.805788	2.373332	101.774646	0.000043	0.000548	1.216755	5.185362	-0.437586	0.000000
0.712755	3.651023	94232.686065	229363.801115	2.449083	118.495203	0.000043	0.000548	1.216755	5.185362	-0.437586	0.000000
0.718233	3.651023	94232.677359	229363.796367	2.526513	134.884772	0.000043	0.000548	1.216755	5.185362	-0.437586	0.000000
0.723712	3.651023	94232.669013	229363.791532	2.605634	150.806606	0.000042	0.000548	1.216755	5.185362	-0.437586	0.000000
0.729190	3.651024	94232.660897	229363.786587	2.686379	166.293852	0.000042	0.000548	1.216755	5.185362	-0.437586	0.000000
0.734669	3.651024	94232.652860	229363.781490	2.768592	181.556978	0.000042	0.000548	1.216755	5.185362	-0.437586	0.000000
0.740147	3.651024	94232.644742	229363.776192	2.852439	196.998397	0.000042	0.000548	1.216755	5.185362	-0.437585	0.000000
0.745626	3.651024	94232.636391	229363.770640	2.937797	213.101265	0.000042	0.000548	1.216755	5.185362	-0.437585	0.000000
0.751104	3.651025	94232.627683	229363.764791	3.024019	230.213993	0.000041	0.000548	1.216755	5.185362	-0.437585	0.000000
0.756583	3.651025	94232.618532	229363.758618	3.111973	248.634958	0.000041	0.000548	1.216755	5.185362	-0.437585	0.000000
0.762061	3.651025	94232.608904	229363.752111	3.201432	268.465774	0.000041	0.000548	1.216755	5.185362	-0.437585	0.000000
0.767540	3.651025	94232.598815	229363.745292	3.289703	289.163083	0.000040	0.000548	1.216755	5.185362	-0.437585	0.000000
0.773018	3.651026	94232.588327	229363.738192	3.381156	310.537193	0.000040	0.000548	1.216755	5.185362	-0.437585	0.000000
0.778497	3.651026	94232.577531	229363.730847	3.475680	332.600221	0.000040	0.000548	1.216755	5.185362	-0.437585	0.000000
0.783975	3.651026	94232.566534	229363.723314	3.560889	353.532769	0.000039	0.000548	1.216755	5.185362	-0.437585	0.000000
0.789454	3.651027	94232.555447	229363.715630	3.656921	374.017838	0.000039	0.000548	1.216755	5.185362	-0.437585	0.000000
0.794932	3.651027	94232.544358	229363.707778	3.765568	396.401596	0.000038	0.000548	1.216755	5.185362	-0.437585	0.000000
0.800411	3.651027	94232.533341	229363.699829	3.827885	414.257145	0.000038	0.000548	1.216755	5.185362	-0.437585	0.000000
0.805889	3.651028	94232.522461	229363.691792	3.934651	431.639211	0.000037	0.000548	1.216755	5.185362	-0.437585	0.000000
0.811368	3.651028	94232.511722	229363.683460	4.103605	460.744219	0.000037	0.000548	1.216755	5.185361	-0.437585	0.000000
0.816846	3.651028	94232.501136	229363.675093	4.054058	471.711014	0.000036	0.000548	1.216755	5.185361	-0.437585	0.000000
0.822325	3.651028	94232.490780	229363.666753	4.193473	480.207922	0.000036	0.000548	1.216755	5.185361	-0.437585	0.000000
0.827803	3.651029	94232.480531	229363.657490	4.647975	545.321496	0.000035	0.000548	1.216755	5.185361	-0.437585	0.000000
0.833282	3.651029	94232.470357	229363.648514	4.085238	528.996391	0.000035	0.000548	1.216755	5.185361	-0.437585	0.000000
0.838760	3.651029	94232.460604	229363.640291	4.327091	492.152459	0.000034	0.000548	1.216755	5.185361	-0.437585	0.000000
0.844238	3.651029	94232.450742	229363.628344	6.161873	724.129397	0.000033	0.000548	1.216755	5.185361	-0.437585	0.000000
0.849717	3.651030	94232.440578	229363.618027	3.284778	592.400633	0.000032	0.000548	1.216755	5.185361	-0.437585	0.000000
0.855195	3.651030	94232.431791	229363.612062	3.808292	326.995785	0.000033	0.000548	1.216755	5.185361	-0.437585	0.000000
0.860674	3.651030	94232.422036	229363.589124	12.333097	1339.732928	0.000030	0.000548	1.216755	5.185361	-0.437585	0.000000
0.866152	3.651030	94232.410167	229363.572491	-0.883811	742.117218	0.000028	0.000548	1.216755	5.185361	-0.437585	0.000000
0.871631	3.651030	94232.404124	229363.577036	0.129301	-645.269698	0.000032	0.000548	1.216755	5.185361	-0.437585	0.000000
0.877109	3.651030	94232.393420	229363.501067	41.096282	4038.093844	0.000024	0.000548	1.216755	5.185361	-0.437585	0.000000
0.882588	3.651029	94232.371432	229363.444280	-17.853710	1647.738229	0.000015	0.000548	1.216755	5.185361	-0.437585	0.000000
0.888066	3.651030	94232.375383	229363.484646	-17.924011	-5156.540004	0.000035	0.000548	1.216755	5.185361	-0.437585	0.000000
0.893545	3.651026	94232.358355	229363.136335	180.566597	16846.844097	0.000001	0.000548	1.216755	5.185361	-0.437585	0.000000
0.899023	3.651023	94232.283242	229362.817564	-78.014947	8078.184868	-0.000049	0.000548	1.216755	5.185360	-0.437586	0.000000
0.904502	3.651024	94232.323506	229362.922771	-95.894692	-24419.140877	0.000039	0.000548	1.216755	5.185361	-0.437586	0.000000
0.909980	3.651001	94232.269112	229361.123102	869.549042	79752.502792	-0.000124	0.000548	1.216755	5.185360	-0.437589	0.000000
0.915459	3.650979	94231.916750	229359.118629	-244.416720	51754.533785	-0.000398	0.000548	1.216755	5.185359	-0.437591	0.000000
0.920937	3.650971	94232.069415	229358.834866	-386.199233	-99969.970470	-0.000038	0.000548	1.216755	5.185360	-0.437592	0.000000
0.926416	3.650846	94231.784781	229349.048358	4330.741683	397169.178558	-0.000852	0.000548	1.216755	5.185357	-0.437609	0.000000
0.931895	3.650701	94229.965013	229336.322065	-347.620206	336596.482736	-0.002385	0.000548	1.216755	5.185349	-0.437625	0.000000
0.937374	3.650599	94230.296613	229329.680576	-1139.979802	-352475.837214	-0.001063	0.000548	1.216755	5.185352	-0.437640	0.000000
0.942853	3.649892	94228.531050	229274.618323	22058.401820	2045681.936547	-0.005300	0.000548	1.216755	5.185340	-0.437732	0.000000
0.948334	3.648948	94218.783223	229194.116898	3192.658093	2155509.408799	-0.013956	0.000548	1.216755	5.185295	-0.437840	0.000000
0.953816	3.648038	94217.790564	229128.393138	-284.367964	-851048.360874	-0.010120	0.000548	1.216755	5.185295	-0.437964	0.000000
0.959299	3.643958	94206.241335	228810.340382	114869.179673	10903668.473184	-0.033052	0.000549	1.216755	5.185223	-0.438496	0.000000
0.964794	3.637905	94152.370584	228303.034691	44533.555435	13815431.938665	-0.082632	0.000550	1.216755	5.184970	-0.439207	0.000000
0.970296	3.630958	94130.680313	227777.424964	33222.326406	1618458.433740	-0.079726	0.000551	1.216755	5.184889	-0.440127	0.000000
0.975807	3.607309	94052.132283	225923.779279	611177.408724	61341510.879056	-0.207445	0.000554	1.216755	5.184434	-0.443220	0.000000
0.981382	3.569629	93734.174831	222772.587443	402700.795329	95298923.606319	-0.498075	0.000560	1.216755	5.182909	-0.447796	0.000000
0.987014	3.524498	93486.980300	219188.996781	334361.719897	58089492.692938	-0.578996	0.000567	1.216755	5.181821	-0.453750	0.000000
0.992712	3.401970	92875.045498	209271.332051	3244274.377657	402555508.304945	-1.265261	0.000588	1.216755	5.178423	-0.470461	0.000000
0.998767	3.207007	90581.792484	192045.300657	3311147.085053	821064637.216729	-3.031508	0.000624	1.216755	5.166869	-0.496213	0.000000
1.005228	3.042805	87817.721291	176620.192982	415936.984274	735344694.750209	-3.743352	0.000657	1.216755	5.153512	-0.519219	0.000000
1.011886	2.731349	83577.145079	148130.582958	11892566.309973	2283901008.363194	-5.609942	0.000732	1.216755	5.129217	-0.571320	0.000000
1.019999	2.111338	68496.302078	90365.840596	34301885.066578	6804614154.935200	-15.830124	0.000947	1.216755	5.031990	-0.688734	0.000000
1.032066	1.509128	40044.154299	36520.102376	33485776.824320	7876101923.925409	-32.539215	0.001325	1.216755	4.783814	-0.834030	0.000000
1.048418	1.174289	17530.029923	12439.415656	17256197.158145	4089610951.630857	-44.554496	0.001703	1.216755	4.419261	-0.937209	0.000000
1.067235	1.047295	8382.028678	5562.472565	5627645.776761	1094633468.446693	-49.730899	0.001910	1.216755	4.114898	-0.982378	0.000000
1.086957	1.010668	6413.867455	4279.210465	1253237.822476	158350480.050010	-51.194957	0.001979	1.216755	4.014640	-0.996025	0.000000
1.106906	1.002096	6154.507007	4106.076723	222843.957716	18978931.067189	-51.494201	0.001996	1.216755	3.999901	-0.999222	0.000000
1.126898	1.000428	6122.574271	4082.674478	33729.911968	2533707.692753	-51.544890	0.001999	1.216755	3.998034	-0.999837	0.000000
1.146897	1.000150	6118.182814	4079.283902	4319.078359	366549.185120	-51.552172	0.002000	1.216755	3.997774	-0.999939	0.000000
1.166897	1.000110	6117.545665	4078.795009	478.617936	52608.212634	-51.553066	0.002000	1.216755	3.997737	-0.999953	0.000000
1.186897	1.000105	6117.455595	4078.728625	45.788062	7123.809293	-51.553161	0.002000	1.216755	3.997731	-0.999955	0.000000
1.206897	1.000104	6117.443666	4078.720297	3.727285	893.297735	-51.553169	0.002000	1.216755	3.997731	-0.999955	0.000000
1.226897	1.000104	6117.442204	4078.719334	0.262801	103.395898	-51.553170	0.002000	1.216755	3.997731	-0.999955	0.000000
1.246897	1.000104	6117.442039	4078.719231	0.019841	11.110992	-51.553170	0.002000	1.216755	3.997731	-0.999955	0.000000
1.266897	1.000104	6117.442021	4078.719221	0.002647	1.129936	-51.553170	0.002000	1.216755	3.997731	-0.999955	0.000000
1.286897	1.000104	6117.442019	4078.719220	0.000535	0.113545	-51.553170	0.002000	1.216755	3.997731	-0.999955	0.000000
1.306897	1.000104	6117.442019	4078.719220	0.000103	0.012116	-51.553170	0.002000	1.216755	3.997731	-0.999955	0.000000
1.326897	1.000104	6117.442019	4078.719220	0.000017	0.001464	-51.553170	0.002000	1.216755	3.997731	-0.999955	0.000000
1.346897	1.000104	6117.442019	4078.719219	0.000002	0.000199	-51.553170	0.002000	1.216755	3.997731	-0.999955	0.000000
1.366897	1.000104	6117.442019	4078.719219	0.000000	0.000028	-51.553170	0.002000	1.216755	3.997731	-0.999955	0.000000
1.386897	1.000104	6117.442019	4078.719219	0.000000	0.000003	-51.553170	0.002000	1.216755	3.997731	-0.999955	0.000000
1.406897	1.000104	6117.442019	4078.719219	0.000000	0.000001	-51.553170	0.002000	1.216755	3.997731	-0.999955	0.000000
1.426897	1.000104	6117.442019	4078.719219	-0.000000	-0.000000	-51.553170	0.002000	1.216755	3.997731	-0.999955	0.000000
1.446897	1.000104	6117.442019	4078.719219	-0.000000	-0.000001	-51.553170	0.002000	1.216755	3.997731	-0.999955	0.000000
1.466897	1.000104	6117.442019	4078.719219	0.000000	-0.000001	-51.553170	0.002000	1.216755	3.997731	-0.999955	0.000000
1.486897	1.000104	6117.442019	4078.719219	0.000000	0.000000	-51.553170	0.002000	1.216755	3.997731	-0.999955	0.000000
1.506897	1.000104	6117.442019	4078.719219	0.000000	0.000001	-51.553170	0.002000	1.216755	3.997731	-0.999955	0.000000
1.526897	1.000104	6117.442019	4078.719219	-0.000000	0.000001	-51.553170	0.002000	1.216755	3.997731	-0.999955	0.000000
1.546897	1.000104	6117.442019	4078.719219	-0.000000	-0.000001	-51.553170	0.002000	1.216755	3.997731	-0.999955	0.000000
1.566897	1.000104	6117.442019	4078.719219	0.000000	-0.000000	-51.553170	0.002000	1.216755	3.997731	-0.999955	0.000000
1.586897	1.000104	6117.442019	4078.719219	-0.000000	0.000001	-51.553170	0.002000	1.216755	3.997731	-0.999955	0.000000
1.606897	1.000104	6117.442019	4078.719219	-0.000000	-0.000001	-51.553170	0.002000	1.216755	3.997731	-0.999955	0.000000
1.626897	1.000104	6117.442019	4078.719219	0.000000	-0.000000	-51.553170	0.002000	1.216755	3.997731	-0.999955	0.000000
1.646897	1.000104	6117.442019	4078.719219	0.000000	0.000001	-51.553170	0.002000	1.216755	3.997731	-0.999955	0.000000
1.666897	1.000104	6117.442019	4078.719219	-0.000000	0.000000	-51.553170	0.002000	1.216755	3.997731	-0.999955	0.000000
1.686897	1.000104	6117.442019	4078.719219	-0.000000	0.000001	-51.553170	0.002000	1.216755	3.997731	-0.999955	0.000000
1.706897	1.000104	6117.442019	4078.719219	-0.000000	-0.000001	-51.553170	0.002000	1.216755	3.997731	-0.999955	0.000000
1.726897	1.000104	6117.442019	4078.719219	0.000000	-0.000001	-51.553170	0.002000	1.216755	3.997731	-0.999955	0.000000
1.746897	1.000104	6117.442019	4078.719219	0.000000	-0.000000	-51.553170	0.002000	1.216755	3.997731	-0.999955	0.000000
1.766897	1.000104	6117.442019	4078.719219	0.000000	0.000000	-51.553170	0.002000	1.216755	3.997731	-0.999955	0.000000
1.786897	1.000104	6117.442019	4078.719219	0.000000	-0.000000	-51.553170	0.002000	1.216755	3.997731	-0.999955	0.000000
1.806897	1.000104	6117.442019	4078.719219	0.000000	0.000001	-51.553170	0.002000	1.216755	3.997731	-0.999955	0.000000
1.826897	1.000104	6117.442019	4078.719219	-0.000000	-0.000000	-51.553170	0.002000	1.216755	3.997731	-0.999955	0.000000
1.846897	1.000104	6117.442019	4078.719219	0.000000	-0.000001	-51.553170	0.002000	1.216755	3.997731	-0.999955	0.000000
1.866897	1.000104	6117.442019	4078.719219	0.000000	-0.000000	-51.553170	0.002000	1.216755	3.997731	-0.999955	0.000000
1.886897	1.000104	6117.442019	4078.719219	0.000000	0.000001	-51.553170	0.002000	1.216755	3.997731	-0.999955	0.000000
1.906897	1.000104	6117.442019	4078.719219	-0.000000	0.000000	-51.553170	0.002000	1.216755	3.997731	-0.999955	0.000000
1.926897	1.000104	6117.442019	4078.719219	-0.000000	0.000000	-51.553170	0.002000	1.216755	3.997731	-0.999955	0.000000
1.946897	1.000104	6117.442019	4078.719219	-0.000000	-0.000000	-51.553170	0.002000	1.216755	3.997731	-0.999955	0.000000
1.966897	1.000104	6117.442019	4078.719219	-0.000000	-0.000001	-51.553170	0.002000	1.216755	3.997731	-0.999955	0.000000
1.986897	1.000104	6117.442019	4078.719219	0.000000	-0.000001	-51.553170	0.002000	1.216755	3.997731	-0.999955	0.000000
2.006897	1.000104	6117.442019	4078.719219	0.000000	0.000000	-51.553170	0.002000	1.216755	3.997731	-0.999955	0.000000
2.026897	1.000104	6117.442019	4078.719219	0.000000	0.000002	-51.553170	0.002000	1.216755	3.997731	-0.999955	0.000000
2.046897	1.000104	6117.442019	4078.719219	-0.000000	0.000001	-51.553170	0.002000	1.216755	3.997731	-0.999955	0.000000
2.066897	1.000104	6117.442019	4078.719219	-0.000000	-0.000002	-51.553170	0.002000	1.216755	3.997731	-0.999955	0.000000
2.086897	1.000104	6117.442019	4078.719219	0.000000	-0.000001	-51.553170	0.002000	1.216755	3.997731	-0.999955	0.000000
2.106897	1.000104	6117.442019	4078.719219	0.000000	0.000001	-51.553170	0.002000	1.216755	3.997731	-0.999955	0.000000
2.126897	1.000104	6117.442019	4078.719219	-0.000000	0.000000	-51.553170	0.002000	1.216755	3.997731	-0.999955	0.000000
2.146897	1.000104	6117.442019	4078.719219	-0.000000	-0.000001	-51.553170	0.002000	1.216755	3.997731	-0.999955	0.000000
2.166897	1.000104	6117.442019	4078.719219	0.000000	-0.000001	-51.553170	0.002000	1.216755	3.997731	-0.999955	0.000000
2.186897	1.000104	6117.442019	4078.719219	0.000000	0.000001	-51.553170	0.002000	1.216755	3.997731	-0.999955	0.000000
2.206897	1.000104	6117.442019	4078.719219	-0.000000	0.000001	-51.553170	0.002000	1.216755	3.997731	-0.999955	0.000000
2.226897	1.000104	6117.442019	4078.719219	-0.000000	0.000000	-51.553170	0.002000	1.216755	3.997731	-0.999955	0.000000
2.246897	1.000104	6117.442019	4078.719219	-0.000000	-0.000001	-51.553170	0.002000	1.216755	3.997731	-0.999955	0.000000
2.266897	1.000104	6117.442019	4078.719219	0.000000	0.000000	-51.553170	0.002000	1.216755	3.997731	-0.999955	0.000000
2.286897	1.000104	6117.442019	4078.719219	-0.000000	0.000001	-51.553170	0.002000	1.216755	3.997731	-0.999955	0.000000
2.306897	1.000104	6117.442019	4078.719219	-0.000000	-0.000001	-51.553170	0.002000	1.216755	3.997731	-0.999955	0.000000
2.326897	1.000104	6117.442019	4078.719219	0.000000	-0.000001	-51.553170	0.002000	1.216755	3.997731	-0.999955	0.000000
2.346897	1.000104	6117.442019	4078.719219	0.000000	0.000001	-51.553170	0.002000	1.216755	3.997731	-0.999955	0.000000
2.366897	1.000104	6117.442019	4078.719219	-0.000000	0.000000	-51.553170	0.002000	1.216755	3.997731	-0.999955	0.000000
2.386897	1.000104	6117.442019	4078.719219	-0.000000	-0.000003	-51.553170	0.002000	1.216755	3.997731	-0.999955	0.000000
2.406897	1.000104	6117.442019	4078.719219	0.000000	-0.000002	-51.553170	0.002000	1.216755	3.997731	-0.999955	0.000000
2.426897	1.000104	6117.442019	4078.719219	0.000000	0.000003	-51.553170	0.002000	1.216755	3.997731	-0.999955	0.000000
2.446897	1.000104	6117.442019	4078.719219	-0.000000	0.000004	-51.553170	0.002000	1.216755	3.997731	-0.999955	0.000000
2.466897	1.000104	6117.442019	4078.719219	-0.000000	0.000000	-51.553170	0.002000	1.216755	3.997731	-0.999955	0.000000
2.486897	1.000104	6117.442019	4078.719219	-0.000000	-0.000001	-51.553170	0.002000	1.216755	3.997731	-0.999955	0.000000
2.506897	1.000104	6117.442019	4078.719219	-0.000000	-0.000001	-51.553170	0.002000	1.216755	3.997731	-0.999955	0.000000
2.526897	1.000104	6117.442019	4078.719219	0.000000	-0.000001	-51.553170	0.002000	1.216755	3.997731	-0.999955	0.000000
2.546897	1.000104	6117.442019	4078.719219	0.000000	0.000000	-51.553170	0.002000	1.216755	3.997731	-0.999955	0.000000
2.566897	1.000104	6117.442019	4078.719219	0.000000	0.000001	-51.553170	0.002000	1.216755	3.997731	-0.999955	0.000000
2.586897	1.000104	6117.442019	4078.719219	-0.000000	0.000001	-51.553170	0.002000	1.216755	3.997731	-0.999955	0.000000
2.606897	1.000104	6117.442019	4078.719219	0.000000	-0.000001	-51.553170	0.002000	1.216755	3.997731	-0.999955	0.000000
2.626897	1.000104	6117.442019	4078.719219	0.000000	-0.000001	-51.553170	0.002000	1.216755	3.997731	-0.999955	0.000000
2.646897	1.000104	6117.442019	4078.719219	-0.000000	0.000001	-51.553170	0.002000	1.216755	3.997731	-0.999955	0.000000
2.666897	1.000104	6117.442019	4078.719219	-0.000000	0.000000	-51.553170	0.002000	1.216755	3.997731	-0.999955	0.000000
2.686897	1.000104	6117.442019	4078.719219	-0.000000	-0.000000	-51.553170	0.002000	1.216755	3.997731	-0.999955	0.000000
2.706897	1.000104	6117.442019	4078.719219	-0.000000	-0.000000	-51.553170	0.002000	1.216755	3.997731	-0.999955	0.000000
2.726897	1.000104	6117.442019	4078.719219	-0.000000	-0.000001	-51.553170	0.002000	1.216755	3.997731	-0.999955	0.000000
2.746897	1.000104	6117.442019	4078.719219	0.000000	0.000001	-51.553170	0.002000	1.216755	3.997731	-0.999955	0.000000
2.766897	1.000104	6117.442019	4078.719219	-0.000000	0.000001	-51.553170	0.002000	1.216755	3.997731	-0.999955	0.000000
2.786897	1.000104	6117.442019	4078.719219	-0.000000	-0.000001	-51.553170	0.002000	1.216755	3.997731	-0.999955	0.000000
2.806897	1.000104	6117.442019	4078.719219	0.000000	0.000000	-51.553170	0.002000	1.216755	3.997731	-0.999955	0.000000
2.826897	1.000104	6117.442019	4078.719219	-0.000000	0.000001	-51.553170	0.002000	1.216755	3.997731	-0.999955	0.000000
2.846897	1.000104	6117.442019	4078.719219	0.000000	-0.000001	-51.553170	0.002000	1.216755	3.997731	-0.999955	0.000000
2.866897	1.000104	6117.442019	4078.719219	0.000000	0.000001	-51.553170	0.002000	1.216755	3.997731	-0.999955	0.000000
2.886897	1.000104	6117.442019	4078.719219	0.000000	0.000001	-51.553170	0.002000	1.216755	3.997731	-0.999955	0.000000
2.906897	1.000104	6117.442019	4078.719219	-0.000000	-0.000000	-51.553170	0.002000	1.216755	3.997731	-0.999955	0.000000
2.926897	1.000104	6117.442019	4078.719219	-0.000000	-0.000001	-51.553170	0.002000	1.216755	3.997731	-0.999955	0.000000
2.946897	1.000104	6117.442019	4078.719219	0.000000	-0.000000	-51.553170	0.002000	1.216755	3.997731	-0.999955	0.000000
2.966897	1.000104	6117.442019	4078.719219	0.000000	0.000001	-51.553170	0.002000	1.216755	3.997731	-0.999955	0.000000
2.986897	1.000104	6117.442019	4078.719219	-0.000000	0.000001	-51.553170	0.002000	1.216755	3.997731	-0.999955	0.000000
3.006897	1.000104	6117.442019	4078.719219	-0.000000	-0.000000	-51.553170	0.002000	1.216755	3.997731	-0.999955	0.000000
3.026897	1.000104	6117.442019	4078.719219	0.000000	-0.000000	-51.553170	0.002000	1.216755	3.997731	-0.999955	0.000000
3.046897	1.000104	6117.442019	4078.719219	-0.000000	-0.000000	-51.553170	0.002000	1.216755	3.997731	-0.999955	0.000000
3.066897	1.000104	6117.442019	4078.719219	0.000000	-0.000001	-51.553170	0.002000	1.216755	3.997731	-0.999955	0.000000
3.086897	1.000104	6117.442019	4078.719219	-0.000000	0.000001	-51.553170	0.002000	1.216755	3.997731	-0.999955	0.000000
3.106897	1.000104	6117.442019	4078.719219	-0.000000	0.000000	-51.553170	0.002000	1.216755	3.997731	-0.999955	0.000000
3.126897	1.000104	6117.442019	4078.719219	0.000000	0.000000	-51.553170	0.002000	1.216755	3.997731	-0.999955	0.000000
3.146897	1.000104	6117.442019	4078.719219	0.000000	0.000001	-51.553170	0.002000	1.216755	3.997731	-0.999955	0.000000
3.166897	1.000104	6117.442019	4078.719219	-0.000000	-0.000000	-51.553170	0.002000	1.216755	3.997731	-0.999955	0.000000
3.186897	1.000104	6117.442019	4078.719219	0.000000	-0.000001	-51.553170	0.002000	1.216755	3.997731	-0.999955	0.000000
3.206897	1.000104	6117.442019	4078.719219	0.000000	0.000000	-51.553170	0.002000	1.216755	3.997731	-0.999955	0.000000
3.226897	1.000104	6117.442019	4078.719219	0.000000	-0.000001	-51.553170	0.002000	1.216755	3.997731	-0.999955	0.000000
3.246897	1.000104	6117.442019	4078.719219	0.000000	0.000001	-51.553170	0.002000	1.216755	3.997731	-0.999955	0.000000
3.266897	1.000104	6117.442019	4078.719219	0.000000	0.000000	-51.553170	0.002000	1.216755	3.997731	-0.999955	0.000000
3.286897	1.000104	6117.442019	4078.719219	0.000000	0.000001	-51.553170	0.002000	1.216755	3.997731	-0.999955	0.000000
3.306897	1.000104	6117.442019	4078.719219	-0.000000	-0.000000	-51.553170	0.002000	1.216755	3.997731	-0.999955	0.000000
3.326897	1.000104	6117.442019	4078.719219	0.000000	-0.000001	-51.553170	0.002000	1.216755	3.997731	-0.999955	0.000000
3.346897	1.000104	6117.442019	4078.719219	-0.000000	0.000003	-51.553170	0.002000	1.216755	3.997731	-0.999955	0.000000
3.366897	1.000104	6117.442019	4078.719219	-0.000000	-0.000001	-51.553170	0.002000	1.216755	3.997731	-0.999955	0.000000
3.386897	1.000104	6117.442019	4078.719219	-0.000000	-0.000001	-51.553170	0.002000	1.216755	3.997731	-0.999955	0.000000
3.406897	1.000104	6117.442019	4078.719219	-0.000000	-0.000001	-51.553170	0.002000	1.216755	3.997731	-0.999955	0.000000
3.426897	1.000104	6117.442019	4078.719219	0.000000	-0.000000	-51.553170	0.002000	1.216755	3.997731	-0.999955	0.000000
3.446897	1.000104	6117.442019	4078.719219	-0.000000	0.000002	-51.553170	0.002000	1.216755	3.997731	-0.999955	0.000000
3.466897	1.000104	6117.442019	4078.719219	-0.000000	-0.000000	-51.553170	0.002000	1.216755	3.997731	-0.999955	0.000000
3.486897	1.000104	6117.442019	4078.719219	0.000000	-0.000001	-51.553170	0.002000	1.216755	3.997731	-0.999955	0.000000
3.506897	1.000104	6117.442019	4078.719219	0.000000	-0.000000	-51.553170	0.002000	1.216755	3.997731	-0.999955	0.000000
3.526897	1.000104	6117.442019	4078.719219	0.000000	0.000001	-51.553170	0.002000	1.216755	3.997731	-0.999955	0.000000
3.546897	1.000104	6117.442019	4078.719219	-0.000000	-0.000001	-51.553170	0.002000	1.216755	3.997731	-0.999955	0.000000
3.566897	1.000104	6117.442019	4078.719219	0.000000	-0.000001	-51.553170	0.002000	1.216755	3.997731	-0.999955	0.000000
3.586897	1.000104	6117.442019	4078.719219	0.000000	0.000001	-51.553170	0.002000	1.216755	3.997731	-0.999955	0.000000
3.606897	1.000104	6117.442019	4078.719219	0.000000	0.000001	-51.553170	0.002000	1.216755	3.997731	-0.999955	0.000000
3.626897	1.000104	6117.442019	4078.719219	-0.000000	0.000000	-51.553170	0.002000	1.216755	3.997731	-0.999955	0.000000
3.646897	1.000104	6117.442019	4078.719219	-0.000000	0.000001	-51.553170	0.002000	1.216755	3.997731	-0.999955	0.000000
3.666897	1.000104	6117.442019	4078.719219	-0.000000	-0.000000	-51.553170	0.002000	1.216755	3.997731	-0.999955	0.000000
3.686897	1.000104	6117.442019	4078.719219	0.000000	-0.000001	-51.553170	0.002000	1.216755	3.997731	-0.999955	0.000000
3.706897	1.000104	6117.442019	4078.719219	0.000000	0.000001	-51.553170	0.002000	1.216755	3.997731	-0.999955	0.000000
3.726897	1.000104	6117.442019	4078.719219	-0.000000	-0.000000	-51.553170	0.002000	1.216755	3.997731	-0.999955	0.000000
3.746897	1.000104	6117.442019	4078.719219	0.000000	-0.000002	-51.553170	0.002000	1.216755	3.997731	-0.999955	0.000000
3.766897	1.000104	6117.442019	4078.719219	0.000000	0.000001	-51.553170	0.002000	1.216755	3.997731	-0.999955	0.000000
3.786897	1.000104	6117.442019	4078.719219	-0.000000	-0.000000	-51.553170	0.002000	1.216755	3.997731	-0.999955	0.000000
3.806897	1.000104	6117.442019	4078.719219	-0.000000	-0.000005	-51.553170	0.002000	1.216755	3.997731	-0.999955	0.000000
3.826897	1.000104	6117.442019	4078.719219	0.000000	-0.000011	-51.553170	0.002000	1.216755	3.997731	-0.999955	0.000000
3.846897	1.000104	6117.442019	4078.719219	0.000000	-0.000026	-51.553170	0.002000	1.216755	3.997731	-0.999955	0.000000
3.866897	1.000104	6117.442019	4078.719219	0.000001	-0.000067	-51.553170	0.002000	1.216755	3.997731	-0.999955	0.000000
3.886897	1.000104	6117.442019	4078.719219	0.000002	-0.000175	-51.553170	0.002000	1.216755	3.997731	-0.999955	0.000000
3.906897	1.000104	6117.442019	4078.719219	0.000006	-0.000456	-51.553170	0.002000	1.216755	3.997731	-0.999955	0.000000
3.926897	1.000104	6117.442019	4078.719219	0.000016	-0.001140	-51.553170	0.002000	1.216755	3.997731	-0.999955	0.000000
3.946897	1.000104	6117.442019	4078.719219	0.000039	-0.002797	-51.553170	0.002000	1.216755	3.997731	-0.999955	0.000000
3.966897	1.000104	6117.442019	4078.719219	0.000096	-0.006766	-51.553170	0.002000	1.216755	3.997731	-0.999955	0.000000
3.986897	1.000104	6117.442019	4078.719219	0.000230	-0.016075	-51.553170	0.002000	1.216755	3.997731	-0.999955	0.000000
4.006897	1.000104	6117.442019	4078.719219	0.000543	-0.037534	-51.553170	0.002000	1.216755	3.997731	-0.999955	0.000000
4.026897	1.000104	6117.442018	4078.719218	0.001259	-0.086224	-51.553170	0.002000	1.216755	3.997731	-0.999955	0.000000
4.046897	1.000104	6117.442016	4078.719215	0.002872	-0.194838	-51.553170	0.002000	1.216755	3.997731	-0.999955	0.000000
4.066897	1.000104	6117.442011	4078.719210	0.006445	-0.433153	-51.553170	0.002000	1.216755	3.997731	-0.999955	0.000000
4.086897	1.000104	6117.442001	4078.719197	0.014227	-0.947409	-51.553170	0.002000	1.216755	3.997731	-0.999955	0.000000
4.106897	1.000104	6117.441978	4078.719170	0.030894	-2.038592	-51.553170	0.002000	1.216755	3.997731	-0.999955	0.000000
4.126897	1.000104	6117.441929	4078.719111	0.065990	-4.314989	-51.553170	0.002000	1.216755	3.997731	-0.999955	0.000000
4.146897	1.000104	6117.441826	4078.718985	0.138627	-8.982868	-51.553170	0.002000	1.216755	3.997731	-0.999955	0.000000
4.166897	1.000104	6117.441611	4078.718720	0.286359	-18.388853	-51.553169	0.002000	1.216755	3.997731	-0.999955	0.000000
4.186897	1.000104	6117.441170	4078.718173	0.581534	-37.008078	-51.553168	0.002000	1.216755	3.997730	-0.999955	0.000000
4.206897	1.000104	6117.440281	4078.717065	1.160685	-73.206195	-51.553167	0.002000	1.216755	3.997730	-0.999955	0.000000
4.226897	1.000104	6117.438522	4078.714857	2.276253	-142.262487	-51.553163	0.002000	1.216755	3.997730	-0.999955	0.000000
4.246897	1.000103	6117.435102	4078.710531	4.384542	-271.533057	-51.553156	0.002000	1.216755	3.997730	-0.999955	0.000000
4.266897	1.000102	6117.428568	4078.702211	8.292081	-508.830002	-51.553143	0.002000	1.216755	3.997730	-0.999956	0.000000
4.286897	1.000100	6117.416318	4078.686494	15.390655	-935.737527	-51.553117	0.002000	1.216755	3.997729	-0.999957	0.000000
4.306897	1.000097	6117.393776	4078.657355	28.022448	-1687.968628	-51.553070	0.002000	1.216755	3.997727	-0.999958	0.000000
4.326897	1.000090	6117.353090	4078.604358	50.025848	-2985.278889	-51.552984	0.002000	1.216755	3.997724	-0.999961	0.000000
4.346897	1.000078	6117.281097	4078.509842	87.516343	-5173.451128	-51.552830	0.002000	1.216755	3.997719	-0.999966	0.000000
4.366898	1.000058	6117.156277	4078.344639	149.947815	-8780.094387	-51.552561	0.002000	1.216755	3.997710	-0.999975	0.000000
4.386899	1.000023	6116.944344	4078.061805	251.467233	-14583.934786	-51.552100	0.002000	1.216755	3.997696	-0.999990	0.000000
4.406901	0.999963	6116.592169	4077.587786	412.508571	-23693.386058	-51.551326	0.002000	1.216755	3.997671	-1.000016	0.000000
4.426905	0.999864	6116.019773	4076.810578	661.461322	-37624.177265	-51.550056	0.002000	1.216755	3.997630	-1.000058	0.000000
4.446911	0.999705	6115.110407	4075.564691	1036.097091	-58358.088028	-51.548018	0.002001	1.216755	3.997566	-1.000127	0.000000
4.466920	0.999453	6113.699140	4073.613331	1584.269273	-88356.836102	-51.544825	0.002001	1.216755	3.997467	-1.000235	0.000000
4.486936	0.999066	6111.560949	4070.629076	2363.266725	-130500.027646	-51.539938	0.002002	1.216755	3.997316	-1.000403	0.000000
4.506961	0.998482	6108.400027	4066.175472	3437.188793	-187918.213042	-51.532643	0.002003	1.216755	3.997093	-1.000655	0.000000
4.527000	0.997625	6103.842645	4059.693138	4871.912796	-263705.170678	-51.522021	0.002005	1.216755	3.996770	-1.001025	0.000000
4.547059	0.996398	6097.436223	4050.494835	6727.703193	-360519.546299	-51.506939	0.002007	1.216755	3.996317	-1.001557	0.000000
4.567147	0.994686	6088.656984	4037.773981	9050.143797	-480132.493507	-51.486065	0.002011	1.216755	3.995694	-1.002300	0.000000
4.587275	0.992356	6076.927434	4020.629836	11861.063727	-622982.033129	-51.457899	0.002015	1.216755	3.994860	-1.003314	0.000000
4.607457	0.989264	6061.643214	3998.110058	15151.244821	-787866.724884	-51.420832	0.002022	1.216755	3.993770	-1.004664	0.000000
4.627711	0.985263	6042.206558	3969.267634	18876.995042	-971853.888619	-51.373227	0.002030	1.216755	3.992380	-1.006418	0.000000
4.648056	0.980206	6018.062040	3933.225708	22961.841864	-1170444.307868	-51.313507	0.002040	1.216755	3.990646	-1.008645	0.000000
4.668519	0.973963	5988.729087	3889.241119	27303.293830	-1377978.140845	-51.240239	0.002053	1.216755	3.988529	-1.011413	0.000000
4.689126	0.966422	5953.826720	3836.757411	31783.189702	-1588217.321999	-51.152201	0.002069	1.216755	3.985996	-1.014780	0.000000
4.709910	0.957499	5913.087650	3775.440073	36279.175573	-1795038.497352	-51.048426	0.002089	1.216755	3.983020	-1.018800	0.000000
4.730903	0.947138	5866.359381	3705.189089	40677.857807	-1992634.410292	-50.928214	0.002112	1.216755	3.979579	-1.023517	0.000000
4.752144	0.935312	5813.595353	3626.130711	44880.260606	-2176428.240794	-50.791118	0.002138	1.216755	3.975660	-1.028965	0.000000
4.773673	0.922025	5754.839274	3538.592296	48808.772941	-2342894.825103	-50.636907	0.002169	1.216755	3.971254	-1.035171	0.000000
4.795531	0.907299	5690.203971	3443.065111	52408.248610	-2489704.259462	-50.465515	0.002204	1.216755	3.966353	-1.042156	0.000000
4.817766	0.891179	5619.849338	3340.162198	55644.934774	-2615616.294912	-50.276992	0.002244	1.216755	3.960954	-1.049934	0.000000
4.840424	0.873719	5543.961241	3230.576570	58503.541844	-2720304.961479	-50.071441	0.002289	1.216755	3.955053	-1.058521	0.000000
4.863557	0.854981	5462.732987	3115.043510	60983.644389	-2804148.603038	-49.848969	0.002339	1.216755	3.948646	-1.067930	0.000000
4.887221	0.835032	5376.349617	2994.308863	63095.799891	-2868048.880526	-49.609645	0.002395	1.216755	3.941727	-1.078178	0.000000
4.911475	0.813935	5284.976830	2869.105355	64857.783620	-2913171.906368	-49.353461	0.002457	1.216755	3.934285	-1.089286	0.000000
4.936384	0.791752	5188.752606	2740.137219	66291.428402	-2940914.775822	-49.080288	0.002526	1.216755	3.926307	-1.101283	0.000000
4.962019	0.768536	5087.774024	2608.062122	67424.427467	-2952416.686237	-48.789858	0.002602	1.216755	3.917774	-1.114204	0.000000
4.988458	0.744331	4982.106633	2473.492513	68278.429574	-2949526.314155	-48.481740	0.002687	1.216755	3.908661	-1.128098	0.000000
5.015791	0.719175	4871.790890	2337.003152	68878.495337	-2933197.414666	-48.155279	0.002781	1.216755	3.898938	-1.143027	0.000000
5.044117	0.693095	4756.828399	2199.127993	69247.006582	-2904576.183979	-47.809590	0.002886	1.216755	3.888568	-1.159066	0.000000
5.073550	0.666115	4637.161428	2060.371323	69404.022983	-2864724.798620	-47.443506	0.003002	1.216755	3.877504	-1.176306	0.000000
5.104223	0.638262	4512.607859	1921.204580	69366.802457	-2814794.173022	-47.055560	0.003134	1.216755	3.865680	-1.194854	0.000000
5.136289	0.609578	4382.668229	1782.039826	69147.987543	-2756226.527274	-46.643963	0.003281	1.216755	3.852992	-1.214822	0.000000
5.169926	0.580128	4246.238543	1643.161112	68756.315335	-2690995.980188	-46.206593	0.003448	1.216755	3.839258	-1.236326	0.000000
5.205341	0.549996	4101.127017	1504.588067	68194.731036	-2621219.003017	-45.741054	0.003636	1.216755	3.824158	-1.259488	0.000000
5.242779	0.519234	3943.805504	1365.952991	67461.633246	-2548569.267707	-45.244500	0.003852	1.216755	3.807171	-1.284484	0.000000
5.282532	0.487719	3769.771284	1226.434258	66555.821505	-2471381.362894	-44.713520	0.004101	1.216755	3.787572	-1.311676	0.000000
5.324983	0.454963	3575.946845	1085.247689	65472.939983	-2383312.307959	-44.142685	0.004396	1.216755	3.764650	-1.341869	0.000000
5.370693	0.419873	3365.458354	942.598929	64232.720375	-2271485.490543	-43.522920	0.004763	1.216755	3.738304	-1.376725	0.000000
5.420599	0.381009	3152.419955	801.210588	62830.069281	-2126551.421424	-42.836482	0.005249	1.216755	3.709904	-1.418905	0.000000
5.476265	0.336940	2962.964138	665.961564	61316.970349	-1949550.229491	-42.052884	0.005936	1.216755	3.682984	-1.472283	0.000000
5.540480	0.287495	2828.976347	542.537367	59634.034969	-1758007.311800	-41.118842	0.006957	1.216755	3.662881	-1.541200	0.000000
5.617840	0.233648	2784.183700	433.940050	57902.643054	-1573075.306137	-39.940966	0.008560	1.216755	3.655942	-1.631260	0.000000
5.717179	0.178296	2858.343772	339.957470	55967.592108	-1412628.823349	-38.360287	0.011217	1.216755	3.667348	-1.748671	0.000000
5.854910	0.119503	3102.142306	247.290488	54648.960327	-1245013.049777	-35.978999	0.016736	1.216755	3.702881	-1.922422	0.000000
6.112700	0.066458	4271.157144	189.340600	53100.720307	-1001767.714591	-31.225784	0.030094	1.216755	3.841741	-2.177245	0.000000
-0.002967	3.372411	102298.073665	229994.565835	5.955623	0.000000	0.000618	0.000593	0.000000	5.221031	-0.472061	0.000000
-0.008897	3.378634	102093.553321	229958.027156	17.145660	0.000000	0.001802	0.000592	0.000000	5.220161	-0.471261	0.000000
-0.014810	3.390755	101697.665725	229888.050998	26.274814	0.000000	0.002836	0.000590	0.000000	5.218474	-0.469705	0.000000
-0.020696	3.408163	101135.261918	229790.396570	32.294252	0.000000	0.003639	0.000587	0.000000	5.216065	-0.467481	0.000000
-0.026549	3.429987	100440.408136	229672.917525	34.580646	0.000000	0.004154	0.000583	0.000000	5.213070	-0.464708	0.000000
-0.032361	3.455151	99653.287307	229544.779893	33.008550	0.000000	0.004352	0.000579	0.000000	5.209652	-0.461533	0.000000
-0.038128	3.482446	98816.600283	229415.553752	27.943340	0.000000	0.004237	0.000574	0.000000	5.205990	-0.458115	0.000000
-0.043849	3.510606	97972.151297	229294.310564	20.166875	0.000000	0.003842	0.000570	0.000000	5.202262	-0.454617	0.000000
-0.049524	3.538402	97157.827171	229188.822085	10.749049	0.000000	0.003220	0.000565	0.000000	5.198637	-0.451192	0.000000
-0.055154	3.564717	96405.300547	229104.943253	0.890303	0.000000	0.002443	0.000561	0.000000	5.195260	-0.447973	0.000000
-0.060745	3.588624	95738.525091	229046.233035	-8.241717	0.000000	0.001588	0.000557	0.000000	5.192245	-0.445071	0.000000
-0.066301	3.609434	95173.067375	229013.836674	-15.658238	0.000000	0.000733	0.000554	0.000000	5.189673	-0.442559	0.000000
-0.071828	3.626730	94716.186710	229006.620912	-20.660956	0.000000	-0.000055	0.000551	0.000000	5.187583	-0.440483	0.000000
-0.077331	3.640365	94367.552315	229021.525923	-22.907198	0.000000	-0.000720	0.000549	0.000000	5.185982	-0.438854	0.000000
-0.082816	3.650441	94120.438685	229054.075746	-22.423757	0.000000	-0.001228	0.000548	0.000000	5.184844	-0.437654	0.000000
-0.088289	3.657265	93963.239269	229098.975726	-19.570950	0.000000	-0.001560	0.000547	0.000000	5.184118	-0.436843	0.000000
-0.093754	3.661290	93881.130686	229150.721701	-14.964972	0.000000	-0.001718	0.000546	0.000000	5.183739	-0.436366	0.000000
