0.002967	3.372465	102296.226395	229994.115425	5.942225	-1820422.129767	-0.000617	0.000593	1.216755	5.221023	-0.472054	0.000000
0.008897	3.378684	102091.864775	229957.623142	17.107403	-1664034.680897	-0.001800	0.000592	1.216755	5.220154	-0.471255	0.000000
0.014809	3.390797	101696.276618	229887.734113	26.217196	-1368999.333466	-0.002833	0.000590	1.216755	5.218468	-0.469700	0.000000
0.020696	3.408194	101134.279809	229790.197193	32.225458	-967979.745667	-0.003635	0.000587	1.216755	5.216060	-0.467477	0.000000
0.026549	3.430004	100439.896950	229672.852322	34.510279	-503962.261608	-0.004149	0.000583	1.216755	5.213068	-0.464706	0.000000
0.032360	3.455153	99653.262636	229544.850237	32.946160	-24562.081469	-0.004348	0.000579	1.216755	5.209652	-0.461533	0.000000
0.038128	3.482433	98817.030811	229415.746127	27.897022	424005.854490	-0.004234	0.000574	1.216755	5.205992	-0.458117	0.000000
0.043848	3.510581	97972.965531	229294.598800	20.142127	802154.910407	-0.003839	0.000570	1.216755	5.202266	-0.454620	0.000000
0.049523	3.538367	97158.924129	229189.171075	10.748072	1080825.821438	-0.003219	0.000565	1.216755	5.198642	-0.451196	0.000000
0.055154	3.564676	96406.562655	229105.313580	0.911816	1243661.948373	-0.002443	0.000561	1.216755	5.195265	-0.447978	0.000000
0.060745	3.588580	95739.831554	229046.585866	-8.202133	1287481.560237	-0.001589	0.000557	1.216755	5.192251	-0.445076	0.000000
0.066301	3.609392	95174.306484	229014.138263	-15.607344	1221222.767685	-0.000735	0.000554	1.216755	5.189679	-0.442564	0.000000
0.071828	3.626692	94717.265870	229006.846152	-20.606743	1063709.159012	0.000052	0.000551	1.216755	5.187588	-0.440488	0.000000
0.077331	3.640334	94368.404998	229021.660552	-22.857636	840616.269772	0.000717	0.000549	1.216755	5.185986	-0.438858	0.000000
0.082816	3.650419	94121.027909	229054.116992	-22.385606	581044.906207	0.001225	0.000548	1.216755	5.184846	-0.437657	0.000000
0.088289	3.657252	93963.557573	229098.931454	-19.548813	314085.042558	0.001557	0.000547	1.216755	5.184120	-0.436845	0.000000
0.093754	3.661285	93881.196993	229150.608277	-14.960745	65730.366812	0.001716	0.000546	1.216755	5.183739	-0.436366	0.000000
0.099215	3.663059	93857.586437	229203.990830	-9.384644	-143549.938580	0.001719	0.000546	1.216755	5.183630	-0.436156	0.000000
0.104674	3.663139	93876.316676	229254.699765	-3.616499	-300353.175176	0.001594	0.000546	1.216755	5.183717	-0.436147	0.000000
0.110135	3.662064	93922.186446	229299.423698	1.625523	-398883.337283	0.001377	0.000546	1.216755	5.183930	-0.436275	0.000000
0.115598	3.660313	93982.127116	229336.049694	5.789177	-440508.290623	0.001106	0.000546	1.216755	5.184207	-0.436483	0.000000
0.121064	3.658277	94045.760068	229363.642712	8.542339	-432489.376703	0.000817	0.000547	1.216755	5.184501	-0.436724	0.000000
0.126533	3.656248	94105.594938	229382.300944	9.788332	-386148.510501	0.000540	0.000547	1.216755	5.184777	-0.436965	0.000000
0.132006	3.654425	94156.915255	229392.925657	9.644380	-314798.239025	0.000297	0.000547	1.216755	5.185013	-0.437182	0.000000
0.137480	3.652917	94197.425760	229396.948688	8.391229	-231759.388852	0.000103	0.000548	1.216755	5.185200	-0.437361	0.000000
0.142957	3.651767	94226.750051	229396.058630	6.405977	-148733.714626	-0.000038	0.000548	1.216755	5.185335	-0.437497	0.000000
0.148435	3.650961	94245.867345	229391.959169	4.091341	-74702.596807	-0.000127	0.000548	1.216755	5.185423	-0.437593	0.000000
0.153914	3.650454	94256.565486	229386.182265	1.813334	-15411.816718	-0.000170	0.000548	1.216755	5.185472	-0.437653	0.000000
0.159394	3.650185	94260.967666	229379.966908	-0.144096	26599.689423	-0.000177	0.000548	1.216755	5.185493	-0.437685	0.000000
0.164874	3.650086	94261.167266	229374.203230	-1.603198	51544.985558	-0.000159	0.000548	1.216755	5.185493	-0.437697	0.000000
0.170354	3.650094	94258.983026	229369.433078	-2.495464	61667.134103	-0.000126	0.000548	1.216755	5.185483	-0.437696	0.000000
0.175833	3.650160	94255.828357	229365.892696	-2.847257	60415.367668	-0.000088	0.000548	1.216755	5.185469	-0.437688	0.000000
0.181313	3.650245	94252.675877	229363.580952	-2.753949	51663.029072	-0.000051	0.000548	1.216755	5.185454	-0.437678	0.000000
0.186793	3.650325	94250.091436	229362.337268	-2.349211	39070.995132	-0.000019	0.000548	1.216755	5.185442	-0.437669	0.000000
0.192272	3.650388	94248.310508	229361.916175	-1.775546	25653.065182	0.000005	0.000548	1.216755	5.185434	-0.437661	0.000000
0.197752	3.650428	94247.332514	229362.049456	-1.160594	13554.712912	0.000021	0.000548	1.216755	5.185430	-0.437656	0.000000
0.203231	3.650447	94247.013972	229362.491083	-0.601730	4020.635471	0.000029	0.000548	1.216755	5.185428	-0.437654	0.000000
0.208710	3.650451	94247.147721	229363.044018	-0.159474	-2496.520446	0.000032	0.000548	1.216755	5.185429	-0.437654	0.000000
0.214190	3.650445	94247.521718	229363.570860	0.141441	-6143.270388	0.000032	0.000548	1.216755	5.185431	-0.437654	0.000000
0.219669	3.650434	94247.956106	229363.992072	0.305510	-7442.806205	0.000029	0.000548	1.216755	5.185433	-0.437656	0.000000
0.225148	3.650425	94248.320921	229364.276232	0.356998	-7086.632335	0.000025	0.000548	1.216755	5.185434	-0.437657	0.000000
0.230628	3.650419	94248.538942	229364.426526	0.329993	-5768.882186	0.000022	0.000548	1.216755	5.185435	-0.437658	0.000000
0.236107	3.650418	94248.578835	229364.466865	0.259806	-4076.226006	0.000019	0.000548	1.216755	5.185436	-0.437658	0.000000
0.241587	3.650423	94248.443425	229364.429952	0.176797	-2433.041630	0.000017	0.000548	1.216755	5.185435	-0.437657	0.000000
0.247066	3.650432	94248.156879	229364.348474	0.102983	-1092.345413	0.000017	0.000548	1.216755	5.185434	-0.437656	0.000000
0.252545	3.650446	94247.753355	229364.249703	0.051143	-158.316935	0.000017	0.000548	1.216755	5.185432	-0.437654	0.000000
0.258025	3.650464	94247.268433	229364.153102	0.025805	374.441492	0.000017	0.000548	1.216755	5.185429	-0.437652	0.000000
0.263504	3.650483	94246.733676	229364.070193	0.025335	577.606178	0.000018	0.000548	1.216755	5.185427	-0.437650	0.000000
0.268983	3.650504	94246.173990	229364.005824	0.044377	550.772965	0.000019	0.000548	1.216755	5.185424	-0.437647	0.000000
0.274463	3.650525	94245.607093	229363.960076	0.076106	392.954405	0.000020	0.000548	1.216755	5.185422	-0.437645	0.000000
0.279942	3.650546	94245.044335	229363.930214	0.113941	185.299121	0.000021	0.000548	1.216755	5.185419	-0.437642	0.000000
0.285421	3.650567	94244.492154	229363.912328	0.152602	-16.141424	0.000022	0.000548	1.216755	5.185417	-0.437640	0.000000
0.290900	3.650588	94243.953661	229363.902488	0.188535	-180.178201	0.000022	0.000548	1.216755	5.185414	-0.437637	0.000000
0.296379	3.650608	94243.430010	229363.897414	0.219876	-295.767588	0.000023	0.000548	1.216755	5.185412	-0.437635	0.000000
0.301858	3.650628	94242.921424	229363.894741	0.246119	-365.483948	0.000023	0.000548	1.216755	5.185409	-0.437633	0.000000
0.307337	3.650647	94242.427843	229363.892997	0.267671	-399.152050	0.000024	0.000548	1.216755	5.185407	-0.437630	0.000000
0.312816	3.650666	94241.949255	229363.891432	0.285404	-408.790223	0.000024	0.000548	1.216755	5.185405	-0.437628	0.000000
0.318295	3.650683	94241.485807	229363.889786	0.300312	-405.302255	0.000025	0.000548	1.216755	5.185403	-0.437626	0.000000
0.323774	3.650701	94241.037786	229363.888078	0.313292	-396.829262	0.000025	0.000548	1.216755	5.185401	-0.437624	0.000000
0.329253	3.650718	94240.605540	229363.886437	0.325029	-388.380679	0.000026	0.000548	1.216755	5.185399	-0.437622	0.000000
0.334732	3.650734	94240.189398	229363.885001	0.335973	-382.271129	0.000026	0.000548	1.216755	5.185397	-0.437620	0.000000
0.340211	3.650749	94239.789611	229363.883866	0.346387	-378.918396	0.000027	0.000548	1.216755	5.185395	-0.437618	0.000000
0.345690	3.650764	94239.406316	229363.883072	0.356397	-377.682565	0.000027	0.000548	1.216755	5.185393	-0.437616	0.000000
0.351169	3.650778	94239.039534	229363.882612	0.366062	-377.551489	0.000027	0.000548	1.216755	5.185392	-0.437615	0.000000
0.356648	3.650792	94238.689173	229363.882453	0.375414	-377.591068	0.000028	0.000548	1.216755	5.185390	-0.437613	0.000000
0.362127	3.650805	94238.355052	229363.882552	0.384484	-377.175268	0.000028	0.000548	1.216755	5.185388	-0.437612	0.000000
0.367605	3.650817	94238.036914	229363.882871	0.393336	-376.035567	0.000029	0.000548	1.216755	5.185387	-0.437610	0.000000
0.373084	3.650829	94237.734440	229363.883380	0.402053	-374.199105	0.000029	0.000548	1.216755	5.185386	-0.437609	0.000000
0.378563	3.650840	94237.447259	229363.884059	0.410727	-371.881394	0.000030	0.000548	1.216755	5.185384	-0.437607	0.000000
0.384042	3.650850	94237.174950	229363.884894	0.419458	-369.368748	0.000030	0.000548	1.216755	5.185383	-0.437606	0.000000
0.389520	3.650860	94236.917046	229363.885872	0.428349	-366.922452	0.000030	0.000548	1.216755	5.185382	-0.437605	0.000000
0.394999	3.650870	94236.673033	229363.886976	0.437493	-364.717624	0.000031	0.000548	1.216755	5.185381	-0.437604	0.000000
0.400478	3.650879	94236.442356	229363.888180	0.446965	-362.816014	0.000031	0.000548	1.216755	5.185380	-0.437603	0.000000
0.405957	3.650887	94236.224420	229363.889452	0.456833	-361.166392	0.000032	0.000548	1.216755	5.185379	-0.437602	0.000000
0.411435	3.650895	94236.018608	229363.890752	0.467150	-359.626924	0.000032	0.000548	1.216755	5.185378	-0.437601	0.000000
0.416914	3.650903	94235.824283	229363.892034	0.477950	-358.002266	0.000033	0.000548	1.216755	5.185377	-0.437600	0.000000
0.422393	3.650910	94235.640810	229363.893255	0.489257	-356.083223	0.000033	0.000548	1.216755	5.185376	-0.437599	0.000000
0.427871	3.650917	94235.467565	229363.894372	0.501097	-353.683548	0.000033	0.000548	1.216755	5.185375	-0.437598	0.000000
0.433350	3.650923	94235.303948	229363.895353	0.513482	-350.670009	0.000034	0.000548	1.216755	5.185374	-0.437598	0.000000
0.438829	3.650929	94235.149396	229363.896174	0.526413	-346.981244	0.000034	0.000548	1.216755	5.185374	-0.437597	0.000000
0.444307	3.650935	94235.003385	229363.896825	0.539901	-342.632519	0.000034	0.000548	1.216755	5.185373	-0.437596	0.000000
0.449786	3.650940	94234.865439	229363.897304	0.553959	-337.706621	0.000035	0.000548	1.216755	5.185372	-0.437595	0.000000
0.455264	3.650945	94234.735122	229363.897622	0.568597	-332.335273	0.000035	0.000548	1.216755	5.185372	-0.437595	0.000000
0.460743	3.650950	94234.612036	229363.897795	0.583825	-326.675206	0.000035	0.000548	1.216755	5.185371	-0.437594	0.000000
0.466222	3.650954	94234.495820	229363.897842	0.599659	-320.881921	0.000036	0.000548	1.216755	5.185371	-0.437594	0.000000
0.471700	3.650959	94234.386134	229363.897785	0.616123	-315.086458	0.000036	0.000548	1.216755	5.185370	-0.437593	0.000000
0.477179	3.650963	94234.282661	229363.897641	0.633237	-309.378891	0.000037	0.000548	1.216755	5.185370	-0.437593	0.000000
0.482657	3.650966	94234.185092	229363.897423	0.651017	-303.802108	0.000037	0.000548	1.216755	5.185369	-0.437592	0.000000
0.488136	3.650970	94234.093130	229363.897141	0.669487	-298.353728	0.000037	0.000548	1.216755	5.185369	-0.437592	0.000000
0.493614	3.650973	94234.006479	229363.896798	0.688667	-292.992622	0.000038	0.000548	1.216755	5.185368	-0.437592	0.000000
0.499093	3.650976	94233.924851	229363.896391	0.708574	-287.653862	0.000038	0.000548	1.216755	5.185368	-0.437591	0.000000
0.504572	3.650979	94233.847959	229363.895916	0.729227	-282.262979	0.000038	0.000548	1.216755	5.185368	-0.437591	0.000000
0.510050	3.650982	94233.775527	229363.895366	0.750645	-276.748949	0.000038	0.000548	1.216755	5.185367	-0.437590	0.000000
0.515529	3.650985	94233.707282	229363.894733	0.772851	-271.052692	0.000039	0.000548	1.216755	5.185367	-0.437590	0.000000
0.521007	3.650987	94233.642967	229363.894009	0.795860	-265.132502	0.000039	0.000548	1.216755	5.185367	-0.437590	0.000000
0.526486	3.650990	94233.582333	229363.893189	0.819696	-258.966485	0.000039	0.000548	1.216755	5.185366	-0.437590	0.000000
0.531964	3.650992	94233.525147	229363.892269	0.844384	-252.548568	0.000040	0.000548	1.216755	5.185366	-0.437589	0.000000
0.537443	3.650994	94233.471190	229363.891246	0.869954	-245.884022	0.000040	0.000548	1.216755	5.185366	-0.437589	0.000000
0.542921	3.650996	94233.420259	229363.890118	0.896436	-238.984697	0.000040	0.000548	1.216755	5.185366	-0.437589	0.000000
0.548400	3.650998	94233.372162	229363.888886	0.923863	-231.863784	0.000040	0.000548	1.216755	5.185365	-0.437589	0.000000
0.553878	3.651000	94233.326725	229363.887550	0.952268	-224.532660	0.000041	0.000548	1.216755	5.185365	-0.437588	0.000000
0.559357	3.651001	94233.283783	229363.886111	0.981690	-216.999319	0.000041	0.000548	1.216755	5.185365	-0.437588	0.000000
0.564835	3.651003	94233.243186	229363.884570	1.012167	-209.265881	0.000041	0.000548	1.216755	5.185365	-0.437588	0.000000
0.570314	3.651004	94233.204794	229363.882929	1.043740	-201.330941	0.000041	0.000548	1.216755	5.185365	-0.437588	0.000000
0.575792	3.651006	94233.168475	229363.881187	1.076453	-193.189120	0.000042	0.000548	1.216755	5.185364	-0.437588	0.000000
0.581271	3.651007	94233.134108	229363.879345	1.110351	-184.831668	0.000042	0.000548	1.216755	5.185364	-0.437588	0.000000
0.586749	3.651008	94233.101581	229363.877404	1.145477	-176.248719	0.000042	0.000548	1.216755	5.185364	-0.437587	0.000000
0.592228	3.651009	94233.070788	229363.875363	1.181878	-167.430189	0.000042	0.000548	1.216755	5.185364	-0.437587	0.000000
0.597707	3.651010	94233.041632	229363.873221	1.219606	-158.365138	0.000042	0.000548	1.216755	5.185364	-0.437587	0.000000
0.603185	3.651011	94233.014021	229363.870978	1.258713	-149.041513	0.000042	0.000548	1.216755	5.185364	-0.437587	0.000000
0.608664	3.651012	94232.987869	229363.868632	1.299246	-139.448058	0.000043	0.000548	1.216755	5.185364	-0.437587	0.000000
0.614142	3.651013	94232.963096	229363.866182	1.341257	-129.574515	0.000043	0.000548	1.216755	5.185364	-0.437587	0.000000
0.619621	3.651014	94232.939627	229363.863628	1.384801	-119.409756	0.000043	0.000548	1.216755	5.185363	-0.437587	0.000000
0.625099	3.651015	94232.917392	229363.860966	1.429928	-108.943361	0.000043	0.000548	1.216755	5.185363	-0.437587	0.000000
0.630578	3.651016	94232.896325	229363.858195	1.476685	-98.169681	0.000043	0.000548	1.216755	5.185363	-0.437586	0.000000
0.636056	3.651016	94232.876363	229363.855312	1.525132	-87.084703	0.000043	0.000548	1.216755	5.185363	-0.437586	0.000000
0.641535	3.651017	94232.857448	229363.852316	1.575312	-75.684294	0.000043	0.000548	1.216755	5.185363	-0.437586	0.000000
0.647013	3.651018	94232.839524	229363.849202	1.627266	-63.967912	0.000043	0.000548	1.216755	5.185363	-0.437586	0.000000
0.652491	3.651018	94232.822538	229363.845968	1.681045	-51.931461	0.000043	0.000548	1.216755	5.185363	-0.437586	0.000000
0.657970	3.651019	94232.806441	229363.842608	1.736681	-39.559503	0.000043	0.000548	1.216755	5.185363	-0.437586	0.000000
0.663448	3.651020	94232.791187	229363.839118	1.794209	-26.823309	0.000043	0.000548	1.216755	5.185363	-0.437586	0.000000
0.668927	3.651020	94232.776734	229363.835493	1.853666	-13.673946	0.000043	0.000548	1.216755	5.185363	-0.437586	0.000000
0.674405	3.651020	94232.763043	229363.831729	1.915067	-0.045369	0.000043	0.000548	1.216755	5.185363	-0.437586	0.000000
0.679884	3.651021	94232.750082	229363.827824	1.978432	14.134311	0.000043	0.000548	1.216755	5.185363	-0.437586	0.000000
0.685362	3.651021	94232.737824	229363.823780	2.043752	28.922437	0.000043	0.000548	1.216755	5.185363	-0.437586	0.000000
0.690841	3.651022	94232.726245	229363.819604	2.111020	44.331728	0.000043	0.000548	1.216755	5.185362	-0.437586	0.000000
0.696319	3.651022	94232.715323	229363.815307	2.180209	60.304152	0.000043	0.000548	1.216755	5.185362	-0.437586	0.000000
0.701798	3.651022	94232.705031	229363.810904	2.251266	76.691230	0.000043	0.000548	1.216755	5.185362	-0.437586	0.000000
0.707276	3.651023	94232.695335	229363.806411	2.324158	93.266878	0.000043	0.000548	1.216755	5.185362	-0.437586	0.000000
0.712755	3.651023	94232.686179	229363.801840	2.398837	109.765954	0.000043	0.000548	1.216755	5.185362	-0.437586	0.000000
0.718233	3.651023	94232.677489	229363.797195	2.475230	125.943317	0.000043	0.000548	1.216755	5.185362	-0.437586	0.000000
0.723712	3.651023	94232.669160	229363.792465	2.553328	141.663104	0.000043	0.000548	1.216755	5.185362	-0.437586	0.000000
0.729190	3.651024	94232.661060	229363.787626	2.633123	156.964287	0.000043	0.000548	1.216755	5.185362	-0.437586	0.000000
0.734669	3.651024	94232.653038	229363.782637	2.714445	172.061631	0.000042	0.000548	1.216755	5.185362	-0.437586	0.000000
0.740147	3.651024	94232.644935	229363.777448	2.797346	187.341362	0.000042	0.000548	1.216755	5.185362	-0.437585	0.000000
0.745626	3.651024	94232.636601	229363.772008	2.881914	203.293211	0.000042	0.000548	1.216755	5.185362	-0.437585	0.000000
0.751104	3.651025	94232.627909	229363.766272	2.967481	220.280240	0.000042	0.000548	1.216755	5.185362	-0.437585	0.000000
0.756583	3.651025	94232.618777	229363.760213	3.054402	238.537910	0.000041	0.000548	1.216755	5.185362	-0.437585	0.000000
0.762061	3.651025	94232.609169	229363.753824	3.143346	258.213876	0.000041	0.000548	1.216755	5.185362	-0.437585	0.000000
0.767540	3.651025	94232.599101	229363.747122	3.231572	278.859108	0.000041	0.000548	1.216755	5.185362	-0.437585	0.000000
0.773018	3.651026	94232.588635	229363.740143	3.321031	300.007747	0.000040	0.000548	1.216755	5.185362	-0.437585	0.000000
0.778497	3.651026	94232.577861	229363.732921	3.415675	321.874499	0.000040	0.000548	1.216755	5.185362	-0.437585	0.000000
0.783975	3.651026	94232.566886	229363.725505	3.503253	343.102934	0.000040	0.000548	1.216755	5.185362	-0.437585	0.000000
0.789454	3.651027	94232.555819	229363.717945	3.592329	363.071925	0.000039	0.000548	1.216755	5.185362	-0.437585	0.000000
0.794932	3.651027	94232.544753	229363.710226	3.703081	384.949939	0.000039	0.000548	1.216755	5.185362	-0.437585	0.000000
0.800411	3.651027	94232.533754	229363.702380	3.778964	404.601193	0.000038	0.000548	1.216755	5.185362	-0.437585	0.000000
0.805889	3.651028	94232.522891	229363.694474	3.855518	420.050776	0.000038	0.000548	1.216755	5.185362	-0.437585	0.000000
0.811368	3.651028	94232.512181	229363.686315	4.033149	446.846170	0.000037	0.000548	1.216755	5.185361	-0.437585	0.000000
0.816846	3.651028	94232.501611	229363.677983	4.050949	466.461271	0.000037	0.000548	1.216755	5.185361	-0.437585	0.000000
0.822325	3.651028	94232.491257	229363.669798	4.053541	466.805878	0.000036	0.000548	1.216755	5.185361	-0.437585	0.000000
0.827803	3.651029	94232.481068	229363.660902	4.537088	520.266975	0.000036	0.000548	1.216755	5.185361	-0.437585	0.000000
0.833282	3.651029	94232.470905	229363.651651	4.300934	544.445056	0.000035	0.000548	1.216755	5.185361	-0.437585	0.000000
0.838760	3.651029	94232.461087	229363.643662	3.919868	472.712135	0.000035	0.000548	1.216755	5.185361	-0.437585	0.000000
0.844238	3.651029	94232.451424	229363.633024	5.831604	645.419538	0.000034	0.000548	1.216755	5.185361	-0.437585	0.000000
0.849717	3.651030	94232.441256	229363.621061	4.526310	701.862784	0.000033	0.000548	1.216755	5.185361	-0.437585	0.000000
0.855195	3.651030	94232.432086	229363.615615	2.216249	287.554969	0.000033	0.000548	1.216755	5.185361	-0.437585	0.000000
0.860674	3.651030	94232.423172	229363.598614	10.819171	1000.357183	0.000032	0.000548	1.216755	5.185361	-0.437585	0.000000
0.866152	3.651030	94232.411298	229363.574392	5.128563	1272.962212	0.000029	0.000548	1.216755	5.185361	-0.437585	0.000000
0.871631	3.651030	94232.403354	229363.580544	-6.724740	-745.467072	0.000031	0.000548	1.216755	5.185361	-0.437585	0.000000
0.877109	3.651030	94232.396451	229363.533403	33.273379	2429.564079	0.000029	0.000548	1.216755	5.185361	-0.437585	0.000000
0.882588	3.651029	94232.374817	229363.443922	10.193570	4046.497687	0.000015	0.000548	1.216755	5.185361	-0.437585	0.000000
0.888066	3.651030	94232.369759	229363.490686	-48.198239	-5410.362705	0.000030	0.000548	1.216755	5.185361	-0.437585	0.000000
0.893545	3.651028	94232.370255	229363.285282	139.434870	9047.628284	0.000021	0.000548	1.216755	5.185361	-0.437585	0.000000
0.899023	3.651023	94232.299024	229362.832008	50.990289	18644.783340	-0.000048	0.000548	1.216755	5.185360	-0.437586	0.000000
0.904502	3.651025	94232.297379	229362.969790	-230.910817	-24912.006882	0.000014	0.000548	1.216755	5.185361	-0.437585	0.000000
0.909980	3.651010	94232.324551	229361.887363	653.583514	41661.257353	-0.000028	0.000548	1.216755	5.185361	-0.437588	0.000000
0.915459	3.650981	94232.002223	229359.363754	342.389039	97363.702555	-0.000379	0.000548	1.216755	5.185359	-0.437591	0.000000
0.920937	3.650979	94231.963163	229359.285455	-993.985342	-100148.143606	-0.000147	0.000548	1.216755	5.185359	-0.437591	0.000000
0.926416	3.650896	94232.062029	229353.146319	3199.174685	210059.877282	-0.000382	0.000548	1.216755	5.185359	-0.437603	0.000000
0.931895	3.650726	94230.446228	229338.646036	2286.501243	528224.957177	-0.002198	0.000548	1.216755	5.185351	-0.437622	0.000000
0.937374	3.650657	94229.919236	229333.461068	-3913.494318	-349509.526140	-0.001479	0.000548	1.216755	5.185350	-0.437631	0.000000
0.942853	3.650171	94229.981592	229297.238869	16122.774348	1119601.049192	-0.002930	0.000548	1.216755	5.185348	-0.437697	0.000000
0.948333	3.649160	94221.539288	229212.380965	14795.842849	2926220.151291	-0.012518	0.000548	1.216755	5.185306	-0.437816	0.000000
0.953815	3.648450	94216.821524	229157.274496	-13172.617745	-858014.298829	-0.011407	0.000548	1.216755	5.185290	-0.437905	0.000000
0.959297	3.645545	94214.149370	228938.204628	83584.061049	6251509.477767	-0.020772	0.000549	1.216755	5.185267	-0.438297	0.000000
0.964788	3.639467	94168.514950	228434.562523	94130.524339	16631187.140345	-0.072471	0.000550	1.216755	5.185040	-0.439027	0.000000
0.970289	3.633755	94131.624255	227982.855820	-27611.998260	1275367.514030	-0.081335	0.000550	1.216755	5.184894	-0.439740	0.000000
0.975794	3.616372	94097.734796	226653.582464	443313.003752	36967476.548008	-0.142405	0.000553	1.216755	5.184682	-0.442068	0.000000
0.981346	3.580174	93836.037554	223661.554335	602783.853274	101450601.665928	-0.428077	0.000559	1.216755	5.183372	-0.446528	0.000000
0.986969	3.541019	93539.545425	220468.462802	77054.351359	51928355.608943	-0.560937	0.000565	1.216755	5.182074	-0.451476	0.000000
0.992630	3.448174	93180.148463	213107.276624	2290379.650345	253172394.357329	-0.926902	0.000580	1.216755	5.180085	-0.464235	0.000000
0.998552	3.261288	91386.092437	196997.755616	4036611.517027	770441144.456205	-2.535325	0.000613	1.216755	5.170801	-0.489088	0.000000
1.004933	3.089273	88548.783974	180989.810158	491325.220808	724005466.309769	-3.694533	0.000647	1.216755	5.157141	-0.512235	0.000000
1.011501	2.854602	85350.977542	159331.132600	6800809.691440	1514543610.353860	-4.523749	0.000701	1.216755	5.139756	-0.550203	0.000000
1.018955	2.302195	74472.288923	108424.029790	28717569.875520	5419157208.380810	-11.857442	0.000869	1.216755	5.072337	-0.649960	0.000000
1.029719	1.656078	48395.701479	48746.076029	36674395.542458	8354752520.134233	-27.919849	0.001208	1.216755	4.869849	-0.794657	0.000000
1.045009	1.242065	22457.214716	16786.744159	21838871.710065	5247293857.066664	-41.931606	0.001610	1.216755	4.526776	-0.914558	0.000000
1.063326	1.069771	9890.326740	6590.488030	8065716.067007	1704778019.733523	-48.799336	0.001870	1.216755	4.180294	-0.974125	0.000000
1.082895	1.016523	6655.194413	4434.978754	1974978.491158	285478951.830109	-50.973526	0.001967	1.216755	4.027977	-0.993833	0.000000
1.102811	1.003347	6183.404645	4126.330063	368441.417620	34273115.343854	-51.453501	0.001993	1.216755	4.001574	-0.998758	0.000000
1.122797	1.000653	6126.341660	4085.536471	58552.503387	4423911.652266	-51.538513	0.001999	1.216755	3.998256	-0.999755	0.000000
1.142795	1.000185	6118.722873	4079.702659	7836.599875	631272.385320	-51.551330	0.002000	1.216755	3.997806	-0.999926	0.000000
1.162795	1.000114	6117.623702	4078.853891	903.785584	91435.747195	-51.552970	0.002000	1.216755	3.997741	-0.999951	0.000000
1.182795	1.000105	6117.466310	4078.736318	90.263495	12624.068450	-51.553151	0.002000	1.216755	3.997732	-0.999955	0.000000
1.202795	1.000104	6117.445031	4078.721222	7.698371	1618.999221	-51.553169	0.002000	1.216755	3.997731	-0.999955	0.000000
1.222795	1.000104	6117.442365	4078.719437	0.560945	191.641125	-51.553170	0.002000	1.216755	3.997731	-0.999955	0.000000
1.242795	1.000104	6117.442056	4078.719242	0.039684	21.005277	-51.553170	0.002000	1.216755	3.997731	-0.999955	0.000000
1.262795	1.000104	6117.442023	4078.719222	0.004367	2.162961	-51.553170	0.002000	1.216755	3.997731	-0.999955	0.000000
1.282795	1.000104	6117.442020	4078.719220	0.000834	0.216737	-51.553170	0.002000	1.216755	3.997731	-0.999955	0.000000
1.302795	1.000104	6117.442019	4078.719220	0.000167	0.022554	-51.553170	0.002000	1.216755	3.997731	-0.999955	0.000000
1.322795	1.000104	6117.442019	4078.719220	0.000029	0.002623	-51.553170	0.002000	1.216755	3.997731	-0.999955	0.000000
1.342795	1.000104	6117.442019	4078.719219	0.000004	0.000347	-51.553170	0.002000	1.216755	3.997731	-0.999955	0.000000
1.362795	1.000104	6117.442019	4078.719219	0.000000	0.000049	-51.553170	0.002000	1.216755	3.997731	-0.999955	0.000000
1.382795	1.000104	6117.442019	4078.719219	0.000000	0.000005	-51.553170	0.002000	1.216755	3.997731	-0.999955	0.000000
1.402795	1.000104	6117.442019	4078.719219	0.000000	0.000002	-51.553170	0.002000	1.216755	3.997731	-0.999955	0.000000
1.422795	1.000104	6117.442019	4078.719219	-0.000000	0.000000	-51.553170	0.002000	1.216755	3.997731	-0.999955	0.000000
1.442795	1.000104	6117.442019	4078.719219	-0.000000	-0.000001	-51.553170	0.002000	1.216755	3.997731	-0.999955	0.000000
1.462795	1.000104	6117.442019	4078.719219	0.000000	-0.000001	-51.553170	0.002000	1.216755	3.997731	-0.999955	0.000000
1.482795	1.000104	6117.442019	4078.719219	0.000000	0.000000	-51.553170	0.002000	1.216755	3.997731	-0.999955	0.000000
1.502795	1.000104	6117.442019	4078.719219	0.000000	0.000001	-51.553170	0.002000	1.216755	3.997731	-0.999955	0.000000
1.522795	1.000104	6117.442019	4078.719219	-0.000000	0.000001	-51.553170	0.002000	1.216755	3.997731	-0.999955	0.000000
1.542795	1.000104	6117.442019	4078.719219	-0.000000	-0.000001	-51.553170	0.002000	1.216755	3.997731	-0.999955	0.000000
1.562795	1.000104	6117.442019	4078.719219	0.000000	-0.000000	-51.553170	0.002000	1.216755	3.997731	-0.999955	0.000000
1.582795	1.000104	6117.442019	4078.719219	-0.000000	0.000001	-51.553170	0.002000	1.216755	3.997731	-0.999955	0.000000
1.602795	1.000104	6117.442019	4078.719219	-0.000000	-0.000001	-51.553170	0.002000	1.216755	3.997731	-0.999955	0.000000
1.622795	1.000104	6117.442019	4078.719219	0.000000	-0.000000	-51.553170	0.002000	1.216755	3.997731	-0.999955	0.000000
1.642795	1.000104	6117.442019	4078.719219	0.000000	0.000001	-51.553170	0.002000	1.216755	3.997731	-0.999955	0.000000
1.662795	1.000104	6117.442019	4078.719219	-0.000000	0.000000	-51.553170	0.002000	1.216755	3.997731	-0.999955	0.000000
1.682795	1.000104	6117.442019	4078.719219	-0.000000	0.000001	-51.553170	0.002000	1.216755	3.997731	-0.999955	0.000000
1.702795	1.000104	6117.442019	4078.719219	-0.000000	-0.000001	-51.553170	0.002000	1.216755	3.997731	-0.999955	0.000000
1.722795	1.000104	6117.442019	4078.719219	0.000000	-0.000001	-51.553170	0.002000	1.216755	3.997731	-0.999955	0.000000
1.742795	1.000104	6117.442019	4078.719219	0.000000	-0.000000	-51.553170	0.002000	1.216755	3.997731	-0.999955	0.000000
1.762795	1.000104	6117.442019	4078.719219	0.000000	0.000000	-51.553170	0.002000	1.216755	3.997731	-0.999955	0.000000
1.782795	1.000104	6117.442019	4078.719219	0.000000	-0.000000	-51.553170	0.002000	1.216755	3.997731	-0.999955	0.000000
1.802795	1.000104	6117.442019	4078.719219	0.000000	0.000001	-51.553170	0.002000	1.216755	3.997731	-0.999955	0.000000
1.822795	1.000104	6117.442019	4078.719219	-0.000000	-0.000000	-51.553170	0.002000	1.216755	3.997731	-0.999955	0.000000
1.842795	1.000104	6117.442019	4078.719219	0.000000	-0.000001	-51.553170	0.002000	1.216755	3.997731	-0.999955	0.000000
1.862795	1.000104	6117.442019	4078.719219	0.000000	-0.000000	-51.553170	0.002000	1.216755	3.997731	-0.999955	0.000000
1.882795	1.000104	6117.442019	4078.719219	0.000000	0.000001	-51.553170	0.002000	1.216755	3.997731	-0.999955	0.000000
1.902795	1.000104	6117.442019	4078.719219	-0.000000	0.000000	-51.553170	0.002000	1.216755	3.997731	-0.999955	0.000000
1.922795	1.000104	6117.442019	4078.719219	-0.000000	0.000000	-51.553170	0.002000	1.216755	3.997731	-0.999955	0.000000
1.942795	1.000104	6117.442019	4078.719219	-0.000000	-0.000000	-51.553170	0.002000	1.216755	3.997731	-0.999955	0.000000
1.962795	1.000104	6117.442019	4078.719219	-0.000000	-0.000001	-51.553170	0.002000	1.216755	3.997731	-0.999955	0.000000
1.982795	1.000104	6117.442019	4078.719219	0.000000	-0.000001	-51.553170	0.002000	1.216755	3.997731	-0.999955	0.000000
2.002795	1.000104	6117.442019	4078.719219	0.000000	0.000000	-51.553170	0.002000	1.216755	3.997731	-0.999955	0.000000
2.022795	1.000104	6117.442019	4078.719219	0.000000	0.000002	-51.553170	0.002000	1.216755	3.997731	-0.999955	0.000000
2.042795	1.000104	6117.442019	4078.719219	-0.000000	0.000001	-51.553170	0.002000	1.216755	3.997731	-0.999955	0.000000
2.062795	1.000104	6117.442019	4078.719219	-0.000000	-0.000001	-51.553170	0.002000	1.216755	3.997731	-0.999955	0.000000
2.082795	1.000104	6117.442019	4078.719219	0.000000	-0.000001	-51.553170	0.002000	1.216755	3.997731	-0.999955	0.000000
2.102795	1.000104	6117.442019	4078.719219	0.000000	0.000001	-51.553170	0.002000	1.216755	3.997731	-0.999955	0.000000
2.122795	1.000104	6117.442019	4078.719219	-0.000000	0.000000	-51.553170	0.002000	1.216755	3.997731	-0.999955	0.000000
2.142795	1.000104	6117.442019	4078.719219	-0.000000	-0.000001	-51.553170	0.002000	1.216755	3.997731	-0.999955	0.000000
2.162795	1.000104	6117.442019	4078.719219	0.000000	-0.000001	-51.553170	0.002000	1.216755	3.997731	-0.999955	0.000000
2.182795	1.000104	6117.442019	4078.719219	0.000000	0.000001	-51.553170	0.002000	1.216755	3.997731	-0.999955	0.000000
2.202795	1.000104	6117.442019	4078.719219	-0.000000	0.000001	-51.553170	0.002000	1.216755	3.997731	-0.999955	0.000000
2.222795	1.000104	6117.442019	4078.719219	-0.000000	0.000000	-51.553170	0.002000	1.216755	3.997731	-0.999955	0.000000
2.242795	1.000104	6117.442019	4078.719219	-0.000000	-0.000001	-51.553170	0.002000	1.216755	3.997731	-0.999955	0.000000
2.262795	1.000104	6117.442019	4078.719219	0.000000	0.000000	-51.553170	0.002000	1.216755	3.997731	-0.999955	0.000000
2.282795	1.000104	6117.442019	4078.719219	-0.000000	0.000001	-51.553170	0.002000	1.216755	3.997731	-0.999955	0.000000
2.302795	1.000104	6117.442019	4078.719219	-0.000000	-0.000001	-51.553170	0.002000	1.216755	3.997731	-0.999955	0.000000
2.322795	1.000104	6117.442019	4078.719219	0.000000	-0.000001	-51.553170	0.002000	1.216755	3.997731	-0.999955	0.000000
2.342795	1.000104	6117.442019	4078.719219	0.000000	0.000001	-51.553170	0.002000	1.216755	3.997731	-0.999955	0.000000
2.362795	1.000104	6117.442019	4078.719219	-0.000000	0.000000	-51.553170	0.002000	1.216755	3.997731	-0.999955	0.000000
2.382795	1.000104	6117.442019	4078.719219	-0.000000	-0.000003	-51.553170	0.002000	1.216755	3.997731	-0.999955	0.000000
2.402795	1.000104	6117.442019	4078.719219	0.000000	-0.000002	-51.553170	0.002000	1.216755	3.997731	-0.999955	0.000000
2.422795	1.000104	6117.442019	4078.719219	0.000000	0.000003	-51.553170	0.002000	1.216755	3.997731	-0.999955	0.000000
2.442795	1.000104	6117.442019	4078.719219	-0.000000	0.000003	-51.553170	0.002000	1.216755	3.997731	-0.999955	0.000000
2.462795	1.000104	6117.442019	4078.719219	-0.000000	0.000000	-51.553170	0.002000	1.216755	3.997731	-0.999955	0.000000
2.482795	1.000104	6117.442019	4078.719219	-0.000000	-0.000000	-51.553170	0.002000	1.216755	3.997731	-0.999955	0.000000
2.502795	1.000104	6117.442019	4078.719219	-0.000000	-0.000001	-51.553170	0.002000	1.216755	3.997731	-0.999955	0.000000
2.522795	1.000104	6117.442019	4078.719219	0.000000	-0.000001	-51.553170	0.002000	1.216755	3.997731	-0.999955	0.000000
2.542795	1.000104	6117.442019	4078.719219	0.000000	0.000001	-51.553170	0.002000	1.216755	3.997731	-0.999955	0.000000
2.562795	1.000104	6117.442019	4078.719219	0.000000	-0.000000	-51.553170	0.002000	1.216755	3.997731	-0.999955	0.000000
2.582795	1.000104	6117.442019	4078.719219	-0.000000	0.000000	-51.553170	0.002000	1.216755	3.997731	-0.999955	0.000000
2.602795	1.000104	6117.442019	4078.719219	0.000000	-0.000001	-51.553170	0.002000	1.216755	3.997731	-0.999955	0.000000
2.622795	1.000104	6117.442019	4078.719219	0.000000	0.000000	-51.553170	0.002000	1.216755	3.997731	-0.999955	0.000000
2.642795	1.000104	6117.442019	4078.719219	-0.000000	0.000001	-51.553170	0.002000	1.216755	3.997731	-0.999955	0.000000
2.662795	1.000104	6117.442019	4078.719219	-0.000000	-0.000000	-51.553170	0.002000	1.216755	3.997731	-0.999955	0.000000
2.682795	1.000104	6117.442019	4078.719219	-0.000000	-0.000000	-51.553170	0.002000	1.216755	3.997731	-0.999955	0.000000
2.702795	1.000104	6117.442019	4078.719219	-0.000000	-0.000000	-51.553170	0.002000	1.216755	3.997731	-0.999955	0.000000
2.722795	1.000104	6117.442019	4078.719219	-0.000000	-0.000001	-51.553170	0.002000	1.216755	3.997731	-0.999955	0.000000
2.742795	1.000104	6117.442019	4078.719219	0.000000	0.000001	-51.553170	0.002000	1.216755	3.997731	-0.999955	0.000000
2.762795	1.000104	6117.442019	4078.719219	-0.000000	0.000001	-51.553170	0.002000	1.216755	3.997731	-0.999955	0.000000
2.782795	1.000104	6117.442019	4078.719219	-0.000000	-0.000001	-51.553170	0.002000	1.216755	3.997731	-0.999955	0.000000
2.802795	1.000104	6117.442019	4078.719219	0.000000	0.000000	-51.553170	0.002000	1.216755	3.997731	-0.999955	0.000000
2.822795	1.000104	6117.442019	4078.719219	-0.000000	0.000001	-51.553170	0.002000	1.216755	3.997731	-0.999955	0.000000
2.842795	1.000104	6117.442019	4078.719219	-0.000000	-0.000001	-51.553170	0.002000	1.216755	3.997731	-0.999955	0.000000
2.862795	1.000104	6117.442019	4078.719219	0.000000	-0.000000	-51.553170	0.002000	1.216755	3.997731	-0.999955	0.000000
2.882795	1.000104	6117.442019	4078.719219	0.000000	-0.000000	-51.553170	0.002000	1.216755	3.997731	-0.999955	0.000000
2.902795	1.000104	6117.442019	4078.719219	0.000000	0.000001	-51.553170	0.002000	1.216755	3.997731	-0.999955	0.000000
2.922795	1.000104	6117.442019	4078.719219	-0.000000	-0.000000	-51.553170	0.002000	1.216755	3.997731	-0.999955	0.000000
2.942795	1.000104	6117.442019	4078.719219	0.000000	-0.000001	-51.553170	0.002000	1.216755	3.997731	-0.999955	0.000000
2.962795	1.000104	6117.442019	4078.719219	0.000000	0.000002	-51.553170	0.002000	1.216755	3.997731	-0.999955	0.000000
2.982795	1.000104	6117.442019	4078.719219	-0.000000	0.000003	-51.553170	0.002000	1.216755	3.997731	-0.999955	0.000000
3.002795	1.000104	6117.442019	4078.719219	-0.000000	-0.000001	-51.553170	0.002000	1.216755	3.997731	-0.999955	0.000000
3.022795	1.000104	6117.442019	4078.719219	0.000000	-0.000000	-51.553170	0.002000	1.216755	3.997731	-0.999955	0.000000
3.042795	1.000104	6117.442019	4078.719219	-0.000000	0.000001	-51.553170	0.002000	1.216755	3.997731	-0.999955	0.000000
3.062795	1.000104	6117.442019	4078.719219	-0.000000	-0.000000	-51.553170	0.002000	1.216755	3.997731	-0.999955	0.000000
3.082795	1.000104	6117.442019	4078.719219	-0.000000	0.000000	-51.553170	0.002000	1.216755	3.997731	-0.999955	0.000000
3.102795	1.000104	6117.442019	4078.719219	0.000000	-0.000001	-51.553170	0.002000	1.216755	3.997731	-0.999955	0.000000
3.122795	1.000104	6117.442019	4078.719219	0.000000	0.000000	-51.553170	0.002000	1.216755	3.997731	-0.999955	0.000000
3.142795	1.000104	6117.442019	4078.719219	0.000000	0.000001	-51.553170	0.002000	1.216755	3.997731	-0.999955	0.000000
3.162795	1.000104	6117.442019	4078.719219	-0.000000	-0.000000	-51.553170	0.002000	1.216755	3.997731	-0.999955	0.000000
3.182795	1.000104	6117.442019	4078.719219	0.000000	-0.000001	-51.553170	0.002000	1.216755	3.997731	-0.999955	0.000000
3.202795	1.000104	6117.442019	4078.719219	0.000000	0.000000	-51.553170	0.002000	1.216755	3.997731	-0.999955	0.000000
3.222795	1.000104	6117.442019	4078.719219	0.000000	-0.000001	-51.553170	0.002000	1.216755	3.997731	-0.999955	0.000000
3.242795	1.000104	6117.442019	4078.719219	0.000000	0.000001	-51.553170	0.002000	1.216755	3.997731	-0.999955	0.000000
3.262795	1.000104	6117.442019	4078.719219	0.000000	-0.000000	-51.553170	0.002000	1.216755	3.997731	-0.999955	0.000000
3.282795	1.000104	6117.442019	4078.719219	0.000000	0.000001	-51.553170	0.002000	1.216755	3.997731	-0.999955	0.000000
3.302795	1.000104	6117.442019	4078.719219	-0.000000	0.000001	-51.553170	0.002000	1.216755	3.997731	-0.999955	0.000000
3.322795	1.000104	6117.442019	4078.719219	0.000000	-0.000001	-51.553170	0.002000	1.216755	3.997731	-0.999955	0.000000
3.342795	1.000104	6117.442019	4078.719219	-0.000000	0.000002	-51.553170	0.002000	1.216755	3.997731	-0.999955	0.000000
3.362795	1.000104	6117.442019	4078.719219	-0.000000	-0.000001	-51.553170	0.002000	1.216755	3.997731	-0.999955	0.000000
3.382795	1.000104	6117.442019	4078.719219	-0.000000	-0.000000	-51.553170	0.002000	1.216755	3.997731	-0.999955	0.000000
3.402795	1.000104	6117.442019	4078.719219	-0.000000	-0.000000	-51.553170	0.002000	1.216755	3.997731	-0.999955	0.000000
3.422795	1.000104	6117.442019	4078.719219	0.000000	-0.000000	-51.553170	0.002000	1.216755	3.997731	-0.999955	0.000000
3.442795	1.000104	6117.442019	4078.719219	-0.000000	0.000001	-51.553170	0.002000	1.216755	3.997731	-0.999955	0.000000
3.462795	1.000104	6117.442019	4078.719219	-0.000000	-0.000000	-51.553170	0.002000	1.216755	3.997731	-0.999955	0.000000
3.482795	1.000104	6117.442019	4078.719219	-0.000000	-0.000000	-51.553170	0.002000	1.216755	3.997731	-0.999955	0.000000
3.502795	1.000104	6117.442019	4078.719219	-0.000000	-0.000002	-51.553170	0.002000	1.216755	3.997731	-0.999955	0.000000
3.522795	1.000104	6117.442019	4078.719219	0.000000	0.000001	-51.553170	0.002000	1.216755	3.997731	-0.999955	0.000000
3.542795	1.000104	6117.442019	4078.719219	-0.000000	0.000000	-51.553170	0.002000	1.216755	3.997731	-0.999955	0.000000
3.562795	1.000104	6117.442019	4078.719219	0.000000	-0.000001	-51.553170	0.002000	1.216755	3.997731	-0.999955	0.000000
3.582795	1.000104	6117.442019	4078.719219	0.000000	0.000000	-51.553170	0.002000	1.216755	3.997731	-0.999955	0.000000
3.602795	1.000104	6117.442019	4078.719219	0.000000	0.000000	-51.553170	0.002000	1.216755	3.997731	-0.999955	0.000000
3.622795	1.000104	6117.442019	4078.719219	0.000000	0.000002	-51.553170	0.002000	1.216755	3.997731	-0.999955	0.000000
3.642795	1.000104	6117.442019	4078.719219	-0.000000	0.000002	-51.553170	0.002000	1.216755	3.997731	-0.999955	0.000000
3.662795	1.000104	6117.442019	4078.719219	-0.000000	-0.000001	-51.553170	0.002000	1.216755	3.997731	-0.999955	0.000000
3.682795	1.000104	6117.442019	4078.719219	0.000000	-0.000002	-51.553170	0.002000	1.216755	3.997731	-0.999955	0.000000
3.702795	1.000104	6117.442019	4078.719219	0.000000	0.000001	-51.553170	0.002000	1.216755	3.997731	-0.999955	0.000000
3.722795	1.000104	6117.442019	4078.719219	-0.000000	-0.000001	-51.553170	0.002000	1.216755	3.997731	-0.999955	0.000000
3.742795	1.000104	6117.442019	4078.719219	0.000000	-0.000002	-51.553170	0.002000	1.216755	3.997731	-0.999955	0.000000
3.762795	1.000104	6117.442019	4078.719219	0.000000	0.000001	-51.553170	0.002000	1.216755	3.997731	-0.999955	0.000000
3.782795	1.000104	6117.442019	4078.719219	-0.000000	-0.000001	-51.553170	0.002000	1.216755	3.997731	-0.999955	0.000000
3.802795	1.000104	6117.442019	4078.719219	-0.000000	-0.000005	-51.553170	0.002000	1.216755	3.997731	-0.999955	0.000000
3.822795	1.000104	6117.442019	4078.719219	0.000000	-0.000012	-51.553170	0.002000	1.216755	3.997731	-0.999955	0.000000
3.842795	1.000104	6117.442019	4078.719219	0.000000	-0.000028	-51.553170	0.002000	1.216755	3.997731	-0.999955	0.000000
3.862795	1.000104	6117.442019	4078.719219	0.000001	-0.000073	-51.553170	0.002000	1.216755	3.997731	-0.999955	0.000000
3.882795	1.000104	6117.442019	4078.719219	0.000003	-0.000186	-51.553170	0.002000	1.216755	3.997731	-0.999955	0.000000
3.902795	1.000104	6117.442019	4078.719219	0.000006	-0.000486	-51.553170	0.002000	1.216755	3.997731	-0.999955	0.000000
3.922795	1.000104	6117.442019	4078.719219	0.000017	-0.001215	-51.553170	0.002000	1.216755	3.997731	-0.999955	0.000000
3.942795	1.000104	6117.442019	4078.719219	0.000042	-0.002973	-51.553170	0.002000	1.216755	3.997731	-0.999955	0.000000
3.962795	1.000104	6117.442019	4078.719219	0.000102	-0.007178	-51.553170	0.002000	1.216755	3.997731	-0.999955	0.000000
3.982795	1.000104	6117.442019	4078.719219	0.000244	-0.017023	-51.553170	0.002000	1.216755	3.997731	-0.999955	0.000000
4.002795	1.000104	6117.442019	4078.719219	0.000574	-0.039679	-51.553170	0.002000	1.216755	3.997731	-0.999955	0.000000
4.022795	1.000104	6117.442018	4078.719218	0.001330	-0.090999	-51.553170	0.002000	1.216755	3.997731	-0.999955	0.000000
4.042795	1.000104	6117.442015	4078.719215	0.003029	-0.205294	-51.553170	0.002000	1.216755	3.997731	-0.999955	0.000000
4.062795	1.000104	6117.442011	4078.719209	0.006786	-0.455668	-51.553170	0.002000	1.216755	3.997731	-0.999955	0.000000
4.082795	1.000104	6117.442000	4078.719196	0.014956	-0.995085	-51.553170	0.002000	1.216755	3.997731	-0.999955	0.000000
4.102795	1.000104	6117.441976	4078.719167	0.032426	-2.137852	-51.553170	0.002000	1.216755	3.997731	-0.999955	0.000000
4.122795	1.000104	6117.441925	4078.719105	0.069154	-4.518132	-51.553170	0.002000	1.216755	3.997731	-0.999955	0.000000
4.142795	1.000104	6117.441817	4078.718973	0.145050	-9.391434	-51.553170	0.002000	1.216755	3.997731	-0.999955	0.000000
4.162795	1.000104	6117.441592	4078.718696	0.299169	-19.196108	-51.553169	0.002000	1.216755	3.997731	-0.999955	0.000000
4.182795	1.000104	6117.441131	4078.718125	0.606591	-38.578418	-51.553168	0.002000	1.216755	3.997730	-0.999955	0.000000
4.202795	1.000104	6117.440205	4078.716969	1.208927	-76.188822	-51.553167	0.002000	1.216755	3.997730	-0.999955	0.000000
4.222795	1.000104	6117.438374	4078.714669	2.367264	-147.836595	-51.553163	0.002000	1.216755	3.997730	-0.999955	0.000000
4.242795	1.000103	6117.434819	4078.710172	4.552933	-281.748565	-51.553156	0.002000	1.216755	3.997730	-0.999955	0.000000
4.262795	1.000102	6117.428040	4078.701532	8.597475	-527.178797	-51.553142	0.002000	1.216755	3.997730	-0.999956	0.000000
4.282795	1.000100	6117.415347	4078.685238	15.933212	-968.018360	-51.553115	0.002000	1.216755	3.997729	-0.999957	0.000000
4.302795	1.000096	6117.392026	4078.655075	28.966028	-1743.555125	-51.553066	0.002000	1.216755	3.997727	-0.999958	0.000000
4.322795	1.000090	6117.349999	4078.600298	51.631062	-3078.894573	-51.552977	0.002000	1.216755	3.997724	-0.999961	0.000000
4.342796	1.000078	6117.275746	4078.502755	90.185336	-5327.520661	-51.552819	0.002000	1.216755	3.997719	-0.999966	0.000000
4.362796	1.000056	6117.147204	4078.332524	154.281193	-9027.649705	-51.552541	0.002000	1.216755	3.997710	-0.999975	0.000000
4.382797	1.000020	6116.929290	4078.041530	258.330618	-14971.885093	-51.552067	0.002000	1.216755	3.997695	-0.999991	0.000000
4.402799	0.999959	6116.567737	4077.554591	423.101413	-24285.698584	-51.551272	0.002000	1.216755	3.997669	-1.000018	0.000000
4.422803	0.999857	6115.981016	4076.757443	677.373962	-38504.175604	-51.549969	0.002000	1.216755	3.997628	-1.000061	0.000000
4.442809	0.999694	6115.050356	4075.481596	1059.334551	-59628.720603	-51.547882	0.002001	1.216755	3.997562	-1.000131	0.000000
4.462819	0.999437	6113.608317	4073.486459	1617.214147	-90137.530342	-51.544617	0.002001	1.216755	3.997460	-1.000242	0.000000
4.482835	0.999041	6111.426948	4070.440078	2408.552663	-132918.817609	-51.539629	0.002002	1.216755	3.997307	-1.000413	0.000000
4.502861	0.998446	6108.207271	4065.900948	3497.464630	-191098.411462	-51.532194	0.002003	1.216755	3.997079	-1.000670	0.000000
4.522901	0.997573	6103.572435	4059.304544	4949.498434	-267747.070757	-51.521384	0.002005	1.216755	3.996751	-1.001048	0.000000
4.542961	0.996326	6097.067191	4049.959012	6824.160696	-365480.750546	-51.506061	0.002007	1.216755	3.996290	-1.001588	0.000000
4.563051	0.994588	6088.166013	4037.054465	9165.898565	-486001.803462	-51.484885	0.002011	1.216755	3.995659	-1.002343	0.000000
4.583181	0.992227	6076.291011	4019.688964	11995.000204	-629675.506518	-51.456354	0.002016	1.216755	3.994814	-1.003370	0.000000
4.603366	0.989098	6060.839103	3996.911739	15300.621129	-795216.231511	-51.418860	0.002022	1.216755	3.993713	-1.004736	0.000000
4.623623	0.985054	6041.215543	3967.780449	19037.527065	-979620.054398	-51.370772	0.002030	1.216755	3.992309	-1.006509	0.000000
4.643974	0.979951	6016.869505	3931.425902	23128.063406	-1178338.397738	-51.310524	0.002041	1.216755	3.990560	-1.008758	0.000000
4.664442	0.973658	5987.326171	3887.115014	27469.124158	-1385689.591520	-51.236694	0.002054	1.216755	3.988428	-1.011548	0.000000
4.685057	0.966065	5952.210880	3834.302846	31942.544811	-1595447.303113	-51.148078	0.002070	1.216755	3.985878	-1.014940	0.000000
4.705848	0.957090	5911.262522	3772.666655	36426.485521	-1801537.604130	-51.043723	0.002090	1.216755	3.982886	-1.018985	0.000000
4.726851	0.946678	5864.334468	3702.117570	40808.646122	-1998188.428202	-50.922943	0.002113	1.216755	3.979429	-1.023727	0.000000
4.748103	0.934806	5811.384744	3622.791131	44991.230526	-2180905.293537	-50.785305	0.002139	1.216755	3.975495	-1.029200	0.000000
4.769644	0.921475	5752.460591	3535.021826	48897.914478	-2346226.287691	-50.630588	0.002170	1.216755	3.971074	-1.035430	0.000000
4.791516	0.906711	5687.677159	3439.305631	52474.727149	-2491880.036519	-50.458733	0.002206	1.216755	3.966160	-1.042437	0.000000
4.813766	0.890557	5617.195569	3336.257971	55688.903712	-2616673.567668	-50.269793	0.002246	1.216755	3.960749	-1.050237	0.000000
4.836440	0.873070	5541.201994	3226.572212	58525.913111	-2720315.626087	-50.063874	0.002291	1.216755	3.954837	-1.058844	0.000000
4.859591	0.854311	5459.889340	3110.982377	60985.856058	-2803207.458352	-49.841083	0.002341	1.216755	3.948420	-1.068271	0.000000
4.883274	0.834346	5373.441726	2990.231847	63079.615348	-2866264.181622	-49.601488	0.002397	1.216755	3.941492	-1.078535	0.000000
4.907548	0.813239	5282.023664	2865.050111	64825.132145	-2910657.551347	-49.345077	0.002459	1.216755	3.934042	-1.089658	0.000000
4.932479	0.791051	5185.771724	2736.137698	66244.326152	-2937775.017223	-49.071720	0.002528	1.216755	3.926057	-1.101668	0.000000
4.958137	0.767834	5084.781826	2604.148615	67364.759885	-2948756.807114	-48.781145	0.002605	1.216755	3.917518	-1.114601	0.000000
4.984601	0.743634	4979.117650	2469.691226	68208.010728	-2945450.265050	-48.472917	0.002689	1.216755	3.908400	-1.128506	0.000000
5.011960	0.718485	4868.818691	2333.336763	68799.025039	-2928792.620891	-48.146380	0.002784	1.216755	3.898673	-1.143443	0.000000
5.040313	0.692417	4753.885400	2195.615789	69160.001788	-2899923.189527	-47.800643	0.002888	1.216755	3.888299	-1.159491	0.000000
5.069776	0.665452	4634.258970	2057.029479	69310.849458	-2859895.704362	-47.434540	0.003005	1.216755	3.877232	-1.176739	0.000000
5.100479	0.637616	4509.756121	1918.046437	69268.674888	-2809853.277282	-47.046599	0.003137	1.216755	3.865405	-1.195294	0.000000
5.132578	0.608952	4379.875935	1779.076096	69045.986821	-2751229.974929	-46.635030	0.003284	1.216755	3.852715	-1.215268	0.000000
5.166250	0.579525	4243.512419	1640.400115	68651.393888	-2685991.372271	-46.197712	0.003451	1.216755	3.838979	-1.236778	0.000000
5.201702	0.549420	4098.471649	1502.036035	68087.748607	-2616243.672300	-45.732246	0.003640	1.216755	3.823876	-1.259944	0.000000
5.239180	0.518685	3941.223788	1363.614686	67353.358234	-2543648.699223	-45.235786	0.003856	1.216755	3.806887	-1.284943	0.000000
5.278975	0.487200	3767.267811	1224.314109	66446.967286	-2466534.387113	-44.704924	0.004105	1.216755	3.787283	-1.312139	0.000000
5.321471	0.454475	3573.532638	1083.350909	65364.164611	-2378559.224995	-44.134229	0.004401	1.216755	3.764356	-1.342335	0.000000
5.367231	0.419417	3363.157477	940.932208	64124.589412	-2266877.092487	-43.514624	0.004769	1.216755	3.738007	-1.377197	0.000000
5.417191	0.380588	3150.265932	799.778619	62723.137519	-2122169.578888	-42.828367	0.005255	1.216755	3.709607	-1.419385	0.000000
5.472919	0.336559	2960.989419	664.763038	61211.505716	-1945509.619746	-42.044965	0.005943	1.216755	3.682694	-1.472775	0.000000
5.537209	0.287157	2827.195630	541.558423	59530.599066	-1754383.604561	-41.111140	0.006965	1.216755	3.662608	-1.541711	0.000000
5.614662	0.233362	2782.590251	433.160081	57800.895453	-1569911.310822	-39.933488	0.008570	1.216755	3.655693	-1.631793	0.000000
5.714127	0.178065	2856.912776	339.347048	55868.556194	-1409893.935990	-38.353059	0.011232	1.216755	3.667130	-1.749234	0.000000
5.852048	0.119340	3100.881028	246.851249	54549.401109	-1242716.198459	-35.971942	0.016759	1.216755	3.702705	-1.923018	0.000000
6.110216	0.066364	4270.142124	189.026221	53004.476485	-1000163.928765	-31.218926	0.030137	1.216755	3.841637	-2.177864	0.000000
-0.002967	3.372465	102296.226395	229994.115425	5.942225	0.000000	0.000617	0.000593	0.000000	5.221023	-0.472054	0.000000
-0.008897	3.378684	102091.864775	229957.623142	17.107403	0.000000	0.001800	0.000592	0.000000	5.220154	-0.471255	0.000000
-0.014809	3.390797	101696.276618	229887.734113	26.217196	0.000000	0.002833	0.000590	0.000000	5.218468	-0.469700	0.000000
-0.020696	3.408194	101134.279809	229790.197193	32.225458	0.000000	0.003635	0.000587	0.000000	5.216060	-0.467477	0.000000
-0.026549	3.430004	100439.896950	229672.852322	34.510279	0.000000	0.004149	0.000583	0.000000	5.213068	-0.464706	0.000000
-0.032360	3.455153	99653.262636	229544.850237	32.946160	0.000000	0.004348	0.000579	0.000000	5.209652	-0.461533	0.000000
-0.038128	3.482433	98817.030811	229415.746127	27.897022	0.000000	0.004234	0.000574	0.000000	5.205992	-0.458117	0.000000
-0.043848	3.510581	97972.965531	229294.598800	20.142127	0.000000	0.003839	0.000570	0.000000	5.202266	-0.454620	0.000000
-0.049523	3.538367	97158.924129	229189.171075	10.748072	0.000000	0.003219	0.000565	0.000000	5.198642	-0.451196	0.000000
-0.055154	3.564676	96406.562655	229105.313580	0.911816	0.000000	0.002443	0.000561	0.000000	5.195265	-0.447978	0.000000
-0.060745	3.588580	95739.831554	229046.585866	-8.202133	0.000000	0.001589	0.000557	0.000000	5.192251	-0.445076	0.000000
-0.066301	3.609392	95174.306484	229014.138263	-15.607344	0.000000	0.000735	0.000554	0.000000	5.189679	-0.442564	0.000000
-0.071828	3.626692	94717.265870	229006.846152	-20.606743	0.000000	-0.000052	0.000551	0.000000	5.187588	-0.440488	0.000000
-0.077331	3.640334	94368.404998	229021.660552	-22.857636	0.000000	-0.000717	0.000549	0.000000	5.185986	-0.438858	0.000000
-0.082816	3.650419	94121.027909	229054.116992	-22.385606	0.000000	-0.001225	0.000548	0.000000	5.184846	-0.437657	0.000000
-0.088289	3.657252	93963.557573	229098.931454	-19.548813	0.000000	-0.001557	0.000547	0.000000	5.184120	-0.436845	0.000000
-0.093754	3.661285	93881.196993	229150.608277	-14.960745	0.000000	-0.001716	0.000546	0.000000	5.183739	-0.436366	0.000000
