0.002967	3.372483	102295.611168	229993.965464	5.937767	-1819640.323730	-0.000617	0.000593	1.216755	5.221020	-0.472052	0.000000
0.008896	3.378701	102091.302390	229957.488623	17.094675	-1663349.291992	-0.001799	0.000592	1.216755	5.220152	-0.471253	0.000000
0.014809	3.390811	101695.813925	229887.628593	26.198027	-1368492.689905	-0.002832	0.000590	1.216755	5.218466	-0.469698	0.000000
0.020696	3.408204	101133.952623	229790.130786	32.202571	-967708.671174	-0.003634	0.000587	1.216755	5.216059	-0.467476	0.000000
0.026548	3.430009	100439.726562	229672.830576	34.486866	-503950.969159	-0.004148	0.000583	1.216755	5.213067	-0.464706	0.000000
0.032360	3.455154	99653.254250	229544.873614	32.925399	-24800.280660	-0.004346	0.000579	1.216755	5.209652	-0.461533	0.000000
0.038128	3.482429	98817.174018	229415.810132	27.881605	423559.636940	-0.004233	0.000574	1.216755	5.205992	-0.458117	0.000000
0.043848	3.510573	97973.236543	229294.694727	20.133883	801565.820927	-0.003838	0.000570	1.216755	5.202267	-0.454621	0.000000
0.049523	3.538355	97159.289340	229189.287243	10.747733	1080172.481376	-0.003218	0.000565	1.216755	5.198643	-0.451197	0.000000
0.055154	3.564662	96406.982926	229105.436872	0.918957	1243025.294697	-0.002443	0.000561	1.216755	5.195267	-0.447980	0.000000
0.060745	3.588566	95740.266672	229046.703356	-8.188981	1286934.314551	-0.001590	0.000557	1.216755	5.192253	-0.445078	0.000000
0.066301	3.609378	95174.719248	229014.238717	-15.590429	1220820.837890	-0.000736	0.000554	1.216755	5.189680	-0.442566	0.000000
0.071828	3.626680	94717.625438	229006.921208	-20.588722	1063485.883187	0.000051	0.000551	1.216755	5.187590	-0.440489	0.000000
0.077331	3.640324	94368.689202	229021.705454	-22.841159	840580.004432	0.000716	0.000549	1.216755	5.185987	-0.438859	0.000000
0.082816	3.650412	94121.224408	229054.130810	-22.372920	581180.041125	0.001224	0.000548	1.216755	5.184847	-0.437657	0.000000
0.088289	3.657247	93963.663858	229098.916794	-19.541452	314356.112316	0.001556	0.000547	1.216755	5.184120	-0.436845	0.000000
0.093754	3.661284	93881.219338	229150.570581	-14.959340	66088.539945	0.001716	0.000546	1.216755	5.183739	-0.436367	0.000000
0.099215	3.663060	93857.538034	229203.937373	-9.388898	-143159.028464	0.001718	0.000546	1.216755	5.183630	-0.436156	0.000000
0.104674	3.663142	93876.215252	229254.638543	-3.625312	-299981.475171	0.001594	0.000546	1.216755	5.183717	-0.436147	0.000000
0.110135	3.662068	93922.051687	229299.362354	1.613808	-398573.505146	0.001377	0.000546	1.216755	5.183929	-0.436274	0.000000
0.115598	3.660318	93981.978252	229335.994632	5.776454	-440288.891651	0.001107	0.000546	1.216755	5.184206	-0.436482	0.000000
0.121064	3.658282	94045.613881	229363.598506	8.530409	-432372.725205	0.000818	0.000547	1.216755	5.184500	-0.436724	0.000000
0.126533	3.656253	94105.464386	229382.270074	9.778630	-386131.232696	0.000541	0.000547	1.216755	5.184776	-0.436965	0.000000
0.132006	3.654429	94156.808798	229392.908567	9.637787	-314864.148763	0.000298	0.000547	1.216755	5.185013	-0.437181	0.000000
0.137480	3.652920	94197.347359	229396.944111	8.388017	-231883.904435	0.000103	0.000548	1.216755	5.185200	-0.437360	0.000000
0.142957	3.651769	94226.699711	229396.064081	6.405849	-148888.870901	-0.000038	0.000548	1.216755	5.185335	-0.437497	0.000000
0.148435	3.650962	94245.842034	229391.971513	4.093585	-74861.735278	-0.000127	0.000548	1.216755	5.185423	-0.437593	0.000000
0.153914	3.650455	94256.560228	229386.198256	1.817006	-15553.236116	-0.000170	0.000548	1.216755	5.185472	-0.437653	0.000000
0.159394	3.650185	94260.976622	229379.983640	-0.139963	26490.538499	-0.000177	0.000548	1.216755	5.185493	-0.437685	0.000000
0.164874	3.650085	94261.184670	229374.218435	-1.599429	51474.851625	-0.000159	0.000548	1.216755	5.185494	-0.437697	0.000000
0.170354	3.650094	94259.003865	229369.445272	-2.492622	61635.667611	-0.000126	0.000548	1.216755	5.185483	-0.437696	0.000000
0.175833	3.650159	94255.848784	229365.901182	-2.845597	60416.786031	-0.000088	0.000548	1.216755	5.185469	-0.437688	0.000000
0.181313	3.650245	94252.693353	229363.585710	-2.753434	51688.266767	-0.000051	0.000548	1.216755	5.185454	-0.437678	0.000000
0.186793	3.650325	94250.104660	229362.338773	-2.349577	39109.877906	-0.000019	0.000548	1.216755	5.185442	-0.437669	0.000000
0.192272	3.650387	94248.319196	229361.915195	-1.776395	25696.142177	0.000005	0.000548	1.216755	5.185434	-0.437661	0.000000
0.197752	3.650427	94247.337110	229362.046859	-1.161487	13594.521388	0.000020	0.000548	1.216755	5.185430	-0.437656	0.000000
0.203231	3.650447	94247.015343	229362.487684	-0.602277	4052.322631	0.000029	0.000548	1.216755	5.185428	-0.437654	0.000000
0.208710	3.650451	94247.146884	229363.040479	-0.159383	-2475.162727	0.000032	0.000548	1.216755	5.185429	-0.437654	0.000000
0.214190	3.650445	94247.519645	229363.567639	0.142330	-6132.212482	0.000032	0.000548	1.216755	5.185431	-0.437654	0.000000
0.219669	3.650434	94247.953590	229363.989421	0.307230	-7440.442923	0.000029	0.000548	1.216755	5.185433	-0.437656	0.000000
0.225148	3.650425	94248.318524	229364.274230	0.359474	-7090.516594	0.000025	0.000548	1.216755	5.185434	-0.437657	0.000000
0.230628	3.650419	94248.536989	229364.425121	0.333080	-5776.382837	0.000022	0.000548	1.216755	5.185435	-0.437657	0.000000
0.236107	3.650418	94248.577454	229364.465931	0.263322	-4085.017224	0.000019	0.000548	1.216755	5.185436	-0.437658	0.000000
0.241587	3.650423	94248.442600	229364.429333	0.180557	-2441.388164	0.000017	0.000548	1.216755	5.185435	-0.437657	0.000000
0.247066	3.650432	94248.156508	229364.348021	0.106818	-1099.195288	0.000017	0.000548	1.216755	5.185434	-0.437656	0.000000
0.252545	3.650446	94247.753300	229364.249295	0.054916	-163.245385	0.000017	0.000548	1.216755	5.185432	-0.437654	0.000000
0.258025	3.650464	94247.268558	229364.152659	0.029414	371.379326	0.000017	0.000548	1.216755	5.185429	-0.437652	0.000000
0.263504	3.650483	94246.733871	229364.069669	0.028707	576.057082	0.000018	0.000548	1.216755	5.185427	-0.437650	0.000000
0.268983	3.650504	94246.174176	229364.005206	0.047464	550.257492	0.000019	0.000548	1.216755	5.185424	-0.437647	0.000000
0.274463	3.650525	94245.607226	229363.959370	0.078875	393.000282	0.000020	0.000548	1.216755	5.185422	-0.437645	0.000000
0.279942	3.650546	94245.044397	229363.929440	0.116370	185.524830	0.000021	0.000548	1.216755	5.185419	-0.437642	0.000000
0.285421	3.650567	94244.492149	229363.911508	0.154673	-15.990542	0.000022	0.000548	1.216755	5.185417	-0.437640	0.000000
0.290900	3.650588	94243.953600	229363.901642	0.190232	-180.231433	0.000022	0.000548	1.216755	5.185414	-0.437637	0.000000
0.296379	3.650608	94243.429910	229363.896559	0.221186	-296.053838	0.000023	0.000548	1.216755	5.185412	-0.437635	0.000000
0.301858	3.650628	94242.921300	229363.893887	0.247033	-365.966432	0.000023	0.000548	1.216755	5.185409	-0.437633	0.000000
0.307337	3.650647	94242.427708	229363.892150	0.268184	-399.762019	0.000024	0.000548	1.216755	5.185407	-0.437630	0.000000
0.312816	3.650666	94241.949116	229363.890594	0.285519	-409.454070	0.000024	0.000548	1.216755	5.185405	-0.437628	0.000000
0.318295	3.650683	94241.485670	229363.888956	0.300036	-405.958685	0.000025	0.000548	1.216755	5.185403	-0.437626	0.000000
0.323774	3.650701	94241.037652	229363.887254	0.312640	-397.437252	0.000025	0.000548	1.216755	5.185401	-0.437624	0.000000
0.329253	3.650717	94240.605408	229363.885618	0.324022	-388.920172	0.000026	0.000548	1.216755	5.185399	-0.437622	0.000000
0.334732	3.650734	94240.189269	229363.884186	0.334635	-382.738995	0.000026	0.000548	1.216755	5.185397	-0.437620	0.000000
0.340211	3.650749	94239.789483	229363.883054	0.344745	-379.323338	0.000027	0.000548	1.216755	5.185395	-0.437618	0.000000
0.345690	3.650764	94239.406188	229363.882263	0.354480	-378.038904	0.000027	0.000548	1.216755	5.185393	-0.437616	0.000000
0.351169	3.650778	94239.039406	229363.881806	0.363895	-377.874910	0.000027	0.000548	1.216755	5.185392	-0.437615	0.000000
0.356648	3.650792	94238.689045	229363.881651	0.373025	-377.895930	0.000028	0.000548	1.216755	5.185390	-0.437613	0.000000
0.362127	3.650805	94238.354924	229363.881755	0.381897	-377.472694	0.000028	0.000548	1.216755	5.185388	-0.437612	0.000000
0.367605	3.650817	94238.036787	229363.882079	0.390571	-376.333676	0.000029	0.000548	1.216755	5.185387	-0.437610	0.000000
0.373084	3.650829	94237.734313	229363.882593	0.399127	-374.503377	0.000029	0.000548	1.216755	5.185386	-0.437609	0.000000
0.378563	3.650840	94237.447133	229363.883279	0.407657	-372.195016	0.000030	0.000548	1.216755	5.185384	-0.437607	0.000000
0.384042	3.650850	94237.174825	229363.884120	0.416257	-369.693408	0.000030	0.000548	1.216755	5.185383	-0.437606	0.000000
0.389520	3.650860	94236.916922	229363.885105	0.425025	-367.259355	0.000030	0.000548	1.216755	5.185382	-0.437605	0.000000
0.394999	3.650870	94236.672910	229363.886215	0.434053	-365.067666	0.000031	0.000548	1.216755	5.185381	-0.437604	0.000000
0.400478	3.650879	94236.442233	229363.887427	0.443416	-363.179768	0.000031	0.000548	1.216755	5.185380	-0.437603	0.000000
0.405957	3.650887	94236.224298	229363.888706	0.453177	-361.544683	0.000032	0.000548	1.216755	5.185379	-0.437602	0.000000
0.411435	3.650895	94236.018486	229363.890013	0.463389	-360.020827	0.000032	0.000548	1.216755	5.185378	-0.437601	0.000000
0.416914	3.650903	94235.824162	229363.891303	0.474085	-358.412757	0.000033	0.000548	1.216755	5.185377	-0.437600	0.000000
0.422393	3.650910	94235.640690	229363.892531	0.485289	-356.511568	0.000033	0.000548	1.216755	5.185376	-0.437599	0.000000
0.427871	3.650917	94235.467445	229363.893657	0.497024	-354.131110	0.000033	0.000548	1.216755	5.185375	-0.437598	0.000000
0.433350	3.650923	94235.303829	229363.894646	0.509302	-351.137924	0.000034	0.000548	1.216755	5.185374	-0.437598	0.000000
0.438829	3.650929	94235.149278	229363.895476	0.522124	-347.470770	0.000034	0.000548	1.216755	5.185374	-0.437597	0.000000
0.444307	3.650935	94235.003269	229363.896135	0.535501	-343.144835	0.000034	0.000548	1.216755	5.185373	-0.437596	0.000000
0.449786	3.650940	94234.865325	229363.896624	0.549446	-338.242537	0.000035	0.000548	1.216755	5.185372	-0.437595	0.000000
0.455264	3.650945	94234.735009	229363.896951	0.563967	-332.895236	0.000035	0.000548	1.216755	5.185372	-0.437595	0.000000
0.460743	3.650950	94234.611925	229363.897134	0.579073	-327.259616	0.000036	0.000548	1.216755	5.185371	-0.437594	0.000000
0.466222	3.650954	94234.495711	229363.897191	0.594784	-321.491092	0.000036	0.000548	1.216755	5.185371	-0.437594	0.000000
0.471700	3.650959	94234.386028	229363.897144	0.611122	-315.720487	0.000036	0.000548	1.216755	5.185370	-0.437593	0.000000
0.477179	3.650963	94234.282556	229363.897010	0.628105	-310.037894	0.000037	0.000548	1.216755	5.185370	-0.437593	0.000000
0.482657	3.650966	94234.184989	229363.896804	0.645751	-304.486400	0.000037	0.000548	1.216755	5.185369	-0.437592	0.000000
0.488136	3.650970	94234.093029	229363.896533	0.664083	-299.063569	0.000037	0.000548	1.216755	5.185369	-0.437592	0.000000
0.493614	3.650973	94234.006380	229363.896200	0.683121	-293.728653	0.000038	0.000548	1.216755	5.185368	-0.437592	0.000000
0.499093	3.650976	94233.924753	229363.895805	0.702882	-288.416989	0.000038	0.000548	1.216755	5.185368	-0.437591	0.000000
0.504572	3.650979	94233.847864	229363.895342	0.723388	-283.053958	0.000038	0.000548	1.216755	5.185368	-0.437591	0.000000
0.510050	3.650982	94233.775433	229363.894803	0.744652	-277.568724	0.000038	0.000548	1.216755	5.185367	-0.437590	0.000000
0.515529	3.650985	94233.707191	229363.894182	0.766699	-271.902513	0.000039	0.000548	1.216755	5.185367	-0.437590	0.000000
0.521007	3.650987	94233.642877	229363.893472	0.789548	-266.013335	0.000039	0.000548	1.216755	5.185367	-0.437590	0.000000
0.526486	3.650990	94233.582245	229363.892665	0.813216	-259.879183	0.000039	0.000548	1.216755	5.185366	-0.437590	0.000000
0.531964	3.650992	94233.525061	229363.891758	0.837731	-253.494531	0.000040	0.000548	1.216755	5.185366	-0.437589	0.000000
0.537443	3.650994	94233.471107	229363.890749	0.863125	-246.864273	0.000040	0.000548	1.216755	5.185366	-0.437589	0.000000
0.542921	3.650996	94233.420177	229363.889635	0.889424	-240.000172	0.000040	0.000548	1.216755	5.185366	-0.437589	0.000000
0.548400	3.650998	94233.372083	229363.888418	0.916662	-232.915744	0.000040	0.000548	1.216755	5.185365	-0.437589	0.000000
0.553878	3.651000	94233.326648	229363.887097	0.944871	-225.622374	0.000041	0.000548	1.216755	5.185365	-0.437588	0.000000
0.559357	3.651001	94233.283710	229363.885673	0.974091	-218.128064	0.000041	0.000548	1.216755	5.185365	-0.437588	0.000000
0.564835	3.651003	94233.243115	229363.884148	1.004358	-210.435188	0.000041	0.000548	1.216755	5.185365	-0.437588	0.000000
0.570314	3.651004	94233.204725	229363.882523	1.035716	-202.542324	0.000041	0.000548	1.216755	5.185365	-0.437588	0.000000
0.575792	3.651006	94233.168409	229363.880797	1.068204	-194.443943	0.000042	0.000548	1.216755	5.185364	-0.437588	0.000000
0.581271	3.651007	94233.134045	229363.878973	1.101865	-186.131802	0.000042	0.000548	1.216755	5.185364	-0.437588	0.000000
0.586749	3.651008	94233.101521	229363.877049	1.136750	-177.596069	0.000042	0.000548	1.216755	5.185364	-0.437587	0.000000
0.592228	3.651009	94233.070731	229363.875026	1.172899	-168.826321	0.000042	0.000548	1.216755	5.185364	-0.437587	0.000000
0.597707	3.651010	94233.041578	229363.872903	1.210364	-159.812041	0.000042	0.000548	1.216755	5.185364	-0.437587	0.000000
0.603185	3.651011	94233.013970	229363.870679	1.249198	-150.541123	0.000042	0.000548	1.216755	5.185364	-0.437587	0.000000
0.608664	3.651012	94232.987821	229363.868353	1.289447	-141.002297	0.000043	0.000548	1.216755	5.185364	-0.437587	0.000000
0.614142	3.651013	94232.963051	229363.865924	1.331163	-131.185443	0.000043	0.000548	1.216755	5.185364	-0.437587	0.000000
0.619621	3.651014	94232.939586	229363.863390	1.374402	-121.079394	0.000043	0.000548	1.216755	5.185363	-0.437587	0.000000
0.625099	3.651015	94232.917355	229363.860750	1.419213	-110.673775	0.000043	0.000548	1.216755	5.185363	-0.437587	0.000000
0.630578	3.651016	94232.896291	229363.858001	1.465645	-99.962930	0.000043	0.000548	1.216755	5.185363	-0.437586	0.000000
0.636056	3.651016	94232.876333	229363.855142	1.513755	-88.942889	0.000043	0.000548	1.216755	5.185363	-0.437586	0.000000
0.641535	3.651017	94232.857422	229363.852169	1.563588	-77.609483	0.000043	0.000548	1.216755	5.185363	-0.437586	0.000000
0.647013	3.651018	94232.839501	229363.849080	1.615188	-65.962155	0.000043	0.000548	1.216755	5.185363	-0.437586	0.000000
0.652492	3.651018	94232.822520	229363.845871	1.668606	-53.996022	0.000043	0.000548	1.216755	5.185363	-0.437586	0.000000
0.657970	3.651019	94232.806427	229363.842537	1.723870	-41.695782	0.000044	0.000548	1.216755	5.185363	-0.437586	0.000000
0.663448	3.651020	94232.791177	229363.839073	1.781023	-29.032704	0.000044	0.000548	1.216755	5.185363	-0.437586	0.000000
0.668927	3.651020	94232.776728	229363.835475	1.840101	-15.956673	0.000044	0.000548	1.216755	5.185363	-0.437586	0.000000
0.674405	3.651020	94232.763042	229363.831739	1.901116	-2.401888	0.000044	0.000548	1.216755	5.185363	-0.437586	0.000000
0.679884	3.651021	94232.750086	229363.827863	1.964094	11.703484	0.000044	0.000548	1.216755	5.185363	-0.437586	0.000000
0.685362	3.651021	94232.737833	229363.823849	2.029030	26.417238	0.000044	0.000548	1.216755	5.185363	-0.437586	0.000000
0.690841	3.651022	94232.726259	229363.819703	2.095911	41.751862	0.000043	0.000548	1.216755	5.185362	-0.437586	0.000000
0.696319	3.651022	94232.715342	229363.815438	2.164713	57.648601	0.000043	0.000548	1.216755	5.185362	-0.437586	0.000000
0.701798	3.651022	94232.705056	229363.811067	2.235396	73.959683	0.000043	0.000548	1.216755	5.185362	-0.437586	0.000000
0.707276	3.651023	94232.695365	229363.806607	2.307917	90.459787	0.000043	0.000548	1.216755	5.185362	-0.437586	0.000000
0.712755	3.651023	94232.686216	229363.802069	2.382232	106.884310	0.000043	0.000548	1.216755	5.185362	-0.437586	0.000000
0.718233	3.651023	94232.677531	229363.797458	2.458276	122.990002	0.000043	0.000548	1.216755	5.185362	-0.437586	0.000000
0.723712	3.651023	94232.669207	229363.792764	2.536032	138.641862	0.000043	0.000548	1.216755	5.185362	-0.437586	0.000000
0.729190	3.651024	94232.661112	229363.787960	2.615499	153.879835	0.000043	0.000548	1.216755	5.185362	-0.437586	0.000000
0.734669	3.651024	94232.653095	229363.783006	2.696518	168.920553	0.000042	0.000548	1.216755	5.185362	-0.437586	0.000000
0.740147	3.651024	94232.644997	229363.777854	2.779107	184.145892	0.000042	0.000548	1.216755	5.185362	-0.437585	0.000000
0.745626	3.651024	94232.636668	229363.772450	2.863392	200.045274	0.000042	0.000548	1.216755	5.185362	-0.437585	0.000000
0.751104	3.651025	94232.627983	229363.766751	2.948740	216.988842	0.000042	0.000548	1.216755	5.185362	-0.437585	0.000000
0.756583	3.651025	94232.618857	229363.760731	3.035331	235.194292	0.000042	0.000548	1.216755	5.185362	-0.437585	0.000000
0.762061	3.651025	94232.609255	229363.754381	3.124031	254.812158	0.000041	0.000548	1.216755	5.185362	-0.437585	0.000000
0.767540	3.651025	94232.599194	229363.747718	3.212283	275.436810	0.000041	0.000548	1.216755	5.185362	-0.437585	0.000000
0.773018	3.651026	94232.588735	229363.740779	3.301181	296.526858	0.000041	0.000548	1.216755	5.185362	-0.437585	0.000000
0.778497	3.651026	94232.577968	229363.733598	3.395550	318.303769	0.000040	0.000548	1.216755	5.185362	-0.437585	0.000000
0.783975	3.651026	94232.567001	229363.726221	3.484107	339.617510	0.000040	0.000548	1.216755	5.185362	-0.437585	0.000000
0.789454	3.651027	94232.555941	229363.718702	3.571413	359.497583	0.000039	0.000548	1.216755	5.185362	-0.437585	0.000000
0.794932	3.651027	94232.544882	229363.711027	3.681428	381.103523	0.000039	0.000548	1.216755	5.185362	-0.437585	0.000000
0.800411	3.651027	94232.533890	229363.703217	3.762614	401.284597	0.000039	0.000548	1.216755	5.185362	-0.437585	0.000000
0.805889	3.651028	94232.523031	229363.695350	3.831825	416.486293	0.000038	0.000548	1.216755	5.185362	-0.437585	0.000000
0.811368	3.651028	94232.512330	229363.687250	4.005754	442.059925	0.000038	0.000548	1.216755	5.185361	-0.437585	0.000000
0.816846	3.651028	94232.501768	229363.678939	4.049108	464.187485	0.000037	0.000548	1.216755	5.185361	-0.437585	0.000000
0.822325	3.651028	94232.491414	229363.670784	4.019489	463.680981	0.000037	0.000548	1.216755	5.185361	-0.437585	0.000000
0.827803	3.651029	94232.481241	229363.662018	4.482456	511.279924	0.000036	0.000548	1.216755	5.185361	-0.437585	0.000000
0.833282	3.651029	94232.471090	229363.652720	4.367077	546.988996	0.000035	0.000548	1.216755	5.185361	-0.437585	0.000000
0.838760	3.651029	94232.461247	229363.644711	3.843820	472.382643	0.000035	0.000548	1.216755	5.185361	-0.437585	0.000000
0.844238	3.651029	94232.451633	229363.634536	5.642705	616.730338	0.000034	0.000548	1.216755	5.185361	-0.437585	0.000000
0.849717	3.651030	94232.441502	229363.622238	4.904768	725.608945	0.000033	0.000548	1.216755	5.185361	-0.437585	0.000000
0.855195	3.651030	94232.432188	229363.616516	1.968465	302.644351	0.000033	0.000548	1.216755	5.185361	-0.437585	0.000000
0.860674	3.651030	94232.423469	229363.601572	9.965501	878.353284	0.000032	0.000548	1.216755	5.185361	-0.437585	0.000000
0.866152	3.651030	94232.411767	229363.575840	6.929517	1388.091249	0.000029	0.000548	1.216755	5.185361	-0.437585	0.000000
0.871631	3.651030	94232.403134	229363.580467	-7.670944	-649.360381	0.000031	0.000548	1.216755	5.185361	-0.437585	0.000000
0.877109	3.651030	94232.397081	229363.543077	29.130714	1864.320265	0.000030	0.000548	1.216755	5.185361	-0.437585	0.000000
0.882588	3.651029	94232.376354	229363.447551	18.424766	4547.951046	0.000016	0.000548	1.216755	5.185361	-0.437585	0.000000
0.888066	3.651030	94232.368102	229363.486964	-51.967241	-4901.705679	0.000027	0.000548	1.216755	5.185361	-0.437585	0.000000
0.893545	3.651028	94232.372410	229363.328758	119.027537	6371.650145	0.000026	0.000548	1.216755	5.185361	-0.437585	0.000000
0.899023	3.651023	94232.306035	229362.853562	88.025086	20737.577418	-0.000044	0.000548	1.216755	5.185360	-0.437586	0.000000
0.904502	3.651025	94232.289819	229362.958428	-246.090504	-22360.670459	0.000003	0.000548	1.216755	5.185360	-0.437585	0.000000
0.909980	3.651013	94232.334320	229362.107535	552.668988	28895.523630	-0.000004	0.000548	1.216755	5.185361	-0.437587	0.000000
0.915459	3.650983	94232.037979	229359.517944	506.885951	105754.964331	-0.000357	0.000548	1.216755	5.185359	-0.437591	0.000000
0.920937	3.650980	94231.933484	229359.305195	-1055.973658	-87780.525743	-0.000192	0.000548	1.216755	5.185359	-0.437591	0.000000
0.926416	3.650911	94232.112329	229354.318397	2698.686719	148771.612599	-0.000266	0.000548	1.216755	5.185359	-0.437601	0.000000
0.931895	3.650738	94230.635523	229339.720699	3005.517043	559870.857490	-0.002069	0.000548	1.216755	5.185352	-0.437621	0.000000
0.937374	3.650667	94229.820647	229334.073895	-4175.406336	-291596.142895	-0.001659	0.000548	1.216755	5.185350	-0.437629	0.000000
0.942853	3.650252	94230.259829	229303.687580	13628.492663	822933.342858	-0.002343	0.000548	1.216755	5.185350	-0.437687	0.000000
0.948333	3.649243	94222.564300	229219.617555	17865.701058	3031649.425665	-0.011748	0.000548	1.216755	5.185311	-0.437807	0.000000
0.953815	3.648542	94216.618918	229163.590077	-14344.609056	-599241.258901	-0.012025	0.000548	1.216755	5.185289	-0.437892	0.000000
0.959297	3.646007	94215.771203	228974.634123	71062.997369	4796850.834927	-0.017709	0.000549	1.216755	5.185277	-0.438238	0.000000
0.964786	3.640028	94174.217735	228482.151561	106693.375250	16866962.504226	-0.067873	0.000549	1.216755	5.185066	-0.438962	0.000000
0.970287	3.634455	94132.418697	228034.202796	-33205.187199	2349699.126186	-0.082766	0.000550	1.216755	5.184896	-0.439644	0.000000
0.975790	3.619002	94107.739030	226861.623600	379824.560919	29589236.795524	-0.126034	0.000553	1.216755	5.184740	-0.441727	0.000000
0.981336	3.583780	93869.961289	223966.199304	649330.480345	100335265.662988	-0.400090	0.000558	1.216755	5.183530	-0.446096	0.000000
0.986954	3.545489	93558.262444	220816.858624	56784.890909	55358793.843370	-0.558490	0.000564	1.216755	5.182156	-0.450872	0.000000
0.992608	3.461592	93251.515082	214200.886784	1962982.921495	211079015.456021	-0.842294	0.000578	1.216755	5.180484	-0.462411	0.000000
0.998489	3.280141	91635.350282	198690.892063	4143042.943893	737222819.683851	-2.356753	0.000610	1.216755	5.172041	-0.486611	0.000000
1.004836	3.103839	88797.994901	182367.591908	747150.526540	737084050.646609	-3.662330	0.000644	1.216755	5.158343	-0.510144	0.000000
1.011387	2.888629	85798.535455	162428.741152	5406221.587359	1323729273.630417	-4.290732	0.000692	1.216755	5.142369	-0.544455	0.000000
1.018670	2.364643	76143.767134	114299.839101	26509013.870855	4943683429.030874	-10.714860	0.000846	1.216755	5.083155	-0.637858	0.000000
1.029022	1.710062	51231.327673	53431.368142	37341492.949834	8386850714.309056	-26.310370	0.001170	1.216755	4.895967	-0.780919	0.000000
1.043923	1.268907	24363.553344	18595.550563	23429330.896160	5638323388.881357	-40.921763	0.001576	1.216755	4.562517	-0.905856	0.000000
1.062042	1.079159	10550.263858	7053.590215	9027528.378207	1951877191.479520	-48.410234	0.001853	1.216755	4.206371	-0.970709	0.000000
1.081546	1.019064	6772.018844	4510.107175	2287640.225322	345528287.272236	-50.874925	0.001963	1.216755	4.034321	-0.992883	0.000000
1.101447	1.003908	6197.547746	4136.065895	434567.555246	41830646.658974	-51.434770	0.001992	1.216755	4.002388	-0.998549	0.000000
1.121430	1.000757	6128.146162	4086.893333	70147.365291	5337123.690938	-51.535490	0.001998	1.216755	3.998362	-0.999717	0.000000
1.141428	1.000201	6118.978723	4079.901217	9533.462277	756719.602090	-51.550919	0.002000	1.216755	3.997821	-0.999920	0.000000
1.161427	1.000117	6117.660836	4078.882111	1114.278998	109831.734365	-51.552922	0.002000	1.216755	3.997743	-0.999951	0.000000
1.181427	1.000106	6117.471468	4078.740057	112.860379	15256.161971	-51.553146	0.002000	1.216755	3.997732	-0.999954	0.000000
1.201427	1.000104	6117.445697	4078.721678	9.775538	1971.094261	-51.553168	0.002000	1.216755	3.997731	-0.999955	0.000000
1.221427	1.000104	6117.442444	4078.719488	0.721595	235.083317	-51.553170	0.002000	1.216755	3.997731	-0.999955	0.000000
1.241427	1.000104	6117.442065	4078.719247	0.050454	25.944067	-51.553170	0.002000	1.216755	3.997731	-0.999955	0.000000
1.261427	1.000104	6117.442024	4078.719222	0.005215	2.684360	-51.553170	0.002000	1.216755	3.997731	-0.999955	0.000000
1.281427	1.000104	6117.442020	4078.719220	0.000967	0.269055	-51.553170	0.002000	1.216755	3.997731	-0.999955	0.000000
1.301427	1.000104	6117.442019	4078.719220	0.000195	0.027804	-51.553170	0.002000	1.216755	3.997731	-0.999955	0.000000
1.321427	1.000104	6117.442019	4078.719220	0.000034	0.003193	-51.553170	0.002000	1.216755	3.997731	-0.999955	0.000000
1.341427	1.000104	6117.442019	4078.719219	0.000005	0.000418	-51.553170	0.002000	1.216755	3.997731	-0.999955	0.000000
1.361427	1.000104	6117.442019	4078.719219	0.000001	0.000059	-51.553170	0.002000	1.216755	3.997731	-0.999955	0.000000
1.381427	1.000104	6117.442019	4078.719219	0.000000	0.000007	-51.553170	0.002000	1.216755	3.997731	-0.999955	0.000000
1.401427	1.000104	6117.442019	4078.719219	0.000000	0.000002	-51.553170	0.002000	1.216755	3.997731	-0.999955	0.000000
1.421427	1.000104	6117.442019	4078.719219	-0.000000	0.000000	-51.553170	0.002000	1.216755	3.997731	-0.999955	0.000000
1.441427	1.000104	6117.442019	4078.719219	-0.000000	-0.000001	-51.553170	0.002000	1.216755	3.997731	-0.999955	0.000000
1.461427	1.000104	6117.442019	4078.719219	0.000000	-0.000001	-51.553170	0.002000	1.216755	3.997731	-0.999955	0.000000
1.481427	1.000104	6117.442019	4078.719219	0.000000	0.000000	-51.553170	0.002000	1.216755	3.997731	-0.999955	0.000000
1.501427	1.000104	6117.442019	4078.719219	0.000000	0.000001	-51.553170	0.002000	1.216755	3.997731	-0.999955	0.000000
1.521427	1.000104	6117.442019	4078.719219	-0.000000	0.000001	-51.553170	0.002000	1.216755	3.997731	-0.999955	0.000000
1.541427	1.000104	6117.442019	4078.719219	-0.000000	-0.000001	-51.553170	0.002000	1.216755	3.997731	-0.999955	0.000000
1.561427	1.000104	6117.442019	4078.719219	0.000000	-0.000000	-51.553170	0.002000	1.216755	3.997731	-0.999955	0.000000
1.581427	1.000104	6117.442019	4078.719219	-0.000000	0.000001	-51.553170	0.002000	1.216755	3.997731	-0.999955	0.000000
1.601427	1.000104	6117.442019	4078.719219	-0.000000	-0.000001	-51.553170	0.002000	1.216755	3.997731	-0.999955	0.000000
1.621427	1.000104	6117.442019	4078.719219	0.000000	-0.000000	-51.553170	0.002000	1.216755	3.997731	-0.999955	0.000000
1.641427	1.000104	6117.442019	4078.719219	0.000000	0.000001	-51.553170	0.002000	1.216755	3.997731	-0.999955	0.000000
1.661427	1.000104	6117.442019	4078.719219	-0.000000	0.000000	-51.553170	0.002000	1.216755	3.997731	-0.999955	0.000000
1.681427	1.000104	6117.442019	4078.719219	-0.000000	0.000001	-51.553170	0.002000	1.216755	3.997731	-0.999955	0.000000
1.701427	1.000104	6117.442019	4078.719219	-0.000000	-0.000001	-51.553170	0.002000	1.216755	3.997731	-0.999955	0.000000
1.721427	1.000104	6117.442019	4078.719219	0.000000	-0.000001	-51.553170	0.002000	1.216755	3.997731	-0.999955	0.000000
1.741427	1.000104	6117.442019	4078.719219	0.000000	-0.000000	-51.553170	0.002000	1.216755	3.997731	-0.999955	0.000000
1.761427	1.000104	6117.442019	4078.719219	0.000000	0.000000	-51.553170	0.002000	1.216755	3.997731	-0.999955	0.000000
1.781427	1.000104	6117.442019	4078.719219	0.000000	-0.000000	-51.553170	0.002000	1.216755	3.997731	-0.999955	0.000000
1.801427	1.000104	6117.442019	4078.719219	0.000000	0.000001	-51.553170	0.002000	1.216755	3.997731	-0.999955	0.000000
1.821427	1.000104	6117.442019	4078.719219	-0.000000	-0.000000	-51.553170	0.002000	1.216755	3.997731	-0.999955	0.000000
1.841427	1.000104	6117.442019	4078.719219	0.000000	-0.000001	-51.553170	0.002000	1.216755	3.997731	-0.999955	0.000000
1.861427	1.000104	6117.442019	4078.719219	0.000000	-0.000000	-51.553170	0.002000	1.216755	3.997731	-0.999955	0.000000
1.881427	1.000104	6117.442019	4078.719219	0.000000	0.000001	-51.553170	0.002000	1.216755	3.997731	-0.999955	0.000000
1.901427	1.000104	6117.442019	4078.719219	-0.000000	0.000000	-51.553170	0.002000	1.216755	3.997731	-0.999955	0.000000
1.921427	1.000104	6117.442019	4078.719219	-0.000000	0.000000	-51.553170	0.002000	1.216755	3.997731	-0.999955	0.000000
1.941427	1.000104	6117.442019	4078.719219	-0.000000	-0.000000	-51.553170	0.002000	1.216755	3.997731	-0.999955	0.000000
1.961427	1.000104	6117.442019	4078.719219	-0.000000	-0.000001	-51.553170	0.002000	1.216755	3.997731	-0.999955	0.000000
1.981427	1.000104	6117.442019	4078.719219	0.000000	-0.000001	-51.553170	0.002000	1.216755	3.997731	-0.999955	0.000000
2.001427	1.000104	6117.442019	4078.719219	0.000000	0.000000	-51.553170	0.002000	1.216755	3.997731	-0.999955	0.000000
2.021427	1.000104	6117.442019	4078.719219	0.000000	0.000002	-51.553170	0.002000	1.216755	3.997731	-0.999955	0.000000
2.041427	1.000104	6117.442019	4078.719219	-0.000000	0.000001	-51.553170	0.002000	1.216755	3.997731	-0.999955	0.000000
2.061427	1.000104	6117.442019	4078.719219	-0.000000	-0.000001	-51.553170	0.002000	1.216755	3.997731	-0.999955	0.000000
2.081427	1.000104	6117.442019	4078.719219	0.000000	-0.000001	-51.553170	0.002000	1.216755	3.997731	-0.999955	0.000000
2.101427	1.000104	6117.442019	4078.719219	0.000000	0.000001	-51.553170	0.002000	1.216755	3.997731	-0.999955	0.000000
2.121427	1.000104	6117.442019	4078.719219	-0.000000	0.000000	-51.553170	0.002000	1.216755	3.997731	-0.999955	0.000000
2.141427	1.000104	6117.442019	4078.719219	-0.000000	-0.000001	-51.553170	0.002000	1.216755	3.997731	-0.999955	0.000000
2.161427	1.000104	6117.442019	4078.719219	0.000000	-0.000001	-51.553170	0.002000	1.216755	3.997731	-0.999955	0.000000
2.181427	1.000104	6117.442019	4078.719219	0.000000	0.000001	-51.553170	0.002000	1.216755	3.997731	-0.999955	0.000000
2.201427	1.000104	6117.442019	4078.719219	-0.000000	0.000001	-51.553170	0.002000	1.216755	3.997731	-0.999955	0.000000
2.221427	1.000104	6117.442019	4078.719219	-0.000000	0.000000	-51.553170	0.002000	1.216755	3.997731	-0.999955	0.000000
2.241427	1.000104	6117.442019	4078.719219	-0.000000	-0.000001	-51.553170	0.002000	1.216755	3.997731	-0.999955	0.000000
2.261427	1.000104	6117.442019	4078.719219	0.000000	0.000000	-51.553170	0.002000	1.216755	3.997731	-0.999955	0.000000
2.281427	1.000104	6117.442019	4078.719219	-0.000000	0.000001	-51.553170	0.002000	1.216755	3.997731	-0.999955	0.000000
2.301427	1.000104	6117.442019	4078.719219	-0.000000	-0.000001	-51.553170	0.002000	1.216755	3.997731	-0.999955	0.000000
2.321427	1.000104	6117.442019	4078.719219	0.000000	-0.000001	-51.553170	0.002000	1.216755	3.997731	-0.999955	0.000000
2.341427	1.000104	6117.442019	4078.719219	0.000000	0.000001	-51.553170	0.002000	1.216755	3.997731	-0.999955	0.000000
2.361427	1.000104	6117.442019	4078.719219	-0.000000	0.000000	-51.553170	0.002000	1.216755	3.997731	-0.999955	0.000000
2.381427	1.000104	6117.442019	4078.719219	-0.000000	-0.000003	-51.553170	0.002000	1.216755	3.997731	-0.999955	0.000000
2.401427	1.000104	6117.442019	4078.719219	0.000000	-0.000002	-51.553170	0.002000	1.216755	3.997731	-0.999955	0.000000
2.421427	1.000104	6117.442019	4078.719219	0.000000	0.000003	-51.553170	0.002000	1.216755	3.997731	-0.999955	0.000000
2.441427	1.000104	6117.442019	4078.719219	-0.000000	0.000003	-51.553170	0.002000	1.216755	3.997731	-0.999955	0.000000
2.461427	1.000104	6117.442019	4078.719219	-0.000000	0.000001	-51.553170	0.002000	1.216755	3.997731	-0.999955	0.000000
2.481427	1.000104	6117.442019	4078.719219	-0.000000	-0.000001	-51.553170	0.002000	1.216755	3.997731	-0.999955	0.000000
2.501427	1.000104	6117.442019	4078.719219	-0.000000	-0.000002	-51.553170	0.002000	1.216755	3.997731	-0.999955	0.000000
2.521427	1.000104	6117.442019	4078.719219	0.000000	-0.000001	-51.553170	0.002000	1.216755	3.997731	-0.999955	0.000000
2.541427	1.000104	6117.442019	4078.719219	0.000000	0.000001	-51.553170	0.002000	1.216755	3.997731	-0.999955	0.000000
2.561427	1.000104	6117.442019	4078.719219	0.000000	-0.000000	-51.553170	0.002000	1.216755	3.997731	-0.999955	0.000000
2.581427	1.000104	6117.442019	4078.719219	-0.000000	0.000000	-51.553170	0.002000	1.216755	3.997731	-0.999955	0.000000
2.601427	1.000104	6117.442019	4078.719219	0.000000	-0.000001	-51.553170	0.002000	1.216755	3.997731	-0.999955	0.000000
2.621427	1.000104	6117.442019	4078.719219	0.000000	0.000000	-51.553170	0.002000	1.216755	3.997731	-0.999955	0.000000
2.641427	1.000104	6117.442019	4078.719219	-0.000000	0.000001	-51.553170	0.002000	1.216755	3.997731	-0.999955	0.000000
2.661427	1.000104	6117.442019	4078.719219	-0.000000	-0.000000	-51.553170	0.002000	1.216755	3.997731	-0.999955	0.000000
2.681427	1.000104	6117.442019	4078.719219	-0.000000	-0.000000	-51.553170	0.002000	1.216755	3.997731	-0.999955	0.000000
2.701427	1.000104	6117.442019	4078.719219	-0.000000	-0.000000	-51.553170	0.002000	1.216755	3.997731	-0.999955	0.000000
2.721427	1.000104	6117.442019	4078.719219	-0.000000	-0.000001	-51.553170	0.002000	1.216755	3.997731	-0.999955	0.000000
2.741427	1.000104	6117.442019	4078.719219	0.000000	0.000001	-51.553170	0.002000	1.216755	3.997731	-0.999955	0.000000
2.761427	1.000104	6117.442019	4078.719219	-0.000000	0.000001	-51.553170	0.002000	1.216755	3.997731	-0.999955	0.000000
2.781427	1.000104	6117.442019	4078.719219	-0.000000	-0.000001	-51.553170	0.002000	1.216755	3.997731	-0.999955	0.000000
2.801427	1.000104	6117.442019	4078.719219	0.000000	0.000000	-51.553170	0.002000	1.216755	3.997731	-0.999955	0.000000
2.821427	1.000104	6117.442019	4078.719219	-0.000000	0.000001	-51.553170	0.002000	1.216755	3.997731	-0.999955	0.000000
2.841427	1.000104	6117.442019	4078.719219	-0.000000	-0.000001	-51.553170	0.002000	1.216755	3.997731	-0.999955	0.000000
2.861427	1.000104	6117.442019	4078.719219	0.000000	-0.000000	-51.553170	0.002000	1.216755	3.997731	-0.999955	0.000000
2.881427	1.000104	6117.442019	4078.719219	0.000000	-0.000000	-51.553170	0.002000	1.216755	3.997731	-0.999955	0.000000
2.901427	1.000104	6117.442019	4078.719219	0.000000	0.000001	-51.553170	0.002000	1.216755	3.997731	-0.999955	0.000000
2.921427	1.000104	6117.442019	4078.719219	-0.000000	-0.000000	-51.553170	0.002000	1.216755	3.997731	-0.999955	0.000000
2.941427	1.000104	6117.442019	4078.719219	0.000000	-0.000001	-51.553170	0.002000	1.216755	3.997731	-0.999955	0.000000
2.961427	1.000104	6117.442019	4078.719219	0.000000	0.000001	-51.553170	0.002000	1.216755	3.997731	-0.999955	0.000000
2.981427	1.000104	6117.442019	4078.719219	-0.000000	0.000003	-51.553170	0.002000	1.216755	3.997731	-0.999955	0.000000
3.001427	1.000104	6117.442019	4078.719219	-0.000000	-0.000001	-51.553170	0.002000	1.216755	3.997731	-0.999955	0.000000
3.021427	1.000104	6117.442019	4078.719219	0.000000	-0.000000	-51.553170	0.002000	1.216755	3.997731	-0.999955	0.000000
3.041427	1.000104	6117.442019	4078.719219	-0.000000	0.000001	-51.553170	0.002000	1.216755	3.997731	-0.999955	0.000000
3.061427	1.000104	6117.442019	4078.719219	-0.000000	-0.000000	-51.553170	0.002000	1.216755	3.997731	-0.999955	0.000000
3.081427	1.000104	6117.442019	4078.719219	-0.000000	0.000000	-51.553170	0.002000	1.216755	3.997731	-0.999955	0.000000
3.101427	1.000104	6117.442019	4078.719219	0.000000	-0.000001	-51.553170	0.002000	1.216755	3.997731	-0.999955	0.000000
3.121427	1.000104	6117.442019	4078.719219	0.000000	0.000000	-51.553170	0.002000	1.216755	3.997731	-0.999955	0.000000
3.141427	1.000104	6117.442019	4078.719219	0.000000	0.000001	-51.553170	0.002000	1.216755	3.997731	-0.999955	0.000000
3.161427	1.000104	6117.442019	4078.719219	-0.000000	-0.000000	-51.553170	0.002000	1.216755	3.997731	-0.999955	0.000000
3.181427	1.000104	6117.442019	4078.719219	0.000000	-0.000001	-51.553170	0.002000	1.216755	3.997731	-0.999955	0.000000
3.201427	1.000104	6117.442019	4078.719219	0.000000	0.000000	-51.553170	0.002000	1.216755	3.997731	-0.999955	0.000000
3.221427	1.000104	6117.442019	4078.719219	0.000000	-0.000001	-51.553170	0.002000	1.216755	3.997731	-0.999955	0.000000
3.241427	1.000104	6117.442019	4078.719219	0.000000	0.000001	-51.553170	0.002000	1.216755	3.997731	-0.999955	0.000000
3.261427	1.000104	6117.442019	4078.719219	0.000000	-0.000000	-51.553170	0.002000	1.216755	3.997731	-0.999955	0.000000
3.281427	1.000104	6117.442019	4078.719219	0.000000	0.000001	-51.553170	0.002000	1.216755	3.997731	-0.999955	0.000000
3.301427	1.000104	6117.442019	4078.719219	-0.000000	0.000001	-51.553170	0.002000	1.216755	3.997731	-0.999955	0.000000
3.321427	1.000104	6117.442019	4078.719219	0.000000	-0.000001	-51.553170	0.002000	1.216755	3.997731	-0.999955	0.000000
3.341427	1.000104	6117.442019	4078.719219	-0.000000	0.000002	-51.553170	0.002000	1.216755	3.997731	-0.999955	0.000000
3.361427	1.000104	6117.442019	4078.719219	-0.000000	-0.000001	-51.553170	0.002000	1.216755	3.997731	-0.999955	0.000000
3.381427	1.000104	6117.442019	4078.719219	-0.000000	-0.000001	-51.553170	0.002000	1.216755	3.997731	-0.999955	0.000000
3.401427	1.000104	6117.442019	4078.719219	-0.000000	-0.000000	-51.553170	0.002000	1.216755	3.997731	-0.999955	0.000000
3.421427	1.000104	6117.442019	4078.719219	0.000000	-0.000000	-51.553170	0.002000	1.216755	3.997731	-0.999955	0.000000
3.441427	1.000104	6117.442019	4078.719219	-0.000000	0.000001	-51.553170	0.002000	1.216755	3.997731	-0.999955	0.000000
3.461427	1.000104	6117.442019	4078.719219	-0.000000	-0.000000	-51.553170	0.002000	1.216755	3.997731	-0.999955	0.000000
3.481427	1.000104	6117.442019	4078.719219	-0.000000	-0.000000	-51.553170	0.002000	1.216755	3.997731	-0.999955	0.000000
3.501427	1.000104	6117.442019	4078.719219	-0.000000	-0.000002	-51.553170	0.002000	1.216755	3.997731	-0.999955	0.000000
3.521427	1.000104	6117.442019	4078.719219	0.000000	0.000001	-51.553170	0.002000	1.216755	3.997731	-0.999955	0.000000
3.541427	1.000104	6117.442019	4078.719219	-0.000000	0.000000	-51.553170	0.002000	1.216755	3.997731	-0.999955	0.000000
3.561427	1.000104	6117.442019	4078.719219	0.000000	-0.000001	-51.553170	0.002000	1.216755	3.997731	-0.999955	0.000000
3.581427	1.000104	6117.442019	4078.719219	0.000000	0.000000	-51.553170	0.002000	1.216755	3.997731	-0.999955	0.000000
3.601427	1.000104	6117.442019	4078.719219	0.000000	0.000000	-51.553170	0.002000	1.216755	3.997731	-0.999955	0.000000
3.621427	1.000104	6117.442019	4078.719219	0.000000	0.000002	-51.553170	0.002000	1.216755	3.997731	-0.999955	0.000000
3.641427	1.000104	6117.442019	4078.719219	-0.000000	0.000003	-51.553170	0.002000	1.216755	3.997731	-0.999955	0.000000
3.661427	1.000104	6117.442019	4078.719219	-0.000000	-0.000002	-51.553170	0.002000	1.216755	3.997731	-0.999955	0.000000
3.681427	1.000104	6117.442019	4078.719219	0.000000	-0.000002	-51.553170	0.002000	1.216755	3.997731	-0.999955	0.000000
3.701427	1.000104	6117.442019	4078.719219	0.000000	0.000001	-51.553170	0.002000	1.216755	3.997731	-0.999955	0.000000
3.721427	1.000104	6117.442019	4078.719219	-0.000000	-0.000001	-51.553170	0.002000	1.216755	3.997731	-0.999955	0.000000
3.741427	1.000104	6117.442019	4078.719219	0.000000	-0.000002	-51.553170	0.002000	1.216755	3.997731	-0.999955	0.000000
3.761427	1.000104	6117.442019	4078.719219	0.000000	0.000001	-51.553170	0.002000	1.216755	3.997731	-0.999955	0.000000
3.781427	1.000104	6117.442019	4078.719219	-0.000000	-0.000001	-51.553170	0.002000	1.216755	3.997731	-0.999955	0.000000
3.801427	1.000104	6117.442019	4078.719219	-0.000000	-0.000006	-51.553170	0.002000	1.216755	3.997731	-0.999955	0.000000
3.821427	1.000104	6117.442019	4078.719219	0.000000	-0.000013	-51.553170	0.002000	1.216755	3.997731	-0.999955	0.000000
3.841427	1.000104	6117.442019	4078.719219	0.000000	-0.000029	-51.553170	0.002000	1.216755	3.997731	-0.999955	0.000000
3.861427	1.000104	6117.442019	4078.719219	0.000001	-0.000074	-51.553170	0.002000	1.216755	3.997731	-0.999955	0.000000
3.881427	1.000104	6117.442019	4078.719219	0.000003	-0.000190	-51.553170	0.002000	1.216755	3.997731	-0.999955	0.000000
3.901427	1.000104	6117.442019	4078.719219	0.000007	-0.000497	-51.553170	0.002000	1.216755	3.997731	-0.999955	0.000000
3.921427	1.000104	6117.442019	4078.719219	0.000017	-0.001241	-51.553170	0.002000	1.216755	3.997731	-0.999955	0.000000
3.941427	1.000104	6117.442019	4078.719219	0.000043	-0.003034	-51.553170	0.002000	1.216755	3.997731	-0.999955	0.000000
3.961427	1.000104	6117.442019	4078.719219	0.000104	-0.007321	-51.553170	0.002000	1.216755	3.997731	-0.999955	0.000000
3.981427	1.000104	6117.442019	4078.719219	0.000249	-0.017351	-51.553170	0.002000	1.216755	3.997731	-0.999955	0.000000
4.001427	1.000104	6117.442019	4078.719219	0.000585	-0.040420	-51.553170	0.002000	1.216755	3.997731	-0.999955	0.000000
4.021427	1.000104	6117.442018	4078.719218	0.001354	-0.092645	-51.553170	0.002000	1.216755	3.997731	-0.999955	0.000000
4.041427	1.000104	6117.442015	4078.719215	0.003083	-0.208894	-51.553170	0.002000	1.216755	3.997731	-0.999955	0.000000
4.061427	1.000104	6117.442010	4078.719209	0.006903	-0.463414	-51.553170	0.002000	1.216755	3.997731	-0.999955	0.000000
4.081427	1.000104	6117.441999	4078.719196	0.015207	-1.011470	-51.553170	0.002000	1.216755	3.997731	-0.999955	0.000000
4.101427	1.000104	6117.441975	4078.719167	0.032952	-2.171932	-51.553170	0.002000	1.216755	3.997731	-0.999955	0.000000
4.121427	1.000104	6117.441923	4078.719103	0.070240	-4.587809	-51.553170	0.002000	1.216755	3.997731	-0.999955	0.000000
4.141427	1.000104	6117.441813	4078.718969	0.147253	-9.531424	-51.553170	0.002000	1.216755	3.997731	-0.999955	0.000000
4.161427	1.000104	6117.441585	4078.718688	0.303556	-19.472419	-51.553169	0.002000	1.216755	3.997731	-0.999955	0.000000
4.181427	1.000104	6117.441118	4078.718109	0.615176	-39.113752	-51.553168	0.002000	1.216755	3.997730	-0.999955	0.000000
4.201427	1.000104	6117.440179	4078.716937	1.225415	-77.207509	-51.553166	0.002000	1.216755	3.997730	-0.999955	0.000000
4.221427	1.000104	6117.438323	4078.714605	2.398336	-149.738441	-51.553163	0.002000	1.216755	3.997730	-0.999955	0.000000
4.241427	1.000103	6117.434723	4078.710049	4.610363	-285.230449	-51.553155	0.002000	1.216755	3.997730	-0.999955	0.000000
4.261428	1.000102	6117.427860	4078.701301	8.701519	-533.426375	-51.553141	0.002000	1.216755	3.997730	-0.999956	0.000000
4.281428	1.000100	6117.415016	4078.684809	16.117859	-978.998119	-51.553115	0.002000	1.216755	3.997729	-0.999957	0.000000
4.301428	1.000096	6117.391430	4078.654298	29.286807	-1762.441779	-51.553065	0.002000	1.216755	3.997727	-0.999958	0.000000
4.321428	1.000089	6117.348947	4078.598915	52.176173	-3110.668075	-51.552975	0.002000	1.216755	3.997724	-0.999961	0.000000
4.341428	1.000077	6117.273927	4078.500345	91.090687	-5379.755038	-51.552815	0.002000	1.216755	3.997719	-0.999966	0.000000
4.361429	1.000056	6117.144123	4078.328408	155.749467	-9111.484988	-51.552535	0.002000	1.216755	3.997710	-0.999976	0.000000
4.381430	1.000019	6116.924183	4078.034650	260.653468	-15103.116147	-51.552055	0.002000	1.216755	3.997694	-0.999991	0.000000
4.401432	0.999957	6116.559459	4077.543338	426.682280	-24485.826542	-51.551253	0.002000	1.216755	3.997668	-1.000018	0.000000
4.421436	0.999855	6115.967898	4076.739450	682.746768	-38801.154037	-51.549939	0.002000	1.216755	3.997627	-1.000062	0.000000
4.441442	0.999691	6115.030050	4075.453487	1067.171021	-60057.011528	-51.547836	0.002001	1.216755	3.997561	-1.000133	0.000000
4.461452	0.999431	6113.577638	4073.443587	1628.310558	-90737.009050	-51.544547	0.002001	1.216755	3.997458	-1.000245	0.000000
4.481468	0.999032	6111.381732	4070.376280	2423.786581	-133732.094321	-51.539524	0.002002	1.216755	3.997303	-1.000417	0.000000
4.501494	0.998433	6108.142299	4065.808377	3517.715201	-192166.338673	-51.532042	0.002003	1.216755	3.997074	-1.000676	0.000000
4.521534	0.997556	6103.481450	4059.173645	4975.530925	-269102.615172	-51.521169	0.002005	1.216755	3.996745	-1.001055	0.000000
4.541595	0.996302	6096.943059	4049.778708	6856.486912	-367141.972306	-51.505765	0.002007	1.216755	3.996282	-1.001599	0.000000
4.561685	0.994555	6088.001030	4036.812597	9204.638659	-487964.994957	-51.484488	0.002011	1.216755	3.995647	-1.002357	0.000000
4.581816	0.992184	6076.077360	4019.373003	12039.767143	-631911.608344	-51.455835	0.002016	1.216755	3.994799	-1.003389	0.000000
4.602002	0.989042	6060.569408	3996.509712	15350.487003	-797668.278607	-51.418198	0.002022	1.216755	3.993693	-1.004761	0.000000
4.622261	0.984984	6040.883455	3967.281970	19091.052853	-982207.733222	-51.369950	0.002030	1.216755	3.992285	-1.006540	0.000000
4.642613	0.979865	6016.470216	3930.823165	23183.419569	-1180965.658454	-51.309525	0.002041	1.216755	3.990531	-1.008796	0.000000
4.663083	0.973555	5986.856797	3886.403583	27524.287610	-1388252.873453	-51.235508	0.002054	1.216755	3.988394	-1.011594	0.000000
4.683700	0.965946	5951.670642	3833.482123	31995.497077	-1597847.389504	-51.146699	0.002071	1.216755	3.985839	-1.014994	0.000000
4.704495	0.956953	5910.652687	3771.739950	36475.376964	-1803693.098442	-51.042151	0.002090	1.216755	3.982841	-1.019047	0.000000
4.725501	0.946525	5863.658251	3701.091892	40852.005145	-2000027.641765	-50.921183	0.002113	1.216755	3.979379	-1.023798	0.000000
4.746756	0.934636	5810.646871	3621.676550	45027.972754	-2182385.328718	-50.783365	0.002140	1.216755	3.975440	-1.029279	0.000000
4.768301	0.921291	5751.666951	3533.830763	48927.383629	-2347324.940794	-50.628479	0.002171	1.216755	3.971014	-1.035517	0.000000
4.790178	0.906514	5686.834404	3438.052047	52496.655959	-2492594.447452	-50.456470	0.002206	1.216755	3.966096	-1.042531	0.000000
4.812432	0.890350	5616.310746	3334.956601	55703.351161	-2617016.467035	-50.267392	0.002246	1.216755	3.960680	-1.050338	0.000000
4.835112	0.872854	5540.282246	3225.237891	58533.188076	-2720311.163840	-50.061351	0.002291	1.216755	3.954765	-1.058951	0.000000
4.858269	0.854088	5458.941673	3109.629507	60986.440276	-2802887.294068	-49.838454	0.002342	1.216755	3.948345	-1.068384	0.000000
4.881958	0.834118	5372.472834	2988.874003	63074.096852	-2865664.384809	-49.598769	0.002398	1.216755	3.941413	-1.078654	0.000000
4.906240	0.813008	5281.039844	2863.699787	64814.147936	-2909816.671957	-49.342284	0.002460	1.216755	3.933961	-1.089782	0.000000
4.931178	0.790817	5184.778805	2734.806155	66228.556510	-2936726.288446	-49.068866	0.002529	1.216755	3.925974	-1.101796	0.000000
4.956843	0.767600	5083.785253	2602.845895	67344.826332	-2947535.789365	-48.778242	0.002606	1.216755	3.917433	-1.114733	0.000000
4.983316	0.743401	4978.122241	2468.426016	68184.514504	-2944091.535193	-48.469978	0.002690	1.216755	3.908313	-1.128641	0.000000
5.010683	0.718256	4867.828952	2332.116579	68772.530110	-2927325.145338	-48.143416	0.002785	1.216755	3.898584	-1.143582	0.000000
5.039045	0.692191	4752.905449	2194.447019	69131.011195	-2898373.667593	-47.797664	0.002889	1.216755	3.888209	-1.159633	0.000000
5.068518	0.665231	4633.292572	2055.917483	69279.816015	-2858288.035753	-47.431554	0.003006	1.216755	3.877141	-1.176884	0.000000
5.099232	0.637401	4508.806655	1916.995634	69236.001250	-2808208.775625	-47.043615	0.003138	1.216755	3.865314	-1.195441	0.000000
5.131341	0.608744	4378.946295	1778.090032	69012.031290	-2749567.250881	-46.632056	0.003285	1.216755	3.852623	-1.215417	0.000000
5.165024	0.579325	4242.604838	1639.481544	68616.472206	-2684326.201681	-46.194754	0.003452	1.216755	3.838886	-1.236928	0.000000
5.200490	0.549228	4097.587647	1501.187018	68052.145814	-2614588.424887	-45.729313	0.003641	1.216755	3.823783	-1.260096	0.000000
5.237980	0.518503	3940.364324	1362.836799	67317.329162	-2542011.811132	-45.232885	0.003857	1.216755	3.806792	-1.285096	0.000000
5.277789	0.487027	3766.434411	1223.608818	66410.748548	-2464922.093465	-44.702061	0.004107	1.216755	3.787187	-1.312293	0.000000
5.320301	0.454312	3572.728972	1082.719942	65327.974571	-2376978.260892	-44.131413	0.004402	1.216755	3.764258	-1.342491	0.000000
5.366077	0.419266	3362.391555	940.377787	64088.615708	-2265344.340157	-43.511862	0.004770	1.216755	3.737908	-1.377354	0.000000
5.416055	0.380448	3149.548911	799.302300	62687.564335	-2120712.256029	-42.825665	0.005257	1.216755	3.709508	-1.419545	0.000000
5.471804	0.336432	2960.332089	664.364379	61176.421921	-1944165.830045	-42.042328	0.005945	1.216755	3.682598	-1.472939	0.000000
5.536119	0.287045	2826.602874	541.232807	59496.191142	-1753178.485544	-41.108576	0.006968	1.216755	3.662517	-1.541881	0.000000
5.613603	0.233267	2782.059814	432.900649	57767.050425	-1568859.050353	-39.930998	0.008574	1.216755	3.655610	-1.631970	0.000000
5.713110	0.177988	2856.436393	339.144012	55835.613609	-1408984.350145	-38.350652	0.011237	1.216755	3.667058	-1.749422	0.000000
5.851094	0.119285	3100.461120	246.705151	54516.287067	-1241952.250476	-35.969592	0.016767	1.216755	3.702646	-1.923216	0.000000
6.109388	0.066332	4269.804145	188.921647	52972.458418	-999629.969667	-31.216643	0.030151	1.216755	3.841603	-2.178070	0.000000
-0.002967	3.372483	102295.611168	229993.965464	5.937767	0.000000	0.000617	0.000593	0.000000	5.221020	-0.472052	0.000000
-0.008896	3.378701	102091.302390	229957.488623	17.094675	0.000000	0.001799	0.000592	0.000000	5.220152	-0.471253	0.000000
-0.014809	3.390811	101695.813925	229887.628593	26.198027	0.000000	0.002832	0.000590	0.000000	5.218466	-0.469698	0.000000
-0.020696	3.408204	101133.952623	229790.130786	32.202571	0.000000	0.003634	0.000587	0.000000	5.216059	-0.467476	0.000000
-0.026548	3.430009	100439.726562	229672.830576	34.486866	0.000000	0.004148	0.000583	0.000000	5.213067	-0.464706	0.000000
-0.032360	3.455154	99653.254250	229544.873614	32.925399	0.000000	0.004346	0.000579	0.000000	5.209652	-0.461533	0.000000
-0.038128	3.482429	98817.174018	229415.810132	27.881605	0.000000	0.004233	0.000574	0.000000	5.205992	-0.458117	0.000000
-0.043848	3.510573	97973.236543	229294.694727	20.133883	0.000000	0.003838	0.000570	0.000000	5.202267	-0.454621	0.000000
-0.049523	3.538355	97159.289340	229189.287243	10.747733	0.000000	0.003218	0.000565	0.000000	5.198643	-0.451197	0.000000
-0.055154	3.564662	96406.982926	229105.436872	0.918957	0.000000	0.002443	0.000561	0.000000	5.195267	-0.447980	0.000000
-0.060745	3.588566	95740.266672	229046.703356	-8.188981	0.000000	0.001590	0.000557	0.000000	5.192253	-0.445078	0.000000
-0.066301	3.609378	95174.719248	229014.238717	-15.590429	0.000000	0.000736	0.000554	0.000000	5.189680	-0.442566	0.000000
-0.071828	3.626680	94717.625438	229006.921208	-20.588722	0.000000	-0.000051	0.000551	0.000000	5.187590	-0.440489	0.000000
-0.077331	3.640324	94368.689202	229021.705454	-22.841159	0.000000	-0.000716	0.000549	0.000000	5.185987	-0.438859	0.000000
-0.082816	3.650412	94121.224408	229054.130810	-22.372920	0.000000	-0.001224	0.000548	0.000000	5.184847	-0.437657	0.000000
-0.088289	3.657247	93963.663858	229098.916794	-19.541452	0.000000	-0.001556	0.000547	0.000000	5.184120	-0.436845	0.000000
-0.093754	3.661284	93881.219338	229150.570581	-14.959340	0.000000	-0.001716	0.000546	0.000000	5.183739	-0.436367	0.000000
