0.002967	3.372627	102290.698847	229992.768924	5.902263	-1813407.246744	-0.000615	0.000593	1.216755	5.220999	-0.472033	0.000000
0.008896	3.378834	102086.811640	229956.415197	16.993292	-1657884.398506	-0.001793	0.000592	1.216755	5.220133	-0.471235	0.000000
0.014809	3.390922	101692.118542	229886.786386	26.045329	-1364451.968554	-0.002823	0.000590	1.216755	5.218450	-0.469684	0.000000
0.020695	3.408284	101131.338433	229789.600450	32.020236	-965545.003748	-0.003623	0.000587	1.216755	5.216048	-0.467466	0.000000
0.026548	3.430053	100438.363603	229672.656404	34.300321	-503857.525875	-0.004136	0.000583	1.216755	5.213061	-0.464700	0.000000
0.032359	3.455159	99653.184282	229545.059348	32.759935	-26695.423156	-0.004335	0.000579	1.216755	5.209652	-0.461532	0.000000
0.038127	3.482397	98818.314260	229416.320012	27.758655	420005.945691	-0.004223	0.000574	1.216755	5.205998	-0.458121	0.000000
0.043848	3.510507	97975.397492	229295.459422	20.068010	796872.249430	-0.003831	0.000570	1.216755	5.202277	-0.454629	0.000000
0.049522	3.538264	97162.203089	229190.213683	10.744770	1074965.151575	-0.003214	0.000565	1.216755	5.198656	-0.451209	0.000000
0.055154	3.564554	96410.337365	229106.420509	0.975528	1237948.945711	-0.002442	0.000561	1.216755	5.195282	-0.447993	0.000000
0.060745	3.588450	95743.740959	229047.641126	-8.084554	1282568.458151	-0.001592	0.000557	1.216755	5.192269	-0.445092	0.000000
0.066301	3.609265	95178.016472	229015.040987	-15.456022	1217611.286814	-0.000741	0.000554	1.216755	5.189695	-0.442580	0.000000
0.071828	3.626579	94720.499265	229007.521210	-20.445466	1061698.886822	0.000044	0.000551	1.216755	5.187603	-0.440502	0.000000
0.077331	3.640242	94370.962376	229022.065129	-22.710141	840282.985200	0.000708	0.000549	1.216755	5.185998	-0.438869	0.000000
0.082816	3.650352	94122.798031	229054.242571	-22.272032	582249.580868	0.001216	0.000548	1.216755	5.184855	-0.437665	0.000000
0.088289	3.657212	93964.517421	229098.801272	-19.482896	316510.573510	0.001550	0.000547	1.216755	5.184124	-0.436850	0.000000
0.093754	3.661272	93881.402439	229150.271005	-14.948168	68939.611737	0.001710	0.000546	1.216755	5.183740	-0.436368	0.000000
0.099215	3.663068	93857.155558	229203.511662	-9.422777	-140044.082307	0.001715	0.000546	1.216755	5.183628	-0.436155	0.000000
0.104675	3.663165	93875.408368	229254.150407	-3.695507	-297016.540372	0.001592	0.000546	1.216755	5.183713	-0.436144	0.000000
0.110135	3.662102	93920.977381	229298.872747	1.520469	-396098.905435	0.001378	0.000546	1.216755	5.183924	-0.436270	0.000000
0.115598	3.660357	93980.790018	229335.554709	5.675045	-438533.061109	0.001108	0.000546	1.216755	5.184200	-0.436477	0.000000
0.121064	3.658321	94044.445813	229363.244861	8.435306	-431434.874452	0.000821	0.000547	1.216755	5.184495	-0.436719	0.000000
0.126533	3.656289	94104.420186	229382.022635	9.701296	-385985.645932	0.000544	0.000547	1.216755	5.184771	-0.436960	0.000000
0.132006	3.654460	94155.956352	229392.771042	9.585324	-315382.898518	0.000301	0.000547	1.216755	5.185009	-0.437177	0.000000
0.137480	3.652944	94196.718646	229396.906536	8.362650	-232871.876634	0.000106	0.000548	1.216755	5.185197	-0.437358	0.000000
0.142957	3.651785	94226.295112	229396.106742	6.405327	-150123.593871	-0.000036	0.000548	1.216755	5.185333	-0.437495	0.000000
0.148435	3.650971	94245.637614	229392.069455	4.112292	-76130.725214	-0.000125	0.000548	1.216755	5.185422	-0.437592	0.000000
0.153914	3.650459	94256.516439	229386.325613	1.847495	-16683.138270	-0.000169	0.000548	1.216755	5.185472	-0.437653	0.000000
0.159394	3.650184	94261.046945	229380.117186	-0.105380	25616.348386	-0.000177	0.000548	1.216755	5.185493	-0.437685	0.000000
0.164874	3.650082	94261.323044	229374.340014	-1.567313	50910.950065	-0.000159	0.000548	1.216755	5.185494	-0.437698	0.000000
0.170354	3.650089	94259.170192	229369.542972	-2.467488	61380.036352	-0.000127	0.000548	1.216755	5.185484	-0.437697	0.000000
0.175833	3.650154	94256.012214	229365.969357	-2.829533	60423.957665	-0.000089	0.000548	1.216755	5.185470	-0.437689	0.000000
0.181313	3.650240	94252.833464	229363.624115	-2.746216	51886.383510	-0.000052	0.000548	1.216755	5.185455	-0.437679	0.000000
0.186793	3.650321	94250.210915	229362.351142	-2.349183	39417.995379	-0.000020	0.000548	1.216755	5.185443	-0.437669	0.000000
0.192272	3.650385	94248.389222	229361.907621	-1.779729	26038.855236	0.000004	0.000548	1.216755	5.185435	-0.437662	0.000000
0.197752	3.650426	94247.374365	229362.026258	-1.165151	13912.103287	0.000020	0.000548	1.216755	5.185430	-0.437657	0.000000
0.203231	3.650446	94247.026689	229362.460572	-0.603228	4305.759950	0.000029	0.000548	1.216755	5.185428	-0.437654	0.000000
0.208710	3.650450	94247.140450	229363.012155	-0.155392	-2303.814742	0.000032	0.000548	1.216755	5.185429	-0.437654	0.000000
0.214190	3.650445	94247.503194	229363.541790	0.152470	-6043.010449	0.000032	0.000548	1.216755	5.185431	-0.437654	0.000000
0.219669	3.650435	94247.933495	229363.968095	0.323705	-7420.793565	0.000029	0.000548	1.216755	5.185433	-0.437656	0.000000
0.225148	3.650425	94248.299298	229364.258067	0.381637	-7121.009885	0.000025	0.000548	1.216755	5.185434	-0.437657	0.000000
0.230628	3.650419	94248.521273	229364.413734	0.359712	-5836.044987	0.000022	0.000548	1.216755	5.185435	-0.437657	0.000000
0.236107	3.650418	94248.566297	229364.458321	0.292925	-4155.237356	0.000019	0.000548	1.216755	5.185435	-0.437658	0.000000
0.241587	3.650423	94248.435894	229364.424261	0.211615	-2508.222697	0.000017	0.000548	1.216755	5.185435	-0.437657	0.000000
0.247066	3.650432	94248.153451	229364.344299	0.137978	-1154.138251	0.000017	0.000548	1.216755	5.185434	-0.437656	0.000000
0.252545	3.650446	94247.752798	229364.245960	0.085087	-202.806392	0.000017	0.000548	1.216755	5.185432	-0.437654	0.000000
0.258025	3.650464	94247.269525	229364.149047	0.057795	346.834181	0.000017	0.000548	1.216755	5.185429	-0.437652	0.000000
0.263504	3.650483	94246.735410	229364.065419	0.054759	563.749625	0.000018	0.000548	1.216755	5.185427	-0.437650	0.000000
0.268983	3.650504	94246.175658	229364.000201	0.070852	546.369242	0.000019	0.000548	1.216755	5.185424	-0.437647	0.000000
0.274463	3.650525	94245.608290	229363.953667	0.099407	393.744609	0.000020	0.000548	1.216755	5.185422	-0.437645	0.000000
0.279942	3.650546	94245.044903	229363.923188	0.133934	187.824449	0.000021	0.000548	1.216755	5.185419	-0.437642	0.000000
0.285421	3.650567	94244.492108	229363.904887	0.169199	-14.208252	0.000022	0.000548	1.216755	5.185417	-0.437640	0.000000
0.290900	3.650588	94243.953113	229363.894820	0.201672	-180.038096	0.000022	0.000548	1.216755	5.185414	-0.437637	0.000000
0.296379	3.650608	94243.429106	229363.889665	0.229508	-297.712946	0.000023	0.000548	1.216755	5.185412	-0.437635	0.000000
0.301858	3.650628	94242.920305	229363.887007	0.252229	-369.208269	0.000023	0.000548	1.216755	5.185409	-0.437633	0.000000
0.307337	3.650647	94242.426620	229363.885329	0.270275	-404.053923	0.000024	0.000548	1.216755	5.185407	-0.437630	0.000000
0.312816	3.650665	94241.948001	229363.883846	0.284563	-414.216914	0.000024	0.000548	1.216755	5.185405	-0.437628	0.000000
0.318295	3.650683	94241.484564	229363.882277	0.296139	-410.706341	0.000025	0.000548	1.216755	5.185403	-0.437626	0.000000
0.323774	3.650701	94241.036570	229363.880631	0.305941	-401.841634	0.000025	0.000548	1.216755	5.185401	-0.437624	0.000000
0.329253	3.650717	94240.604350	229363.879037	0.314696	-392.818993	0.000026	0.000548	1.216755	5.185399	-0.437622	0.000000
0.334732	3.650734	94240.188228	229363.877636	0.322886	-386.105730	0.000026	0.000548	1.216755	5.185397	-0.437620	0.000000
0.340211	3.650749	94239.788452	229363.876530	0.330787	-382.222919	0.000027	0.000548	1.216755	5.185395	-0.437618	0.000000
0.345690	3.650764	94239.405162	229363.875763	0.338527	-380.583207	0.000027	0.000548	1.216755	5.185393	-0.437616	0.000000
0.351169	3.650778	94239.038380	229363.875333	0.346155	-380.186769	0.000028	0.000548	1.216755	5.185392	-0.437615	0.000000
0.356648	3.650792	94238.688020	229363.875209	0.353684	-380.086200	0.000028	0.000548	1.216755	5.185390	-0.437613	0.000000
0.362127	3.650805	94238.353900	229363.875350	0.361130	-379.628932	0.000028	0.000548	1.216755	5.185388	-0.437612	0.000000
0.367605	3.650817	94238.035765	229363.875716	0.368529	-378.517199	0.000029	0.000548	1.216755	5.185387	-0.437610	0.000000
0.373084	3.650829	94237.733297	229363.876276	0.375931	-376.753416	0.000029	0.000548	1.216755	5.185386	-0.437609	0.000000
0.378563	3.650840	94237.446123	229363.877011	0.383409	-374.534279	0.000030	0.000548	1.216755	5.185384	-0.437607	0.000000
0.384042	3.650850	94237.173821	229363.877904	0.391041	-372.133376	0.000030	0.000548	1.216755	5.185383	-0.437606	0.000000
0.389520	3.650860	94236.915925	229363.878942	0.398903	-369.806139	0.000031	0.000548	1.216755	5.185382	-0.437605	0.000000
0.394999	3.650870	94236.671918	229363.880106	0.407070	-367.725271	0.000031	0.000548	1.216755	5.185381	-0.437604	0.000000
0.400478	3.650879	94236.441246	229363.881373	0.415607	-365.951429	0.000031	0.000548	1.216755	5.185380	-0.437603	0.000000
0.405957	3.650887	94236.223316	229363.882709	0.424560	-364.434438	0.000032	0.000548	1.216755	5.185379	-0.437602	0.000000
0.411435	3.650895	94236.017508	229363.884074	0.433968	-363.035182	0.000032	0.000548	1.216755	5.185378	-0.437601	0.000000
0.416914	3.650903	94235.823188	229363.885423	0.443864	-361.559573	0.000033	0.000548	1.216755	5.185377	-0.437600	0.000000
0.422393	3.650910	94235.639720	229363.886712	0.454265	-359.799276	0.000033	0.000548	1.216755	5.185376	-0.437599	0.000000
0.427871	3.650917	94235.466482	229363.887901	0.465182	-357.569222	0.000033	0.000548	1.216755	5.185375	-0.437598	0.000000
0.433350	3.650923	94235.302874	229363.888956	0.476624	-354.736431	0.000034	0.000548	1.216755	5.185374	-0.437598	0.000000
0.438829	3.650929	94235.148332	229363.889853	0.488597	-351.239228	0.000034	0.000548	1.216755	5.185374	-0.437597	0.000000
0.444307	3.650935	94235.002335	229363.890583	0.501105	-347.090775	0.000035	0.000548	1.216755	5.185373	-0.437596	0.000000
0.449786	3.650940	94234.864404	229363.891143	0.514152	-342.372148	0.000035	0.000548	1.216755	5.185372	-0.437595	0.000000
0.455264	3.650945	94234.734102	229363.891545	0.527752	-337.213818	0.000035	0.000548	1.216755	5.185372	-0.437595	0.000000
0.460743	3.650950	94234.611033	229363.891804	0.541917	-331.769762	0.000036	0.000548	1.216755	5.185371	-0.437594	0.000000
0.466222	3.650954	94234.494834	229363.891939	0.556659	-326.194337	0.000036	0.000548	1.216755	5.185371	-0.437594	0.000000
0.471700	3.650959	94234.385166	229363.891972	0.572002	-320.617884	0.000036	0.000548	1.216755	5.185370	-0.437593	0.000000
0.477179	3.650963	94234.281710	229363.891919	0.587960	-315.130309	0.000037	0.000548	1.216755	5.185370	-0.437593	0.000000
0.482657	3.650966	94234.184158	229363.891796	0.604555	-309.776490	0.000037	0.000548	1.216755	5.185369	-0.437592	0.000000
0.488136	3.650970	94234.092211	229363.891610	0.621811	-304.554049	0.000037	0.000548	1.216755	5.185369	-0.437592	0.000000
0.493614	3.650973	94234.005576	229363.891365	0.639743	-299.423496	0.000038	0.000548	1.216755	5.185368	-0.437592	0.000000
0.499093	3.650976	94233.923964	229363.891058	0.658368	-294.322884	0.000038	0.000548	1.216755	5.185368	-0.437591	0.000000
0.504572	3.650979	94233.847089	229363.890687	0.677708	-289.178105	0.000038	0.000548	1.216755	5.185368	-0.437591	0.000000
0.510050	3.650982	94233.774672	229363.890242	0.697778	-283.918194	0.000039	0.000548	1.216755	5.185367	-0.437590	0.000000
0.515529	3.650985	94233.706445	229363.889718	0.718591	-278.485164	0.000039	0.000548	1.216755	5.185367	-0.437590	0.000000
0.521007	3.650987	94233.642147	229363.889107	0.740171	-272.838016	0.000039	0.000548	1.216755	5.185367	-0.437590	0.000000
0.526486	3.650990	94233.581531	229363.888402	0.762541	-266.954458	0.000040	0.000548	1.216755	5.185366	-0.437590	0.000000
0.531964	3.650992	94233.524364	229363.887601	0.785721	-260.828095	0.000040	0.000548	1.216755	5.185366	-0.437589	0.000000
0.537443	3.650994	94233.470427	229363.886699	0.809733	-254.464495	0.000040	0.000548	1.216755	5.185366	-0.437589	0.000000
0.542921	3.650996	94233.419516	229363.885696	0.834612	-247.875564	0.000040	0.000548	1.216755	5.185366	-0.437589	0.000000
0.548400	3.650998	94233.371441	229363.884592	0.860383	-241.074682	0.000041	0.000548	1.216755	5.185365	-0.437589	0.000000
0.553878	3.650999	94233.326025	229363.883388	0.887075	-234.074780	0.000041	0.000548	1.216755	5.185365	-0.437588	0.000000
0.559357	3.651001	94233.283106	229363.882084	0.914728	-226.884092	0.000041	0.000548	1.216755	5.185365	-0.437588	0.000000
0.564835	3.651003	94233.242532	229363.880682	0.943375	-219.505442	0.000041	0.000548	1.216755	5.185365	-0.437588	0.000000
0.570314	3.651004	94233.204163	229363.879183	0.973050	-211.938268	0.000042	0.000548	1.216755	5.185365	-0.437588	0.000000
0.575792	3.651006	94233.167868	229363.877588	1.003794	-204.177618	0.000042	0.000548	1.216755	5.185364	-0.437588	0.000000
0.581271	3.651007	94233.133526	229363.875898	1.035646	-196.215999	0.000042	0.000548	1.216755	5.185364	-0.437588	0.000000
0.586750	3.651008	94233.101025	229363.874111	1.068649	-188.044444	0.000042	0.000548	1.216755	5.185364	-0.437587	0.000000
0.592228	3.651009	94233.070258	229363.872230	1.102844	-179.652672	0.000043	0.000548	1.216755	5.185364	-0.437587	0.000000
0.597707	3.651010	94233.041129	229363.870252	1.138275	-171.030368	0.000043	0.000548	1.216755	5.185364	-0.437587	0.000000
0.603185	3.651011	94233.013545	229363.868178	1.174992	-162.166991	0.000043	0.000548	1.216755	5.185364	-0.437587	0.000000
0.608664	3.651012	94232.987421	229363.866006	1.213044	-153.051318	0.000043	0.000548	1.216755	5.185364	-0.437587	0.000000
0.614142	3.651013	94232.962677	229363.863736	1.252482	-143.672655	0.000043	0.000548	1.216755	5.185364	-0.437587	0.000000
0.619621	3.651014	94232.939239	229363.861366	1.293353	-134.021271	0.000043	0.000548	1.216755	5.185363	-0.437587	0.000000
0.625099	3.651015	94232.917035	229363.858894	1.335711	-124.087902	0.000044	0.000548	1.216755	5.185363	-0.437587	0.000000
0.630578	3.651016	94232.895999	229363.856319	1.379616	-113.866054	0.000044	0.000548	1.216755	5.185363	-0.437586	0.000000
0.636056	3.651016	94232.876070	229363.853639	1.425115	-103.350612	0.000044	0.000548	1.216755	5.185363	-0.437586	0.000000
0.641535	3.651017	94232.857189	229363.850851	1.472250	-92.539728	0.000044	0.000548	1.216755	5.185363	-0.437586	0.000000
0.647013	3.651018	94232.839299	229363.847952	1.521087	-81.431289	0.000044	0.000548	1.216755	5.185363	-0.437586	0.000000
0.652492	3.651018	94232.822349	229363.844938	1.571667	-70.015893	0.000044	0.000548	1.216755	5.185363	-0.437586	0.000000
0.657970	3.651019	94232.806289	229363.841806	1.624030	-58.279213	0.000044	0.000548	1.216755	5.185363	-0.437586	0.000000
0.663448	3.651019	94232.791072	229363.838549	1.678232	-46.189467	0.000044	0.000548	1.216755	5.185363	-0.437586	0.000000
0.668927	3.651020	94232.776658	229363.835164	1.734302	-33.693094	0.000044	0.000548	1.216755	5.185363	-0.437586	0.000000
0.674405	3.651020	94232.763007	229363.831648	1.792279	-20.722496	0.000044	0.000548	1.216755	5.185363	-0.437586	0.000000
0.679884	3.651021	94232.750089	229363.827997	1.852186	-7.204856	0.000044	0.000548	1.216755	5.185363	-0.437586	0.000000
0.685362	3.651021	94232.737875	229363.824215	1.914031	6.915398	0.000044	0.000548	1.216755	5.185363	-0.437586	0.000000
0.690841	3.651022	94232.726341	229363.820308	1.977824	21.650054	0.000044	0.000548	1.216755	5.185362	-0.437586	0.000000
0.696319	3.651022	94232.715467	229363.816288	2.043552	36.939802	0.000044	0.000548	1.216755	5.185362	-0.437586	0.000000
0.701798	3.651022	94232.705224	229363.812169	2.111189	52.639042	0.000044	0.000548	1.216755	5.185362	-0.437586	0.000000
0.707276	3.651023	94232.695576	229363.807966	2.180699	68.525837	0.000044	0.000548	1.216755	5.185362	-0.437586	0.000000
0.712755	3.651023	94232.686470	229363.803693	2.252062	84.344000	0.000044	0.000548	1.216755	5.185362	-0.437586	0.000000
0.718233	3.651023	94232.677828	229363.799350	2.325243	99.865411	0.000044	0.000548	1.216755	5.185362	-0.437586	0.000000
0.723712	3.651024	94232.669545	229363.794928	2.400192	114.962065	0.000044	0.000548	1.216755	5.185362	-0.437586	0.000000
0.729190	3.651024	94232.661491	229363.790401	2.476922	129.675900	0.000044	0.000548	1.216755	5.185362	-0.437586	0.000000
0.734669	3.651024	94232.653514	229363.785728	2.555410	144.240458	0.000043	0.000548	1.216755	5.185362	-0.437586	0.000000
0.740147	3.651024	94232.645457	229363.780861	2.635481	159.022739	0.000043	0.000548	1.216755	5.185362	-0.437585	0.000000
0.745626	3.651024	94232.637170	229363.775748	2.717239	174.475947	0.000043	0.000548	1.216755	5.185362	-0.437585	0.000000
0.751104	3.651025	94232.628530	229363.770345	2.800645	191.023133	0.000043	0.000548	1.216755	5.185362	-0.437585	0.000000
0.756583	3.651025	94232.619452	229363.764626	2.885020	208.840345	0.000043	0.000548	1.216755	5.185362	-0.437585	0.000000
0.762061	3.651025	94232.609903	229363.758584	2.971004	227.956663	0.000042	0.000548	1.216755	5.185362	-0.437585	0.000000
0.767540	3.651026	94232.599898	229363.752233	3.058846	248.267545	0.000042	0.000548	1.216755	5.185362	-0.437585	0.000000
0.773018	3.651026	94232.589495	229363.745608	3.145730	269.105322	0.000042	0.000548	1.216755	5.185362	-0.437585	0.000000
0.778497	3.651026	94232.578786	229363.738750	3.234990	290.102370	0.000041	0.000548	1.216755	5.185362	-0.437585	0.000000
0.783975	3.651026	94232.567876	229363.731694	3.328652	311.467531	0.000041	0.000548	1.216755	5.185362	-0.437585	0.000000
0.789454	3.651027	94232.556871	229363.724485	3.413832	331.707637	0.000041	0.000548	1.216755	5.185362	-0.437585	0.000000
0.794932	3.651027	94232.545866	229363.717154	3.505572	351.048662	0.000040	0.000548	1.216755	5.185362	-0.437585	0.000000
0.800411	3.651027	94232.534933	229363.709670	3.615297	372.527192	0.000040	0.000548	1.216755	5.185362	-0.437585	0.000000
0.805889	3.651028	94232.524118	229363.702075	3.682494	390.686980	0.000039	0.000548	1.216755	5.185362	-0.437585	0.000000
0.811368	3.651028	94232.513470	229363.694400	3.773435	406.641587	0.000039	0.000548	1.216755	5.185361	-0.437585	0.000000
0.816846	3.651028	94232.502983	229363.686434	3.949698	434.858460	0.000038	0.000548	1.216755	5.185361	-0.437585	0.000000
0.822325	3.651029	94232.492645	229363.678356	3.927605	449.887221	0.000038	0.000548	1.216755	5.185361	-0.437585	0.000000
0.827803	3.651029	94232.482528	229363.670368	3.997022	453.609917	0.000037	0.000548	1.216755	5.185361	-0.437585	0.000000
0.833282	3.651029	94232.472539	229363.661527	4.482591	514.766625	0.000037	0.000548	1.216755	5.185361	-0.437585	0.000000
0.838760	3.651029	94232.462586	229363.652660	4.057455	517.706587	0.000036	0.000548	1.216755	5.185361	-0.437585	0.000000
0.844238	3.651030	94232.453021	229363.644860	3.980185	459.803345	0.000036	0.000548	1.216755	5.185361	-0.437585	0.000000
0.849717	3.651030	94232.443466	229363.633738	5.934518	670.579970	0.000035	0.000548	1.216755	5.185361	-0.437585	0.000000
0.855195	3.651030	94232.433476	229363.622815	3.730705	629.026445	0.000034	0.000548	1.216755	5.185361	-0.437585	0.000000
0.860674	3.651030	94232.424721	229363.617621	2.791888	271.613917	0.000034	0.000548	1.216755	5.185361	-0.437585	0.000000
0.866152	3.651030	94232.415583	229363.597551	11.742316	1173.397863	0.000033	0.000548	1.216755	5.185361	-0.437585	0.000000
0.871631	3.651030	94232.403788	229363.577175	1.789798	996.475575	0.000030	0.000548	1.216755	5.185361	-0.437585	0.000000
0.877109	3.651031	94232.397111	229363.584003	-3.895231	-791.514587	0.000033	0.000548	1.216755	5.185361	-0.437585	0.000000
0.882588	3.651030	94232.388539	229363.521114	38.418062	3316.848445	0.000028	0.000548	1.216755	5.185361	-0.437585	0.000000
0.888066	3.651030	94232.366396	229363.447084	-4.800306	2879.650381	0.000016	0.000548	1.216755	5.185361	-0.437585	0.000000
0.893545	3.651031	94232.366626	229363.496614	-35.514109	-5662.773847	0.000034	0.000548	1.216755	5.185361	-0.437585	0.000000
0.899023	3.651027	94232.358856	229363.212872	166.186868	13387.372653	0.000012	0.000548	1.216755	5.185361	-0.437585	0.000000
0.904502	3.651023	94232.283459	229362.820701	-17.012226	13643.755296	-0.000049	0.000548	1.216755	5.185360	-0.437586	0.000000
0.909980	3.651025	94232.305626	229362.968870	-174.948323	-26369.516216	0.000031	0.000548	1.216755	5.185361	-0.437585	0.000000
0.915459	3.651005	94232.294001	229361.495911	790.685956	62740.060400	-0.000074	0.000548	1.216755	5.185360	-0.437588	0.000000
0.920937	3.650980	94231.945490	229359.197174	35.817070	76220.105747	-0.000397	0.000548	1.216755	5.185359	-0.437591	0.000000
0.926416	3.650977	94232.014138	229359.137653	-745.886556	-107934.865925	-0.000078	0.000548	1.216755	5.185359	-0.437592	0.000000
0.931894	3.650870	94231.931132	229351.029457	3900.160226	312740.693627	-0.000614	0.000548	1.216755	5.185358	-0.437606	0.000000
0.937373	3.650711	94230.159789	229337.227792	921.582994	441518.158719	-0.002338	0.000548	1.216755	5.185350	-0.437624	0.000000
0.942852	3.650632	94230.112171	229331.865084	-2796.079956	-387479.150572	-0.001216	0.000548	1.216755	5.185351	-0.437635	0.000000
0.948331	3.650026	94229.311021	229285.557897	19716.496326	1623324.280641	-0.004105	0.000548	1.216755	5.185344	-0.437716	0.000000
0.953812	3.649038	94219.961042	229201.864998	8835.965586	2589856.792827	-0.013474	0.000548	1.216755	5.185300	-0.437830	0.000000
0.959294	3.648258	94217.314630	229143.906864	-8021.857747	-1022410.730752	-0.010539	0.000548	1.216755	5.185293	-0.437933	0.000000
0.964777	3.644721	94210.460018	228872.279581	102119.843930	8757139.543483	-0.026867	0.000549	1.216755	5.185246	-0.438401	0.000000
0.970269	3.638602	94159.491877	228361.340825	68950.453264	15484629.167495	-0.078726	0.000550	1.216755	5.185001	-0.439126	0.000000
0.975771	3.632396	94131.029047	227883.287471	-3331.061733	685847.515908	-0.079658	0.000551	1.216755	5.184892	-0.439928	0.000000
0.981279	3.611678	94076.141974	226277.838295	540343.168569	49921120.188072	-0.174706	0.000554	1.216755	5.184562	-0.442668	0.000000
0.986843	3.574425	93780.494094	223176.018123	503373.599338	99843721.762790	-0.468946	0.000560	1.216755	5.183117	-0.447218	0.000000
0.992472	3.532770	93511.332230	219829.302506	177108.662193	51610624.395647	-0.567340	0.000566	1.216755	5.181944	-0.452607	0.000000
0.998150	3.424259	93033.614257	211134.969896	2820210.325934	330268325.186521	-1.094032	0.000584	1.216755	5.179279	-0.467467	0.000000
1.004142	3.231435	90959.445051	194288.095118	3715765.079333	807250747.293051	-2.813643	0.000619	1.216755	5.168703	-0.493005	0.000000
1.010571	3.064966	88153.325105	178697.805039	301019.493010	718216621.960656	-3.725176	0.000653	1.216755	5.155201	-0.515830	0.000000
1.017178	2.791975	84483.843846	153639.955428	9387675.866315	1892932007.553599	-5.031974	0.000716	1.216755	5.134632	-0.560876	0.000000
1.024959	2.199408	71421.825723	98705.824811	31978630.174587	6186031828.802112	-13.908781	0.000909	1.216755	5.052084	-0.670489	0.000000
1.036419	1.573786	43833.451099	41797.433356	35139855.895707	8160397684.483284	-30.462945	0.001271	1.216755	4.824732	-0.816330	0.000000
1.052302	1.203190	19648.509148	14251.822613	19317870.493095	4615468466.107769	-43.423069	0.001662	1.216755	4.468551	-0.927429	0.000000
1.070907	1.056657	8994.939406	5975.095875	6667183.123730	1351076724.807064	-49.343334	0.001893	1.216755	4.142524	-0.978927	0.000000
1.090566	1.013065	6507.518295	4339.841134	1548482.448430	208173053.582311	-51.105443	0.001974	1.216755	4.019853	-0.995128	0.000000
1.110501	1.002600	6165.698636	4113.989565	281212.726137	24872800.176090	-51.477990	0.001995	1.216755	4.000550	-0.999035	0.000000
1.130491	1.000517	6124.048715	4083.799664	43541.553422	3270477.490245	-51.542387	0.001999	1.216755	3.998121	-0.999805	0.000000
1.150489	1.000163	6118.395155	4079.448421	5688.231715	470648.332313	-51.551846	0.002000	1.216755	3.997787	-0.999934	0.000000
1.170489	1.000111	6117.576268	4078.818016	642.013395	67869.339158	-51.553029	0.002000	1.216755	3.997738	-0.999952	0.000000
1.190489	1.000105	6117.459773	4078.731610	62.656938	9274.552722	-51.553157	0.002000	1.216755	3.997732	-0.999955	0.000000
1.210489	1.000104	6117.444194	4078.720653	5.211030	1175.126171	-51.553169	0.002000	1.216755	3.997731	-0.999955	0.000000
1.230489	1.000104	6117.442266	4078.719373	0.372524	137.419976	-51.553170	0.002000	1.216755	3.997731	-0.999955	0.000000
1.250489	1.000104	6117.442045	4078.719235	0.027136	14.899803	-51.553170	0.002000	1.216755	3.997731	-0.999955	0.000000
1.270489	1.000104	6117.442022	4078.719221	0.003315	1.523384	-51.553170	0.002000	1.216755	3.997731	-0.999955	0.000000
1.290489	1.000104	6117.442020	4078.719220	0.000656	0.152780	-51.553170	0.002000	1.216755	3.997731	-0.999955	0.000000
1.310489	1.000104	6117.442019	4078.719220	0.000129	0.016102	-51.553170	0.002000	1.216755	3.997731	-0.999955	0.000000
1.330489	1.000104	6117.442019	4078.719220	0.000022	0.001912	-51.553170	0.002000	1.216755	3.997731	-0.999955	0.000000
1.350489	1.000104	6117.442019	4078.719219	0.000003	0.000257	-51.553170	0.002000	1.216755	3.997731	-0.999955	0.000000
1.370489	1.000104	6117.442019	4078.719219	0.000000	0.000035	-51.553170	0.002000	1.216755	3.997731	-0.999955	0.000000
1.390489	1.000104	6117.442019	4078.719219	0.000000	0.000005	-51.553170	0.002000	1.216755	3.997731	-0.999955	0.000000
1.410489	1.000104	6117.442019	4078.719219	-0.000000	0.000001	-51.553170	0.002000	1.216755	3.997731	-0.999955	0.000000
1.430489	1.000104	6117.442019	4078.719219	-0.000000	-0.000001	-51.553170	0.002000	1.216755	3.997731	-0.999955	0.000000
1.450489	1.000104	6117.442019	4078.719219	0.000000	-0.000001	-51.553170	0.002000	1.216755	3.997731	-0.999955	0.000000
1.470489	1.000104	6117.442019	4078.719219	0.000000	0.000000	-51.553170	0.002000	1.216755	3.997731	-0.999955	0.000000
1.490489	1.000104	6117.442019	4078.719219	0.000000	0.000001	-51.553170	0.002000	1.216755	3.997731	-0.999955	0.000000
1.510489	1.000104	6117.442019	4078.719219	-0.000000	0.000001	-51.553170	0.002000	1.216755	3.997731	-0.999955	0.000000
1.530489	1.000104	6117.442019	4078.719219	-0.000000	-0.000001	-51.553170	0.002000	1.216755	3.997731	-0.999955	0.000000
1.550489	1.000104	6117.442019	4078.719219	0.000000	-0.000000	-51.553170	0.002000	1.216755	3.997731	-0.999955	0.000000
1.570489	1.000104	6117.442019	4078.719219	-0.000000	0.000002	-51.553170	0.002000	1.216755	3.997731	-0.999955	0.000000
1.590489	1.000104	6117.442019	4078.719219	-0.000000	-0.000001	-51.553170	0.002000	1.216755	3.997731	-0.999955	0.000000
1.610489	1.000104	6117.442019	4078.719219	0.000000	-0.000000	-51.553170	0.002000	1.216755	3.997731	-0.999955	0.000000
1.630489	1.000104	6117.442019	4078.719219	0.000000	0.000001	-51.553170	0.002000	1.216755	3.997731	-0.999955	0.000000
1.650489	1.000104	6117.442019	4078.719219	-0.000000	0.000000	-51.553170	0.002000	1.216755	3.997731	-0.999955	0.000000
1.670489	1.000104	6117.442019	4078.719219	-0.000000	0.000001	-51.553170	0.002000	1.216755	3.997731	-0.999955	0.000000
1.690489	1.000104	6117.442019	4078.719219	-0.000000	-0.000001	-51.553170	0.002000	1.216755	3.997731	-0.999955	0.000000
1.710489	1.000104	6117.442019	4078.719219	0.000000	-0.000001	-51.553170	0.002000	1.216755	3.997731	-0.999955	0.000000
1.730489	1.000104	6117.442019	4078.719219	0.000000	-0.000000	-51.553170	0.002000	1.216755	3.997731	-0.999955	0.000000
1.750489	1.000104	6117.442019	4078.719219	0.000000	0.000000	-51.553170	0.002000	1.216755	3.997731	-0.999955	0.000000
1.770489	1.000104	6117.442019	4078.719219	0.000000	-0.000000	-51.553170	0.002000	1.216755	3.997731	-0.999955	0.000000
1.790489	1.000104	6117.442019	4078.719219	0.000000	0.000001	-51.553170	0.002000	1.216755	3.997731	-0.999955	0.000000
1.810489	1.000104	6117.442019	4078.719219	-0.000000	-0.000000	-51.553170	0.002000	1.216755	3.997731	-0.999955	0.000000
1.830489	1.000104	6117.442019	4078.719219	0.000000	-0.000001	-51.553170	0.002000	1.216755	3.997731	-0.999955	0.000000
1.850489	1.000104	6117.442019	4078.719219	0.000000	-0.000000	-51.553170	0.002000	1.216755	3.997731	-0.999955	0.000000
1.870489	1.000104	6117.442019	4078.719219	0.000000	0.000001	-51.553170	0.002000	1.216755	3.997731	-0.999955	0.000000
1.890489	1.000104	6117.442019	4078.719219	-0.000000	0.000000	-51.553170	0.002000	1.216755	3.997731	-0.999955	0.000000
1.910489	1.000104	6117.442019	4078.719219	-0.000000	0.000000	-51.553170	0.002000	1.216755	3.997731	-0.999955	0.000000
1.930489	1.000104	6117.442019	4078.719219	-0.000000	-0.000000	-51.553170	0.002000	1.216755	3.997731	-0.999955	0.000000
1.950489	1.000104	6117.442019	4078.719219	-0.000000	-0.000001	-51.553170	0.002000	1.216755	3.997731	-0.999955	0.000000
1.970489	1.000104	6117.442019	4078.719219	0.000000	-0.000001	-51.553170	0.002000	1.216755	3.997731	-0.999955	0.000000
1.990489	1.000104	6117.442019	4078.719219	0.000000	0.000000	-51.553170	0.002000	1.216755	3.997731	-0.999955	0.000000
2.010489	1.000104	6117.442019	4078.719219	0.000000	0.000002	-51.553170	0.002000	1.216755	3.997731	-0.999955	0.000000
2.030489	1.000104	6117.442019	4078.719219	-0.000000	0.000001	-51.553170	0.002000	1.216755	3.997731	-0.999955	0.000000
2.050489	1.000104	6117.442019	4078.719219	-0.000000	-0.000002	-51.553170	0.002000	1.216755	3.997731	-0.999955	0.000000
2.070489	1.000104	6117.442019	4078.719219	0.000000	-0.000002	-51.553170	0.002000	1.216755	3.997731	-0.999955	0.000000
2.090489	1.000104	6117.442019	4078.719219	0.000000	0.000002	-51.553170	0.002000	1.216755	3.997731	-0.999955	0.000000
2.110489	1.000104	6117.442019	4078.719219	-0.000000	0.000001	-51.553170	0.002000	1.216755	3.997731	-0.999955	0.000000
2.130489	1.000104	6117.442019	4078.719219	-0.000000	-0.000001	-51.553170	0.002000	1.216755	3.997731	-0.999955	0.000000
2.150489	1.000104	6117.442019	4078.719219	0.000000	-0.000001	-51.553170	0.002000	1.216755	3.997731	-0.999955	0.000000
2.170489	1.000104	6117.442019	4078.719219	0.000000	0.000001	-51.553170	0.002000	1.216755	3.997731	-0.999955	0.000000
2.190489	1.000104	6117.442019	4078.719219	-0.000000	0.000001	-51.553170	0.002000	1.216755	3.997731	-0.999955	0.000000
2.210489	1.000104	6117.442019	4078.719219	-0.000000	0.000000	-51.553170	0.002000	1.216755	3.997731	-0.999955	0.000000
2.230489	1.000104	6117.442019	4078.719219	-0.000000	-0.000001	-51.553170	0.002000	1.216755	3.997731	-0.999955	0.000000
2.250489	1.000104	6117.442019	4078.719219	0.000000	0.000000	-51.553170	0.002000	1.216755	3.997731	-0.999955	0.000000
2.270489	1.000104	6117.442019	4078.719219	-0.000000	0.000001	-51.553170	0.002000	1.216755	3.997731	-0.999955	0.000000
2.290489	1.000104	6117.442019	4078.719219	-0.000000	-0.000001	-51.553170	0.002000	1.216755	3.997731	-0.999955	0.000000
2.310489	1.000104	6117.442019	4078.719219	0.000000	-0.000001	-51.553170	0.002000	1.216755	3.997731	-0.999955	0.000000
2.330489	1.000104	6117.442019	4078.719219	0.000000	0.000001	-51.553170	0.002000	1.216755	3.997731	-0.999955	0.000000
2.350489	1.000104	6117.442019	4078.719219	-0.000000	0.000000	-51.553170	0.002000	1.216755	3.997731	-0.999955	0.000000
2.370489	1.000104	6117.442019	4078.719219	-0.000000	-0.000003	-51.553170	0.002000	1.216755	3.997731	-0.999955	0.000000
2.390489	1.000104	6117.442019	4078.719219	0.000000	-0.000001	-51.553170	0.002000	1.216755	3.997731	-0.999955	0.000000
2.410489	1.000104	6117.442019	4078.719219	0.000000	0.000003	-51.553170	0.002000	1.216755	3.997731	-0.999955	0.000000
2.430489	1.000104	6117.442019	4078.719219	-0.000000	0.000003	-51.553170	0.002000	1.216755	3.997731	-0.999955	0.000000
2.450489	1.000104	6117.442019	4078.719219	-0.000000	0.000000	-51.553170	0.002000	1.216755	3.997731	-0.999955	0.000000
2.470489	1.000104	6117.442019	4078.719219	-0.000000	-0.000000	-51.553170	0.002000	1.216755	3.997731	-0.999955	0.000000
2.490489	1.000104	6117.442019	4078.719219	-0.000000	-0.000002	-51.553170	0.002000	1.216755	3.997731	-0.999955	0.000000
2.510489	1.000104	6117.442019	4078.719219	0.000000	-0.000001	-51.553170	0.002000	1.216755	3.997731	-0.999955	0.000000
2.530489	1.000104	6117.442019	4078.719219	0.000000	0.000001	-51.553170	0.002000	1.216755	3.997731	-0.999955	0.000000
2.550489	1.000104	6117.442019	4078.719219	0.000000	-0.000000	-51.553170	0.002000	1.216755	3.997731	-0.999955	0.000000
2.570489	1.000104	6117.442019	4078.719219	-0.000000	0.000000	-51.553170	0.002000	1.216755	3.997731	-0.999955	0.000000
2.590489	1.000104	6117.442019	4078.719219	0.000000	-0.000001	-51.553170	0.002000	1.216755	3.997731	-0.999955	0.000000
2.610489	1.000104	6117.442019	4078.719219	0.000000	0.000000	-51.553170	0.002000	1.216755	3.997731	-0.999955	0.000000
2.630489	1.000104	6117.442019	4078.719219	-0.000000	0.000001	-51.553170	0.002000	1.216755	3.997731	-0.999955	0.000000
2.650489	1.000104	6117.442019	4078.719219	-0.000000	-0.000000	-51.553170	0.002000	1.216755	3.997731	-0.999955	0.000000
2.670489	1.000104	6117.442019	4078.719219	-0.000000	-0.000000	-51.553170	0.002000	1.216755	3.997731	-0.999955	0.000000
2.690489	1.000104	6117.442019	4078.719219	-0.000000	-0.000000	-51.553170	0.002000	1.216755	3.997731	-0.999955	0.000000
2.710489	1.000104	6117.442019	4078.719219	-0.000000	-0.000001	-51.553170	0.002000	1.216755	3.997731	-0.999955	0.000000
2.730489	1.000104	6117.442019	4078.719219	0.000000	0.000001	-51.553170	0.002000	1.216755	3.997731	-0.999955	0.000000
2.750489	1.000104	6117.442019	4078.719219	-0.000000	0.000001	-51.553170	0.002000	1.216755	3.997731	-0.999955	0.000000
2.770489	1.000104	6117.442019	4078.719219	-0.000000	-0.000001	-51.553170	0.002000	1.216755	3.997731	-0.999955	0.000000
2.790489	1.000104	6117.442019	4078.719219	0.000000	0.000000	-51.553170	0.002000	1.216755	3.997731	-0.999955	0.000000
2.810489	1.000104	6117.442019	4078.719219	-0.000000	0.000001	-51.553170	0.002000	1.216755	3.997731	-0.999955	0.000000
2.830489	1.000104	6117.442019	4078.719219	-0.000000	-0.000001	-51.553170	0.002000	1.216755	3.997731	-0.999955	0.000000
2.850489	1.000104	6117.442019	4078.719219	0.000000	-0.000000	-51.553170	0.002000	1.216755	3.997731	-0.999955	0.000000
2.870489	1.000104	6117.442019	4078.719219	0.000000	-0.000000	-51.553170	0.002000	1.216755	3.997731	-0.999955	0.000000
2.890489	1.000104	6117.442019	4078.719219	0.000000	0.000001	-51.553170	0.002000	1.216755	3.997731	-0.999955	0.000000
2.910489	1.000104	6117.442019	4078.719219	-0.000000	-0.000000	-51.553170	0.002000	1.216755	3.997731	-0.999955	0.000000
2.930489	1.000104	6117.442019	4078.719219	0.000000	-0.000002	-51.553170	0.002000	1.216755	3.997731	-0.999955	0.000000
2.950489	1.000104	6117.442019	4078.719219	0.000000	0.000001	-51.553170	0.002000	1.216755	3.997731	-0.999955	0.000000
2.970489	1.000104	6117.442019	4078.719219	-0.000000	0.000003	-51.553170	0.002000	1.216755	3.997731	-0.999955	0.000000
2.990489	1.000104	6117.442019	4078.719219	-0.000000	-0.000002	-51.553170	0.002000	1.216755	3.997731	-0.999955	0.000000
3.010489	1.000104	6117.442019	4078.719219	0.000000	-0.000001	-51.553170	0.002000	1.216755	3.997731	-0.999955	0.000000
3.030489	1.000104	6117.442019	4078.719219	-0.000000	0.000001	-51.553170	0.002000	1.216755	3.997731	-0.999955	0.000000
3.050489	1.000104	6117.442019	4078.719219	-0.000000	-0.000000	-51.553170	0.002000	1.216755	3.997731	-0.999955	0.000000
3.070489	1.000104	6117.442019	4078.719219	-0.000000	0.000000	-51.553170	0.002000	1.216755	3.997731	-0.999955	0.000000
3.090489	1.000104	6117.442019	4078.719219	0.000000	-0.000001	-51.553170	0.002000	1.216755	3.997731	-0.999955	0.000000
3.110489	1.000104	6117.442019	4078.719219	0.000000	0.000000	-51.553170	0.002000	1.216755	3.997731	-0.999955	0.000000
3.130489	1.000104	6117.442019	4078.719219	0.000000	0.000001	-51.553170	0.002000	1.216755	3.997731	-0.999955	0.000000
3.150489	1.000104	6117.442019	4078.719219	-0.000000	-0.000000	-51.553170	0.002000	1.216755	3.997731	-0.999955	0.000000
3.170489	1.000104	6117.442019	4078.719219	0.000000	-0.000001	-51.553170	0.002000	1.216755	3.997731	-0.999955	0.000000
3.190489	1.000104	6117.442019	4078.719219	0.000000	0.000000	-51.553170	0.002000	1.216755	3.997731	-0.999955	0.000000
3.210489	1.000104	6117.442019	4078.719219	0.000000	-0.000001	-51.553170	0.002000	1.216755	3.997731	-0.999955	0.000000
3.230489	1.000104	6117.442019	4078.719219	0.000000	0.000001	-51.553170	0.002000	1.216755	3.997731	-0.999955	0.000000
3.250489	1.000104	6117.442019	4078.719219	0.000000	-0.000000	-51.553170	0.002000	1.216755	3.997731	-0.999955	0.000000
3.270489	1.000104	6117.442019	4078.719219	0.000000	0.000001	-51.553170	0.002000	1.216755	3.997731	-0.999955	0.000000
3.290489	1.000104	6117.442019	4078.719219	-0.000000	0.000001	-51.553170	0.002000	1.216755	3.997731	-0.999955	0.000000
3.310489	1.000104	6117.442019	4078.719219	0.000000	-0.000000	-51.553170	0.002000	1.216755	3.997731	-0.999955	0.000000
3.330489	1.000104	6117.442019	4078.719219	-0.000000	0.000002	-51.553170	0.002000	1.216755	3.997731	-0.999955	0.000000
3.350489	1.000104	6117.442019	4078.719219	-0.000000	-0.000001	-51.553170	0.002000	1.216755	3.997731	-0.999955	0.000000
3.370489	1.000104	6117.442019	4078.719219	-0.000000	-0.000000	-51.553170	0.002000	1.216755	3.997731	-0.999955	0.000000
3.390489	1.000104	6117.442019	4078.719219	-0.000000	-0.000000	-51.553170	0.002000	1.216755	3.997731	-0.999955	0.000000
3.410489	1.000104	6117.442019	4078.719219	0.000000	-0.000000	-51.553170	0.002000	1.216755	3.997731	-0.999955	0.000000
3.430489	1.000104	6117.442019	4078.719219	-0.000000	0.000001	-51.553170	0.002000	1.216755	3.997731	-0.999955	0.000000
3.450489	1.000104	6117.442019	4078.719219	-0.000000	-0.000000	-51.553170	0.002000	1.216755	3.997731	-0.999955	0.000000
3.470489	1.000104	6117.442019	4078.719219	-0.000000	-0.000000	-51.553170	0.002000	1.216755	3.997731	-0.999955	0.000000
3.490489	1.000104	6117.442019	4078.719219	-0.000000	-0.000002	-51.553170	0.002000	1.216755	3.997731	-0.999955	0.000000
3.510489	1.000104	6117.442019	4078.719219	0.000000	0.000001	-51.553170	0.002000	1.216755	3.997731	-0.999955	0.000000
3.530489	1.000104	6117.442019	4078.719219	-0.000000	0.000001	-51.553170	0.002000	1.216755	3.997731	-0.999955	0.000000
3.550489	1.000104	6117.442019	4078.719219	0.000000	-0.000001	-51.553170	0.002000	1.216755	3.997731	-0.999955	0.000000
3.570489	1.000104	6117.442019	4078.719219	0.000000	0.000000	-51.553170	0.002000	1.216755	3.997731	-0.999955	0.000000
3.590489	1.000104	6117.442019	4078.719219	0.000000	0.000001	-51.553170	0.002000	1.216755	3.997731	-0.999955	0.000000
3.610489	1.000104	6117.442019	4078.719219	0.000000	0.000002	-51.553170	0.002000	1.216755	3.997731	-0.999955	0.000000
3.630489	1.000104	6117.442019	4078.719219	-0.000000	0.000003	-51.553170	0.002000	1.216755	3.997731	-0.999955	0.000000
3.650489	1.000104	6117.442019	4078.719219	-0.000000	-0.000002	-51.553170	0.002000	1.216755	3.997731	-0.999955	0.000000
3.670489	1.000104	6117.442019	4078.719219	0.000000	-0.000003	-51.553170	0.002000	1.216755	3.997731	-0.999955	0.000000
3.690489	1.000104	6117.442019	4078.719219	0.000000	0.000001	-51.553170	0.002000	1.216755	3.997731	-0.999955	0.000000
3.710489	1.000104	6117.442019	4078.719219	-0.000000	-0.000001	-51.553170	0.002000	1.216755	3.997731	-0.999955	0.000000
3.730489	1.000104	6117.442019	4078.719219	0.000000	-0.000001	-51.553170	0.002000	1.216755	3.997731	-0.999955	0.000000
3.750489	1.000104	6117.442019	4078.719219	0.000000	0.000001	-51.553170	0.002000	1.216755	3.997731	-0.999955	0.000000
3.770489	1.000104	6117.442019	4078.719219	-0.000000	-0.000001	-51.553170	0.002000	1.216755	3.997731	-0.999955	0.000000
3.790489	1.000104	6117.442019	4078.719219	0.000000	-0.000006	-51.553170	0.002000	1.216755	3.997731	-0.999955	0.000000
3.810489	1.000104	6117.442019	4078.719219	0.000000	-0.000015	-51.553170	0.002000	1.216755	3.997731	-0.999955	0.000000
3.830489	1.000104	6117.442019	4078.719219	0.000001	-0.000036	-51.553170	0.002000	1.216755	3.997731	-0.999955	0.000000
3.850489	1.000104	6117.442019	4078.719219	0.000001	-0.000090	-51.553170	0.002000	1.216755	3.997731	-0.999955	0.000000
3.870489	1.000104	6117.442019	4078.719219	0.000003	-0.000226	-51.553170	0.002000	1.216755	3.997731	-0.999955	0.000000
3.890489	1.000104	6117.442019	4078.719219	0.000008	-0.000588	-51.553170	0.002000	1.216755	3.997731	-0.999955	0.000000
3.910489	1.000104	6117.442019	4078.719219	0.000020	-0.001468	-51.553170	0.002000	1.216755	3.997731	-0.999955	0.000000
3.930489	1.000104	6117.442019	4078.719219	0.000050	-0.003569	-51.553170	0.002000	1.216755	3.997731	-0.999955	0.000000
3.950489	1.000104	6117.442019	4078.719219	0.000122	-0.008560	-51.553170	0.002000	1.216755	3.997731	-0.999955	0.000000
3.970489	1.000104	6117.442019	4078.719219	0.000290	-0.020193	-51.553170	0.002000	1.216755	3.997731	-0.999955	0.000000
3.990489	1.000104	6117.442018	4078.719219	0.000680	-0.046834	-51.553170	0.002000	1.216755	3.997731	-0.999955	0.000000
4.010489	1.000104	6117.442017	4078.719217	0.001566	-0.106866	-51.553170	0.002000	1.216755	3.997731	-0.999955	0.000000
4.030489	1.000104	6117.442015	4078.719214	0.003550	-0.239922	-51.553170	0.002000	1.216755	3.997731	-0.999955	0.000000
4.050489	1.000104	6117.442009	4078.719207	0.007914	-0.529995	-51.553170	0.002000	1.216755	3.997731	-0.999955	0.000000
4.070489	1.000104	6117.441996	4078.719192	0.017359	-1.151975	-51.553170	0.002000	1.216755	3.997731	-0.999955	0.000000
4.090489	1.000104	6117.441969	4078.719159	0.037460	-2.463471	-51.553170	0.002000	1.216755	3.997731	-0.999955	0.000000
4.110489	1.000104	6117.441910	4078.719087	0.079519	-5.182445	-51.553170	0.002000	1.216755	3.997731	-0.999955	0.000000
4.130489	1.000104	6117.441786	4078.718935	0.166024	-10.723332	-51.553170	0.002000	1.216755	3.997731	-0.999955	0.000000
4.150489	1.000104	6117.441529	4078.718618	0.340864	-21.819491	-51.553169	0.002000	1.216755	3.997731	-0.999955	0.000000
4.170489	1.000104	6117.441005	4078.717968	0.687991	-43.653564	-51.553168	0.002000	1.216755	3.997730	-0.999955	0.000000
4.190489	1.000104	6117.439957	4078.716658	1.364937	-85.824693	-51.553166	0.002000	1.216755	3.997730	-0.999955	0.000000
4.210489	1.000103	6117.437894	4078.714062	2.660661	-165.786567	-51.553162	0.002000	1.216755	3.997730	-0.999955	0.000000
4.230489	1.000103	6117.433907	4078.709008	5.094071	-314.538927	-51.553154	0.002000	1.216755	3.997730	-0.999956	0.000000
4.250489	1.000102	6117.426338	4078.699345	9.575752	-585.885514	-51.553138	0.002000	1.216755	3.997729	-0.999956	0.000000
4.270489	1.000100	6117.412230	4078.681201	17.665608	-1070.964620	-51.553109	0.002000	1.216755	3.997728	-0.999957	0.000000
4.290489	1.000095	6117.386426	4078.647766	31.969083	-1920.244063	-51.553054	0.002000	1.216755	3.997727	-0.999959	0.000000
4.310490	1.000088	6117.340134	4078.587324	56.722992	-3375.478208	-51.552956	0.002000	1.216755	3.997723	-0.999962	0.000000
4.330490	1.000075	6117.258722	4078.480182	98.623367	-5813.990201	-51.552782	0.002000	1.216755	3.997718	-0.999968	0.000000
4.350491	1.000052	6117.118430	4078.294054	167.934621	-9806.636556	-51.552479	0.002000	1.216755	3.997708	-0.999978	0.000000
4.370492	1.000012	6116.881695	4077.977350	279.880718	-16188.431540	-51.551962	0.002000	1.216755	3.997691	-0.999995	0.000000
4.390494	0.999945	6116.490737	4077.449843	456.244401	-26136.549500	-51.551100	0.002000	1.216755	3.997664	-1.000023	0.000000
4.410498	0.999836	6115.859257	4076.590305	726.982989	-41244.118456	-51.549695	0.002000	1.216755	3.997619	-1.000070	0.000000
4.430505	0.999661	6114.862295	4075.221045	1131.514516	-63570.468698	-51.547456	0.002001	1.216755	3.997549	-1.000146	0.000000
4.450516	0.999385	6113.324792	4073.089910	1719.166253	-95641.017189	-51.543968	0.002001	1.216755	3.997440	-1.000265	0.000000
4.470533	0.998963	6111.009967	4069.851235	2548.165551	-140366.114396	-51.538665	0.002002	1.216755	3.997277	-1.000447	0.000000
4.490561	0.998333	6107.609363	4065.048369	3682.577770	-200852.419353	-51.530797	0.002003	1.216755	3.997037	-1.000719	0.000000
4.510603	0.997413	6102.736908	4058.101532	5186.850042	-280095.909893	-51.519413	0.002005	1.216755	3.996692	-1.001117	0.000000
4.530667	0.996103	6095.929624	4048.305422	7118.141381	-380573.514709	-51.503350	0.002008	1.216755	3.996210	-1.001685	0.000000
4.550762	0.994287	6086.657129	4034.840840	9517.268116	-503796.012654	-51.481254	0.002011	1.216755	3.995552	-1.002474	0.000000
4.570899	0.991830	6074.340833	4016.803037	12400.014397	-649889.013938	-51.451614	0.002016	1.216755	3.994676	-1.003543	0.000000
4.591093	0.988589	6058.381955	3993.246812	15750.622199	-817328.189043	-51.412828	0.002023	1.216755	3.993537	-1.004959	0.000000
4.611362	0.984417	6038.195259	3963.244658	19519.362295	-1002900.164355	-51.363284	0.002032	1.216755	3.992092	-1.006790	0.000000
4.631727	0.979173	6013.244007	3925.950998	23625.225733	-1201914.523536	-51.301445	0.002043	1.216755	3.990299	-1.009102	0.000000
4.652214	0.972730	5983.070746	3880.663284	27963.415152	-1408638.885950	-51.225932	0.002056	1.216755	3.988119	-1.011962	0.000000
4.672849	0.964982	5947.319701	3826.871110	32415.950850	-1616887.144044	-51.135585	0.002073	1.216755	3.985522	-1.015426	0.000000
4.693666	0.955853	5905.747987	3764.286629	36862.650426	-1820749.616303	-51.029498	0.002092	1.216755	3.982481	-1.019546	0.000000
4.714698	0.945291	5858.226381	3692.853893	41194.608004	-2014523.720715	-50.907030	0.002116	1.216755	3.978977	-1.024363	0.000000
4.735983	0.933278	5804.726130	3612.735462	45317.466920	-2194005.145575	-50.767782	0.002143	1.216755	3.974998	-1.029910	0.000000
4.757561	0.919818	5745.304709	3524.286447	49158.760671	-2355902.841348	-50.611563	0.002174	1.216755	3.970534	-1.036211	0.000000
4.779475	0.904941	5680.083889	3428.016219	52667.969807	-2498116.449346	-50.438335	0.002210	1.216755	3.965580	-1.043285	0.000000
4.801769	0.888691	5609.228186	3324.546747	55815.210868	-2619590.288758	-50.248163	0.002251	1.216755	3.960132	-1.051148	0.000000
4.824493	0.871123	5532.924489	3214.572004	58588.149577	-2720133.174717	-50.041157	0.002296	1.216755	3.954188	-1.059813	0.000000
4.847697	0.852302	5451.364373	3098.821920	60988.397865	-2800211.730933	-49.817425	0.002347	1.216755	3.947741	-1.069293	0.000000
4.871437	0.832292	5364.729105	2978.032316	63027.756458	-2860779.529358	-49.577030	0.002403	1.216755	3.940787	-1.079606	0.000000
4.895773	0.811155	5273.179720	2852.922966	64725.023041	-2902970.369450	-49.319952	0.002466	1.216755	3.933314	-1.090772	0.000000
4.920769	0.788953	5176.848276	2724.183179	66101.194835	-2928298.616388	-49.046054	0.002535	1.216755	3.925309	-1.102821	0.000000
4.946496	0.765736	5075.827561	2592.456205	67184.585195	-2937749.195054	-48.755052	0.002612	1.216755	3.916753	-1.115789	0.000000
4.973034	0.741548	4970.175521	2458.338213	67996.142458	-2933221.443648	-48.446504	0.002697	1.216755	3.907619	-1.129726	0.000000
5.000471	0.716424	4859.928888	2322.390010	68560.495699	-2915599.957311	-48.119743	0.002792	1.216755	3.897879	-1.144692	0.000000
5.028907	0.690390	4745.084679	2185.132116	68899.292776	-2886004.307035	-47.773871	0.002897	1.216755	3.887494	-1.160764	0.000000
5.058457	0.663469	4625.580923	2047.056519	69031.992689	-2845463.314877	-47.407713	0.003014	1.216755	3.876417	-1.178036	0.000000
5.089253	0.635687	4501.230902	1908.623456	68975.254434	-2795097.084387	-47.019792	0.003146	1.216755	3.864583	-1.196611	0.000000
5.121450	0.607084	4371.529373	1770.234586	68741.191952	-2736315.620866	-46.608312	0.003294	1.216755	3.851886	-1.216603	0.000000
5.155226	0.577726	4235.364406	1632.164516	68338.035406	-2671059.220187	-46.171148	0.003462	1.216755	3.838144	-1.238128	0.000000
5.190790	0.547697	4090.535719	1494.424619	67768.364541	-2601403.725972	-45.705902	0.003652	1.216755	3.823034	-1.261308	0.000000
5.228385	0.517046	3933.508479	1356.641411	67030.218922	-2528975.839442	-45.209729	0.003868	1.216755	3.806035	-1.286318	0.000000
5.268307	0.485650	3759.786779	1217.991999	66122.181285	-2452083.990255	-44.679218	0.004118	1.216755	3.786420	-1.313523	0.000000
5.310940	0.453018	3566.318832	1077.695366	65039.679664	-2364391.346542	-44.108943	0.004415	1.216755	3.763478	-1.343730	0.000000
5.356847	0.418058	3356.282778	935.963054	63802.078559	-2253142.808299	-43.489819	0.004784	1.216755	3.737118	-1.378607	0.000000
5.406971	0.379332	3143.830423	795.509711	62404.245142	-2109112.554495	-42.804105	0.005272	1.216755	3.708718	-1.420821	0.000000
5.462886	0.335419	2955.089751	661.190293	60897.023793	-1933470.608206	-42.021288	0.005963	1.216755	3.681827	-1.474249	0.000000
5.527399	0.286149	2821.875441	538.640374	59222.193129	-1743587.314886	-41.088114	0.006989	1.216755	3.661789	-1.543239	0.000000
5.605133	0.232508	2777.829080	430.835164	57497.557697	-1560483.974825	-39.911131	0.008602	1.216755	3.654949	-1.633386	0.000000
5.704975	0.177376	2852.636364	337.527561	55573.314353	-1401744.209651	-38.331450	0.011275	1.216755	3.666479	-1.750918	0.000000
5.843464	0.118851	3097.111118	245.542017	54252.668912	-1235870.522458	-35.950845	0.016828	1.216755	3.702176	-1.924798	0.000000
6.102767	0.066082	4267.106803	188.088970	52717.523913	-995371.740553	-31.198427	0.030266	1.216755	3.841328	-2.179713	0.000000
-0.002967	3.372627	102290.698847	229992.768924	5.902263	0.000000	0.000615	0.000593	0.000000	5.220999	-0.472033	0.000000
-0.008896	3.378834	102086.811640	229956.415197	16.993292	0.000000	0.001793	0.000592	0.000000	5.220133	-0.471235	0.000000
-0.014809	3.390922	101692.118542	229886.786386	26.045329	0.000000	0.002823	0.000590	0.000000	5.218450	-0.469684	0.000000
-0.020695	3.408284	101131.338433	229789.600450	32.020236	0.000000	0.003623	0.000587	0.000000	5.216048	-0.467466	0.000000
-0.026548	3.430053	100438.363603	229672.656404	34.300321	0.000000	0.004136	0.000583	0.000000	5.213061	-0.464700	0.000000
-0.032359	3.455159	99653.184282	229545.059348	32.759935	0.000000	0.004335	0.000579	0.000000	5.209652	-0.461532	0.000000
-0.038127	3.482397	98818.314260	229416.320012	27.758655	0.000000	0.004223	0.000574	0.000000	5.205998	-0.458121	0.000000
-0.043848	3.510507	97975.397492	229295.459422	20.068010	0.000000	0.003831	0.000570	0.000000	5.202277	-0.454629	0.000000
-0.049522	3.538264	97162.203089	229190.213683	10.744770	0.000000	0.003214	0.000565	0.000000	5.198656	-0.451209	0.000000
-0.055154	3.564554	96410.337365	229106.420509	0.975528	0.000000	0.002442	0.000561	0.000000	5.195282	-0.447993	0.000000
-0.060745	3.588450	95743.740959	229047.641126	-8.084554	0.000000	0.001592	0.000557	0.000000	5.192269	-0.445092	0.000000
-0.066301	3.609265	95178.016472	229015.040987	-15.456022	0.000000	0.000741	0.000554	0.000000	5.189695	-0.442580	0.000000
-0.071828	3.626579	94720.499265	229007.521210	-20.445466	0.000000	-0.000044	0.000551	0.000000	5.187603	-0.440502	0.000000
-0.077331	3.640242	94370.962376	229022.065129	-22.710141	0.000000	-0.000708	0.000549	0.000000	5.185998	-0.438869	0.000000
-0.082816	3.650352	94122.798031	229054.242571	-22.272032	0.000000	-0.001216	0.000548	0.000000	5.184855	-0.437665	0.000000
-0.088289	3.657212	93964.517421	229098.801272	-19.482896	0.000000	-0.001550	0.000547	0.000000	5.184124	-0.436850	0.000000
-0.093754	3.661272	93881.402439	229150.271005	-14.948168	0.000000	-0.001710	0.000546	0.000000	5.183740	-0.436368	0.000000
