1	0.016862	-3.686455	0.080325	0.031026	0.003226	0.176636	0.000000	0.000000	0.209926	0.000000	0.000000	0.000000	0.000000	0.000000
2	0.016862	-3.524470	0.126676	0.042582	0.008024	0.261196	0.000000	0.000000	0.133114	0.000000	0.000000	0.000000	0.000000	0.000000
3	0.016862	-3.407818	0.159476	0.054363	0.012717	0.321013	0.000000	0.000000	0.105736	0.000000	0.000000	0.000000	0.000000	0.000000
4	0.016862	-3.310084	0.184068	0.066375	0.016941	0.369950	0.000000	0.000000	0.091609	0.000000	0.000000	0.000000	0.000000	0.000000
5	0.016862	-3.223446	0.204236	0.078618	0.020857	0.412237	0.000000	0.000000	0.082563	0.000000	0.000000	0.000000	0.000000	0.000000
6	0.016862	-3.144364	0.221528	0.091096	0.024539	0.449771	0.000000	0.000000	0.076118	0.000000	0.000000	0.000000	0.000000	0.000000
7	0.016862	-3.070857	0.236750	0.103811	0.028027	0.483601	0.000000	0.000000	0.071224	0.000000	0.000000	0.000000	0.000000	0.000000
8	0.016862	-3.001686	0.250403	0.116765	0.031352	0.514380	0.000000	0.000000	0.067341	0.000000	0.000000	0.000000	0.000000	0.000000
9	0.016862	-2.936015	0.262825	0.129958	0.034540	0.542539	0.000000	0.000000	0.064158	0.000000	0.000000	0.000000	0.000000	0.000000
10	0.016862	-2.873250	0.274255	0.143392	0.037610	0.568383	0.000000	0.000000	0.061484	0.000000	0.000000	0.000000	0.000000	0.000000
11	0.016862	-2.812954	0.284875	0.157068	0.040579	0.592131	0.000000	0.000000	0.059192	0.000000	0.000000	0.000000	0.000000	0.000000
12	0.016862	-2.754791	0.294822	0.170987	0.043462	0.613949	0.000000	0.000000	0.057195	0.000000	0.000000	0.000000	0.000000	0.000000
13	0.016862	-2.698502	0.304209	0.185147	0.046274	0.633965	0.000000	0.000000	0.055430	0.000000	0.000000	0.000000	0.000000	0.000000
14	0.016862	-2.643879	0.313125	0.199551	0.049025	0.652279	0.000000	0.000000	0.053852	0.000000	0.000000	0.000000	0.000000	0.000000
15	0.016862	-2.590753	0.321644	0.214196	0.051729	0.668973	0.000000	0.000000	0.052425	0.000000	0.000000	0.000000	0.000000	0.000000
16	0.016862	-2.538987	0.329829	0.229082	0.054395	0.684113	0.000000	0.000000	0.051125	0.000000	0.000000	0.000000	0.000000	0.000000
17	0.016862	-2.488466	0.337732	0.244208	0.057033	0.697757	0.000000	0.000000	0.049928	0.000000	0.000000	0.000000	0.000000	0.000000
18	0.016862	-2.439096	0.345401	0.259573	0.059652	0.709953	0.000000	0.000000	0.048820	0.000000	0.000000	0.000000	0.000000	0.000000
19	0.016862	-2.390795	0.352873	0.275174	0.062261	0.720747	0.000000	0.000000	0.047786	0.000000	0.000000	0.000000	0.000000	0.000000
20	0.016862	-2.343495	0.360184	0.291009	0.064868	0.730178	0.000000	0.000000	0.046816	0.000000	0.000000	0.000000	0.000000	0.000000
21	0.016862	-2.297136	0.367364	0.307077	0.067480	0.738286	0.000000	0.000000	0.045901	0.000000	0.000000	0.000000	0.000000	0.000000
22	0.016862	-2.251667	0.374439	0.323373	0.070103	0.745108	0.000000	0.000000	0.045034	0.000000	0.000000	0.000000	0.000000	0.000000
23	0.016862	-2.207043	0.381432	0.339895	0.072746	0.750680	0.000000	0.000000	0.044208	0.000000	0.000000	0.000000	0.000000	0.000000
24	0.016862	-2.163226	0.388364	0.356638	0.075414	0.755039	0.000000	0.000000	0.043419	0.000000	0.000000	0.000000	0.000000	0.000000
25	0.016862	-2.120182	0.395251	0.373600	0.078112	0.758224	0.000000	0.000000	0.042662	0.000000	0.000000	0.000000	0.000000	0.000000
26	0.016862	-2.077879	0.402110	0.390775	0.080847	0.760273	0.000000	0.000000	0.041935	0.000000	0.000000	0.000000	0.000000	0.000000
27	0.016862	-2.036290	0.408953	0.408159	0.083622	0.761226	0.000000	0.000000	0.041233	0.000000	0.000000	0.000000	0.000000	0.000000
28	0.016862	-1.995392	0.415792	0.425746	0.086441	0.761124	0.000000	0.000000	0.040555	0.000000	0.000000	0.000000	0.000000	0.000000
29	0.016862	-1.955160	0.422636	0.443531	0.089310	0.760010	0.000000	0.000000	0.039898	0.000000	0.000000	0.000000	0.000000	0.000000
30	0.016862	-1.915575	0.429491	0.461508	0.092231	0.757928	0.000000	0.000000	0.039261	0.000000	0.000000	0.000000	0.000000	0.000000
31	0.016862	-1.876618	0.436366	0.479671	0.095206	0.754923	0.000000	0.000000	0.038643	0.000000	0.000000	0.000000	0.000000	0.000000
32	0.016862	-1.838271	0.443262	0.498012	0.098239	0.751041	0.000000	0.000000	0.038041	0.000000	0.000000	0.000000	0.000000	0.000000
33	0.016862	-1.800517	0.450185	0.516525	0.101332	0.746328	0.000000	0.000000	0.037456	0.000000	0.000000	0.000000	0.000000	0.000000
34	0.016862	-1.763340	0.457135	0.535202	0.104484	0.740834	0.000000	0.000000	0.036887	0.000000	0.000000	0.000000	0.000000	0.000000
35	0.016862	-1.726725	0.464114	0.554034	0.107699	0.734604	0.000000	0.000000	0.036332	0.000000	0.000000	0.000000	0.000000	0.000000
36	0.016862	-1.690658	0.471120	0.573014	0.110974	0.727687	0.000000	0.000000	0.035792	0.000000	0.000000	0.000000	0.000000	0.000000
37	0.016862	-1.655124	0.478153	0.592133	0.114312	0.720131	0.000000	0.000000	0.035266	0.000000	0.000000	0.000000	0.000000	0.000000
38	0.016862	-1.620111	0.485210	0.611381	0.117711	0.711982	0.000000	0.000000	0.034753	0.000000	0.000000	0.000000	0.000000	0.000000
39	0.016862	-1.585603	0.492288	0.630749	0.121170	0.703288	0.000000	0.000000	0.034253	0.000000	0.000000	0.000000	0.000000	0.000000
40	0.016862	-1.551590	0.499383	0.650226	0.124688	0.694092	0.000000	0.000000	0.033766	0.000000	0.000000	0.000000	0.000000	0.000000
41	0.016862	-1.518056	0.506491	0.669803	0.128262	0.684439	0.000000	0.000000	0.033292	0.000000	0.000000	0.000000	0.000000	0.000000
42	0.016862	-1.484990	0.513608	0.689469	0.131891	0.674372	0.000000	0.000000	0.032831	0.000000	0.000000	0.000000	0.000000	0.000000
43	0.016862	-1.452380	0.520726	0.709212	0.135573	0.663930	0.000000	0.000000	0.032382	0.000000	0.000000	0.000000	0.000000	0.000000
44	0.016862	-1.420212	0.527842	0.729020	0.139303	0.653154	0.000000	0.000000	0.031946	0.000000	0.000000	0.000000	0.000000	0.000000
45	0.016862	-1.388475	0.534949	0.748882	0.143079	0.642081	0.000000	0.000000	0.031521	0.000000	0.000000	0.000000	0.000000	0.000000
46	0.016862	-1.357157	0.542041	0.768786	0.146898	0.630744	0.000000	0.000000	0.031109	0.000000	0.000000	0.000000	0.000000	0.000000
47	0.016862	-1.326245	0.549111	0.788719	0.150755	0.619179	0.000000	0.000000	0.030708	0.000000	0.000000	0.000000	0.000000	0.000000
48	0.016862	-1.295728	0.556154	0.808668	0.154646	0.607415	0.000000	0.000000	0.030320	0.000000	0.000000	0.000000	0.000000	0.000000
49	0.016862	-1.265594	0.563162	0.828619	0.158568	0.595481	0.000000	0.000000	0.029942	0.000000	0.000000	0.000000	0.000000	0.000000
50	0.016862	-1.235833	0.570129	0.848559	0.162516	0.583405	0.000000	0.000000	0.029576	0.000000	0.000000	0.000000	0.000000	0.000000
51	0.016862	-1.206431	0.577049	0.868475	0.166485	0.571211	0.000000	0.000000	0.029222	0.000000	0.000000	0.000000	0.000000	0.000000
52	0.016862	-1.177379	0.583916	0.888351	0.170471	0.558923	0.000000	0.000000	0.028878	0.000000	0.000000	0.000000	0.000000	0.000000
53	0.016862	-1.148665	0.590724	0.908174	0.174468	0.546561	0.000000	0.000000	0.028545	0.000000	0.000000	0.000000	0.000000	0.000000
54	0.016862	-1.120279	0.597465	0.927928	0.178473	0.534144	0.000000	0.000000	0.028223	0.000000	0.000000	0.000000	0.000000	0.000000
55	0.016862	-1.092210	0.604136	0.947599	0.182480	0.521690	0.000000	0.000000	0.027912	0.000000	0.000000	0.000000	0.000000	0.000000
56	0.016862	-1.064447	0.610729	0.967171	0.186485	0.509215	0.000000	0.000000	0.027610	0.000000	0.000000	0.000000	0.000000	0.000000
57	0.016862	-1.036981	0.617239	0.986630	0.190482	0.496733	0.000000	0.000000	0.027319	0.000000	0.000000	0.000000	0.000000	0.000000
58	0.016862	-1.009801	0.623661	1.005959	0.194466	0.484255	0.000000	0.000000	0.027038	0.000000	0.000000	0.000000	0.000000	0.000000
59	0.016862	-0.982897	0.629990	1.025143	0.198433	0.471795	0.000000	0.000000	0.026766	0.000000	0.000000	0.000000	0.000000	0.000000
60	0.016862	-0.956261	0.636221	1.044166	0.202377	0.459361	0.000000	0.000000	0.026504	0.000000	0.000000	0.000000	0.000000	0.000000
61	0.016862	-0.929882	0.642349	1.063011	0.206295	0.446963	0.000000	0.000000	0.026251	0.000000	0.000000	0.000000	0.000000	0.000000
62	0.016862	-0.903751	0.648370	1.081663	0.210180	0.434607	0.000000	0.000000	0.026007	0.000000	0.000000	0.000000	0.000000	0.000000
63	0.016862	-0.877860	0.654280	1.100106	0.214029	0.422301	0.000000	0.000000	0.025772	0.000000	0.000000	0.000000	0.000000	0.000000
64	0.016862	-0.852200	0.660074	1.118324	0.217837	0.410051	0.000000	0.000000	0.025546	0.000000	0.000000	0.000000	0.000000	0.000000
65	0.016862	-0.826761	0.665749	1.136299	0.221599	0.397860	0.000000	0.000000	0.025328	0.000000	0.000000	0.000000	0.000000	0.000000
66	0.016862	-0.801537	0.671302	1.154016	0.225310	0.385733	0.000000	0.000000	0.025119	0.000000	0.000000	0.000000	0.000000	0.000000
67	0.016862	-0.776517	0.676728	1.171459	0.228967	0.373673	0.000000	0.000000	0.024917	0.000000	0.000000	0.000000	0.000000	0.000000
68	0.016862	-0.751696	0.682024	1.188611	0.232565	0.361682	0.000000	0.000000	0.024724	0.000000	0.000000	0.000000	0.000000	0.000000
69	0.016862	-0.727064	0.687188	1.205457	0.236100	0.349763	0.000000	0.000000	0.024538	0.000000	0.000000	0.000000	0.000000	0.000000
70	0.016862	-0.702614	0.692217	1.221980	0.239569	0.337917	0.000000	0.000000	0.024360	0.000000	0.000000	0.000000	0.000000	0.000000
71	0.016862	-0.678338	0.697108	1.238164	0.242966	0.326145	0.000000	0.000000	0.024189	0.000000	0.000000	0.000000	0.000000	0.000000
72	0.016862	-0.654230	0.701858	1.253994	0.246288	0.314446	0.000000	0.000000	0.024025	0.000000	0.000000	0.000000	0.000000	0.000000
73	0.016862	-0.630282	0.706466	1.269454	0.249533	0.302821	0.000000	0.000000	0.023869	0.000000	0.000000	0.000000	0.000000	0.000000
74	0.016862	-0.606488	0.710929	1.284528	0.252695	0.291270	0.000000	0.000000	0.023719	0.000000	0.000000	0.000000	0.000000	0.000000
75	0.016862	-0.582840	0.715244	1.299203	0.255772	0.279792	0.000000	0.000000	0.023576	0.000000	0.000000	0.000000	0.000000	0.000000
76	0.016862	-0.559332	0.719410	1.313462	0.258761	0.268386	0.000000	0.000000	0.023439	0.000000	0.000000	0.000000	0.000000	0.000000
77	0.016862	-0.535957	0.723426	1.327291	0.261658	0.257049	0.000000	0.000000	0.023309	0.000000	0.000000	0.000000	0.000000	0.000000
78	0.016862	-0.512709	0.727289	1.340677	0.264460	0.245782	0.000000	0.000000	0.023185	0.000000	0.000000	0.000000	0.000000	0.000000
79	0.016862	-0.489582	0.730998	1.353605	0.267164	0.234582	0.000000	0.000000	0.023068	0.000000	0.000000	0.000000	0.000000	0.000000
80	0.016862	-0.466569	0.734552	1.366061	0.269768	0.223447	0.000000	0.000000	0.022956	0.000000	0.000000	0.000000	0.000000	0.000000
81	0.016862	-0.443665	0.737949	1.378033	0.272269	0.212375	0.000000	0.000000	0.022850	0.000000	0.000000	0.000000	0.000000	0.000000
82	0.016862	-0.420864	0.741188	1.389507	0.274664	0.201364	0.000000	0.000000	0.022750	0.000000	0.000000	0.000000	0.000000	0.000000
83	0.016862	-0.398160	0.744268	1.400472	0.276952	0.190411	0.000000	0.000000	0.022656	0.000000	0.000000	0.000000	0.000000	0.000000
84	0.016862	-0.375547	0.747188	1.410916	0.279129	0.179515	0.000000	0.000000	0.022568	0.000000	0.000000	0.000000	0.000000	0.000000
85	0.016862	-0.353020	0.749947	1.420828	0.281194	0.168671	0.000000	0.000000	0.022485	0.000000	0.000000	0.000000	0.000000	0.000000
86	0.016862	-0.330574	0.752544	1.430196	0.283145	0.157878	0.000000	0.000000	0.022407	0.000000	0.000000	0.000000	0.000000	0.000000
87	0.016862	-0.308202	0.754977	1.439011	0.284979	0.147132	0.000000	0.000000	0.022335	0.000000	0.000000	0.000000	0.000000	0.000000
88	0.016862	-0.285900	0.757248	1.447262	0.286696	0.136431	0.000000	0.000000	0.022268	0.000000	0.000000	0.000000	0.000000	0.000000
89	0.016862	-0.263662	0.759354	1.454941	0.288293	0.125772	0.000000	0.000000	0.022206	0.000000	0.000000	0.000000	0.000000	0.000000
90	0.016862	-0.241484	0.761295	1.462040	0.289768	0.115153	0.000000	0.000000	0.022150	0.000000	0.000000	0.000000	0.000000	0.000000
91	0.016862	-0.219359	0.763071	1.468549	0.291122	0.104569	0.000000	0.000000	0.022098	0.000000	0.000000	0.000000	0.000000	0.000000
92	0.016862	-0.197284	0.764680	1.474463	0.292351	0.094017	0.000000	0.000000	0.022051	0.000000	0.000000	0.000000	0.000000	0.000000
93	0.016862	-0.175252	0.766124	1.479774	0.293456	0.083496	0.000000	0.000000	0.022010	0.000000	0.000000	0.000000	0.000000	0.000000
94	0.016862	-0.153260	0.767400	1.484477	0.294435	0.073001	0.000000	0.000000	0.021973	0.000000	0.000000	0.000000	0.000000	0.000000
95	0.016862	-0.131302	0.768510	1.488566	0.295287	0.062530	0.000000	0.000000	0.021942	0.000000	0.000000	0.000000	0.000000	0.000000
96	0.016862	-0.109373	0.769452	1.492037	0.296011	0.052079	0.000000	0.000000	0.021915	0.000000	0.000000	0.000000	0.000000	0.000000
97	0.016862	-0.087469	0.770226	1.494885	0.296607	0.041646	0.000000	0.000000	0.021893	0.000000	0.000000	0.000000	0.000000	0.000000
98	0.016862	-0.065584	0.770833	1.497108	0.297075	0.031226	0.000000	0.000000	0.021875	0.000000	0.000000	0.000000	0.000000	0.000000
99	0.016862	-0.043714	0.771270	1.498702	0.297412	0.020817	0.000000	0.000000	0.021863	0.000000	0.000000	0.000000	0.000000	0.000000
100	0.016862	-0.021854	0.771542	1.499666	0.297622	0.010416	0.000000	0.000000	0.021855	0.000000	0.000000	0.000000	0.000000	0.000000
101	0.016862	0.000000	0.771626	1.499999	0.297686	0.000019	0.000000	0.000000	0.021853	0.000000	0.000000	0.000000	0.000000	0.000000
102	0.016862	0.021855	0.771522	1.499666	0.297606	-0.010378	0.000000	0.000000	0.021856	0.000000	0.000000	0.000000	0.000000	0.000000
103	0.016862	0.043716	0.771251	1.498702	0.297398	-0.020779	0.000000	0.000000	0.021864	0.000000	0.000000	0.000000	0.000000	0.000000
104	0.016862	0.065586	0.770812	1.497108	0.297059	-0.031187	0.000000	0.000000	0.021876	0.000000	0.000000	0.000000	0.000000	0.000000
105	0.016862	0.087472	0.770205	1.494885	0.296591	-0.041604	0.000000	0.000000	0.021893	0.000000	0.000000	0.000000	0.000000	0.000000
106	0.016862	0.109377	0.769430	1.492037	0.295994	-0.052035	0.000000	0.000000	0.021915	0.000000	0.000000	0.000000	0.000000	0.000000
107	0.016862	0.131306	0.768487	1.488566	0.295269	-0.062483	0.000000	0.000000	0.021942	0.000000	0.000000	0.000000	0.000000	0.000000
108	0.016862	0.153265	0.767376	1.484477	0.294416	-0.072950	0.000000	0.000000	0.021974	0.000000	0.000000	0.000000	0.000000	0.000000
109	0.016862	0.175258	0.766098	1.479774	0.293437	-0.083441	0.000000	0.000000	0.022011	0.000000	0.000000	0.000000	0.000000	0.000000
110	0.016862	0.197290	0.764653	1.474463	0.292331	-0.093957	0.000000	0.000000	0.022052	0.000000	0.000000	0.000000	0.000000	0.000000
111	0.016862	0.219366	0.763042	1.468549	0.291100	-0.104503	0.000000	0.000000	0.022099	0.000000	0.000000	0.000000	0.000000	0.000000
112	0.016862	0.241492	0.761265	1.462040	0.289745	-0.115081	0.000000	0.000000	0.022150	0.000000	0.000000	0.000000	0.000000	0.000000
113	0.016862	0.263671	0.759322	1.454941	0.288268	-0.125694	0.000000	0.000000	0.022207	0.000000	0.000000	0.000000	0.000000	0.000000
114	0.016862	0.285910	0.757214	1.447262	0.286670	-0.136346	0.000000	0.000000	0.022269	0.000000	0.000000	0.000000	0.000000	0.000000
115	0.016862	0.308213	0.754941	1.439011	0.284952	-0.147039	0.000000	0.000000	0.022336	0.000000	0.000000	0.000000	0.000000	0.000000
116	0.016862	0.330586	0.752505	1.430196	0.283116	-0.157776	0.000000	0.000000	0.022408	0.000000	0.000000	0.000000	0.000000	0.000000
117	0.016862	0.353034	0.749905	1.420828	0.281163	-0.168561	0.000000	0.000000	0.022486	0.000000	0.000000	0.000000	0.000000	0.000000
118	0.016862	0.375562	0.747144	1.410916	0.279096	-0.179396	0.000000	0.000000	0.022569	0.000000	0.000000	0.000000	0.000000	0.000000
119	0.016862	0.398176	0.744221	1.400472	0.276916	-0.190284	0.000000	0.000000	0.022658	0.000000	0.000000	0.000000	0.000000	0.000000
120	0.016862	0.420882	0.741137	1.389507	0.274626	-0.201226	0.000000	0.000000	0.022752	0.000000	0.000000	0.000000	0.000000	0.000000
121	0.016862	0.443684	0.737894	1.378033	0.272228	-0.212227	0.000000	0.000000	0.022852	0.000000	0.000000	0.000000	0.000000	0.000000
122	0.016862	0.466590	0.734493	1.366061	0.269725	-0.223288	0.000000	0.000000	0.022958	0.000000	0.000000	0.000000	0.000000	0.000000
123	0.016862	0.489604	0.730935	1.353605	0.267118	-0.234411	0.000000	0.000000	0.023070	0.000000	0.000000	0.000000	0.000000	0.000000
124	0.016862	0.512734	0.727221	1.340677	0.264410	-0.245599	0.000000	0.000000	0.023187	0.000000	0.000000	0.000000	0.000000	0.000000
125	0.016862	0.535984	0.723353	1.327291	0.261604	-0.256853	0.000000	0.000000	0.023311	0.000000	0.000000	0.000000	0.000000	0.000000
126	0.016862	0.559361	0.719331	1.313462	0.258704	-0.268175	0.000000	0.000000	0.023442	0.000000	0.000000	0.000000	0.000000	0.000000
127	0.016862	0.582872	0.715159	1.299203	0.255711	-0.279567	0.000000	0.000000	0.023578	0.000000	0.000000	0.000000	0.000000	0.000000
128	0.016862	0.606523	0.710837	1.284528	0.252630	-0.291030	0.000000	0.000000	0.023722	0.000000	0.000000	0.000000	0.000000	0.000000
129	0.016862	0.630321	0.706367	1.269454	0.249463	-0.302564	0.000000	0.000000	0.023872	0.000000	0.000000	0.000000	0.000000	0.000000
130	0.016862	0.654272	0.701752	1.253994	0.246214	-0.314171	0.000000	0.000000	0.024029	0.000000	0.000000	0.000000	0.000000	0.000000
131	0.016862	0.678384	0.696994	1.238164	0.242886	-0.325852	0.000000	0.000000	0.024193	0.000000	0.000000	0.000000	0.000000	0.000000
132	0.016862	0.702663	0.692094	1.221980	0.239483	-0.337605	0.000000	0.000000	0.024364	0.000000	0.000000	0.000000	0.000000	0.000000
133	0.016862	0.727118	0.687056	1.205457	0.236009	-0.349430	0.000000	0.000000	0.024543	0.000000	0.000000	0.000000	0.000000	0.000000
134	0.016862	0.751755	0.681881	1.188611	0.232468	-0.361327	0.000000	0.000000	0.024729	0.000000	0.000000	0.000000	0.000000	0.000000
135	0.016862	0.776582	0.676574	1.171459	0.228863	-0.373294	0.000000	0.000000	0.024923	0.000000	0.000000	0.000000	0.000000	0.000000
136	0.016862	0.801607	0.671136	1.154016	0.225199	-0.385330	0.000000	0.000000	0.025125	0.000000	0.000000	0.000000	0.000000	0.000000
137	0.016862	0.826839	0.665570	1.136299	0.221479	-0.397430	0.000000	0.000000	0.025335	0.000000	0.000000	0.000000	0.000000	0.000000
138	0.016862	0.852284	0.659881	1.118324	0.217709	-0.409594	0.000000	0.000000	0.025554	0.000000	0.000000	0.000000	0.000000	0.000000
139	0.016862	0.877952	0.654072	1.100106	0.213893	-0.421815	0.000000	0.000000	0.025781	0.000000	0.000000	0.000000	0.000000	0.000000
140	0.016862	0.903852	0.648146	1.081663	0.210035	-0.434090	0.000000	0.000000	0.026016	0.000000	0.000000	0.000000	0.000000	0.000000
141	0.016862	0.929992	0.642108	1.063011	0.206140	-0.446412	0.000000	0.000000	0.026261	0.000000	0.000000	0.000000	0.000000	0.000000
142	0.016862	0.956381	0.635961	1.044166	0.202212	-0.458776	0.000000	0.000000	0.026515	0.000000	0.000000	0.000000	0.000000	0.000000
143	0.016862	0.983029	0.629709	1.025143	0.198256	-0.471173	0.000000	0.000000	0.026778	0.000000	0.000000	0.000000	0.000000	0.000000
144	0.016862	1.009945	0.623359	1.005959	0.194277	-0.483594	0.000000	0.000000	0.027051	0.000000	0.000000	0.000000	0.000000	0.000000
145	0.016862	1.037139	0.616913	0.986630	0.190281	-0.496030	0.000000	0.000000	0.027333	0.000000	0.000000	0.000000	0.000000	0.000000
146	0.016862	1.064620	0.610377	0.967171	0.186270	-0.508469	0.000000	0.000000	0.027626	0.000000	0.000000	0.000000	0.000000	0.000000
147	0.016862	1.092400	0.603757	0.947599	0.182252	-0.520898	0.000000	0.000000	0.027929	0.000000	0.000000	0.000000	0.000000	0.000000
148	0.016862	1.120487	0.597058	0.927928	0.178230	-0.533303	0.000000	0.000000	0.028242	0.000000	0.000000	0.000000	0.000000	0.000000
149	0.016862	1.148894	0.590284	0.908174	0.174209	-0.545668	0.000000	0.000000	0.028566	0.000000	0.000000	0.000000	0.000000	0.000000
150	0.016862	1.177630	0.583443	0.888351	0.170194	-0.557976	0.000000	0.000000	0.028901	0.000000	0.000000	0.000000	0.000000	0.000000
151	0.016862	1.206706	0.576539	0.868475	0.166190	-0.570206	0.000000	0.000000	0.029248	0.000000	0.000000	0.000000	0.000000	0.000000
152	0.016862	1.236135	0.569579	0.848559	0.162202	-0.582339	0.000000	0.000000	0.029605	0.000000	0.000000	0.000000	0.000000	0.000000
153	0.016862	1.265927	0.562569	0.828619	0.158234	-0.594351	0.000000	0.000000	0.029974	0.000000	0.000000	0.000000	0.000000	0.000000
154	0.016862	1.296094	0.555515	0.808668	0.154291	-0.606217	0.000000	0.000000	0.030354	0.000000	0.000000	0.000000	0.000000	0.000000
155	0.016862	1.326647	0.548423	0.788719	0.150377	-0.617909	0.000000	0.000000	0.030747	0.000000	0.000000	0.000000	0.000000	0.000000
156	0.016862	1.357599	0.541300	0.768786	0.146496	-0.629399	0.000000	0.000000	0.031152	0.000000	0.000000	0.000000	0.000000	0.000000
157	0.016862	1.388963	0.534151	0.748882	0.142653	-0.640656	0.000000	0.000000	0.031568	0.000000	0.000000	0.000000	0.000000	0.000000
158	0.016862	1.420749	0.526983	0.729020	0.138850	-0.651645	0.000000	0.000000	0.031998	0.000000	0.000000	0.000000	0.000000	0.000000
159	0.016862	1.452971	0.519801	0.709212	0.135092	-0.662332	0.000000	0.000000	0.032440	0.000000	0.000000	0.000000	0.000000	0.000000
160	0.016862	1.485643	0.512612	0.689469	0.131381	-0.672679	0.000000	0.000000	0.032895	0.000000	0.000000	0.000000	0.000000	0.000000
161	0.016862	1.518775	0.505420	0.669803	0.127720	-0.682647	0.000000	0.000000	0.033363	0.000000	0.000000	0.000000	0.000000	0.000000
162	0.016862	1.552383	0.498230	0.650226	0.124113	-0.692195	0.000000	0.000000	0.033844	0.000000	0.000000	0.000000	0.000000	0.000000
163	0.016862	1.586479	0.491047	0.630749	0.120560	-0.701280	0.000000	0.000000	0.034340	0.000000	0.000000	0.000000	0.000000	0.000000
164	0.016862	1.621078	0.483876	0.611381	0.117064	-0.709857	0.000000	0.000000	0.034848	0.000000	0.000000	0.000000	0.000000	0.000000
165	0.016862	1.656192	0.476718	0.592133	0.113627	-0.717881	0.000000	0.000000	0.035372	0.000000	0.000000	0.000000	0.000000	0.000000
166	0.016862	1.691838	0.469578	0.573014	0.110249	-0.725305	0.000000	0.000000	0.035910	0.000000	0.000000	0.000000	0.000000	0.000000
167	0.016862	1.728028	0.462456	0.554034	0.106930	-0.732081	0.000000	0.000000	0.036463	0.000000	0.000000	0.000000	0.000000	0.000000
168	0.016862	1.764780	0.455354	0.535202	0.103672	-0.738162	0.000000	0.000000	0.037031	0.000000	0.000000	0.000000	0.000000	0.000000
169	0.016862	1.802109	0.448271	0.516525	0.100472	-0.743497	0.000000	0.000000	0.037616	0.000000	0.000000	0.000000	0.000000	0.000000
170	0.016862	1.840032	0.441207	0.498012	0.097330	-0.748040	0.000000	0.000000	0.038219	0.000000	0.000000	0.000000	0.000000	0.000000
171	0.016862	1.878566	0.434158	0.479671	0.094246	-0.751740	0.000000	0.000000	0.038839	0.000000	0.000000	0.000000	0.000000	0.000000
172	0.016862	1.917730	0.427122	0.461508	0.091216	-0.754550	0.000000	0.000000	0.039479	0.000000	0.000000	0.000000	0.000000	0.000000
173	0.016862	1.957544	0.420092	0.443531	0.088238	-0.756422	0.000000	0.000000	0.040140	0.000000	0.000000	0.000000	0.000000	0.000000
174	0.016862	1.998030	0.413063	0.425746	0.085310	-0.757310	0.000000	0.000000	0.040823	0.000000	0.000000	0.000000	0.000000	0.000000
175	0.016862	2.039211	0.406025	0.408159	0.082428	-0.757169	0.000000	0.000000	0.041530	0.000000	0.000000	0.000000	0.000000	0.000000
176	0.016862	2.081113	0.398968	0.390775	0.079588	-0.755952	0.000000	0.000000	0.042265	0.000000	0.000000	0.000000	0.000000	0.000000
177	0.016862	2.123764	0.391880	0.373600	0.076786	-0.753617	0.000000	0.000000	0.043029	0.000000	0.000000	0.000000	0.000000	0.000000
178	0.016862	2.167195	0.384746	0.356638	0.074016	-0.750122	0.000000	0.000000	0.043827	0.000000	0.000000	0.000000	0.000000	0.000000
179	0.016862	2.211443	0.377550	0.339895	0.071273	-0.745424	0.000000	0.000000	0.044663	0.000000	0.000000	0.000000	0.000000	0.000000
180	0.016862	2.256546	0.370272	0.323373	0.068552	-0.739482	0.000000	0.000000	0.045540	0.000000	0.000000	0.000000	0.000000	0.000000
181	0.016862	2.302551	0.362889	0.307077	0.065846	-0.732255	0.000000	0.000000	0.046467	0.000000	0.000000	0.000000	0.000000	0.000000
182	0.016862	2.349509	0.355377	0.291009	0.063148	-0.723702	0.000000	0.000000	0.047449	0.000000	0.000000	0.000000	0.000000	0.000000
183	0.016862	2.397480	0.347705	0.275174	0.060451	-0.713779	0.000000	0.000000	0.048496	0.000000	0.000000	0.000000	0.000000	0.000000
184	0.016862	2.446533	0.339840	0.259573	0.057747	-0.702442	0.000000	0.000000	0.049619	0.000000	0.000000	0.000000	0.000000	0.000000
185	0.016862	2.496752	0.331742	0.244208	0.055028	-0.689643	0.000000	0.000000	0.050830	0.000000	0.000000	0.000000	0.000000	0.000000
186	0.016862	2.548231	0.323368	0.229082	0.052285	-0.675327	0.000000	0.000000	0.052146	0.000000	0.000000	0.000000	0.000000	0.000000
187	0.016862	2.601086	0.314663	0.214196	0.049508	-0.659434	0.000000	0.000000	0.053589	0.000000	0.000000	0.000000	0.000000	0.000000
188	0.016862	2.655456	0.305567	0.199551	0.046687	-0.641892	0.000000	0.000000	0.055184	0.000000	0.000000	0.000000	0.000000	0.000000
189	0.016862	2.711508	0.296005	0.185147	0.043811	-0.622617	0.000000	0.000000	0.056966	0.000000	0.000000	0.000000	0.000000	0.000000
190	0.016862	2.769452	0.285888	0.170987	0.040868	-0.601504	0.000000	0.000000	0.058982	0.000000	0.000000	0.000000	0.000000	0.000000
191	0.016862	2.829550	0.275105	0.157068	0.037843	-0.578422	0.000000	0.000000	0.061294	0.000000	0.000000	0.000000	0.000000	0.000000
192	0.016862	2.892136	0.263519	0.143392	0.034723	-0.553200	0.000000	0.000000	0.063989	0.000000	0.000000	0.000000	0.000000	0.000000
193	0.016862	2.957650	0.250949	0.129958	0.031489	-0.525613	0.000000	0.000000	0.067194	0.000000	0.000000	0.000000	0.000000	0.000000
194	0.016862	3.026689	0.237156	0.116765	0.028123	-0.495352	0.000000	0.000000	0.071102	0.000000	0.000000	0.000000	0.000000	0.000000
195	0.016862	3.100089	0.221803	0.103811	0.024600	-0.461979	0.000000	0.000000	0.076024	0.000000	0.000000	0.000000	0.000000	0.000000
196	0.016862	3.179095	0.204391	0.091096	0.020889	-0.424833	0.000000	0.000000	0.082500	0.000000	0.000000	0.000000	0.000000	0.000000
197	0.016862	3.265692	0.184114	0.078618	0.016950	-0.382850	0.000000	0.000000	0.091586	0.000000	0.000000	0.000000	0.000000	0.000000
198	0.016862	3.363434	0.159429	0.066375	0.012710	-0.334110	0.000000	0.000000	0.105767	0.000000	0.000000	0.000000	0.000000	0.000000
199	0.016862	3.480170	0.126564	0.054363	0.008010	-0.274323	0.000000	0.000000	0.133232	0.000000	0.000000	0.000000	0.000000	0.000000
200	0.016862	3.642380	0.080233	0.042582	0.003219	-0.189502	0.000000	0.000000	0.210167	0.000000	0.000000	0.000000	0.000000	0.000000
